Ticker,timestamp,users_holding
CARO ,2018-05-02 04:52:53,42
CARO ,2018-05-02 06:38:05,42
CARO ,2018-05-03 00:34:19,39
CARO ,2018-05-03 06:32:55,39
CARO ,2018-05-03 06:47:56,39
CARO ,2018-05-03 07:06:01,39
CARO ,2018-05-03 07:33:21,39
CARO ,2018-05-03 07:42:32,39
CARO ,2018-05-03 11:18:51,39
CARO ,2018-05-03 12:42:15,39
CARO ,2018-05-03 13:42:15,39
CARO ,2018-05-03 14:42:16,39
CARO ,2018-05-03 15:42:16,39
CARO ,2018-05-03 16:42:16,39
CARO ,2018-05-03 17:42:16,39
CARO ,2018-05-03 18:42:15,39
CARO ,2018-05-03 19:42:15,39
CARO ,2018-05-03 20:42:16,39
CARO ,2018-05-03 21:42:15,39
CARO ,2018-05-03 22:42:16,39
CARO ,2018-05-03 23:42:15,39
CARO ,2018-05-04 00:42:15,39
CARO ,2018-05-04 01:42:16,39
CARO ,2018-05-04 02:42:16,39
CARO ,2018-05-04 03:42:15,39
CARO ,2018-05-04 04:42:15,39
CARO ,2018-05-04 05:42:15,39
CARO ,2018-05-04 06:42:15,39
CARO ,2018-05-04 07:42:15,39
CARO ,2018-05-04 08:42:16,39
CARO ,2018-05-04 09:42:16,39
CARO ,2018-05-04 10:42:16,39
CARO ,2018-05-04 11:42:15,39
CARO ,2018-05-04 12:42:15,39
CARO ,2018-05-04 20:46:59,39
CARO ,2018-05-04 20:52:59,39
CARO ,2018-05-04 20:58:59,39
CARO ,2018-05-04 21:04:58,39
CARO ,2018-05-04 21:10:58,39
CARO ,2018-05-04 21:16:58,39
CARO ,2018-05-04 21:22:58,39
CARO ,2018-05-04 21:28:58,39
CARO ,2018-05-04 21:42:15,39
CARO ,2018-05-04 22:42:16,39
CARO ,2018-05-04 23:42:16,39
CARO ,2018-05-05 00:42:16,39
CARO ,2018-05-05 01:42:17,39
CARO ,2018-05-05 02:42:16,39
CARO ,2018-05-05 03:42:16,39
CARO ,2018-05-05 04:42:16,39
CARO ,2018-05-05 05:42:16,39
CARO ,2018-05-05 06:42:17,39
CARO ,2018-05-05 07:42:17,39
CARO ,2018-05-05 08:42:17,39
CARO ,2018-05-05 09:42:15,39
CARO ,2018-05-05 10:42:17,39
CARO ,2018-05-05 11:42:16,39
CARO ,2018-05-05 12:42:17,39
CARO ,2018-05-05 13:42:17,39
CARO ,2018-05-05 14:42:17,39
CARO ,2018-05-05 15:42:17,39
CARO ,2018-05-05 16:42:17,39
CARO ,2018-05-05 17:42:17,39
CARO ,2018-05-05 18:42:16,39
CARO ,2018-05-05 19:42:16,39
CARO ,2018-05-05 20:42:17,39
CARO ,2018-05-05 21:42:16,39
CARO ,2018-05-05 22:42:16,39
CARO ,2018-05-05 23:42:16,39
CARO ,2018-05-06 00:42:16,39
CARO ,2018-05-06 01:42:16,39
CARO ,2018-05-06 02:42:17,39
CARO ,2018-05-06 03:42:16,39
CARO ,2018-05-06 04:42:16,39
CARO ,2018-05-06 05:42:17,39
CARO ,2018-05-06 06:42:16,39
CARO ,2018-05-06 07:42:21,39
CARO ,2018-05-06 08:42:15,39
CARO ,2018-05-06 09:42:16,39
CARO ,2018-05-06 10:42:15,39
CARO ,2018-05-06 11:42:17,39
CARO ,2018-05-06 12:42:16,39
CARO ,2018-05-06 13:42:17,39
CARO ,2018-05-06 14:42:16,39
CARO ,2018-05-06 15:42:16,39
CARO ,2018-05-06 16:42:17,39
CARO ,2018-05-06 17:42:16,39
CARO ,2018-05-06 18:42:17,39
CARO ,2018-05-06 19:42:16,39
CARO ,2018-05-06 20:42:17,39
CARO ,2018-05-06 21:42:17,39
CARO ,2018-05-06 22:42:16,39
CARO ,2018-05-06 23:42:17,39
CARO ,2018-05-07 00:42:16,39
CARO ,2018-05-07 01:42:16,39
CARO ,2018-05-07 01:55:52,39
CARO ,2018-05-07 02:42:17,39
CARO ,2018-05-07 03:42:16,39
CARO ,2018-05-07 04:42:16,39
CARO ,2018-05-07 05:42:16,39
CARO ,2018-05-07 06:42:15,39
CARO ,2018-05-07 07:42:16,39
CARO ,2018-05-07 08:42:18,39
CARO ,2018-05-07 09:42:16,39
CARO ,2018-05-07 10:42:16,39
CARO ,2018-05-07 11:42:16,39
CARO ,2018-05-07 12:42:16,39
CARO ,2018-05-07 13:42:24,39
CARO ,2018-05-07 14:42:16,39
CARO ,2018-05-07 15:42:17,39
CARO ,2018-05-07 16:42:19,40
CARO ,2018-05-07 22:42:16,40
CARO ,2018-05-07 23:42:16,40
CARO ,2018-05-08 00:42:17,40
CARO ,2018-05-08 01:42:18,40
CARO ,2018-05-08 02:42:16,40
CARO ,2018-05-08 03:42:16,40
CARO ,2018-05-08 04:42:16,40
CARO ,2018-05-08 05:42:15,40
CARO ,2018-05-08 06:42:16,40
CARO ,2018-05-08 07:42:16,40
CARO ,2018-05-08 08:42:15,40
CARO ,2018-05-08 09:42:15,40
CARO ,2018-05-08 10:42:15,40
CARO ,2018-05-08 11:42:15,40
CARO ,2018-05-08 12:42:15,40
CARO ,2018-05-08 13:42:16,40
CARO ,2018-05-08 14:42:16,40
CARO ,2018-05-08 15:42:15,40
CARO ,2018-05-08 16:42:15,40
CARO ,2018-05-08 17:42:15,40
CARO ,2018-05-08 18:42:16,40
CARO ,2018-05-08 19:42:16,40
CARO ,2018-05-08 20:42:15,40
CARO ,2018-05-08 21:42:15,40
CARO ,2018-05-08 22:42:16,40
CARO ,2018-05-08 23:42:20,40
CARO ,2018-05-09 00:42:16,40
CARO ,2018-05-09 01:42:16,40
CARO ,2018-05-09 02:42:16,40
CARO ,2018-05-09 03:42:15,40
CARO ,2018-05-09 04:42:16,40
CARO ,2018-05-09 05:42:16,40
CARO ,2018-05-09 06:42:16,40
CARO ,2018-05-09 07:42:16,40
CARO ,2018-05-09 08:42:16,40
CARO ,2018-05-09 09:42:15,40
CARO ,2018-05-09 10:42:15,40
CARO ,2018-05-09 11:42:16,40
CARO ,2018-05-09 12:42:15,40
CARO ,2018-05-09 13:42:17,40
CARO ,2018-05-09 14:42:15,40
CARO ,2018-05-09 15:42:15,40
CARO ,2018-05-09 16:42:15,40
CARO ,2018-05-09 17:42:17,40
CARO ,2018-05-09 18:42:15,40
CARO ,2018-05-09 19:42:16,40
CARO ,2018-05-09 20:42:15,40
CARO ,2018-05-09 21:42:16,40
CARO ,2018-05-09 22:42:15,40
CARO ,2018-05-09 23:42:15,40
CARO ,2018-05-10 00:42:16,40
CARO ,2018-05-10 01:42:16,40
CARO ,2018-05-10 02:42:17,40
CARO ,2018-05-10 03:42:17,40
CARO ,2018-05-10 04:42:17,40
CARO ,2018-05-10 05:42:16,40
CARO ,2018-05-10 06:42:17,40
CARO ,2018-05-10 07:42:17,40
CARO ,2018-05-10 08:42:17,40
CARO ,2018-05-10 09:42:16,40
CARO ,2018-05-10 10:42:17,40
CARO ,2018-05-10 11:42:17,40
CARO ,2018-05-10 12:42:16,40
CARO ,2018-05-10 13:42:26,40
CARO ,2018-05-10 14:42:17,40
CARO ,2018-05-10 15:42:18,40
CARO ,2018-05-10 16:42:17,40
CARO ,2018-05-10 17:42:17,40
CARO ,2018-05-10 18:42:17,40
CARO ,2018-05-10 19:42:18,40
CARO ,2018-05-10 20:42:17,40
CARO ,2018-05-10 21:42:17,40
CARO ,2018-05-10 22:42:17,40
CARO ,2018-05-10 23:42:17,40
CARO ,2018-05-11 00:42:17,40
CARO ,2018-05-11 01:42:18,40
CARO ,2018-05-11 02:42:17,40
CARO ,2018-05-11 03:42:17,40
CARO ,2018-05-11 04:42:17,40
CARO ,2018-05-11 05:42:18,40
CARO ,2018-05-11 06:42:16,40
CARO ,2018-05-11 07:42:17,40
CARO ,2018-05-11 08:42:17,40
CARO ,2018-05-11 09:42:16,40
CARO ,2018-05-11 10:42:16,40
CARO ,2018-05-11 11:42:17,40
CARO ,2018-05-11 12:42:16,40
CARO ,2018-05-11 13:42:18,40
CARO ,2018-05-11 14:42:17,40
CARO ,2018-05-11 15:42:18,40
CARO ,2018-05-11 16:42:17,41
CARO ,2018-05-11 17:42:18,41
CARO ,2018-05-11 18:42:17,41
CARO ,2018-05-11 19:42:17,41
CARO ,2018-05-11 20:42:16,41
CARO ,2018-05-11 21:42:17,41
CARO ,2018-05-11 22:42:16,41
CARO ,2018-05-11 23:42:16,41
CARO ,2018-05-12 00:42:17,41
CARO ,2018-05-12 01:42:17,41
CARO ,2018-05-12 02:42:17,41
CARO ,2018-05-12 03:42:17,41
CARO ,2018-05-12 04:42:17,41
CARO ,2018-05-12 05:42:17,41
CARO ,2018-05-12 06:42:17,41
CARO ,2018-05-12 07:42:17,41
CARO ,2018-05-12 08:42:17,41
CARO ,2018-05-12 09:42:17,41
CARO ,2018-05-12 10:42:17,41
CARO ,2018-05-12 11:42:17,41
CARO ,2018-05-12 12:42:17,41
CARO ,2018-05-12 13:42:18,41
CARO ,2018-05-12 14:42:17,41
CARO ,2018-05-12 15:42:18,41
CARO ,2018-05-12 16:42:16,41
CARO ,2018-05-12 17:42:17,41
CARO ,2018-05-12 18:42:16,41
CARO ,2018-05-12 19:42:18,41
CARO ,2018-05-12 20:42:17,41
CARO ,2018-05-12 21:42:16,41
CARO ,2018-05-12 22:42:16,41
CARO ,2018-05-12 23:42:17,41
CARO ,2018-05-13 00:42:17,41
CARO ,2018-05-13 01:42:17,41
CARO ,2018-05-13 02:42:16,41
CARO ,2018-05-13 03:42:17,41
CARO ,2018-05-13 04:42:17,41
CARO ,2018-05-13 05:42:17,41
CARO ,2018-05-13 06:42:18,41
CARO ,2018-05-13 07:42:17,41
CARO ,2018-05-13 08:42:16,41
CARO ,2018-05-13 09:42:17,41
CARO ,2018-05-13 10:42:16,41
CARO ,2018-05-13 11:42:16,41
CARO ,2018-05-13 12:42:17,41
CARO ,2018-05-13 13:42:17,41
CARO ,2018-05-13 14:42:17,41
CARO ,2018-05-13 15:42:17,41
CARO ,2018-05-13 16:42:17,41
CARO ,2018-05-13 17:42:17,41
CARO ,2018-05-13 18:42:17,41
CARO ,2018-05-13 19:42:16,41
CARO ,2018-05-13 20:42:17,41
CARO ,2018-05-13 21:42:17,41
CARO ,2018-05-13 22:42:18,41
CARO ,2018-05-13 23:42:18,41
CARO ,2018-05-14 00:42:17,41
CARO ,2018-05-14 01:42:17,41
CARO ,2018-05-14 02:42:17,41
CARO ,2018-05-14 03:42:17,41
CARO ,2018-05-14 04:42:18,41
CARO ,2018-05-14 05:42:17,41
CARO ,2018-05-14 06:42:16,41
CARO ,2018-05-14 07:42:16,41
CARO ,2018-05-14 08:42:16,41
CARO ,2018-05-14 09:42:16,41
CARO ,2018-05-14 10:42:16,41
CARO ,2018-05-14 11:42:17,41
CARO ,2018-05-14 12:42:16,41
CARO ,2018-05-14 13:42:19,41
CARO ,2018-05-14 14:42:18,41
CARO ,2018-05-14 15:42:17,41
CARO ,2018-05-14 16:42:17,41
CARO ,2018-05-14 17:42:16,41
CARO ,2018-05-14 18:42:18,41
CARO ,2018-05-14 19:42:16,41
CARO ,2018-05-14 20:42:17,41
CARO ,2018-05-14 21:42:16,41
CARO ,2018-05-14 22:42:17,41
CARO ,2018-05-14 23:42:17,41
CARO ,2018-05-15 00:42:17,41
CARO ,2018-05-15 01:42:17,41
CARO ,2018-05-15 02:42:17,41
CARO ,2018-05-15 03:42:17,41
CARO ,2018-05-15 04:42:17,41
CARO ,2018-05-15 05:42:17,41
CARO ,2018-05-15 06:42:16,41
CARO ,2018-05-15 07:42:16,41
CARO ,2018-05-15 08:42:17,41
CARO ,2018-05-15 09:42:16,41
CARO ,2018-05-15 10:42:17,41
CARO ,2018-05-15 11:42:16,41
CARO ,2018-05-15 12:42:16,41
CARO ,2018-05-15 13:42:17,41
CARO ,2018-05-15 14:42:17,41
CARO ,2018-05-15 15:42:17,41
CARO ,2018-05-15 16:42:17,41
CARO ,2018-05-15 17:42:16,41
CARO ,2018-05-15 18:42:17,41
CARO ,2018-05-15 19:42:16,41
CARO ,2018-05-15 20:42:15,41
CARO ,2018-05-15 21:42:15,41
CARO ,2018-05-15 22:42:16,41
CARO ,2018-05-15 23:42:16,41
CARO ,2018-05-16 00:42:15,41
CARO ,2018-05-16 01:42:16,41
CARO ,2018-05-16 02:42:16,41
CARO ,2018-05-16 03:42:16,41
CARO ,2018-05-16 04:42:17,41
CARO ,2018-05-16 05:42:16,41
CARO ,2018-05-16 06:42:16,41
CARO ,2018-05-16 07:42:16,41
CARO ,2018-05-16 08:42:17,41
CARO ,2018-05-16 09:42:15,41
CARO ,2018-05-16 10:42:15,41
CARO ,2018-05-16 11:42:16,41
CARO ,2018-05-16 12:42:17,41
CARO ,2018-05-16 13:42:17,41
CARO ,2018-05-16 14:42:17,41
CARO ,2018-05-16 15:42:17,41
CARO ,2018-05-16 16:42:17,41
CARO ,2018-05-16 17:42:18,41
CARO ,2018-05-16 18:42:16,41
CARO ,2018-05-16 19:42:17,41
CARO ,2018-05-16 20:42:16,41
CARO ,2018-05-16 21:42:16,41
CARO ,2018-05-16 22:42:16,41
CARO ,2018-05-16 23:42:17,41
CARO ,2018-05-17 00:42:18,41
CARO ,2018-05-17 01:42:16,41
CARO ,2018-05-17 02:42:16,41
CARO ,2018-05-17 03:42:17,41
CARO ,2018-05-17 04:42:17,41
CARO ,2018-05-17 05:42:17,41
CARO ,2018-05-17 06:42:18,41
CARO ,2018-05-17 07:42:17,41
CARO ,2018-05-17 08:42:17,41
CARO ,2018-05-17 09:42:17,41
CARO ,2018-05-17 10:42:16,41
CARO ,2018-05-17 11:42:17,41
CARO ,2018-05-17 12:42:17,41
CARO ,2018-05-17 13:42:18,41
CARO ,2018-05-17 14:42:17,41
CARO ,2018-05-17 15:42:17,41
CARO ,2018-05-18 07:42:17,41
CARO ,2018-05-18 08:42:17,41
CARO ,2018-05-18 09:42:16,41
CARO ,2018-05-18 10:42:16,41
CARO ,2018-05-18 11:42:16,41
CARO ,2018-05-18 12:42:17,41
CARO ,2018-05-18 13:42:18,41
CARO ,2018-05-18 14:42:17,41
CARO ,2018-05-18 15:42:16,41
CARO ,2018-05-18 16:42:16,41
CARO ,2018-05-18 17:42:16,41
CARO ,2018-05-18 18:42:16,41
CARO ,2018-05-18 19:42:17,41
CARO ,2018-05-18 20:42:17,41
CARO ,2018-05-18 21:42:16,41
CARO ,2018-05-18 22:42:17,41
CARO ,2018-05-18 23:42:17,41
CARO ,2018-05-19 00:42:16,41
CARO ,2018-05-19 01:42:17,41
CARO ,2018-05-19 02:42:17,41
CARO ,2018-05-19 03:42:17,41
CARO ,2018-05-19 04:42:17,41
CARO ,2018-05-19 05:42:17,41
CARO ,2018-05-19 06:42:18,41
CARO ,2018-05-19 07:42:16,41
CARO ,2018-05-19 08:42:17,41
CARO ,2018-05-19 09:42:17,41
CARO ,2018-05-19 10:42:16,41
CARO ,2018-05-19 11:42:17,41
CARO ,2018-05-19 12:42:17,41
CARO ,2018-05-19 13:42:17,41
CARO ,2018-05-19 14:42:17,41
CARO ,2018-05-19 15:42:17,41
CARO ,2018-05-19 16:42:17,41
CARO ,2018-05-19 17:42:17,41
CARO ,2018-05-19 18:42:16,41
CARO ,2018-05-19 19:42:16,41
CARO ,2018-05-19 20:42:17,41
CARO ,2018-05-19 21:42:17,41
CARO ,2018-05-19 22:42:16,41
CARO ,2018-05-19 23:42:16,41
CARO ,2018-05-20 00:42:17,41
CARO ,2018-05-20 01:42:18,41
CARO ,2018-05-20 02:42:17,41
CARO ,2018-05-20 03:42:16,41
CARO ,2018-05-20 04:42:17,41
CARO ,2018-05-20 05:42:17,41
CARO ,2018-05-20 06:42:16,41
CARO ,2018-05-20 07:42:16,41
CARO ,2018-05-20 08:42:16,41
CARO ,2018-05-20 09:42:17,41
CARO ,2018-05-20 10:42:17,41
CARO ,2018-05-20 11:42:16,41
CARO ,2018-05-20 12:42:16,41
CARO ,2018-05-20 13:42:16,41
CARO ,2018-05-20 14:42:19,41
CARO ,2018-05-20 15:42:17,41
CARO ,2018-05-20 16:42:17,41
CARO ,2018-05-20 17:42:17,41
CARO ,2018-05-20 18:42:17,41
CARO ,2018-05-20 19:42:16,41
CARO ,2018-05-20 20:42:16,41
CARO ,2018-05-20 21:42:16,41
CARO ,2018-05-20 22:42:17,41
CARO ,2018-05-20 23:42:17,41
CARO ,2018-05-21 00:42:17,41
CARO ,2018-05-21 01:42:27,41
CARO ,2018-05-21 02:42:21,41
CARO ,2018-05-21 03:42:18,41
CARO ,2018-05-21 04:42:20,41
CARO ,2018-05-21 05:42:16,41
CARO ,2018-05-21 06:42:17,41
CARO ,2018-05-21 07:42:17,41
CARO ,2018-05-21 08:42:19,41
CARO ,2018-05-21 09:42:17,41
CARO ,2018-05-21 10:42:16,41
CARO ,2018-05-21 11:42:17,41
CARO ,2018-05-21 12:42:20,41
CARO ,2018-05-21 13:42:18,41
CARO ,2018-05-21 14:42:17,41
CARO ,2018-05-21 15:42:17,41
CARO ,2018-05-21 16:42:17,41
CARO ,2018-05-21 17:42:16,41
CARO ,2018-05-21 18:42:17,41
CARO ,2018-05-21 19:42:17,41
CARO ,2018-05-21 20:42:17,41
CARO ,2018-05-21 21:42:17,41
CARO ,2018-05-21 22:42:16,41
CARO ,2018-05-21 23:42:16,41
CARO ,2018-05-22 00:42:17,41
CARO ,2018-05-22 01:42:17,41
CARO ,2018-05-22 02:42:17,41
CARO ,2018-05-22 03:42:17,41
CARO ,2018-05-22 04:42:17,41
CARO ,2018-05-22 05:42:16,41
CARO ,2018-05-22 06:42:16,41
CARO ,2018-05-22 07:42:17,41
CARO ,2018-05-22 08:42:22,41
CARO ,2018-05-22 09:42:16,41
CARO ,2018-05-22 10:42:16,41
CARO ,2018-05-22 11:42:16,41
CARO ,2018-05-22 12:42:17,41
CARO ,2018-05-22 13:42:19,41
CARO ,2018-05-22 14:42:17,42
CARO ,2018-05-22 15:42:17,42
CARO ,2018-05-22 16:42:17,42
CARO ,2018-05-22 17:42:16,43
CARO ,2018-05-22 18:42:16,43
CARO ,2018-05-22 19:42:17,43
CARO ,2018-05-22 20:42:17,44
CARO ,2018-05-22 21:42:16,44
CARO ,2018-05-22 22:42:17,44
CARO ,2018-05-22 23:42:17,44
CARO ,2018-05-23 00:42:16,44
CARO ,2018-05-23 01:42:17,44
CARO ,2018-05-23 02:42:16,44
CARO ,2018-05-23 03:42:17,44
CARO ,2018-05-23 04:42:16,44
CARO ,2018-05-23 05:42:18,44
CARO ,2018-05-23 06:42:17,44
CARO ,2018-05-23 07:42:20,44
CARO ,2018-05-23 08:42:17,44
CARO ,2018-05-23 09:42:17,44
CARO ,2018-05-23 10:42:18,44
CARO ,2018-05-23 11:42:17,44
CARO ,2018-05-23 12:42:16,44
CARO ,2018-05-23 13:42:17,44
CARO ,2018-05-23 14:42:17,45
CARO ,2018-05-23 15:42:17,45
CARO ,2018-05-23 16:42:19,45
CARO ,2018-05-23 17:42:17,44
CARO ,2018-05-23 18:42:16,43
CARO ,2018-05-23 19:42:16,43
CARO ,2018-05-23 20:42:17,43
CARO ,2018-05-23 21:42:17,43
CARO ,2018-05-23 22:42:17,43
CARO ,2018-05-23 23:42:17,43
CARO ,2018-05-24 00:42:17,43
CARO ,2018-05-24 01:42:17,43
CARO ,2018-05-24 02:42:17,43
CARO ,2018-05-24 03:42:17,43
CARO ,2018-05-24 04:42:16,43
CARO ,2018-05-24 06:42:17,43
CARO ,2018-05-24 07:42:17,43
CARO ,2018-05-24 08:42:17,43
CARO ,2018-05-24 09:42:17,43
CARO ,2018-05-24 10:42:17,43
CARO ,2018-05-24 11:42:17,43
CARO ,2018-05-24 12:42:17,43
CARO ,2018-05-24 13:42:17,43
CARO ,2018-05-24 20:11:26,42
CARO ,2018-05-24 20:42:17,42
CARO ,2018-05-24 21:42:18,42
CARO ,2018-05-24 22:42:18,42
CARO ,2018-05-24 23:42:18,42
CARO ,2018-05-25 00:42:17,42
CARO ,2018-05-25 01:42:18,42
CARO ,2018-05-25 02:42:18,42
CARO ,2018-05-25 03:42:18,42
CARO ,2018-05-25 04:42:18,42
CARO ,2018-05-25 05:42:18,42
CARO ,2018-05-25 06:42:18,42
CARO ,2018-05-25 07:42:18,42
CARO ,2018-05-25 08:42:18,42
CARO ,2018-05-25 09:42:17,42
CARO ,2018-05-25 10:42:18,42
CARO ,2018-05-25 11:42:18,42
CARO ,2018-05-25 12:42:18,42
CARO ,2018-05-25 13:42:18,42
CARO ,2018-05-25 14:42:17,42
CARO ,2018-05-25 15:42:18,42
CARO ,2018-05-25 16:42:18,42
CARO ,2018-05-25 17:42:17,42
CARO ,2018-05-25 18:42:17,42
CARO ,2018-05-25 19:42:18,42
CARO ,2018-05-25 20:42:18,42
CARO ,2018-05-25 21:42:17,42
CARO ,2018-05-25 22:42:17,42
CARO ,2018-05-25 23:42:18,42
CARO ,2018-05-26 00:42:18,42
CARO ,2018-05-26 01:42:17,42
CARO ,2018-05-26 02:42:18,42
CARO ,2018-05-26 03:42:17,42
CARO ,2018-05-26 04:42:17,42
CARO ,2018-05-26 05:42:17,42
CARO ,2018-05-26 06:42:17,42
CARO ,2018-05-26 07:42:18,42
CARO ,2018-05-26 08:42:18,42
CARO ,2018-05-26 09:42:17,42
CARO ,2018-05-26 10:42:17,42
CARO ,2018-05-26 11:42:17,42
CARO ,2018-05-26 12:42:18,42
CARO ,2018-05-26 13:42:18,42
CARO ,2018-05-26 14:42:18,42
CARO ,2018-05-26 15:42:18,42
CARO ,2018-05-26 16:42:18,42
CARO ,2018-05-26 17:42:18,42
CARO ,2018-05-26 18:42:18,42
CARO ,2018-05-26 19:42:21,42
CARO ,2018-05-26 20:42:18,42
CARO ,2018-05-26 21:42:17,42
CARO ,2018-05-26 22:42:18,42
CARO ,2018-05-26 23:42:18,42
CARO ,2018-05-27 00:42:18,42
CARO ,2018-05-27 01:42:18,42
CARO ,2018-05-27 02:42:18,42
CARO ,2018-05-27 03:42:17,42
CARO ,2018-05-27 04:42:18,42
CARO ,2018-05-27 05:42:18,42
CARO ,2018-05-27 06:42:17,42
CARO ,2018-05-27 07:42:17,42
CARO ,2018-05-27 08:42:18,42
CARO ,2018-05-27 09:42:17,42
CARO ,2018-05-27 10:42:17,42
CARO ,2018-05-27 11:42:18,42
CARO ,2018-05-27 12:42:17,42
CARO ,2018-05-27 13:42:18,42
CARO ,2018-05-27 14:42:17,42
CARO ,2018-05-27 15:42:18,42
CARO ,2018-05-27 16:42:18,42
CARO ,2018-05-27 17:42:17,42
CARO ,2018-05-27 18:42:18,42
CARO ,2018-05-27 19:42:17,42
CARO ,2018-05-27 20:42:18,42
CARO ,2018-05-27 21:42:18,42
CARO ,2018-05-27 22:42:19,42
CARO ,2018-05-27 23:42:18,42
CARO ,2018-05-28 00:42:17,42
CARO ,2018-05-28 01:42:17,42
CARO ,2018-05-28 02:42:17,42
CARO ,2018-05-28 03:42:18,42
CARO ,2018-05-28 04:42:18,42
CARO ,2018-05-28 05:42:17,42
CARO ,2018-05-28 06:42:18,42
CARO ,2018-05-28 07:42:17,42
CARO ,2018-05-28 08:42:17,42
CARO ,2018-05-28 09:42:18,42
CARO ,2018-05-28 10:42:17,42
CARO ,2018-05-28 11:42:17,42
CARO ,2018-05-28 12:42:17,42
CARO ,2018-05-28 13:42:17,42
CARO ,2018-05-28 14:42:17,42
CARO ,2018-05-28 15:42:18,42
CARO ,2018-05-28 16:42:17,42
CARO ,2018-05-28 17:42:18,42
CARO ,2018-05-28 18:42:18,42
CARO ,2018-05-28 19:42:18,42
CARO ,2018-05-28 20:42:18,42
CARO ,2018-05-28 21:42:18,42
CARO ,2018-05-28 22:42:18,42
CARO ,2018-05-28 23:42:18,42
CARO ,2018-05-29 00:42:17,42
CARO ,2018-05-29 01:42:17,42
CARO ,2018-05-29 02:42:18,42
CARO ,2018-05-29 03:42:18,42
CARO ,2018-05-29 04:42:18,42
CARO ,2018-05-29 05:42:17,42
CARO ,2018-05-29 06:42:17,42
CARO ,2018-05-29 07:42:17,42
CARO ,2018-05-29 08:42:23,42
CARO ,2018-05-29 09:42:18,42
CARO ,2018-05-29 10:42:16,42
CARO ,2018-05-29 11:42:16,42
CARO ,2018-05-29 12:42:17,42
CARO ,2018-05-30 19:52:59,42
CARO ,2018-05-30 20:42:17,42
CARO ,2018-05-30 21:42:18,42
CARO ,2018-05-30 22:42:18,42
CARO ,2018-05-30 23:42:18,42
CARO ,2018-05-31 00:42:18,42
CARO ,2018-05-31 01:42:19,42
CARO ,2018-05-31 02:42:18,42
CARO ,2018-05-31 03:42:22,42
CARO ,2018-05-31 04:42:17,42
CARO ,2018-05-31 05:42:17,42
CARO ,2018-05-31 06:42:18,42
CARO ,2018-05-31 07:42:17,42
CARO ,2018-05-31 08:42:18,42
CARO ,2018-05-31 09:42:18,42
CARO ,2018-05-31 10:42:17,42
CARO ,2018-05-31 11:42:18,42
CARO ,2018-05-31 12:42:18,42
CARO ,2018-05-31 13:42:19,42
CARO ,2018-05-31 14:42:18,42
CARO ,2018-05-31 15:42:18,42
CARO ,2018-05-31 16:42:17,42
CARO ,2018-05-31 17:42:17,42
CARO ,2018-05-31 18:42:18,43
CARO ,2018-05-31 19:42:18,43
CARO ,2018-05-31 20:42:18,43
CARO ,2018-05-31 21:42:17,43
CARO ,2018-05-31 22:42:18,43
CARO ,2018-05-31 23:42:17,43
CARO ,2018-06-01 00:42:18,43
CARO ,2018-06-01 01:42:17,43
CARO ,2018-06-01 02:42:18,43
CARO ,2018-06-01 03:42:18,43
CARO ,2018-06-01 04:42:17,43
CARO ,2018-06-01 05:42:17,43
CARO ,2018-06-01 06:42:18,43
CARO ,2018-06-01 07:42:18,43
CARO ,2018-06-01 08:42:17,43
CARO ,2018-06-01 09:42:17,43
CARO ,2018-06-01 10:42:17,43
CARO ,2018-06-01 11:42:17,43
CARO ,2018-06-01 12:42:17,43
CARO ,2018-06-01 13:42:26,43
CARO ,2018-06-01 14:42:18,43
CARO ,2018-06-01 15:42:19,43
CARO ,2018-06-01 16:42:19,43
CARO ,2018-06-01 17:42:19,43
CARO ,2018-06-01 18:42:18,43
CARO ,2018-06-01 19:42:19,43
CARO ,2018-06-01 20:42:19,43
CARO ,2018-06-01 21:42:19,43
CARO ,2018-06-01 22:42:19,43
CARO ,2018-06-01 23:42:19,43
CARO ,2018-06-02 00:42:19,43
CARO ,2018-06-02 01:42:19,43
CARO ,2018-06-02 02:42:19,43
CARO ,2018-06-02 03:42:19,43
CARO ,2018-06-02 04:42:19,43
CARO ,2018-06-02 05:42:19,43
CARO ,2018-06-02 06:42:19,43
CARO ,2018-06-02 07:42:19,43
CARO ,2018-06-02 08:42:18,43
CARO ,2018-06-02 09:42:19,43
CARO ,2018-06-02 10:42:18,43
CARO ,2018-06-02 11:42:18,43
CARO ,2018-06-02 12:42:20,43
CARO ,2018-06-02 13:42:20,43
CARO ,2018-06-02 14:42:19,43
CARO ,2018-06-02 15:42:20,43
CARO ,2018-06-02 16:42:19,43
CARO ,2018-06-02 17:42:19,43
CARO ,2018-06-02 18:42:18,43
CARO ,2018-06-02 19:42:19,43
CARO ,2018-06-02 20:42:19,43
CARO ,2018-06-02 21:42:19,43
CARO ,2018-06-02 22:42:18,43
CARO ,2018-06-02 23:42:20,43
CARO ,2018-06-03 00:42:18,43
CARO ,2018-06-03 01:42:19,43
CARO ,2018-06-03 02:42:19,43
CARO ,2018-06-03 03:42:18,43
CARO ,2018-06-03 04:42:18,43
CARO ,2018-06-03 05:42:19,43
CARO ,2018-06-03 06:42:18,43
CARO ,2018-06-03 19:44:35,43
CARO ,2018-06-03 20:42:19,43
CARO ,2018-06-03 21:42:18,43
CARO ,2018-06-03 22:42:19,43
CARO ,2018-06-03 23:42:19,43
CARO ,2018-06-04 00:42:18,43
CARO ,2018-06-04 01:42:19,43
CARO ,2018-06-04 02:42:19,43
CARO ,2018-06-04 03:42:18,43
CARO ,2018-06-04 04:42:21,43
CARO ,2018-06-04 05:42:19,43
CARO ,2018-06-04 06:42:19,43
CARO ,2018-06-04 07:42:19,43
CARO ,2018-06-04 08:42:19,43
CARO ,2018-06-04 09:42:19,43
CARO ,2018-06-04 10:42:17,43
CARO ,2018-06-04 11:42:17,43
CARO ,2018-06-04 12:42:16,43
CARO ,2018-06-04 13:42:18,43
CARO ,2018-06-04 14:42:17,43
CARO ,2018-06-04 15:42:17,43
CARO ,2018-06-04 16:42:16,43
CARO ,2018-06-04 17:42:17,43
CARO ,2018-06-04 18:42:17,43
CARO ,2018-06-04 19:42:16,43
CARO ,2018-06-04 20:42:17,43
CARO ,2018-06-04 21:42:16,43
CARO ,2018-06-04 22:42:17,43
CARO ,2018-06-04 23:42:17,43
CARO ,2018-06-05 00:42:17,43
CARO ,2018-06-05 01:42:17,43
CARO ,2018-06-05 02:42:17,43
CARO ,2018-06-05 03:42:16,43
CARO ,2018-06-05 04:42:17,43
CARO ,2018-06-05 05:42:17,43
CARO ,2018-06-05 06:42:17,43
CARO ,2018-06-05 07:42:16,43
CARO ,2018-06-05 08:42:16,43
CARO ,2018-06-05 09:42:17,43
CARO ,2018-06-05 10:42:17,43
CARO ,2018-06-05 11:42:16,43
CARO ,2018-06-05 12:42:16,43
CARO ,2018-06-05 13:42:18,43
CARO ,2018-06-05 14:42:18,43
CARO ,2018-06-05 15:42:17,43
CARO ,2018-06-05 16:42:17,43
CARO ,2018-06-05 17:42:16,43
CARO ,2018-06-05 18:42:16,44
CARO ,2018-06-05 19:42:17,44
CARO ,2018-06-05 20:42:17,44
CARO ,2018-06-05 21:42:17,44
CARO ,2018-06-05 22:42:17,44
CARO ,2018-06-05 23:42:17,44
CARO ,2018-06-06 00:42:17,44
CARO ,2018-06-06 01:42:17,44
CARO ,2018-06-06 02:42:17,44
CARO ,2018-06-06 03:42:17,44
CARO ,2018-06-06 04:42:17,44
CARO ,2018-06-06 05:42:17,44
CARO ,2018-06-06 06:42:17,44
CARO ,2018-06-06 07:42:16,44
CARO ,2018-06-06 08:42:17,44
CARO ,2018-06-06 09:42:16,44
CARO ,2018-06-06 10:42:17,44
CARO ,2018-06-06 11:42:17,44
CARO ,2018-06-06 12:42:18,44
CARO ,2018-06-06 13:42:18,44
CARO ,2018-06-06 14:42:18,44
CARO ,2018-06-06 15:42:18,44
CARO ,2018-06-06 16:42:19,45
CARO ,2018-06-06 17:42:18,45
CARO ,2018-06-06 18:42:18,45
CARO ,2018-06-06 19:42:18,45
CARO ,2018-06-06 20:42:17,45
CARO ,2018-06-06 21:42:17,45
CARO ,2018-06-06 22:42:18,45
CARO ,2018-06-06 23:42:19,45
CARO ,2018-06-07 00:42:19,45
CARO ,2018-06-07 01:42:19,45
CARO ,2018-06-07 02:42:19,45
CARO ,2018-06-07 03:42:18,45
CARO ,2018-06-07 04:42:19,45
CARO ,2018-06-07 05:42:20,45
CARO ,2018-06-07 06:42:19,45
CARO ,2018-06-07 07:42:18,45
CARO ,2018-06-07 08:42:19,45
CARO ,2018-06-07 09:42:19,45
CARO ,2018-06-07 10:42:19,45
CARO ,2018-06-07 11:42:19,45
CARO ,2018-06-07 12:42:19,45
CARO ,2018-06-07 13:42:19,45
CARO ,2018-06-07 14:42:20,45
CARO ,2018-06-07 15:42:18,45
CARO ,2018-06-07 16:42:20,45
CARO ,2018-06-07 17:42:19,45
CARO ,2018-06-07 18:42:18,45
CARO ,2018-06-07 19:42:19,46
CARO ,2018-06-07 20:42:19,46
CARO ,2018-06-07 21:42:18,46
CARO ,2018-06-07 22:42:19,46
CARO ,2018-06-07 23:42:19,46
CARO ,2018-06-08 00:42:19,46
CARO ,2018-06-08 01:42:18,46
CARO ,2018-06-08 02:42:19,46
CARO ,2018-06-08 03:42:19,46
CARO ,2018-06-08 04:42:20,46
CARO ,2018-06-08 05:42:18,46
CARO ,2018-06-08 06:42:20,46
CARO ,2018-06-08 07:42:19,46
CARO ,2018-06-08 08:42:19,46
CARO ,2018-06-08 09:42:18,46
CARO ,2018-06-08 10:42:19,46
CARO ,2018-06-08 11:42:18,46
CARO ,2018-06-08 12:42:19,46
CARO ,2018-06-08 13:42:20,46
CARO ,2018-06-08 14:42:19,45
CARO ,2018-06-08 15:42:18,45
CARO ,2018-06-08 16:42:19,45
CARO ,2018-06-08 17:42:19,45
CARO ,2018-06-08 18:42:19,45
CARO ,2018-06-08 19:42:19,45
CARO ,2018-06-08 20:42:19,45
CARO ,2018-06-08 21:42:19,45
CARO ,2018-06-08 22:42:18,45
CARO ,2018-06-08 23:42:18,45
CARO ,2018-06-09 00:42:18,45
CARO ,2018-06-09 01:42:19,45
CARO ,2018-06-09 02:42:18,45
CARO ,2018-06-09 03:42:19,45
CARO ,2018-06-09 04:42:20,45
CARO ,2018-06-09 05:42:18,45
CARO ,2018-06-09 06:42:20,45
CARO ,2018-06-09 07:42:19,45
CARO ,2018-06-09 08:42:18,45
CARO ,2018-06-09 09:42:19,45
CARO ,2018-06-09 10:42:19,45
CARO ,2018-06-09 11:42:19,45
CARO ,2018-06-09 12:42:19,45
CARO ,2018-06-09 13:42:20,45
CARO ,2018-06-09 14:42:19,45
CARO ,2018-06-09 15:42:20,45
CARO ,2018-06-09 16:42:19,45
CARO ,2018-06-09 17:42:20,45
CARO ,2018-06-09 18:42:20,45
CARO ,2018-06-09 19:42:19,45
CARO ,2018-06-09 20:42:20,45
CARO ,2018-06-09 21:42:19,45
CARO ,2018-06-09 22:42:19,45
CARO ,2018-06-09 23:42:19,45
CARO ,2018-06-10 00:42:19,45
CARO ,2018-06-10 01:42:19,45
CARO ,2018-06-10 02:42:19,45
CARO ,2018-06-10 03:42:19,45
CARO ,2018-06-10 04:42:19,45
CARO ,2018-06-10 05:42:19,45
CARO ,2018-06-10 06:42:18,45
CARO ,2018-06-10 07:42:19,45
CARO ,2018-06-10 08:42:18,45
CARO ,2018-06-10 09:42:19,45
CARO ,2018-06-10 10:42:20,45
CARO ,2018-06-10 11:42:19,45
CARO ,2018-06-10 12:42:19,45
CARO ,2018-06-10 13:42:18,45
CARO ,2018-06-10 14:42:20,45
CARO ,2018-06-10 15:42:18,45
CARO ,2018-06-10 16:42:19,45
CARO ,2018-06-10 17:42:19,45
CARO ,2018-06-10 18:42:19,45
CARO ,2018-06-10 19:42:18,45
CARO ,2018-06-10 20:42:18,45
CARO ,2018-06-10 21:42:18,45
CARO ,2018-06-10 22:42:19,45
CARO ,2018-06-10 23:42:19,45
CARO ,2018-06-11 00:42:19,45
CARO ,2018-06-11 01:42:18,45
CARO ,2018-06-11 02:42:18,45
CARO ,2018-06-11 03:42:19,45
CARO ,2018-06-11 04:42:19,45
CARO ,2018-06-11 06:42:18,45
CARO ,2018-06-11 07:42:18,45
CARO ,2018-06-11 08:42:19,45
CARO ,2018-06-11 09:42:18,45
CARO ,2018-06-11 10:42:19,45
CARO ,2018-06-11 11:42:18,45
CARO ,2018-06-11 12:42:19,45
CARO ,2018-06-11 13:42:20,45
CARO ,2018-06-11 14:42:19,45
CARO ,2018-06-11 15:42:19,45
CARO ,2018-06-11 16:42:19,45
CARO ,2018-06-11 17:42:18,45
CARO ,2018-06-11 18:42:19,48
CARO ,2018-06-11 19:42:18,48
CARO ,2018-06-11 20:42:19,48
CARO ,2018-06-11 21:42:18,48
CARO ,2018-06-11 22:42:18,48
CARO ,2018-06-11 23:42:19,48
CARO ,2018-06-12 00:42:19,48
CARO ,2018-06-12 01:42:19,48
CARO ,2018-06-12 02:42:19,48
CARO ,2018-06-12 03:42:20,48
CARO ,2018-06-12 04:42:19,48
CARO ,2018-06-12 05:42:19,48
CARO ,2018-06-12 06:42:19,48
CARO ,2018-06-12 07:42:19,48
CARO ,2018-06-12 08:42:18,48
CARO ,2018-06-12 09:42:18,48
CARO ,2018-06-12 10:42:18,48
CARO ,2018-06-12 11:42:18,48
CARO ,2018-06-12 12:42:19,48
CARO ,2018-06-12 13:42:20,48
CARO ,2018-06-12 14:42:19,48
CARO ,2018-06-12 15:42:18,48
CARO ,2018-06-12 16:42:19,48
CARO ,2018-06-12 17:42:18,47
CARO ,2018-06-12 18:42:19,47
CARO ,2018-06-12 19:42:19,47
CARO ,2018-06-12 20:42:18,47
CARO ,2018-06-12 21:42:18,47
CARO ,2018-06-12 22:42:18,47
CARO ,2018-06-12 23:42:19,47
CARO ,2018-06-13 00:42:19,47
CARO ,2018-06-13 01:42:18,47
CARO ,2018-06-13 02:42:18,47
CARO ,2018-06-13 03:42:18,47
CARO ,2018-06-13 04:42:19,47
CARO ,2018-06-13 05:42:18,47
CARO ,2018-06-13 06:42:19,47
CARO ,2018-06-13 07:42:19,47
CARO ,2018-06-13 08:42:20,47
CARO ,2018-06-13 09:42:19,47
CARO ,2018-06-13 10:42:18,47
CARO ,2018-06-13 11:42:18,47
CARO ,2018-06-13 12:42:19,47
CARO ,2018-06-13 13:42:20,47
CARO ,2018-06-13 14:42:19,48
CARO ,2018-06-13 15:42:19,48
CARO ,2018-06-13 16:42:19,48
CARO ,2018-06-13 17:42:19,47
CARO ,2018-06-13 18:42:20,47
CARO ,2018-06-13 19:42:19,47
CARO ,2018-06-13 20:42:19,47
CARO ,2018-06-13 21:42:19,47
CARO ,2018-06-13 22:42:18,47
CARO ,2018-06-13 23:42:19,47
CARO ,2018-06-14 00:42:19,47
CARO ,2018-06-14 01:42:19,47
CARO ,2018-06-14 02:42:19,47
CARO ,2018-06-14 03:42:20,47
CARO ,2018-06-14 04:42:18,47
CARO ,2018-06-14 05:42:20,47
CARO ,2018-06-14 06:42:19,47
CARO ,2018-06-14 07:42:19,47
CARO ,2018-06-14 08:42:19,47
CARO ,2018-06-14 09:42:18,47
CARO ,2018-06-14 10:42:18,47
CARO ,2018-06-14 11:42:19,47
CARO ,2018-06-14 12:42:19,47
CARO ,2018-06-14 13:42:21,47
CARO ,2018-06-14 14:42:20,47
CARO ,2018-06-14 15:42:20,47
CARO ,2018-06-14 16:42:19,47
CARO ,2018-06-14 17:42:19,47
CARO ,2018-06-14 18:42:20,47
CARO ,2018-06-14 19:42:20,47
CARO ,2018-06-14 20:42:20,47
CARO ,2018-06-14 21:42:20,47
CARO ,2018-06-14 22:42:21,47
CARO ,2018-06-14 23:42:20,47
CARO ,2018-06-15 00:42:20,47
CARO ,2018-06-15 01:42:19,47
CARO ,2018-06-15 02:42:20,47
CARO ,2018-06-15 03:42:20,47
CARO ,2018-06-15 04:42:20,47
CARO ,2018-06-15 05:42:21,47
CARO ,2018-06-15 06:42:20,47
CARO ,2018-06-15 07:42:20,47
CARO ,2018-06-15 08:42:20,47
CARO ,2018-06-15 09:42:20,47
CARO ,2018-06-15 10:42:20,47
CARO ,2018-06-15 11:42:19,47
CARO ,2018-06-15 12:42:20,47
CARO ,2018-06-15 13:42:21,47
CARO ,2018-06-15 14:42:21,48
CARO ,2018-06-15 15:42:20,48
CARO ,2018-06-15 16:42:19,48
CARO ,2018-06-15 17:42:19,48
CARO ,2018-06-15 18:42:21,48
CARO ,2018-06-15 19:42:20,48
CARO ,2018-06-15 20:42:20,48
CARO ,2018-06-15 21:42:19,48
CARO ,2018-06-15 22:42:20,48
CARO ,2018-06-15 23:42:20,48
CARO ,2018-06-16 00:42:20,48
CARO ,2018-06-16 01:42:20,48
CARO ,2018-06-16 02:42:21,48
CARO ,2018-06-16 03:42:20,48
CARO ,2018-06-16 04:42:21,48
CARO ,2018-06-16 05:42:21,48
CARO ,2018-06-16 06:42:20,48
CARO ,2018-06-16 07:42:19,48
CARO ,2018-06-16 08:42:20,48
CARO ,2018-06-16 09:42:20,48
CARO ,2018-06-16 10:42:19,48
CARO ,2018-06-16 11:42:20,48
CARO ,2018-06-16 12:42:20,48
CARO ,2018-06-16 13:42:20,48
CARO ,2018-06-16 14:42:21,48
CARO ,2018-06-16 15:42:20,48
CARO ,2018-06-16 16:42:20,48
CARO ,2018-06-16 17:42:19,48
CARO ,2018-06-16 18:42:20,48
CARO ,2018-06-16 19:42:20,48
CARO ,2018-06-16 20:42:20,48
CARO ,2018-06-16 21:42:19,48
CARO ,2018-06-16 22:42:20,48
CARO ,2018-06-16 23:42:19,48
CARO ,2018-06-17 00:42:20,48
CARO ,2018-06-17 01:42:20,48
CARO ,2018-06-17 02:42:21,48
CARO ,2018-06-17 03:42:20,48
CARO ,2018-06-17 04:42:20,48
CARO ,2018-06-17 05:42:20,48
CARO ,2018-06-17 06:42:19,48
CARO ,2018-06-17 07:42:20,48
CARO ,2018-06-17 08:42:20,48
CARO ,2018-06-17 09:42:19,48
CARO ,2018-06-17 10:42:19,48
CARO ,2018-06-17 11:42:19,48
CARO ,2018-06-17 12:42:20,48
CARO ,2018-06-17 13:42:20,48
CARO ,2018-06-17 14:42:20,48
CARO ,2018-06-17 15:42:19,48
CARO ,2018-06-17 16:42:19,48
CARO ,2018-06-17 17:42:20,48
CARO ,2018-06-17 18:42:19,48
CARO ,2018-06-17 19:42:21,48
CARO ,2018-06-17 20:42:20,48
CARO ,2018-06-17 21:42:20,48
CARO ,2018-06-17 22:42:19,48
CARO ,2018-06-17 23:42:20,48
CARO ,2018-06-18 00:42:20,48
CARO ,2018-06-18 01:42:20,48
CARO ,2018-06-18 02:42:21,48
CARO ,2018-06-18 03:42:19,48
CARO ,2018-06-18 04:42:20,48
CARO ,2018-06-18 05:42:20,48
CARO ,2018-06-18 06:42:19,48
CARO ,2018-06-18 07:42:19,48
CARO ,2018-06-18 08:42:25,48
CARO ,2018-06-18 09:42:19,48
CARO ,2018-06-18 10:42:19,48
CARO ,2018-06-18 11:42:20,48
CARO ,2018-06-18 12:42:19,48
CARO ,2018-06-18 13:42:21,48
CARO ,2018-06-18 14:42:19,48
CARO ,2018-06-18 15:42:20,48
CARO ,2018-06-18 16:42:19,48
CARO ,2018-06-18 17:42:19,48
CARO ,2018-06-18 18:42:21,48
CARO ,2018-06-18 19:42:20,48
CARO ,2018-06-18 20:42:20,49
CARO ,2018-06-18 21:42:19,49
CARO ,2018-06-18 22:42:20,49
CARO ,2018-06-18 23:42:20,49
CARO ,2018-06-19 00:42:20,49
CARO ,2018-06-19 01:42:19,49
CARO ,2018-06-19 02:42:20,49
CARO ,2018-06-19 03:42:20,49
CARO ,2018-06-19 04:42:20,49
CARO ,2018-06-19 05:42:20,49
CARO ,2018-06-19 06:42:20,49
CARO ,2018-06-19 07:42:21,49
CARO ,2018-06-19 08:42:21,49
CARO ,2018-06-19 09:42:19,49
CARO ,2018-06-19 10:42:20,49
CARO ,2018-06-19 11:42:19,49
CARO ,2018-06-19 12:42:19,49
CARO ,2018-06-19 13:42:22,49
CARO ,2018-06-19 14:42:20,49
CARO ,2018-06-19 15:42:20,49
CARO ,2018-06-19 16:42:20,49
CARO ,2018-06-19 17:42:20,49
CARO ,2018-06-19 18:42:20,49
CARO ,2018-06-19 19:42:19,49
CARO ,2018-06-19 20:42:19,49
CARO ,2018-06-19 21:42:20,49
CARO ,2018-06-19 22:42:20,49
CARO ,2018-06-19 23:42:20,49
CARO ,2018-06-20 00:42:30,49
CARO ,2018-06-20 01:42:21,49
CARO ,2018-06-20 02:42:19,49
CARO ,2018-06-20 03:42:20,49
CARO ,2018-06-20 04:42:20,49
CARO ,2018-06-20 05:42:19,49
CARO ,2018-06-20 06:42:20,49
CARO ,2018-06-20 07:42:19,49
CARO ,2018-06-20 08:42:19,49
CARO ,2018-06-20 09:42:19,49
CARO ,2018-06-20 10:42:20,49
CARO ,2018-06-20 11:42:19,49
CARO ,2018-06-20 12:42:19,49
CARO ,2018-06-20 14:06:54,49
CARO ,2018-06-20 14:42:22,49
CARO ,2018-06-20 15:42:21,49
CARO ,2018-06-20 16:42:21,49
CARO ,2018-06-20 17:42:20,49
CARO ,2018-06-20 18:42:20,49
CARO ,2018-06-20 19:42:20,49
CARO ,2018-06-20 20:42:19,49
CARO ,2018-06-20 21:42:20,49
CARO ,2018-06-20 22:42:20,49
CARO ,2018-06-20 23:42:20,49
CARO ,2018-06-21 00:42:20,49
CARO ,2018-06-21 01:42:20,49
CARO ,2018-06-21 02:42:20,49
CARO ,2018-06-21 03:42:20,49
CARO ,2018-06-21 04:42:20,49
CARO ,2018-06-21 05:42:21,49
CARO ,2018-06-21 06:42:19,49
CARO ,2018-06-21 07:42:20,49
CARO ,2018-06-21 08:42:20,49
CARO ,2018-06-21 09:42:19,49
CARO ,2018-06-21 10:42:20,49
CARO ,2018-06-21 11:42:19,49
CARO ,2018-06-21 12:42:20,49
CARO ,2018-06-21 13:42:21,49
CARO ,2018-06-21 14:42:21,49
CARO ,2018-06-21 15:42:21,50
CARO ,2018-06-21 16:42:21,50
CARO ,2018-06-21 17:42:21,50
CARO ,2018-06-21 18:42:21,50
CARO ,2018-06-21 19:42:21,49
CARO ,2018-06-21 20:42:21,49
CARO ,2018-06-21 21:42:21,49
CARO ,2018-06-21 22:42:21,49
CARO ,2018-06-21 23:42:21,49
CARO ,2018-06-22 00:42:21,49
CARO ,2018-06-22 01:42:20,49
CARO ,2018-06-22 02:42:21,49
CARO ,2018-06-22 03:42:21,49
CARO ,2018-06-22 04:42:21,49
CARO ,2018-06-22 05:42:22,49
CARO ,2018-06-22 06:42:21,49
CARO ,2018-06-22 07:42:20,49
CARO ,2018-06-22 08:42:21,49
CARO ,2018-06-22 09:42:21,49
CARO ,2018-06-22 10:42:21,49
CARO ,2018-06-22 11:42:21,49
CARO ,2018-06-22 12:42:21,49
CARO ,2018-06-22 13:42:22,49
CARO ,2018-06-22 15:06:23,49
CARO ,2018-06-22 15:42:21,49
CARO ,2018-06-22 16:42:22,48
CARO ,2018-06-22 17:42:21,48
CARO ,2018-06-22 18:42:21,48
CARO ,2018-06-22 19:42:21,48
CARO ,2018-06-22 20:42:20,48
CARO ,2018-06-22 21:42:21,48
CARO ,2018-06-22 22:42:21,48
CARO ,2018-06-22 23:42:21,48
CARO ,2018-06-23 00:42:24,48
CARO ,2018-06-23 01:42:21,48
CARO ,2018-06-23 02:42:21,48
CARO ,2018-06-23 03:42:21,48
CARO ,2018-06-23 04:42:21,48
CARO ,2018-06-23 05:42:21,48
CARO ,2018-06-23 06:42:21,48
CARO ,2018-06-23 07:42:21,48
CARO ,2018-06-23 08:42:21,48
CARO ,2018-06-23 09:42:20,48
CARO ,2018-06-23 10:42:21,48
CARO ,2018-06-23 11:42:22,48
CARO ,2018-06-23 12:42:20,48
CARO ,2018-06-23 13:42:21,48
CARO ,2018-06-23 14:42:21,48
CARO ,2018-06-23 15:42:22,48
CARO ,2018-06-23 16:42:21,48
CARO ,2018-06-23 17:42:21,48
CARO ,2018-06-23 18:42:21,48
CARO ,2018-06-23 19:42:21,48
CARO ,2018-06-23 20:42:22,48
CARO ,2018-06-23 21:42:21,48
CARO ,2018-06-23 22:42:21,48
CARO ,2018-06-23 23:42:20,48
CARO ,2018-06-24 00:42:41,48
CARO ,2018-06-24 01:42:20,48
CARO ,2018-06-24 02:42:20,48
CARO ,2018-06-24 03:42:24,48
CARO ,2018-06-24 04:42:21,48
CARO ,2018-06-24 05:42:21,48
CARO ,2018-06-24 06:42:21,48
CARO ,2018-06-24 07:42:21,48
CARO ,2018-06-24 08:42:20,48
CARO ,2018-06-24 09:42:21,48
CARO ,2018-06-24 10:42:52,48
CARO ,2018-06-24 11:42:21,48
CARO ,2018-06-24 12:42:22,48
CARO ,2018-06-24 13:42:20,48
CARO ,2018-06-24 14:42:29,48
CARO ,2018-06-24 15:42:34,48
CARO ,2018-06-24 16:42:20,48
CARO ,2018-06-24 17:42:21,48
CARO ,2018-06-24 18:42:21,48
CARO ,2018-06-24 19:42:21,48
CARO ,2018-06-24 20:42:21,48
CARO ,2018-06-24 21:42:21,48
CARO ,2018-06-24 22:42:21,48
CARO ,2018-06-24 23:42:21,48
CARO ,2018-06-25 00:42:20,48
CARO ,2018-06-25 01:42:21,48
CARO ,2018-06-25 02:42:22,48
CARO ,2018-06-25 03:42:27,48
CARO ,2018-06-25 04:42:24,48
CARO ,2018-06-25 05:42:22,48
CARO ,2018-06-25 06:42:21,48
CARO ,2018-06-25 07:42:20,48
CARO ,2018-06-25 08:42:21,48
CARO ,2018-06-25 09:42:21,48
CARO ,2018-06-25 10:42:21,48
CARO ,2018-06-25 11:42:21,48
CARO ,2018-06-25 12:42:20,48
CARO ,2018-06-25 13:42:23,48
CARO ,2018-06-25 14:42:21,48
CARO ,2018-06-25 15:42:21,48
CARO ,2018-06-25 16:42:20,48
CARO ,2018-06-25 17:42:21,47
CARO ,2018-06-25 18:42:21,47
CARO ,2018-06-25 19:42:21,47
CARO ,2018-06-25 20:42:22,47
CARO ,2018-06-25 21:42:21,47
CARO ,2018-06-25 22:42:20,47
CARO ,2018-06-26 01:10:47,47
CARO ,2018-06-26 01:42:21,47
CARO ,2018-06-26 02:42:21,47
CARO ,2018-06-26 03:42:29,47
CARO ,2018-06-26 04:42:29,47
CARO ,2018-06-26 05:42:21,47
CARO ,2018-06-26 06:42:21,47
CARO ,2018-06-26 07:42:21,47
CARO ,2018-06-26 08:42:21,47
CARO ,2018-06-26 09:42:22,47
CARO ,2018-06-26 10:42:23,47
CARO ,2018-06-26 11:42:26,47
CARO ,2018-06-26 12:42:31,47
CARO ,2018-06-26 13:42:23,47
CARO ,2018-06-26 14:42:22,47
CARO ,2018-06-26 15:42:32,47
CARO ,2018-06-26 16:42:22,47
CARO ,2018-06-26 17:42:21,47
CARO ,2018-06-26 18:42:21,47
CARO ,2018-06-26 19:42:22,47
CARO ,2018-06-26 20:42:21,47
CARO ,2018-06-26 21:42:21,47
CARO ,2018-06-26 22:42:21,47
CARO ,2018-06-26 23:42:21,47
CARO ,2018-06-27 00:42:21,47
CARO ,2018-06-27 01:42:20,47
CARO ,2018-06-27 02:42:21,47
CARO ,2018-06-27 03:42:22,47
CARO ,2018-06-27 04:42:25,47
CARO ,2018-06-27 05:42:23,47
CARO ,2018-06-27 06:42:22,47
CARO ,2018-06-27 07:42:20,47
CARO ,2018-06-27 08:42:20,47
CARO ,2018-06-27 09:42:21,47
CARO ,2018-06-27 10:42:20,47
CARO ,2018-06-27 11:42:21,47
CARO ,2018-06-27 12:42:21,47
CARO ,2018-06-27 13:42:34,47
CARO ,2018-06-27 14:42:33,46
CARO ,2018-06-27 15:42:34,46
CARO ,2018-06-27 16:42:22,46
CARO ,2018-06-27 17:42:21,46
CARO ,2018-06-27 18:42:22,46
CARO ,2018-06-27 19:42:22,46
CARO ,2018-06-27 20:42:21,46
CARO ,2018-06-27 21:42:20,46
CARO ,2018-06-27 22:42:20,46
CARO ,2018-06-27 23:42:21,46
CARO ,2018-06-28 00:42:21,46
CARO ,2018-06-28 01:42:21,46
CARO ,2018-06-28 02:42:23,46
CARO ,2018-06-28 03:42:31,46
CARO ,2018-06-28 04:42:29,46
CARO ,2018-06-28 05:42:27,46
CARO ,2018-06-28 06:42:21,46
CARO ,2018-06-28 07:42:21,46
CARO ,2018-06-28 08:42:21,46
CARO ,2018-06-28 09:42:20,46
CARO ,2018-06-28 10:42:21,46
CARO ,2018-06-28 11:42:21,46
CARO ,2018-06-28 12:42:21,46
CARO ,2018-06-28 13:42:22,46
CARO ,2018-06-28 14:42:33,46
CARO ,2018-06-28 15:42:34,46
CARO ,2018-06-28 16:42:20,46
CARO ,2018-06-28 17:42:22,45
CARO ,2018-06-28 18:42:20,45
CARO ,2018-06-28 19:42:25,45
CARO ,2018-06-28 20:42:21,45
CARO ,2018-06-28 21:42:21,45
CARO ,2018-06-28 22:42:20,45
CARO ,2018-06-28 23:42:21,45
CARO ,2018-06-29 00:42:21,45
CARO ,2018-06-29 01:42:21,45
CARO ,2018-06-29 02:42:21,45
CARO ,2018-06-29 03:42:29,45
CARO ,2018-06-29 04:42:24,45
CARO ,2018-06-29 05:42:21,45
CARO ,2018-06-29 06:42:22,45
CARO ,2018-06-29 07:42:22,45
CARO ,2018-06-29 08:42:23,45
CARO ,2018-06-29 09:42:21,45
CARO ,2018-06-29 10:42:21,45
CARO ,2018-06-29 11:42:21,45
CARO ,2018-06-29 12:42:24,45
CARO ,2018-06-29 13:42:23,45
CARO ,2018-06-29 14:42:23,45
CARO ,2018-06-29 15:42:22,45
CARO ,2018-06-29 16:42:22,45
CARO ,2018-06-29 17:42:21,45
CARO ,2018-06-29 18:42:22,45
CARO ,2018-06-29 19:42:25,45
CARO ,2018-06-29 20:42:22,45
CARO ,2018-06-29 21:42:24,45
CARO ,2018-06-29 22:42:23,45
CARO ,2018-06-29 23:42:24,45
CARO ,2018-06-30 00:42:23,45
CARO ,2018-06-30 01:42:21,45
CARO ,2018-06-30 02:42:23,45
CARO ,2018-06-30 03:42:30,45
CARO ,2018-06-30 04:42:27,45
CARO ,2018-06-30 05:42:26,45
CARO ,2018-06-30 06:42:24,45
CARO ,2018-06-30 07:42:22,45
CARO ,2018-06-30 08:42:22,45
CARO ,2018-06-30 09:42:21,45
CARO ,2018-06-30 10:42:23,45
CARO ,2018-06-30 11:42:23,45
CARO ,2018-06-30 12:42:26,45
CARO ,2018-06-30 13:42:34,45
CARO ,2018-06-30 14:42:24,45
CARO ,2018-06-30 15:42:31,45
CARO ,2018-06-30 16:42:26,45
CARO ,2018-06-30 17:42:22,45
CARO ,2018-06-30 18:42:21,45
CARO ,2018-06-30 19:42:30,45
CARO ,2018-06-30 20:42:21,45
CARO ,2018-06-30 21:42:21,45
CARO ,2018-06-30 22:42:22,45
CARO ,2018-06-30 23:42:22,45
CARO ,2018-07-01 00:42:22,45
CARO ,2018-07-01 01:42:22,45
CARO ,2018-07-01 02:42:22,45
CARO ,2018-07-01 03:42:22,45
CARO ,2018-07-01 04:42:21,45
CARO ,2018-07-01 05:42:22,45
CARO ,2018-07-01 06:42:22,45
CARO ,2018-07-01 07:42:21,45
CARO ,2018-07-01 08:42:22,45
CARO ,2018-07-01 09:42:22,45
CARO ,2018-07-01 10:42:22,45
CARO ,2018-07-01 11:42:22,45
CARO ,2018-07-01 12:42:23,45
CARO ,2018-07-01 13:42:22,45
CARO ,2018-07-01 14:42:22,45
CARO ,2018-07-01 15:42:22,45
CARO ,2018-07-01 16:42:24,45
CARO ,2018-07-01 17:42:23,45
CARO ,2018-07-01 18:42:22,45
CARO ,2018-07-01 19:42:25,45
CARO ,2018-07-01 20:42:23,45
CARO ,2018-07-01 21:42:23,45
CARO ,2018-07-01 22:42:21,45
CARO ,2018-07-01 23:42:22,45
CARO ,2018-07-02 00:42:22,45
CARO ,2018-07-02 01:42:24,45
CARO ,2018-07-02 02:42:23,45
CARO ,2018-07-02 03:42:22,45
CARO ,2018-07-02 04:42:22,45
CARO ,2018-07-02 05:42:23,45
CARO ,2018-07-02 06:42:23,45
CARO ,2018-07-02 07:42:22,45
CARO ,2018-07-02 08:42:23,45
CARO ,2018-07-02 09:42:23,45
CARO ,2018-07-02 10:42:21,45
CARO ,2018-07-02 11:42:21,45
CARO ,2018-07-02 12:42:22,45
CARO ,2018-07-02 13:42:23,45
CARO ,2018-07-02 14:42:22,45
CARO ,2018-07-02 15:42:23,45
CARO ,2018-07-02 16:42:23,45
CARO ,2018-07-02 17:42:23,45
CARO ,2018-07-02 18:42:22,45
CARO ,2018-07-02 19:42:24,45
CARO ,2018-07-02 20:42:22,45
CARO ,2018-07-02 21:42:22,45
CARO ,2018-07-02 22:42:23,45
CARO ,2018-07-02 23:42:23,45
CARO ,2018-07-03 00:42:22,45
CARO ,2018-07-03 01:42:22,45
CARO ,2018-07-03 02:42:22,45
CARO ,2018-07-03 03:42:22,45
CARO ,2018-07-03 04:42:22,45
CARO ,2018-07-03 05:42:22,45
CARO ,2018-07-03 06:42:21,45
CARO ,2018-07-03 07:42:22,45
CARO ,2018-07-03 08:42:22,45
CARO ,2018-07-03 09:42:22,45
CARO ,2018-07-03 10:42:21,45
CARO ,2018-07-03 11:42:21,45
CARO ,2018-07-03 12:42:22,45
CARO ,2018-07-03 13:42:23,45
CARO ,2018-07-03 14:42:22,44
CARO ,2018-07-03 15:42:22,44
CARO ,2018-07-03 16:42:22,44
CARO ,2018-07-03 17:42:22,44
CARO ,2018-07-03 18:42:21,44
CARO ,2018-07-03 19:42:25,44
CARO ,2018-07-03 20:42:22,44
CARO ,2018-07-03 21:42:21,44
CARO ,2018-07-03 22:42:22,44
CARO ,2018-07-03 23:42:21,44
CARO ,2018-07-04 00:42:22,44
CARO ,2018-07-04 01:42:23,44
CARO ,2018-07-04 02:42:23,44
CARO ,2018-07-04 03:42:22,44
CARO ,2018-07-04 04:42:21,44
CARO ,2018-07-04 05:42:21,44
CARO ,2018-07-04 06:42:22,44
CARO ,2018-07-04 07:42:22,44
CARO ,2018-07-04 08:42:22,44
CARO ,2018-07-04 09:42:22,44
CARO ,2018-07-04 10:42:22,44
CARO ,2018-07-04 11:42:21,44
CARO ,2018-07-04 12:42:21,44
CARO ,2018-07-04 13:42:23,44
CARO ,2018-07-04 14:42:22,44
CARO ,2018-07-04 15:42:21,44
CARO ,2018-07-04 16:42:22,44
CARO ,2018-07-04 17:42:22,44
CARO ,2018-07-04 18:42:22,44
CARO ,2018-07-04 19:42:22,44
CARO ,2018-07-04 20:42:23,44
CARO ,2018-07-04 21:42:22,44
CARO ,2018-07-04 22:42:21,44
CARO ,2018-07-04 23:42:22,44
CARO ,2018-07-05 00:42:21,44
CARO ,2018-07-05 01:42:22,44
CARO ,2018-07-05 02:42:22,44
CARO ,2018-07-05 03:42:22,44
CARO ,2018-07-05 04:42:22,44
CARO ,2018-07-05 05:42:21,44
CARO ,2018-07-05 06:42:21,44
CARO ,2018-07-05 07:42:22,44
CARO ,2018-07-05 08:42:22,44
CARO ,2018-07-05 09:42:22,44
CARO ,2018-07-05 10:42:22,44
CARO ,2018-07-05 11:42:22,44
CARO ,2018-07-05 12:42:22,44
CARO ,2018-07-05 13:42:23,44
CARO ,2018-07-05 14:42:22,44
CARO ,2018-07-05 15:42:22,44
CARO ,2018-07-05 16:42:22,44
CARO ,2018-07-05 17:42:24,44
CARO ,2018-07-05 18:42:21,44
CARO ,2018-07-05 19:42:26,44
CARO ,2018-07-05 20:42:21,44
CARO ,2018-07-05 21:42:23,44
CARO ,2018-07-05 22:42:22,44
CARO ,2018-07-05 23:42:22,44
CARO ,2018-07-06 00:42:22,44
CARO ,2018-07-06 01:42:22,44
CARO ,2018-07-06 02:42:22,44
CARO ,2018-07-06 03:42:22,44
CARO ,2018-07-06 04:42:22,44
CARO ,2018-07-06 05:42:21,44
CARO ,2018-07-06 06:42:21,44
CARO ,2018-07-06 07:42:22,44
CARO ,2018-07-06 08:42:22,44
CARO ,2018-07-06 09:42:22,44
CARO ,2018-07-06 10:42:23,44
CARO ,2018-07-06 11:42:25,44
CARO ,2018-07-06 12:42:22,44
CARO ,2018-07-06 13:42:24,44
CARO ,2018-07-06 14:42:23,44
CARO ,2018-07-06 15:42:23,44
CARO ,2018-07-06 16:42:23,44
CARO ,2018-07-06 17:42:23,44
CARO ,2018-07-06 18:42:21,44
CARO ,2018-07-06 19:42:27,43
CARO ,2018-07-06 20:42:23,43
CARO ,2018-07-06 21:42:22,43
CARO ,2018-07-06 22:42:22,43
CARO ,2018-07-06 23:42:22,43
CARO ,2018-07-07 00:42:22,43
CARO ,2018-07-07 01:42:21,43
CARO ,2018-07-07 02:42:23,43
CARO ,2018-07-07 03:42:22,43
CARO ,2018-07-07 04:42:23,43
CARO ,2018-07-07 05:42:21,43
CARO ,2018-07-07 06:42:22,43
CARO ,2018-07-07 07:42:22,43
CARO ,2018-07-07 08:42:22,43
CARO ,2018-07-07 09:42:22,43
CARO ,2018-07-07 10:42:22,43
CARO ,2018-07-07 11:42:22,43
CARO ,2018-07-07 12:42:22,43
CARO ,2018-07-07 13:42:22,43
CARO ,2018-07-07 14:42:23,43
CARO ,2018-07-07 15:42:22,43
CARO ,2018-07-07 16:42:23,43
CARO ,2018-07-07 17:42:23,43
CARO ,2018-07-07 18:42:23,43
CARO ,2018-07-07 19:42:26,43
CARO ,2018-07-07 20:42:22,43
CARO ,2018-07-07 21:42:21,43
CARO ,2018-07-07 22:42:23,43
CARO ,2018-07-07 23:42:22,43
CARO ,2018-07-08 00:42:23,43
CARO ,2018-07-08 01:42:23,43
CARO ,2018-07-08 02:42:23,43
CARO ,2018-07-08 03:42:23,43
CARO ,2018-07-08 04:42:23,43
CARO ,2018-07-08 05:42:23,43
CARO ,2018-07-08 06:42:23,43
CARO ,2018-07-08 07:42:22,43
CARO ,2018-07-08 08:42:22,43
CARO ,2018-07-08 09:42:22,43
CARO ,2018-07-08 10:42:21,43
CARO ,2018-07-08 11:42:22,43
CARO ,2018-07-08 12:42:23,43
CARO ,2018-07-08 13:42:22,43
CARO ,2018-07-08 14:42:22,43
CARO ,2018-07-08 15:42:22,43
CARO ,2018-07-08 16:42:22,43
CARO ,2018-07-08 17:42:22,43
CARO ,2018-07-08 18:42:23,43
CARO ,2018-07-08 19:42:29,43
CARO ,2018-07-08 20:42:23,43
CARO ,2018-07-08 21:42:22,43
CARO ,2018-07-08 22:42:22,43
CARO ,2018-07-08 23:42:22,43
CARO ,2018-07-09 00:42:22,43
CARO ,2018-07-09 01:42:23,43
CARO ,2018-07-09 02:42:23,43
CARO ,2018-07-09 03:42:24,43
CARO ,2018-07-09 04:42:22,43
CARO ,2018-07-09 05:42:23,43
CARO ,2018-07-09 06:42:21,43
CARO ,2018-07-09 07:42:22,43
CARO ,2018-07-09 08:42:23,43
CARO ,2018-07-09 09:42:22,43
CARO ,2018-07-09 10:42:23,43
CARO ,2018-07-09 11:42:21,43
CARO ,2018-07-09 12:42:22,43
CARO ,2018-07-09 13:42:26,43
CARO ,2018-07-09 14:42:22,43
CARO ,2018-07-09 15:42:23,43
CARO ,2018-07-09 16:42:22,43
CARO ,2018-07-09 17:42:23,43
CARO ,2018-07-09 18:42:24,43
CARO ,2018-07-09 19:42:40,43
CARO ,2018-07-09 20:42:22,43
CARO ,2018-07-09 21:42:22,43
CARO ,2018-07-09 22:42:23,43
CARO ,2018-07-09 23:42:22,43
CARO ,2018-07-10 00:42:22,43
CARO ,2018-07-10 01:42:24,43
CARO ,2018-07-10 02:42:22,43
CARO ,2018-07-10 03:42:23,43
CARO ,2018-07-10 04:42:23,43
CARO ,2018-07-10 05:42:23,43
CARO ,2018-07-10 06:42:22,43
CARO ,2018-07-10 07:42:22,43
CARO ,2018-07-10 08:42:22,43
CARO ,2018-07-10 09:42:22,43
CARO ,2018-07-10 10:42:22,43
CARO ,2018-07-10 11:42:22,43
CARO ,2018-07-10 12:42:21,43
CARO ,2018-07-10 13:42:27,43
CARO ,2018-07-10 14:42:25,43
CARO ,2018-07-10 15:42:23,43
CARO ,2018-07-10 16:42:23,43
CARO ,2018-07-10 17:42:23,43
CARO ,2018-07-10 18:42:22,43
CARO ,2018-07-10 19:42:28,43
CARO ,2018-07-10 20:42:22,44
CARO ,2018-07-10 21:42:22,44
CARO ,2018-07-10 22:42:26,44
CARO ,2018-07-10 23:42:23,44
CARO ,2018-07-11 00:42:23,44
CARO ,2018-07-11 01:42:24,44
CARO ,2018-07-11 02:42:23,44
CARO ,2018-07-11 03:42:23,44
CARO ,2018-07-11 04:42:23,44
CARO ,2018-07-11 05:42:23,44
CARO ,2018-07-11 06:42:23,44
CARO ,2018-07-11 07:42:22,44
CARO ,2018-07-11 08:42:23,44
CARO ,2018-07-11 09:42:23,44
CARO ,2018-07-11 10:42:22,44
CARO ,2018-07-11 11:42:22,44
CARO ,2018-07-11 12:42:22,44
CARO ,2018-07-11 13:42:24,44
CARO ,2018-07-11 14:42:24,44
CARO ,2018-07-11 15:42:23,44
CARO ,2018-07-11 16:42:22,44
CARO ,2018-07-11 17:42:22,43
CARO ,2018-07-11 18:42:22,43
CARO ,2018-07-11 19:42:25,43
CARO ,2018-07-11 20:42:22,43
CARO ,2018-07-11 21:42:22,43
CARO ,2018-07-11 22:42:22,43
CARO ,2018-07-11 23:42:23,43
CARO ,2018-07-12 00:42:23,43
CARO ,2018-07-12 01:42:22,43
CARO ,2018-07-12 02:42:23,43
CARO ,2018-07-12 03:42:23,43
CARO ,2018-07-12 04:42:23,43
CARO ,2018-07-12 05:42:23,43
CARO ,2018-07-12 06:42:23,43
CARO ,2018-07-12 07:42:23,43
CARO ,2018-07-12 08:42:23,43
CARO ,2018-07-12 09:42:23,43
CARO ,2018-07-12 10:42:21,43
CARO ,2018-07-12 11:42:22,43
CARO ,2018-07-12 12:42:22,43
CARO ,2018-07-12 13:42:25,43
CARO ,2018-07-12 14:42:24,43
CARO ,2018-07-12 15:42:24,43
CARO ,2018-07-12 16:42:26,43
CARO ,2018-07-12 17:42:23,43
CARO ,2018-07-12 18:42:24,43
CARO ,2018-07-12 19:42:34,43
CARO ,2018-07-12 20:42:22,43
CARO ,2018-07-12 21:42:22,43
CARO ,2018-07-12 22:42:23,43
CARO ,2018-07-12 23:42:23,43
CARO ,2018-07-13 00:42:23,43
CARO ,2018-07-13 01:42:23,43
CARO ,2018-07-13 02:42:23,43
CARO ,2018-07-13 03:42:23,43
CARO ,2018-07-13 04:42:23,43
CARO ,2018-07-13 05:42:23,43
CARO ,2018-07-13 06:42:23,43
CARO ,2018-07-13 07:42:22,43
CARO ,2018-07-13 08:42:23,43
CARO ,2018-07-13 09:42:22,43
CARO ,2018-07-13 10:42:21,43
CARO ,2018-07-13 11:42:22,43
CARO ,2018-07-13 12:42:23,43
CARO ,2018-07-13 13:42:27,43
CARO ,2018-07-13 14:42:25,43
CARO ,2018-07-13 15:42:25,44
CARO ,2018-07-13 16:42:24,44
CARO ,2018-07-13 17:42:24,44
CARO ,2018-07-13 18:42:24,44
CARO ,2018-07-13 19:42:25,44
CARO ,2018-07-13 20:42:23,45
CARO ,2018-07-13 21:42:22,45
CARO ,2018-07-13 22:42:23,45
CARO ,2018-07-13 23:42:24,45
CARO ,2018-07-14 00:42:24,45
CARO ,2018-07-14 01:42:23,45
CARO ,2018-07-14 02:42:23,45
CARO ,2018-07-14 03:42:24,45
CARO ,2018-07-14 04:42:23,45
CARO ,2018-07-14 05:42:23,45
CARO ,2018-07-14 06:42:23,45
CARO ,2018-07-14 07:42:23,45
CARO ,2018-07-14 08:42:23,45
CARO ,2018-07-14 09:42:23,45
CARO ,2018-07-14 10:42:24,45
CARO ,2018-07-14 11:42:24,45
CARO ,2018-07-14 12:42:24,45
CARO ,2018-07-14 13:42:24,45
CARO ,2018-07-14 14:42:24,45
CARO ,2018-07-14 15:42:23,45
CARO ,2018-07-14 16:42:24,45
CARO ,2018-07-14 17:42:23,45
CARO ,2018-07-14 18:42:24,45
CARO ,2018-07-14 19:42:26,45
CARO ,2018-07-14 20:42:24,45
CARO ,2018-07-14 21:42:23,45
CARO ,2018-07-14 22:42:24,45
CARO ,2018-07-14 23:42:23,45
CARO ,2018-07-15 00:42:23,45
CARO ,2018-07-15 01:42:23,45
CARO ,2018-07-15 02:42:24,45
CARO ,2018-07-15 03:42:23,45
CARO ,2018-07-15 04:42:23,45
CARO ,2018-07-15 05:42:23,45
CARO ,2018-07-15 06:42:24,45
CARO ,2018-07-15 07:42:23,45
CARO ,2018-07-15 08:42:23,45
CARO ,2018-07-15 09:42:23,45
CARO ,2018-07-15 10:42:23,45
CARO ,2018-07-15 11:42:23,45
CARO ,2018-07-15 12:42:23,45
CARO ,2018-07-15 13:42:23,45
CARO ,2018-07-15 14:42:22,45
CARO ,2018-07-15 15:42:24,45
CARO ,2018-07-15 16:42:24,45
CARO ,2018-07-15 17:42:23,45
CARO ,2018-07-15 18:42:23,45
CARO ,2018-07-15 19:42:30,45
CARO ,2018-07-15 20:42:24,45
CARO ,2018-07-15 21:42:27,45
CARO ,2018-07-15 22:42:24,45
CARO ,2018-07-15 23:42:24,45
CARO ,2018-07-16 00:42:23,45
CARO ,2018-07-16 01:42:23,45
CARO ,2018-07-16 02:42:24,45
CARO ,2018-07-16 03:42:25,45
CARO ,2018-07-16 04:42:24,45
CARO ,2018-07-16 05:42:23,45
CARO ,2018-07-16 06:42:24,45
CARO ,2018-07-16 07:42:25,45
CARO ,2018-07-16 08:42:25,45
CARO ,2018-07-16 09:42:22,45
CARO ,2018-07-16 10:42:23,45
CARO ,2018-07-16 11:42:23,45
CARO ,2018-07-16 12:42:22,45
CARO ,2018-07-16 13:42:30,45
CARO ,2018-07-16 14:42:24,45
CARO ,2018-07-16 15:42:25,45
CARO ,2018-07-16 16:42:24,45
CARO ,2018-07-16 17:42:25,45
CARO ,2018-07-16 18:42:24,44
CARO ,2018-07-16 19:42:47,44
CARO ,2018-07-16 20:42:24,44
CARO ,2018-07-16 21:42:24,44
CARO ,2018-07-16 22:42:23,44
CARO ,2018-07-16 23:42:24,44
CARO ,2018-07-17 00:42:33,44
CARO ,2018-07-17 01:42:24,44
CARO ,2018-07-17 02:42:24,44
CARO ,2018-07-17 03:42:23,44
CARO ,2018-07-17 04:42:24,44
CARO ,2018-07-17 05:42:24,44
CARO ,2018-07-17 06:42:24,44
CARO ,2018-07-17 07:42:30,44
CARO ,2018-07-17 08:42:23,44
CARO ,2018-07-17 09:42:23,44
CARO ,2018-07-17 10:42:24,44
CARO ,2018-07-17 11:42:23,44
CARO ,2018-07-17 12:42:24,44
CARO ,2018-07-17 13:42:26,44
CARO ,2018-07-17 14:42:24,44
CARO ,2018-07-17 15:42:24,44
CARO ,2018-07-17 16:42:24,45
CARO ,2018-07-17 17:42:24,45
CARO ,2018-07-17 18:42:25,45
CARO ,2018-07-17 19:42:36,45
CARO ,2018-07-17 20:42:24,46
CARO ,2018-07-17 21:42:23,46
CARO ,2018-07-17 22:42:23,46
CARO ,2018-07-17 23:42:27,46
CARO ,2018-07-18 00:42:28,46
CARO ,2018-07-18 01:42:27,46
CARO ,2018-07-18 02:42:35,46
CARO ,2018-07-18 03:42:28,46
CARO ,2018-07-18 04:42:27,46
CARO ,2018-07-18 05:42:29,46
CARO ,2018-07-18 06:42:27,46
CARO ,2018-07-18 07:42:26,46
CARO ,2018-07-18 08:42:31,46
CARO ,2018-07-18 09:42:27,46
CARO ,2018-07-18 10:42:27,46
CARO ,2018-07-18 11:42:27,46
CARO ,2018-07-18 12:42:26,46
CARO ,2018-07-18 13:42:29,46
CARO ,2018-07-18 14:42:29,46
CARO ,2018-07-18 15:42:27,46
CARO ,2018-07-18 16:42:28,46
CARO ,2018-07-18 17:42:29,46
CARO ,2018-07-18 18:42:28,46
CARO ,2018-07-18 19:42:36,46
CARO ,2018-07-18 20:42:27,46
CARO ,2018-07-18 21:42:27,46
CARO ,2018-07-18 22:42:28,46
CARO ,2018-07-18 23:42:27,46
CARO ,2018-07-19 00:42:28,46
CARO ,2018-07-19 01:42:28,46
CARO ,2018-07-19 02:42:28,46
CARO ,2018-07-19 03:42:30,46
CARO ,2018-07-19 04:42:32,46
CARO ,2018-07-19 05:42:30,46
CARO ,2018-07-19 06:42:30,46
CARO ,2018-07-19 07:42:36,46
CARO ,2018-07-19 08:42:28,46
CARO ,2018-07-19 09:42:28,46
CARO ,2018-07-19 10:42:28,46
CARO ,2018-07-19 11:42:28,46
CARO ,2018-07-19 12:42:27,46
CARO ,2018-07-19 13:42:30,46
CARO ,2018-07-19 14:42:29,46
CARO ,2018-07-19 15:42:28,46
CARO ,2018-07-19 16:42:29,46
CARO ,2018-07-19 17:42:29,46
CARO ,2018-07-19 18:42:29,46
CARO ,2018-07-19 19:42:31,46
CARO ,2018-07-19 20:42:29,46
CARO ,2018-07-19 21:42:28,46
CARO ,2018-07-19 22:42:29,46
CARO ,2018-07-19 23:42:30,46
CARO ,2018-07-20 00:42:28,46
CARO ,2018-07-20 01:42:28,46
CARO ,2018-07-20 02:42:29,46
CARO ,2018-07-20 03:42:31,46
CARO ,2018-07-20 04:42:32,46
CARO ,2018-07-20 05:42:31,46
CARO ,2018-07-20 06:42:30,46
CARO ,2018-07-20 07:42:30,46
CARO ,2018-07-20 08:42:28,46
CARO ,2018-07-20 09:42:39,46
CARO ,2018-07-20 10:42:27,46
CARO ,2018-07-20 11:42:27,46
CARO ,2018-07-20 12:42:26,46
CARO ,2018-07-20 14:06:02,46
CARO ,2018-07-20 14:42:29,46
CARO ,2018-07-20 15:42:30,48
CARO ,2018-07-20 16:42:29,47
CARO ,2018-07-20 17:42:28,47
CARO ,2018-07-20 18:42:30,47
CARO ,2018-07-20 19:42:37,47
CARO ,2018-07-20 20:42:28,47
CARO ,2018-07-20 21:42:28,47
CARO ,2018-07-20 22:42:27,47
CARO ,2018-07-20 23:42:29,47
CARO ,2018-07-21 00:42:28,47
CARO ,2018-07-21 01:42:29,47
CARO ,2018-07-21 02:42:30,47
CARO ,2018-07-21 03:42:34,47
CARO ,2018-07-21 04:42:28,47
CARO ,2018-07-21 05:42:27,47
CARO ,2018-07-21 06:42:28,47
CARO ,2018-07-21 07:42:27,47
CARO ,2018-07-21 08:42:27,47
CARO ,2018-07-21 09:42:29,47
CARO ,2018-07-21 10:42:28,47
CARO ,2018-07-21 11:42:27,47
CARO ,2018-07-21 12:42:27,47
CARO ,2018-07-21 13:42:28,47
CARO ,2018-07-21 14:42:28,47
CARO ,2018-07-21 15:42:28,47
CARO ,2018-07-21 16:42:29,47
CARO ,2018-07-21 17:42:28,47
CARO ,2018-07-21 18:42:28,47
CARO ,2018-07-21 19:42:32,47
CARO ,2018-07-21 20:42:27,47
CARO ,2018-07-21 21:42:27,47
CARO ,2018-07-21 22:42:27,47
CARO ,2018-07-21 23:42:28,47
CARO ,2018-07-22 00:42:28,47
CARO ,2018-07-22 01:42:27,47
CARO ,2018-07-22 02:42:28,47
CARO ,2018-07-22 03:42:29,47
CARO ,2018-07-22 04:42:28,47
CARO ,2018-07-22 05:42:28,47
CARO ,2018-07-22 06:42:38,47
CARO ,2018-07-22 07:42:33,47
CARO ,2018-07-22 08:42:28,47
CARO ,2018-07-22 09:42:27,47
CARO ,2018-07-22 10:42:27,47
CARO ,2018-07-22 11:42:27,47
CARO ,2018-07-22 12:42:29,47
CARO ,2018-07-22 13:42:28,47
CARO ,2018-07-22 14:42:29,47
CARO ,2018-07-22 15:42:28,47
CARO ,2018-07-22 16:42:28,47
CARO ,2018-07-22 17:42:27,47
CARO ,2018-07-22 18:42:28,47
CARO ,2018-07-22 19:42:33,47
CARO ,2018-07-22 20:42:28,47
CARO ,2018-07-22 21:42:28,47
CARO ,2018-07-22 22:42:28,47
CARO ,2018-07-22 23:42:27,47
CARO ,2018-07-23 00:42:28,47
CARO ,2018-07-23 01:42:27,47
CARO ,2018-07-23 02:42:28,47
CARO ,2018-07-23 03:42:28,47
CARO ,2018-07-23 04:42:27,47
CARO ,2018-07-23 05:42:26,47
CARO ,2018-07-23 06:42:27,47
CARO ,2018-07-23 07:42:28,47
CARO ,2018-07-23 08:42:30,47
CARO ,2018-07-23 09:42:29,47
CARO ,2018-07-23 23:42:37,47
CARO ,2018-07-24 00:42:28,47
CARO ,2018-07-24 01:42:28,47
CARO ,2018-07-24 02:42:29,47
CARO ,2018-07-24 03:42:28,47
CARO ,2018-07-24 04:42:27,47
CARO ,2018-07-24 05:42:27,47
CARO ,2018-07-24 06:42:28,47
CARO ,2018-07-24 07:42:27,47
CARO ,2018-07-24 08:42:27,47
CARO ,2018-07-24 09:42:27,47
CARO ,2018-07-24 10:42:27,47
CARO ,2018-07-24 11:42:27,47
CARO ,2018-07-24 12:42:28,47
CARO ,2018-07-24 13:42:37,47
CARO ,2018-07-24 14:42:28,47
CARO ,2018-07-24 15:42:28,46
CARO ,2018-07-24 16:42:29,45
CARO ,2018-07-24 17:42:28,45
CARO ,2018-07-24 18:42:28,45
CARO ,2018-07-24 19:42:28,45
CARO ,2018-07-24 20:42:27,45
CARO ,2018-07-24 21:42:27,45
CARO ,2018-07-24 22:42:27,45
CARO ,2018-07-24 23:42:27,45
CARO ,2018-07-25 00:42:28,45
CARO ,2018-07-25 01:42:27,45
CARO ,2018-07-25 02:42:27,45
CARO ,2018-07-25 03:42:28,45
CARO ,2018-07-25 04:42:28,45
CARO ,2018-07-25 05:42:27,45
CARO ,2018-07-25 06:42:28,45
CARO ,2018-07-25 07:42:27,45
CARO ,2018-07-25 08:42:28,45
CARO ,2018-07-25 09:42:28,45
CARO ,2018-07-25 10:42:27,45
CARO ,2018-07-25 11:42:27,45
CARO ,2018-07-25 12:42:28,45
CARO ,2018-07-25 13:42:33,45
CARO ,2018-07-25 14:42:30,45
CARO ,2018-07-25 15:42:30,45
CARO ,2018-07-25 16:42:30,45
CARO ,2018-07-25 17:42:36,45
CARO ,2018-07-25 18:42:30,45
CARO ,2018-07-25 19:42:30,45
CARO ,2018-07-25 20:42:30,45
CARO ,2018-07-25 21:42:30,45
CARO ,2018-07-25 22:42:29,45
CARO ,2018-07-25 23:42:29,45
CARO ,2018-07-26 00:42:28,45
CARO ,2018-07-26 01:42:29,45
CARO ,2018-07-26 02:42:30,45
CARO ,2018-07-26 03:42:30,45
CARO ,2018-07-26 04:42:30,45
CARO ,2018-07-26 05:42:29,45
CARO ,2018-07-26 06:42:29,45
CARO ,2018-07-26 07:42:29,45
CARO ,2018-07-26 08:42:28,45
CARO ,2018-07-26 09:42:29,45
CARO ,2018-07-26 10:42:29,45
CARO ,2018-07-26 11:42:28,45
CARO ,2018-07-26 12:42:29,45
CARO ,2018-07-26 14:42:31,45
CARO ,2018-07-26 15:42:30,45
CARO ,2018-07-26 16:42:30,45
CARO ,2018-07-26 17:42:30,45
CARO ,2018-07-26 18:42:30,45
CARO ,2018-07-26 19:42:30,45
CARO ,2018-07-26 20:42:29,45
CARO ,2018-07-26 21:42:28,45
CARO ,2018-07-26 22:42:28,45
CARO ,2018-07-26 23:42:29,45
CARO ,2018-07-27 00:42:29,45
CARO ,2018-07-27 01:42:30,45
CARO ,2018-07-27 02:42:28,45
CARO ,2018-07-27 03:42:29,45
CARO ,2018-07-27 04:42:30,45
CARO ,2018-07-27 05:42:29,45
CARO ,2018-07-27 06:42:29,45
CARO ,2018-07-27 07:42:29,45
CARO ,2018-07-27 08:42:28,45
CARO ,2018-07-27 09:42:28,45
CARO ,2018-07-27 10:42:29,45
CARO ,2018-07-27 11:42:28,45
CARO ,2018-07-27 12:42:29,45
CARO ,2018-07-27 13:42:34,45
CARO ,2018-07-27 14:42:30,45
CARO ,2018-07-27 15:42:29,45
CARO ,2018-07-27 16:42:29,45
CARO ,2018-07-27 17:42:29,45
CARO ,2018-07-27 18:42:29,45
CARO ,2018-07-27 19:42:29,45
CARO ,2018-07-27 20:42:29,46
CARO ,2018-07-27 21:42:29,46
CARO ,2018-07-27 22:42:28,46
CARO ,2018-07-27 23:42:29,46
CARO ,2018-07-28 00:42:29,46
CARO ,2018-07-28 01:42:29,46
CARO ,2018-07-28 02:42:29,46
CARO ,2018-07-28 03:42:29,46
CARO ,2018-07-28 04:42:28,46
CARO ,2018-07-28 05:42:29,46
CARO ,2018-07-28 06:42:29,46
CARO ,2018-07-28 07:42:28,46
CARO ,2018-07-28 08:42:28,46
CARO ,2018-07-28 09:42:29,46
CARO ,2018-07-28 10:42:28,46
CARO ,2018-07-28 11:42:28,46
CARO ,2018-07-28 12:42:28,46
CARO ,2018-07-28 13:42:28,46
CARO ,2018-07-28 14:42:28,46
CARO ,2018-07-28 15:42:29,46
CARO ,2018-07-28 16:42:29,46
CARO ,2018-07-28 17:42:29,46
CARO ,2018-07-28 18:42:29,46
CARO ,2018-07-28 19:42:40,46
CARO ,2018-07-28 20:42:34,46
CARO ,2018-07-28 21:42:29,46
CARO ,2018-07-28 22:42:29,46
CARO ,2018-07-28 23:42:29,46
CARO ,2018-07-29 00:42:28,46
CARO ,2018-07-29 01:42:30,46
CARO ,2018-07-29 02:42:29,46
CARO ,2018-07-29 03:42:28,46
CARO ,2018-07-29 04:42:29,46
CARO ,2018-07-29 05:42:30,46
CARO ,2018-07-29 06:42:29,46
CARO ,2018-07-29 07:42:28,46
CARO ,2018-07-29 08:42:28,46
CARO ,2018-07-29 09:42:29,46
CARO ,2018-07-29 10:42:28,46
CARO ,2018-07-29 11:42:28,46
CARO ,2018-07-29 12:42:29,46
CARO ,2018-07-29 13:42:29,46
CARO ,2018-07-29 14:42:29,46
CARO ,2018-07-29 15:42:28,46
CARO ,2018-07-29 16:42:30,46
CARO ,2018-07-29 17:42:29,46
CARO ,2018-07-29 18:42:28,46
CARO ,2018-07-29 19:42:29,46
CARO ,2018-07-29 20:42:29,46
CARO ,2018-07-29 21:42:29,46
CARO ,2018-07-29 22:42:30,46
CARO ,2018-07-29 23:42:29,46
CARO ,2018-07-30 00:42:28,46
CARO ,2018-07-30 01:42:29,46
CARO ,2018-07-30 02:42:28,46
CARO ,2018-07-30 03:42:29,46
CARO ,2018-07-30 04:42:29,46
CARO ,2018-07-30 05:42:29,46
CARO ,2018-07-30 06:42:28,46
CARO ,2018-07-30 07:42:28,46
CARO ,2018-07-30 08:42:29,46
CARO ,2018-07-30 09:42:29,46
CARO ,2018-07-30 10:42:28,46
CARO ,2018-07-30 11:42:29,46
CARO ,2018-07-30 12:42:29,46
CARO ,2018-07-30 13:42:34,46
CARO ,2018-07-30 14:42:31,46
CARO ,2018-07-30 15:42:29,45
CARO ,2018-07-30 16:42:30,45
CARO ,2018-07-30 17:42:30,45
CARO ,2018-07-30 18:42:28,45
CARO ,2018-07-30 19:42:31,45
CARO ,2018-07-30 20:42:28,45
CARO ,2018-07-30 21:42:29,45
CARO ,2018-07-30 22:42:29,45
CARO ,2018-07-30 23:42:28,45
CARO ,2018-07-31 00:42:30,45
CARO ,2018-07-31 01:42:29,45
CARO ,2018-07-31 02:42:29,45
CARO ,2018-07-31 03:42:29,45
CARO ,2018-07-31 04:42:28,45
CARO ,2018-07-31 05:42:29,45
CARO ,2018-07-31 06:42:29,45
CARO ,2018-07-31 07:42:29,45
CARO ,2018-07-31 08:42:45,45
CARO ,2018-07-31 09:49:25,45
CARO ,2018-07-31 10:42:29,45
CARO ,2018-07-31 11:42:28,45
CARO ,2018-07-31 12:42:29,45
CARO ,2018-07-31 13:42:34,45
CARO ,2018-07-31 14:42:30,45
CARO ,2018-07-31 15:42:30,45
CARO ,2018-07-31 16:42:29,45
CARO ,2018-07-31 17:42:29,45
CARO ,2018-07-31 18:42:29,45
CARO ,2018-07-31 19:42:30,45
CARO ,2018-07-31 20:42:30,45
CARO ,2018-07-31 21:42:28,45
CARO ,2018-07-31 22:42:29,45
CARO ,2018-07-31 23:42:29,45
CARO ,2018-08-01 00:42:30,45
CARO ,2018-08-01 01:42:29,45
CARO ,2018-08-01 02:42:28,45
CARO ,2018-08-01 03:42:29,45
CARO ,2018-08-01 04:42:29,45
CARO ,2018-08-01 05:42:29,45
CARO ,2018-08-01 06:42:29,45
CARO ,2018-08-01 07:42:29,45
CARO ,2018-08-01 08:42:29,45
CARO ,2018-08-01 09:42:28,45
CARO ,2018-08-01 10:42:28,45
CARO ,2018-08-01 11:42:29,45
CARO ,2018-08-01 12:42:29,45
CARO ,2018-08-01 14:07:36,45
CARO ,2018-08-01 14:42:30,45
CARO ,2018-08-01 15:42:32,45
CARO ,2018-08-01 16:42:31,45
CARO ,2018-08-01 17:42:31,45
CARO ,2018-08-01 18:42:30,45
CARO ,2018-08-01 19:42:31,45
CARO ,2018-08-01 20:42:29,45
CARO ,2018-08-01 21:42:30,45
CARO ,2018-08-01 22:42:29,45
CARO ,2018-08-01 23:42:29,45
CARO ,2018-08-02 00:42:31,45
CARO ,2018-08-02 01:42:30,45
CARO ,2018-08-02 02:42:30,45
CARO ,2018-08-02 03:42:30,45
CARO ,2018-08-02 04:42:31,45
CARO ,2018-08-02 05:42:30,45
CARO ,2018-08-02 06:42:29,45
CARO ,2018-08-02 07:42:29,45
CARO ,2018-08-02 08:42:29,45
CARO ,2018-08-02 09:42:30,45
CARO ,2018-08-02 10:42:30,45
CARO ,2018-08-02 11:42:29,45
CARO ,2018-08-02 12:42:30,45
CARO ,2018-08-02 13:42:32,45
CARO ,2018-08-02 14:42:31,44
CARO ,2018-08-02 15:42:32,44
CARO ,2018-08-02 16:42:30,44
CARO ,2018-08-02 17:42:31,44
CARO ,2018-08-02 18:42:30,44
CARO ,2018-08-02 19:42:31,44
CARO ,2018-08-02 20:42:30,44
CARO ,2018-08-02 21:42:30,44
CARO ,2018-08-02 22:42:29,44
CARO ,2018-08-02 23:42:30,44
CARO ,2018-08-03 00:42:30,44
CARO ,2018-08-03 01:42:31,44
CARO ,2018-08-03 02:42:30,44
CARO ,2018-08-03 03:42:30,44
CARO ,2018-08-03 04:42:30,44
CARO ,2018-08-03 05:42:30,44
CARO ,2018-08-03 06:42:31,44
CARO ,2018-08-03 07:42:29,44
CARO ,2018-08-03 08:42:30,44
CARO ,2018-08-03 09:42:30,44
CARO ,2018-08-03 10:42:30,44
CARO ,2018-08-03 11:44:31,44
CARO ,2018-08-03 13:07:29,44
CARO ,2018-08-03 13:42:32,44
CARO ,2018-08-03 14:42:30,45
CARO ,2018-08-03 15:42:30,45
CARO ,2018-08-03 16:42:31,45
CARO ,2018-08-03 17:42:30,45
CARO ,2018-08-03 18:42:30,45
CARO ,2018-08-03 19:42:30,45
CARO ,2018-08-03 20:42:30,45
CARO ,2018-08-03 21:42:29,45
CARO ,2018-08-03 22:42:29,45
CARO ,2018-08-03 23:42:30,45
CARO ,2018-08-04 00:42:29,45
CARO ,2018-08-04 01:42:29,45
CARO ,2018-08-04 02:42:30,45
CARO ,2018-08-04 03:42:30,45
CARO ,2018-08-04 04:42:29,45
CARO ,2018-08-04 05:42:30,45
CARO ,2018-08-04 06:42:30,45
CARO ,2018-08-04 07:42:30,45
CARO ,2018-08-04 08:42:30,45
CARO ,2018-08-04 09:42:30,45
CARO ,2018-08-04 10:42:30,45
CARO ,2018-08-04 11:42:30,45
CARO ,2018-08-04 12:42:29,45
CARO ,2018-08-04 13:42:31,45
CARO ,2018-08-04 14:42:29,45
CARO ,2018-08-04 15:42:30,45
CARO ,2018-08-04 16:42:30,45
CARO ,2018-08-04 17:42:30,45
CARO ,2018-08-04 18:42:30,45
CARO ,2018-08-04 19:42:30,45
CARO ,2018-08-04 20:42:30,45
CARO ,2018-08-04 21:42:29,45
CARO ,2018-08-04 22:42:29,45
CARO ,2018-08-04 23:42:30,45
CARO ,2018-08-05 00:42:29,45
CARO ,2018-08-05 01:42:29,45
CARO ,2018-08-05 02:42:30,45
CARO ,2018-08-05 03:42:30,45
CARO ,2018-08-05 04:42:29,45
CARO ,2018-08-05 05:42:29,45
CARO ,2018-08-05 06:42:30,45
CARO ,2018-08-05 07:42:29,45
CARO ,2018-08-05 08:42:30,45
CARO ,2018-08-05 09:42:29,45
CARO ,2018-08-05 10:42:30,45
CARO ,2018-08-05 11:42:29,45
CARO ,2018-08-05 12:42:30,45
CARO ,2018-08-05 13:42:29,45
CARO ,2018-08-05 14:42:29,45
CARO ,2018-08-05 15:42:30,45
CARO ,2018-08-05 16:42:30,45
CARO ,2018-08-05 17:42:29,45
CARO ,2018-08-05 18:42:30,45
CARO ,2018-08-05 19:42:30,45
CARO ,2018-08-05 20:42:30,45
CARO ,2018-08-05 21:42:30,45
CARO ,2018-08-05 22:42:29,45
CARO ,2018-08-05 23:42:30,45
CARO ,2018-08-06 00:42:30,45
CARO ,2018-08-06 01:42:29,45
CARO ,2018-08-06 02:42:29,45
CARO ,2018-08-06 03:42:29,45
CARO ,2018-08-06 04:42:29,45
CARO ,2018-08-06 05:42:29,45
CARO ,2018-08-06 06:42:29,45
CARO ,2018-08-06 07:42:30,45
CARO ,2018-08-06 08:42:30,45
CARO ,2018-08-06 09:42:30,45
CARO ,2018-08-06 10:42:30,45
CARO ,2018-08-06 11:42:29,45
CARO ,2018-08-06 12:42:30,45
CARO ,2018-08-06 13:42:32,45
CARO ,2018-08-06 14:42:31,45
CARO ,2018-08-06 15:42:30,45
CARO ,2018-08-06 16:42:49,45
CARO ,2018-08-06 17:42:31,45
CARO ,2018-08-06 18:42:31,45
CARO ,2018-08-06 19:42:31,45
CARO ,2018-08-06 20:42:30,45
CARO ,2018-08-06 21:42:32,45
CARO ,2018-08-06 22:42:30,45
CARO ,2018-08-06 23:42:30,45
CARO ,2018-08-07 00:42:30,45
CARO ,2018-08-07 01:42:30,45
CARO ,2018-08-07 02:42:31,45
CARO ,2018-08-07 03:42:32,45
CARO ,2018-08-07 04:42:31,45
CARO ,2018-08-07 05:42:30,45
CARO ,2018-08-07 06:42:30,45
CARO ,2018-08-07 07:42:30,45
CARO ,2018-08-07 08:42:30,45
CARO ,2018-08-07 09:42:29,45
CARO ,2018-08-07 10:42:29,45
CARO ,2018-08-07 11:42:30,45
CARO ,2018-08-07 12:42:30,45
CARO ,2018-08-07 13:42:35,45
CARO ,2018-08-07 14:42:31,46
CARO ,2018-08-07 15:42:31,46
CARO ,2018-08-07 16:42:30,46
CARO ,2018-08-07 17:42:31,46
CARO ,2018-08-07 18:42:31,46
CARO ,2018-08-07 19:42:32,46
CARO ,2018-08-07 20:42:30,46
CARO ,2018-08-07 21:42:31,46
CARO ,2018-08-07 22:42:30,46
CARO ,2018-08-07 23:42:30,46
CARO ,2018-08-08 00:42:30,46
CARO ,2018-08-08 01:42:32,46
CARO ,2018-08-08 02:42:31,46
CARO ,2018-08-08 03:42:31,46
CARO ,2018-08-08 04:42:29,46
CARO ,2018-08-08 05:42:31,46
CARO ,2018-08-08 06:42:30,46
CARO ,2018-08-08 07:42:31,46
CARO ,2018-08-08 08:42:31,46
CARO ,2018-08-08 09:42:31,46
CARO ,2018-08-08 10:42:31,46
CARO ,2018-08-08 11:42:31,46
CARO ,2018-08-08 12:42:31,46
CARO ,2018-08-08 13:42:32,46
CARO ,2018-08-08 14:42:31,46
CARO ,2018-08-08 15:42:32,46
CARO ,2018-08-08 16:42:31,46
CARO ,2018-08-08 17:42:30,46
CARO ,2018-08-08 18:42:30,46
CARO ,2018-08-08 19:42:31,46
CARO ,2018-08-08 20:42:30,46
CARO ,2018-08-08 21:42:30,46
CARO ,2018-08-08 22:42:30,46
CARO ,2018-08-08 23:42:30,46
CARO ,2018-08-10 00:20:47,46
CARO ,2018-08-10 00:42:34,46
CARO ,2018-08-10 01:42:34,46
CARO ,2018-08-10 02:42:34,46
CARO ,2018-08-10 03:42:31,46
CARO ,2018-08-10 04:42:34,46
CARO ,2018-08-10 05:42:37,46
CARO ,2018-08-10 06:42:34,46
CARO ,2018-08-10 07:42:35,46
CARO ,2018-08-10 08:42:36,46
CARO ,2018-08-10 09:42:35,46
CARO ,2018-08-10 10:42:35,46
CARO ,2018-08-10 11:42:35,46
CARO ,2018-08-10 12:42:34,46
CARO ,2018-08-10 13:42:38,46
CARO ,2018-08-10 14:42:36,46
CARO ,2018-08-10 15:42:36,46
CARO ,2018-08-10 16:42:36,46
CARO ,2018-08-10 17:42:35,46
CARO ,2018-08-10 18:42:34,46
CARO ,2018-08-10 19:42:35,47
CARO ,2018-08-10 20:42:35,47
CARO ,2018-08-10 21:42:35,47
CARO ,2018-08-10 22:42:34,47
CARO ,2018-08-10 23:42:36,47
CARO ,2018-08-11 00:42:35,47
CARO ,2018-08-11 01:42:35,47
CARO ,2018-08-11 02:42:36,47
CARO ,2018-08-11 03:42:35,47
CARO ,2018-08-11 04:42:35,47
CARO ,2018-08-11 05:42:36,47
CARO ,2018-08-11 06:42:34,47
CARO ,2018-08-11 07:42:34,47
CARO ,2018-08-11 08:42:34,47
CARO ,2018-08-11 09:42:34,47
CARO ,2018-08-11 10:42:34,47
CARO ,2018-08-11 11:42:35,47
CARO ,2018-08-11 12:42:34,47
CARO ,2018-08-11 13:42:34,47
CARO ,2018-08-11 14:42:34,47
CARO ,2018-08-11 15:42:35,47
CARO ,2018-08-11 16:42:35,47
CARO ,2018-08-11 17:42:35,47
CARO ,2018-08-11 18:42:35,47
CARO ,2018-08-11 19:42:35,47
CARO ,2018-08-11 20:42:35,47
CARO ,2018-08-11 21:42:35,47
CARO ,2018-08-11 22:42:35,47
CARO ,2018-08-11 23:42:35,47
CARO ,2018-08-12 00:42:35,47
CARO ,2018-08-12 01:42:34,47
CARO ,2018-08-12 02:42:34,47
CARO ,2018-08-12 03:42:34,47
CARO ,2018-08-12 04:42:35,47
CARO ,2018-08-12 05:42:35,47
CARO ,2018-08-12 06:42:34,47
CARO ,2018-08-12 07:42:34,47
CARO ,2018-08-12 08:42:34,47
CARO ,2018-08-12 09:42:34,47
CARO ,2018-08-12 10:42:34,47
CARO ,2018-08-12 11:42:34,47
CARO ,2018-08-12 12:42:35,47
CARO ,2018-08-12 13:42:36,47
CARO ,2018-08-12 14:42:35,47
CARO ,2018-08-12 15:42:36,47
CARO ,2018-08-12 16:42:36,47
CARO ,2018-08-12 17:42:35,47
CARO ,2018-08-12 18:42:35,47
CARO ,2018-08-12 19:42:35,47
CARO ,2018-08-12 20:42:35,47
CARO ,2018-08-12 21:42:35,47
CARO ,2018-08-12 22:42:35,47
CARO ,2018-08-12 23:42:35,47
CARO ,2018-08-13 00:42:34,47
CARO ,2018-08-13 01:42:35,47
CARO ,2018-08-13 02:42:35,47
CARO ,2018-08-13 03:42:35,47
CARO ,2018-08-13 04:42:36,47
CARO ,2018-08-13 05:42:34,47
CARO ,2018-08-13 06:42:35,47
CARO ,2018-08-13 07:42:35,47
CARO ,2018-08-13 08:42:36,47
CARO ,2018-08-13 09:42:36,47
CARO ,2018-08-13 10:42:35,47
CARO ,2018-08-13 11:42:34,47
CARO ,2018-08-13 12:42:35,47
CARO ,2018-08-13 13:42:37,47
CARO ,2018-08-13 14:42:36,47
CARO ,2018-08-13 15:42:37,47
CARO ,2018-08-13 16:42:36,47
CARO ,2018-08-13 17:42:35,47
CARO ,2018-08-13 18:42:35,47
CARO ,2018-08-13 19:42:36,47
CARO ,2018-08-13 20:42:35,47
CARO ,2018-08-13 21:42:35,47
CARO ,2018-08-13 22:42:35,47
CARO ,2018-08-13 23:42:35,47
CARO ,2018-08-14 00:42:35,47
CARO ,2018-08-14 01:42:36,47
CARO ,2018-08-14 02:42:35,47
CARO ,2018-08-14 03:42:35,47
CARO ,2018-08-14 04:42:36,47
CARO ,2018-08-14 05:42:35,47
CARO ,2018-08-14 06:42:35,47
CARO ,2018-08-14 07:42:36,47
CARO ,2018-08-14 08:42:35,47
CARO ,2018-08-14 09:42:35,47
CARO ,2018-08-14 10:42:35,47
CARO ,2018-08-14 11:42:35,47
CARO ,2018-08-14 12:42:35,47
CARO ,2018-08-14 13:42:36,47
CARO ,2018-08-14 14:42:36,47
CARO ,2018-08-14 15:42:36,47
CARO ,2018-08-14 16:42:35,47
CARO ,2018-08-14 17:42:34,47
CARO ,2018-08-14 18:42:35,47
CARO ,2018-08-14 19:42:35,47
CARO ,2018-08-14 20:42:35,47
CARO ,2018-08-14 21:42:34,47
CARO ,2018-08-14 22:42:35,47
CARO ,2018-08-14 23:42:35,47
CARO ,2018-08-15 00:42:35,47
CARO ,2018-08-15 01:42:36,47
CARO ,2018-08-15 02:42:36,47
CARO ,2018-08-15 03:42:36,47
CARO ,2018-08-15 04:42:35,47
CARO ,2018-08-15 05:42:35,47
CARO ,2018-08-15 06:42:36,47
CARO ,2018-08-15 07:42:34,47
CARO ,2018-08-15 08:42:35,47
CARO ,2018-08-15 09:42:35,47
CARO ,2018-08-15 10:42:35,47
CARO ,2018-08-15 11:42:35,47
CARO ,2018-08-15 12:42:34,47
CARO ,2018-08-15 14:08:10,48
CARO ,2018-08-15 14:42:35,48
CARO ,2018-08-15 15:42:36,48
CARO ,2018-08-15 16:42:37,48
CARO ,2018-08-15 17:42:35,48
CARO ,2018-08-15 18:42:34,48
CARO ,2018-08-15 19:42:34,48
CARO ,2018-08-15 20:42:34,48
CARO ,2018-08-15 21:42:34,48
CARO ,2018-08-15 22:42:34,48
CARO ,2018-08-15 23:42:35,48
CARO ,2018-08-16 00:42:35,48
CARO ,2018-08-16 01:42:35,48
CARO ,2018-08-16 02:42:35,48
CARO ,2018-08-16 03:42:36,48
CARO ,2018-08-16 04:42:35,48
CARO ,2018-08-16 05:42:35,48
CARO ,2018-08-16 06:42:34,48
CARO ,2018-08-16 07:42:35,48
CARO ,2018-08-16 08:42:35,48
CARO ,2018-08-16 09:42:34,48
CARO ,2018-08-16 10:42:36,48
CARO ,2018-08-16 11:42:35,48
CARO ,2018-08-16 12:42:35,48
CARO ,2018-08-16 13:42:38,48
CARO ,2018-08-16 14:42:36,48
CARO ,2018-08-16 15:42:37,47
CARO ,2018-08-16 16:42:36,47
CARO ,2018-08-16 17:42:36,47
CARO ,2018-08-16 18:42:35,47
CARO ,2018-08-16 19:42:36,47
CARO ,2018-08-16 20:42:35,47
CARO ,2018-08-16 21:42:35,47
CARO ,2018-08-16 22:42:35,47
CARO ,2018-08-16 23:42:35,47
CARO ,2018-08-17 00:42:35,47
CARO ,2018-08-17 01:42:35,47
CARO ,2018-08-17 02:42:36,47
CARO ,2018-08-17 03:42:36,47
CARO ,2018-08-17 04:42:37,47
CARO ,2018-08-17 05:42:35,47
CARO ,2018-08-17 06:42:34,47
CARO ,2018-08-17 07:42:34,47
CARO ,2018-08-17 08:42:36,47
CARO ,2018-08-17 09:42:35,47
CARO ,2018-08-17 10:42:35,47
CARO ,2018-08-17 11:42:35,47
CARO ,2018-08-17 12:42:34,47
CARO ,2018-08-17 13:42:37,47
CARO ,2018-08-17 14:42:37,47
CARO ,2018-08-17 15:42:37,47
CARO ,2018-08-17 16:42:35,47
CARO ,2018-08-17 17:42:35,47
CARO ,2018-08-17 18:42:35,47
CARO ,2018-08-17 19:42:36,47
CARO ,2018-08-17 20:42:34,47
CARO ,2018-08-17 21:42:35,47
CARO ,2018-08-17 22:42:35,47
CARO ,2018-08-17 23:42:34,47
CARO ,2018-08-18 00:42:35,47
CARO ,2018-08-18 01:42:36,47
CARO ,2018-08-18 02:42:36,47
CARO ,2018-08-18 03:42:36,47
CARO ,2018-08-18 04:42:35,47
CARO ,2018-08-18 05:42:35,47
CARO ,2018-08-18 06:42:35,47
CARO ,2018-08-18 07:42:35,47
CARO ,2018-08-18 08:42:35,47
CARO ,2018-08-18 09:42:35,47
CARO ,2018-08-18 10:42:34,47
CARO ,2018-08-18 11:42:35,47
CARO ,2018-08-18 12:42:36,47
CARO ,2018-08-18 13:42:36,47
CARO ,2018-08-18 14:42:36,47
CARO ,2018-08-18 15:42:36,47
CARO ,2018-08-18 16:42:35,47
CARO ,2018-08-18 17:42:35,47
CARO ,2018-08-18 18:42:35,47
CARO ,2018-08-18 19:42:35,47
CARO ,2018-08-18 20:42:36,47
CARO ,2018-08-18 21:42:35,47
CARO ,2018-08-18 22:42:34,47
CARO ,2018-08-18 23:42:34,47
CARO ,2018-08-19 00:42:35,47
CARO ,2018-08-19 01:42:35,47
CARO ,2018-08-19 02:42:35,47
CARO ,2018-08-19 03:42:34,47
CARO ,2018-08-19 04:42:35,47
CARO ,2018-08-19 05:42:35,47
CARO ,2018-08-19 06:42:35,47
CARO ,2018-08-19 07:42:35,47
CARO ,2018-08-19 08:42:35,47
CARO ,2018-08-19 09:42:34,47
CARO ,2018-08-19 10:42:35,47
CARO ,2018-08-19 11:42:34,47
CARO ,2018-08-19 12:42:35,47
CARO ,2018-08-19 13:42:35,47
CARO ,2018-08-19 14:42:34,47
CARO ,2018-08-19 15:42:36,47
CARO ,2018-08-19 16:42:34,47
CARO ,2018-08-19 17:42:35,47
CARO ,2018-08-19 18:42:36,47
CARO ,2018-08-19 19:42:35,47
CARO ,2018-08-19 20:42:36,47
CARO ,2018-08-19 21:42:36,47
CARO ,2018-08-19 22:42:35,47
CARO ,2018-08-19 23:42:35,47
CARO ,2018-08-20 00:42:36,47
CARO ,2018-08-20 01:42:36,47
CARO ,2018-08-20 02:42:35,47
CARO ,2018-08-20 03:42:34,47
CARO ,2018-08-20 04:42:35,47
CARO ,2018-08-20 05:42:35,47
CARO ,2018-08-20 06:42:35,47
CARO ,2018-08-20 07:42:35,47
CARO ,2018-08-20 08:42:39,47
CARO ,2018-08-20 09:42:34,47
CARO ,2018-08-20 10:42:35,47
CARO ,2018-08-20 11:42:36,47
CARO ,2018-08-20 12:42:35,47
CARO ,2018-08-20 13:42:38,47
CARO ,2018-08-20 14:42:39,46
CARO ,2018-08-20 15:42:37,45
CARO ,2018-08-20 16:42:36,45
CARO ,2018-08-20 17:42:35,45
CARO ,2018-08-20 18:42:36,45
CARO ,2018-08-20 19:42:36,45
CARO ,2018-08-20 20:42:35,45
CARO ,2018-08-20 21:42:34,45
CARO ,2018-08-20 22:42:35,45
CARO ,2018-08-20 23:42:34,45
CARO ,2018-08-21 00:42:35,45
CARO ,2018-08-21 01:42:36,45
CARO ,2018-08-21 02:42:36,45
CARO ,2018-08-21 03:42:36,45
CARO ,2018-08-21 04:42:35,45
CARO ,2018-08-21 05:42:34,45
CARO ,2018-08-21 06:42:36,45
CARO ,2018-08-21 07:42:34,45
CARO ,2018-08-21 08:42:35,45
CARO ,2018-08-21 09:42:35,45
CARO ,2018-08-21 10:42:36,45
CARO ,2018-08-21 11:42:35,45
CARO ,2018-08-21 12:42:35,45
CARO ,2018-08-21 13:42:39,45
CARO ,2018-08-21 14:42:36,45
CARO ,2018-08-21 15:42:35,45
CARO ,2018-08-21 16:42:35,44
CARO ,2018-08-21 17:42:34,44
CARO ,2018-08-21 18:42:35,44
CARO ,2018-08-21 19:42:35,44
CARO ,2018-08-21 20:42:35,44
CARO ,2018-08-21 21:42:33,44
CARO ,2018-08-21 22:42:35,44
CARO ,2018-08-21 23:42:35,44
CARO ,2018-08-22 00:42:34,44
CARO ,2018-08-22 01:42:34,44
CARO ,2018-08-22 02:42:35,44
CARO ,2018-08-22 03:42:35,44
CARO ,2018-08-22 04:42:35,44
CARO ,2018-08-22 05:42:34,44
CARO ,2018-08-22 06:42:34,44
CARO ,2018-08-22 07:42:34,44
CARO ,2018-08-22 08:42:34,44
CARO ,2018-08-22 09:42:34,44
CARO ,2018-08-22 10:42:34,44
CARO ,2018-08-22 11:42:35,44
CARO ,2018-08-22 12:42:33,44
CARO ,2018-08-22 13:42:40,44
CARO ,2018-08-22 14:42:34,44
CARO ,2018-08-22 15:42:34,44
CARO ,2018-08-22 16:42:35,44
CARO ,2018-08-22 17:42:34,44
CARO ,2018-08-22 18:42:35,44
CARO ,2018-08-22 19:42:35,44
CARO ,2018-08-22 20:42:33,44
CARO ,2018-08-22 21:42:33,44
CARO ,2018-08-22 22:42:34,44
CARO ,2018-08-22 23:42:34,44
CARO ,2018-08-23 00:42:34,44
CARO ,2018-08-23 01:42:35,44
CARO ,2018-08-23 02:42:34,44
CARO ,2018-08-23 03:42:35,44
CARO ,2018-08-23 04:42:35,44
CARO ,2018-08-23 05:42:34,44
CARO ,2018-08-23 06:42:34,44
CARO ,2018-08-23 07:42:34,44
CARO ,2018-08-23 08:42:34,44
CARO ,2018-08-23 09:42:34,44
CARO ,2018-08-23 10:42:34,44
CARO ,2018-08-23 11:42:34,44
CARO ,2018-08-23 12:42:34,44
CARO ,2018-08-23 13:42:38,44
CARO ,2018-08-23 14:42:35,44
CARO ,2018-08-23 15:42:35,44
CARO ,2018-08-23 16:42:36,44
CARO ,2018-08-23 17:42:34,44
CARO ,2018-08-23 18:42:36,44
CARO ,2018-08-23 19:42:35,44
CARO ,2018-08-23 20:42:35,44
CARO ,2018-08-23 21:42:34,44
CARO ,2018-08-23 22:42:34,44
CARO ,2018-08-23 23:42:34,44
CARO ,2018-08-24 00:42:34,44
CARO ,2018-08-24 01:42:35,44
CARO ,2018-08-24 02:42:34,44
CARO ,2018-08-24 03:42:34,44
CARO ,2018-08-24 20:00:54,44
CARO ,2018-08-24 20:42:35,44
CARO ,2018-08-24 21:42:35,44
CARO ,2018-08-24 22:42:34,44
CARO ,2018-08-24 23:42:34,44
CARO ,2018-08-25 00:42:35,44
CARO ,2018-08-25 01:42:34,44
CARO ,2018-08-25 02:42:35,44
CARO ,2018-08-25 03:42:35,44
CARO ,2018-08-25 04:42:34,44
CARO ,2018-08-25 05:42:35,44
CARO ,2018-08-25 06:42:34,44
CARO ,2018-08-25 07:42:33,44
CARO ,2018-08-25 08:42:34,44
CARO ,2018-08-25 09:42:33,44
CARO ,2018-08-25 10:42:35,44
CARO ,2018-08-25 11:42:34,44
CARO ,2018-08-25 12:42:35,44
CARO ,2018-08-25 13:42:35,44
CARO ,2018-08-25 14:42:35,44
CARO ,2018-08-25 15:42:34,44
CARO ,2018-08-25 16:42:34,44
CARO ,2018-08-25 17:42:35,44
CARO ,2018-08-25 18:42:35,44
CARO ,2018-08-25 19:42:34,44
CARO ,2018-08-25 20:42:34,44
CARO ,2018-08-25 21:42:35,44
CARO ,2018-08-25 22:42:35,44
CARO ,2018-08-25 23:42:34,44
CARO ,2018-08-26 00:42:35,44
CARO ,2018-08-26 01:42:34,44
CARO ,2018-08-26 02:42:35,44
CARO ,2018-08-26 03:42:35,44
CARO ,2018-08-26 04:42:34,44
CARO ,2018-08-26 05:42:33,44
CARO ,2018-08-26 06:42:35,44
CARO ,2018-08-26 07:42:35,44
CARO ,2018-08-26 08:42:34,44
CARO ,2018-08-26 09:42:34,44
CARO ,2018-08-26 10:42:34,44
CARO ,2018-08-26 11:42:34,44
CARO ,2018-08-26 12:42:35,44
CARO ,2018-08-26 13:42:34,44
CARO ,2018-08-26 14:42:34,44
CARO ,2018-08-26 15:42:34,44
CARO ,2018-08-26 16:42:35,44
CARO ,2018-08-26 17:42:34,44
CARO ,2018-08-26 18:42:34,44
CARO ,2018-08-26 19:42:34,44
CARO ,2018-08-26 20:42:35,44
CARO ,2018-08-26 21:42:34,44
CARO ,2018-08-26 22:42:35,44
CARO ,2018-08-26 23:42:34,44
CARO ,2018-08-27 00:42:35,44
CARO ,2018-08-27 01:42:34,44
CARO ,2018-08-27 02:42:34,44
CARO ,2018-08-27 03:42:34,44
CARO ,2018-08-27 04:42:34,44
CARO ,2018-08-27 05:42:35,44
CARO ,2018-08-27 06:42:34,44
CARO ,2018-08-27 07:42:34,44
CARO ,2018-08-27 08:42:35,44
CARO ,2018-08-27 09:42:34,44
CARO ,2018-08-27 10:42:34,44
CARO ,2018-08-27 11:42:34,44
CARO ,2018-08-27 12:42:34,44
CARO ,2018-08-27 14:06:38,44
CARO ,2018-08-27 14:42:36,44
CARO ,2018-08-27 15:42:35,44
CARO ,2018-08-27 16:42:36,44
CARO ,2018-08-27 17:42:36,44
CARO ,2018-08-27 18:42:35,44
CARO ,2018-08-27 19:42:36,44
CARO ,2018-08-27 20:42:35,44
CARO ,2018-08-27 21:42:35,44
CARO ,2018-08-27 22:42:35,44
CARO ,2018-08-27 23:42:34,44
CARO ,2018-08-28 00:42:34,44
CARO ,2018-08-28 01:42:35,44
CARO ,2018-08-28 02:42:34,44
CARO ,2018-08-28 03:42:34,44
CARO ,2018-08-28 04:42:35,44
CARO ,2018-08-28 05:42:34,44
CARO ,2018-08-28 06:42:35,44
CARO ,2018-08-28 07:42:34,44
CARO ,2018-08-28 08:42:33,44
CARO ,2018-08-28 09:42:34,44
CARO ,2018-08-28 10:42:35,44
CARO ,2018-08-28 11:42:35,44
CARO ,2018-08-28 12:42:35,44
CARO ,2018-08-28 13:42:49,44
CARO ,2018-08-28 14:42:46,44
CARO ,2018-08-28 15:42:47,45
CARO ,2018-08-28 16:42:46,45
CARO ,2018-08-28 17:42:47,45
CARO ,2018-08-28 18:42:48,45
CARO ,2018-08-28 19:42:46,45
CARO ,2018-08-28 20:42:46,45
CARO ,2018-08-28 21:42:46,45
CARO ,2018-08-28 22:42:47,45
CARO ,2018-08-28 23:42:46,45
CARO ,2018-08-29 00:42:47,45
CARO ,2018-08-29 01:42:47,45
CARO ,2018-08-29 02:42:46,45
CARO ,2018-08-29 03:42:46,45
CARO ,2018-08-29 04:42:46,45
CARO ,2018-08-29 05:42:46,45
CARO ,2018-08-29 06:42:45,45
CARO ,2018-08-29 07:42:46,45
CARO ,2018-08-29 08:42:46,45
CARO ,2018-08-29 09:42:45,45
CARO ,2018-08-29 10:42:45,45
CARO ,2018-08-29 11:42:45,45
CARO ,2018-08-29 12:42:46,45
CARO ,2018-08-29 14:06:24,45
CARO ,2018-08-29 14:42:48,45
CARO ,2018-08-29 15:42:48,45
CARO ,2018-08-29 16:42:47,45
CARO ,2018-08-29 17:42:49,45
CARO ,2018-08-29 18:42:50,45
CARO ,2018-08-29 19:42:48,45
CARO ,2018-08-29 20:42:46,45
CARO ,2018-08-29 21:42:47,45
CARO ,2018-08-29 22:42:46,45
CARO ,2018-08-29 23:42:47,45
CARO ,2018-08-30 00:43:32,45
CARO ,2018-08-30 01:43:32,45
CARO ,2018-08-30 02:42:47,45
CARO ,2018-08-30 03:42:47,45
CARO ,2018-08-30 04:42:47,45
CARO ,2018-08-30 05:42:47,45
CARO ,2018-08-30 06:42:47,45
CARO ,2018-08-30 07:42:47,45
CARO ,2018-08-30 08:42:51,45
CARO ,2018-08-30 09:42:47,45
CARO ,2018-08-30 10:42:47,45
CARO ,2018-08-30 11:42:47,45
CARO ,2018-08-30 12:42:46,45
CARO ,2018-08-30 13:42:52,45
CARO ,2018-08-30 14:42:48,45
CARO ,2018-08-30 15:42:47,45
CARO ,2018-08-30 16:42:48,45
CARO ,2018-08-30 17:42:47,45
CARO ,2018-08-30 18:42:48,45
CARO ,2018-08-30 19:42:48,45
CARO ,2018-08-30 20:42:46,45
CARO ,2018-08-30 21:42:47,45
CARO ,2018-08-30 22:42:46,45
CARO ,2018-08-30 23:42:47,45
CARO ,2018-08-31 00:42:48,45
CARO ,2018-08-31 01:42:47,45
CARO ,2018-08-31 02:42:46,45
CARO ,2018-08-31 03:42:47,45
CARO ,2018-08-31 04:42:47,45
CARO ,2018-08-31 05:42:47,45
CARO ,2018-08-31 06:42:48,45
CARO ,2018-08-31 07:42:47,45
CARO ,2018-08-31 08:42:47,45
CARO ,2018-08-31 09:42:47,45
CARO ,2018-08-31 10:42:46,45
CARO ,2018-08-31 11:42:48,45
CARO ,2018-08-31 12:42:48,45
CARO ,2018-08-31 13:42:50,45
CARO ,2018-08-31 14:42:48,45
CARO ,2018-08-31 15:42:48,45
CARO ,2018-08-31 16:42:47,45
CARO ,2018-08-31 17:42:48,45
CARO ,2018-08-31 18:42:48,45
CARO ,2018-08-31 19:42:48,45
CARO ,2018-08-31 20:42:48,45
CARO ,2018-08-31 21:42:47,45
CARO ,2018-08-31 22:42:47,45
CARO ,2018-08-31 23:42:46,45
CARO ,2018-09-01 00:42:47,45
CARO ,2018-09-01 01:42:47,45
CARO ,2018-09-01 02:42:47,45
CARO ,2018-09-01 03:42:47,45
CARO ,2018-09-01 04:42:48,45
CARO ,2018-09-01 05:42:47,45
CARO ,2018-09-01 06:42:47,45
CARO ,2018-09-01 07:42:47,45
CARO ,2018-09-01 08:42:47,45
CARO ,2018-09-01 09:42:47,45
CARO ,2018-09-01 10:42:47,45
CARO ,2018-09-01 11:42:47,45
CARO ,2018-09-01 12:42:47,45
CARO ,2018-09-01 13:42:48,45
CARO ,2018-09-01 14:42:49,45
CARO ,2018-09-01 15:42:47,45
CARO ,2018-09-01 16:42:47,45
CARO ,2018-09-01 17:42:46,45
CARO ,2018-09-01 18:42:48,45
CARO ,2018-09-01 19:42:47,45
CARO ,2018-09-01 20:42:46,45
CARO ,2018-09-01 21:42:47,45
CARO ,2018-09-01 22:42:47,45
CARO ,2018-09-01 23:42:47,45
CARO ,2018-09-02 00:42:48,45
CARO ,2018-09-02 01:42:47,45
CARO ,2018-09-02 02:42:47,45
CARO ,2018-09-02 03:42:48,45
CARO ,2018-09-02 04:42:47,45
CARO ,2018-09-02 05:42:47,45
CARO ,2018-09-02 06:42:47,45
CARO ,2018-09-02 07:42:46,45
CARO ,2018-09-02 08:42:47,45
CARO ,2018-09-02 09:42:46,45
CARO ,2018-09-02 10:42:46,45
CARO ,2018-09-02 11:42:47,45
CARO ,2018-09-02 12:42:47,45
CARO ,2018-09-02 13:42:47,45
CARO ,2018-09-02 14:42:48,45
CARO ,2018-09-02 15:42:48,45
CARO ,2018-09-02 16:42:48,45
CARO ,2018-09-02 17:42:47,45
CARO ,2018-09-02 18:42:47,45
CARO ,2018-09-02 19:42:47,45
CARO ,2018-09-02 20:42:47,45
CARO ,2018-09-02 21:42:47,45
CARO ,2018-09-02 22:42:47,45
CARO ,2018-09-02 23:42:48,45
CARO ,2018-09-03 00:42:47,45
CARO ,2018-09-03 01:42:48,45
CARO ,2018-09-03 02:42:48,45
CARO ,2018-09-03 03:42:47,45
CARO ,2018-09-03 04:42:47,45
CARO ,2018-09-03 05:42:47,45
CARO ,2018-09-03 06:42:47,45
CARO ,2018-09-03 07:42:47,45
CARO ,2018-09-03 08:42:51,45
CARO ,2018-09-03 09:42:47,45
CARO ,2018-09-03 10:42:47,45
CARO ,2018-09-03 11:42:48,45
CARO ,2018-09-03 12:42:46,45
CARO ,2018-09-03 13:42:47,45
CARO ,2018-09-03 14:42:47,45
CARO ,2018-09-03 15:42:46,45
CARO ,2018-09-03 16:42:47,45
CARO ,2018-09-03 17:42:47,45
CARO ,2018-09-03 18:42:48,45
CARO ,2018-09-03 19:42:46,45
CARO ,2018-09-03 20:42:47,45
CARO ,2018-09-03 21:42:46,45
CARO ,2018-09-03 22:42:47,45
CARO ,2018-09-03 23:42:46,45
CARO ,2018-09-04 00:42:47,45
CARO ,2018-09-04 01:42:47,45
CARO ,2018-09-04 02:42:47,45
CARO ,2018-09-04 03:42:47,45
CARO ,2018-09-04 04:42:47,45
CARO ,2018-09-04 05:42:47,45
CARO ,2018-09-04 06:42:47,45
CARO ,2018-09-04 07:42:48,45
CARO ,2018-09-04 08:42:47,45
CARO ,2018-09-04 09:42:47,45
CARO ,2018-09-04 10:42:47,45
CARO ,2018-09-04 11:42:46,45
CARO ,2018-09-04 12:42:47,45
CARO ,2018-09-04 13:42:51,45
CARO ,2018-09-04 14:42:49,44
CARO ,2018-09-04 15:42:48,44
CARO ,2018-09-04 16:42:48,44
CARO ,2018-09-04 17:42:48,44
CARO ,2018-09-04 18:42:49,44
CARO ,2018-09-04 19:42:49,44
CARO ,2018-09-04 20:42:48,44
CARO ,2018-09-04 21:42:47,44
CARO ,2018-09-04 22:42:48,44
CARO ,2018-09-04 23:42:47,44
CARO ,2018-09-05 00:42:47,44
CARO ,2018-09-05 01:42:47,44
CARO ,2018-09-05 02:42:48,44
CARO ,2018-09-05 03:42:46,44
CARO ,2018-09-05 04:42:47,44
CARO ,2018-09-05 05:42:47,44
CARO ,2018-09-05 06:42:46,44
CARO ,2018-09-05 07:42:47,44
CARO ,2018-09-05 08:42:47,44
CARO ,2018-09-05 09:42:47,44
CARO ,2018-09-05 10:42:46,44
CARO ,2018-09-05 11:42:50,44
CARO ,2018-09-05 12:42:46,44
CARO ,2018-09-05 13:42:55,44
CARO ,2018-09-05 14:42:51,44
CARO ,2018-09-05 15:42:48,44
CARO ,2018-09-05 16:42:48,44
CARO ,2018-09-05 17:42:49,44
CARO ,2018-09-05 18:42:49,44
CARO ,2018-09-05 19:42:49,44
CARO ,2018-09-05 20:42:47,44
CARO ,2018-09-05 21:42:46,44
CARO ,2018-09-05 22:42:46,44
CARO ,2018-09-05 23:42:47,44
CARO ,2018-09-06 00:42:47,44
CARO ,2018-09-06 01:42:47,44
CARO ,2018-09-06 02:42:47,44
CARO ,2018-09-06 03:42:48,44
CARO ,2018-09-06 04:42:48,44
CARO ,2018-09-06 05:42:48,44
CARO ,2018-09-06 06:42:47,44
CARO ,2018-09-06 07:42:46,44
CARO ,2018-09-06 08:42:47,44
CARO ,2018-09-06 09:42:47,44
CARO ,2018-09-06 10:42:46,44
CARO ,2018-09-06 11:42:47,44
CARO ,2018-09-06 13:07:50,44
CARO ,2018-09-06 13:42:54,44
CARO ,2018-09-06 14:42:47,44
CARO ,2018-09-06 15:42:48,44
CARO ,2018-09-06 16:42:48,44
CARO ,2018-09-06 17:42:47,44
CARO ,2018-09-06 18:42:47,44
CARO ,2018-09-06 19:42:48,44
CARO ,2018-09-06 20:42:46,44
CARO ,2018-09-06 21:42:46,44
CARO ,2018-09-06 22:42:47,44
CARO ,2018-09-06 23:42:48,44
CARO ,2018-09-07 00:42:47,44
CARO ,2018-09-07 01:42:47,44
CARO ,2018-09-07 02:42:48,44
CARO ,2018-09-07 03:42:47,44
CARO ,2018-09-07 04:42:47,44
CARO ,2018-09-07 05:42:50,44
CARO ,2018-09-07 06:42:50,44
CARO ,2018-09-07 08:42:49,44
CARO ,2018-09-07 09:42:49,44
CARO ,2018-09-07 10:42:49,44
CARO ,2018-09-07 11:42:48,44
CARO ,2018-09-07 12:42:47,44
CARO ,2018-09-07 13:42:54,44
CARO ,2018-09-07 14:42:47,44
CARO ,2018-09-07 15:42:48,44
CARO ,2018-09-07 16:42:49,44
CARO ,2018-09-07 17:42:48,44
CARO ,2018-09-07 18:42:47,44
CARO ,2018-09-07 19:42:47,44
CARO ,2018-09-07 20:42:47,44
CARO ,2018-09-07 21:42:46,44
CARO ,2018-09-07 22:42:46,44
CARO ,2018-09-07 23:42:47,44
CARO ,2018-09-08 00:42:47,44
CARO ,2018-09-08 01:42:47,44
CARO ,2018-09-08 02:42:47,44
CARO ,2018-09-08 03:42:47,44
CARO ,2018-09-08 04:42:46,44
CARO ,2018-09-08 05:42:47,44
CARO ,2018-09-08 06:42:47,44
CARO ,2018-09-08 07:42:46,44
CARO ,2018-09-08 08:42:46,44
CARO ,2018-09-08 09:42:46,44
CARO ,2018-09-08 10:42:46,44
CARO ,2018-09-08 11:42:46,44
CARO ,2018-09-08 12:42:47,44
CARO ,2018-09-08 13:42:48,44
CARO ,2018-09-08 14:42:46,44
CARO ,2018-09-08 15:42:47,44
CARO ,2018-09-08 16:42:47,44
CARO ,2018-09-08 17:42:47,44
CARO ,2018-09-08 18:42:47,44
CARO ,2018-09-08 19:42:47,44
CARO ,2018-09-08 20:42:47,44
CARO ,2018-09-08 21:42:47,44
CARO ,2018-09-08 22:42:47,44
CARO ,2018-09-08 23:42:48,44
CARO ,2018-09-09 00:42:46,44
CARO ,2018-09-09 01:42:48,44
CARO ,2018-09-09 02:42:48,44
CARO ,2018-09-09 03:42:47,44
CARO ,2018-09-09 04:42:47,44
CARO ,2018-09-09 05:42:47,44
CARO ,2018-09-09 06:42:47,44
CARO ,2018-09-09 07:42:47,44
CARO ,2018-09-09 08:42:47,44
CARO ,2018-09-09 09:42:47,44
CARO ,2018-09-09 10:42:47,44
CARO ,2018-09-09 11:42:48,44
CARO ,2018-09-09 12:42:47,44
CARO ,2018-09-09 13:42:48,44
CARO ,2018-09-09 14:42:48,44
CARO ,2018-09-09 15:42:47,44
CARO ,2018-09-09 16:42:47,44
CARO ,2018-09-09 17:42:47,44
CARO ,2018-09-09 18:42:48,44
CARO ,2018-09-09 19:42:47,44
CARO ,2018-09-09 20:42:47,44
CARO ,2018-09-09 21:42:47,44
CARO ,2018-09-09 22:42:46,44
CARO ,2018-09-09 23:42:47,44
CARO ,2018-09-10 00:42:48,44
CARO ,2018-09-10 01:42:49,44
CARO ,2018-09-10 02:42:48,44
CARO ,2018-09-10 03:42:48,44
CARO ,2018-09-10 04:42:48,44
CARO ,2018-09-10 05:42:46,44
CARO ,2018-09-10 06:42:46,44
CARO ,2018-09-10 07:42:46,44
CARO ,2018-09-10 08:42:46,44
CARO ,2018-09-10 09:42:47,44
CARO ,2018-09-10 10:42:47,44
CARO ,2018-09-10 11:42:47,44
CARO ,2018-09-10 12:42:47,44
CARO ,2018-09-10 13:42:50,44
CARO ,2018-09-10 14:42:48,44
CARO ,2018-09-10 15:42:49,44
CARO ,2018-09-10 16:42:49,44
CARO ,2018-09-10 17:42:48,44
CARO ,2018-09-10 18:42:49,44
CARO ,2018-09-10 19:42:47,44
CARO ,2018-09-10 20:42:47,44
CARO ,2018-09-10 21:42:46,44
CARO ,2018-09-10 22:42:47,44
CARO ,2018-09-10 23:42:47,44
CARO ,2018-09-11 00:42:48,44
CARO ,2018-09-11 01:42:48,44
CARO ,2018-09-11 02:42:48,44
CARO ,2018-09-11 03:42:48,44
CARO ,2018-09-11 04:42:47,44
CARO ,2018-09-11 05:42:48,44
CARO ,2018-09-11 06:42:48,44
CARO ,2018-09-11 07:42:47,44
CARO ,2018-09-11 08:42:47,44
CARO ,2018-09-11 09:42:47,44
CARO ,2018-09-11 10:42:47,44
CARO ,2018-09-11 11:42:46,44
CARO ,2018-09-11 12:42:47,44
CARO ,2018-09-11 13:42:51,44
CARO ,2018-09-11 14:42:48,44
CARO ,2018-09-11 15:42:47,44
CARO ,2018-09-11 16:42:47,44
CARO ,2018-09-11 17:42:48,44
CARO ,2018-09-11 18:42:48,44
CARO ,2018-09-11 19:42:48,45
CARO ,2018-09-11 20:42:46,45
CARO ,2018-09-11 21:42:46,45
CARO ,2018-09-11 22:42:46,45
CARO ,2018-09-11 23:42:47,45
CARO ,2018-09-12 00:42:48,45
CARO ,2018-09-12 01:42:49,45
CARO ,2018-09-12 20:42:50,45
CARO ,2018-09-12 21:42:48,45
CARO ,2018-09-12 22:42:48,45
CARO ,2018-09-12 23:42:48,45
CARO ,2018-09-13 00:42:48,45
CARO ,2018-09-13 01:42:48,45
CARO ,2018-09-13 02:42:53,45
CARO ,2018-09-13 03:42:48,45
CARO ,2018-09-13 04:42:48,45
CARO ,2018-09-13 05:42:49,45
CARO ,2018-09-13 06:42:48,45
CARO ,2018-09-13 07:42:48,45
CARO ,2018-09-13 08:42:48,45
CARO ,2018-09-13 09:42:47,45
CARO ,2018-09-13 10:42:48,45
CARO ,2018-09-13 11:42:47,45
CARO ,2018-09-13 12:42:48,45
CARO ,2018-09-13 14:42:49,45
CARO ,2018-09-13 15:42:49,45
CARO ,2018-09-13 16:42:49,45
CARO ,2018-09-13 17:42:48,43
CARO ,2018-09-13 18:42:49,43
CARO ,2018-09-13 19:42:49,43
CARO ,2018-09-13 20:42:48,42
CARO ,2018-09-13 21:42:47,42
CARO ,2018-09-13 22:42:48,42
CARO ,2018-09-13 23:42:48,42
CARO ,2018-09-14 00:42:49,42
CARO ,2018-09-14 01:42:48,42
CARO ,2018-09-14 02:42:49,42
CARO ,2018-09-14 03:42:48,42
CARO ,2018-09-14 04:42:49,42
CARO ,2018-09-14 05:42:49,42
CARO ,2018-09-14 06:42:48,42
CARO ,2018-09-14 07:42:48,42
CARO ,2018-09-14 08:42:52,42
CARO ,2018-09-14 09:42:49,42
CARO ,2018-09-14 10:42:48,42
CARO ,2018-09-14 11:42:47,42
CARO ,2018-09-14 12:42:49,42
CARO ,2018-09-14 13:42:54,42
CARO ,2018-09-14 14:42:52,42
CARO ,2018-09-14 15:42:52,42
CARO ,2018-09-14 16:42:48,42
CARO ,2018-09-14 17:42:50,42
CARO ,2018-09-14 18:42:49,42
CARO ,2018-09-14 19:42:49,42
CARO ,2018-09-14 20:42:48,42
CARO ,2018-09-14 21:42:47,42
CARO ,2018-09-14 22:42:48,42
CARO ,2018-09-14 23:42:48,42
CARO ,2018-09-15 00:42:49,42
CARO ,2018-09-15 01:42:49,42
CARO ,2018-09-15 02:42:49,42
CARO ,2018-09-15 03:42:48,42
CARO ,2018-09-15 04:42:47,42
CARO ,2018-09-15 05:42:48,42
CARO ,2018-09-15 06:42:47,42
CARO ,2018-09-15 07:42:48,42
CARO ,2018-09-15 08:42:47,42
CARO ,2018-09-15 09:42:48,42
CARO ,2018-09-15 10:42:48,42
CARO ,2018-09-15 11:42:47,42
CARO ,2018-09-15 12:42:49,42
CARO ,2018-09-15 13:42:48,42
CARO ,2018-09-15 14:42:47,42
CARO ,2018-09-15 15:42:48,42
CARO ,2018-09-15 16:42:47,42
CARO ,2018-09-15 17:42:47,42
CARO ,2018-09-15 18:42:47,42
CARO ,2018-09-15 19:42:48,42
CARO ,2018-09-15 20:42:48,42
CARO ,2018-09-15 21:42:47,42
CARO ,2018-09-15 22:42:47,42
CARO ,2018-09-15 23:42:47,42
CARO ,2018-09-16 00:42:48,42
CARO ,2018-09-16 01:42:48,42
CARO ,2018-09-16 02:42:49,42
CARO ,2018-09-16 03:42:47,42
CARO ,2018-09-16 04:42:48,42
CARO ,2018-09-16 05:42:48,42
CARO ,2018-09-16 06:42:48,42
CARO ,2018-09-16 07:42:47,42
CARO ,2018-09-16 08:42:48,42
CARO ,2018-09-16 09:42:48,42
CARO ,2018-09-16 10:42:47,42
CARO ,2018-09-16 11:42:48,42
CARO ,2018-09-16 12:42:48,42
CARO ,2018-09-16 13:42:48,42
CARO ,2018-09-16 14:42:48,42
CARO ,2018-09-16 15:42:48,42
CARO ,2018-09-16 16:42:48,42
CARO ,2018-09-16 17:42:48,42
CARO ,2018-09-16 18:42:48,42
CARO ,2018-09-16 19:42:47,42
CARO ,2018-09-16 20:42:48,42
CARO ,2018-09-16 21:42:48,42
CARO ,2018-09-16 22:42:48,42
CARO ,2018-09-16 23:42:48,42
CARO ,2018-09-17 00:42:48,42
CARO ,2018-09-17 01:42:48,42
CARO ,2018-09-17 02:42:48,42
CARO ,2018-09-17 03:42:48,42
CARO ,2018-09-17 04:42:48,42
CARO ,2018-09-17 05:42:47,42
CARO ,2018-09-17 06:42:47,42
CARO ,2018-09-17 07:42:48,42
CARO ,2018-09-17 08:42:48,42
CARO ,2018-09-17 09:42:48,42
CARO ,2018-09-17 10:42:48,42
CARO ,2018-09-17 11:42:48,42
CARO ,2018-09-17 12:42:47,42
CARO ,2018-09-17 13:42:53,42
CARO ,2018-09-17 14:42:49,42
CARO ,2018-09-17 15:42:54,42
CARO ,2018-09-17 16:42:50,42
CARO ,2018-09-17 17:42:48,42
CARO ,2018-09-17 18:42:48,42
CARO ,2018-09-17 19:42:49,42
CARO ,2018-09-17 20:42:48,43
CARO ,2018-09-17 21:42:48,43
CARO ,2018-09-17 22:42:47,43
CARO ,2018-09-17 23:42:48,43
CARO ,2018-09-18 00:42:48,43
CARO ,2018-09-18 01:42:48,43
CARO ,2018-09-18 02:42:48,43
CARO ,2018-09-18 03:42:48,43
CARO ,2018-09-18 04:42:49,43
CARO ,2018-09-18 05:42:48,43
CARO ,2018-09-18 06:42:48,43
CARO ,2018-09-18 07:42:47,43
CARO ,2018-09-18 08:42:48,43
CARO ,2018-09-18 09:42:48,43
CARO ,2018-09-18 10:42:47,43
CARO ,2018-09-18 11:42:47,43
CARO ,2018-09-18 12:42:48,43
CARO ,2018-09-18 13:42:51,43
CARO ,2018-09-18 14:42:49,43
CARO ,2018-09-18 15:42:48,43
CARO ,2018-09-18 16:42:50,42
CARO ,2018-09-18 17:42:50,42
CARO ,2018-09-18 18:42:50,42
CARO ,2018-09-18 19:42:51,42
CARO ,2018-09-18 20:42:48,41
CARO ,2018-09-18 21:42:47,41
CARO ,2018-09-18 22:42:48,41
CARO ,2018-09-18 23:42:48,41
CARO ,2018-09-19 00:42:49,41
CARO ,2018-09-19 01:42:48,41
CARO ,2018-09-19 02:42:49,41
CARO ,2018-09-19 03:42:48,41
CARO ,2018-09-19 04:42:48,41
CARO ,2018-09-19 05:42:48,41
CARO ,2018-09-19 06:42:49,41
CARO ,2018-09-19 07:42:48,41
CARO ,2018-09-19 08:42:48,41
CARO ,2018-09-19 09:42:48,41
CARO ,2018-09-19 10:42:47,41
CARO ,2018-09-19 11:42:47,41
CARO ,2018-09-19 12:42:48,41
CARO ,2018-09-19 13:43:36,41
CARO ,2018-09-19 14:42:54,41
CARO ,2018-09-19 15:42:53,41
CARO ,2018-09-19 16:42:50,41
CARO ,2018-09-19 17:42:50,41
CARO ,2018-09-19 18:42:50,41
CARO ,2018-09-19 19:42:57,41
CARO ,2018-09-19 20:42:49,42
CARO ,2018-09-19 21:42:49,42
CARO ,2018-09-19 22:42:48,42
CARO ,2018-09-19 23:42:49,42
CARO ,2018-09-20 00:42:49,42
CARO ,2018-09-20 01:42:52,42
CARO ,2018-09-20 02:42:51,42
CARO ,2018-09-20 03:42:54,42
CARO ,2018-09-20 04:42:50,42
CARO ,2018-09-20 05:42:50,42
CARO ,2018-09-20 06:42:49,42
CARO ,2018-09-20 07:42:48,42
CARO ,2018-09-20 08:42:52,42
CARO ,2018-09-20 09:43:34,42
CARO ,2018-09-20 10:42:49,42
CARO ,2018-09-20 11:42:49,42
CARO ,2018-09-20 13:08:55,42
CARO ,2018-09-20 14:42:54,42
CARO ,2018-09-20 15:42:51,42
CARO ,2018-09-20 16:42:50,42
CARO ,2018-09-20 17:42:49,42
CARO ,2018-09-20 18:42:50,42
CARO ,2018-09-20 19:42:51,42
CARO ,2018-09-20 20:42:50,42
CARO ,2018-09-20 21:42:49,42
CARO ,2018-09-20 22:42:49,42
CARO ,2018-09-20 23:42:49,42
CARO ,2018-09-21 00:42:50,42
CARO ,2018-09-21 01:42:50,42
CARO ,2018-09-21 02:42:50,42
CARO ,2018-09-21 03:42:49,42
CARO ,2018-09-21 04:42:52,42
CARO ,2018-09-21 05:43:20,42
CARO ,2018-09-21 06:42:49,42
CARO ,2018-09-21 07:42:50,42
CARO ,2018-09-21 08:42:49,42
CARO ,2018-09-21 09:42:49,42
CARO ,2018-09-21 10:42:49,42
CARO ,2018-09-21 11:42:49,42
CARO ,2018-09-21 13:10:23,42
CARO ,2018-09-21 13:42:55,42
CARO ,2018-09-21 14:42:50,42
CARO ,2018-09-21 15:42:51,42
CARO ,2018-09-21 16:42:50,42
CARO ,2018-09-21 17:42:50,42
CARO ,2018-09-21 18:43:20,42
CARO ,2018-09-21 19:42:52,42
CARO ,2018-09-21 20:42:49,42
CARO ,2018-09-21 21:42:49,42
CARO ,2018-09-21 22:42:48,42
CARO ,2018-09-21 23:42:49,42
CARO ,2018-09-22 00:42:48,42
CARO ,2018-09-22 01:42:49,42
CARO ,2018-09-22 02:42:48,42
CARO ,2018-09-22 03:42:49,42
CARO ,2018-09-22 04:42:50,42
CARO ,2018-09-22 05:42:49,42
CARO ,2018-09-22 06:42:49,42
CARO ,2018-09-22 07:42:49,42
CARO ,2018-09-22 08:42:48,42
CARO ,2018-09-22 09:42:48,42
CARO ,2018-09-22 10:42:49,42
CARO ,2018-09-22 11:42:49,42
CARO ,2018-09-22 12:42:48,42
CARO ,2018-09-22 13:42:50,42
CARO ,2018-09-22 14:42:50,42
CARO ,2018-09-22 15:42:50,42
CARO ,2018-09-22 16:42:49,42
CARO ,2018-09-22 17:42:50,42
CARO ,2018-09-22 18:42:49,42
CARO ,2018-09-22 19:42:50,42
CARO ,2018-09-22 20:42:49,42
CARO ,2018-09-22 21:42:48,42
CARO ,2018-09-22 22:42:49,42
CARO ,2018-09-22 23:42:49,42
CARO ,2018-09-23 00:42:50,42
CARO ,2018-09-23 01:42:50,42
CARO ,2018-09-23 02:42:49,42
CARO ,2018-09-23 03:42:50,42
CARO ,2018-09-23 04:42:50,42
CARO ,2018-09-23 05:42:48,42
CARO ,2018-09-23 06:42:49,42
CARO ,2018-09-23 07:42:50,42
CARO ,2018-09-23 08:42:49,42
CARO ,2018-09-23 09:42:49,42
CARO ,2018-09-23 10:42:49,42
CARO ,2018-09-23 11:42:50,42
CARO ,2018-09-23 12:42:49,42
CARO ,2018-09-23 13:42:49,42
CARO ,2018-09-23 14:42:50,42
CARO ,2018-09-23 15:42:49,42
CARO ,2018-09-23 16:42:50,42
CARO ,2018-09-23 17:42:49,42
CARO ,2018-09-23 18:42:49,42
CARO ,2018-09-23 19:42:49,42
CARO ,2018-09-23 20:42:48,42
CARO ,2018-09-23 21:42:50,42
CARO ,2018-09-23 22:42:50,42
CARO ,2018-09-23 23:42:49,42
CARO ,2018-09-24 00:42:49,42
CARO ,2018-09-24 01:42:50,42
CARO ,2018-09-24 02:42:49,42
CARO ,2018-09-24 03:42:49,42
CARO ,2018-09-24 04:42:50,42
CARO ,2018-09-24 05:42:49,42
CARO ,2018-09-24 06:42:49,42
CARO ,2018-09-24 07:42:50,42
CARO ,2018-09-24 08:42:49,42
CARO ,2018-09-24 09:42:48,42
CARO ,2018-09-24 10:42:48,42
CARO ,2018-09-24 11:42:49,42
CARO ,2018-09-24 12:42:49,42
CARO ,2018-09-24 13:42:56,42
CARO ,2018-09-24 14:42:50,42
CARO ,2018-09-24 15:42:50,42
CARO ,2018-09-24 16:42:49,42
CARO ,2018-09-24 17:42:49,42
CARO ,2018-09-24 18:42:50,42
CARO ,2018-09-24 19:42:51,42
CARO ,2018-09-24 20:42:50,41
CARO ,2018-09-24 21:42:49,41
CARO ,2018-09-24 22:42:49,41
CARO ,2018-09-24 23:42:50,41
CARO ,2018-09-25 00:42:50,41
CARO ,2018-09-25 01:42:49,41
CARO ,2018-09-25 02:42:48,41
CARO ,2018-09-25 03:42:49,41
CARO ,2018-09-25 04:42:50,41
CARO ,2018-09-25 05:42:49,41
CARO ,2018-09-25 06:42:49,41
CARO ,2018-09-25 07:42:49,41
CARO ,2018-09-25 08:42:49,41
CARO ,2018-09-25 09:42:48,41
CARO ,2018-09-25 10:42:49,41
CARO ,2018-09-25 11:42:50,41
CARO ,2018-09-25 12:42:50,41
CARO ,2018-09-25 13:42:53,41
CARO ,2018-09-25 14:42:52,41
CARO ,2018-09-25 15:42:50,41
CARO ,2018-09-25 16:42:51,41
CARO ,2018-09-25 17:42:49,41
CARO ,2018-09-25 18:42:50,41
CARO ,2018-09-25 19:42:50,41
CARO ,2018-09-25 20:42:50,41
CARO ,2018-09-25 21:42:50,41
CARO ,2018-09-25 22:42:50,41
CARO ,2018-09-25 23:42:50,41
CARO ,2018-09-26 00:42:51,41
CARO ,2018-09-26 01:42:53,41
CARO ,2018-09-26 02:42:52,41
CARO ,2018-09-26 03:42:52,41
CARO ,2018-09-26 04:42:50,41
CARO ,2018-09-26 05:42:50,41
CARO ,2018-09-26 06:42:50,41
CARO ,2018-09-26 07:42:49,41
CARO ,2018-09-26 08:42:51,41
CARO ,2018-09-26 09:42:50,41
CARO ,2018-09-26 10:42:49,41
CARO ,2018-09-26 11:42:49,41
CARO ,2018-09-26 13:09:24,41
CARO ,2018-09-26 13:42:57,41
CARO ,2018-09-26 14:42:52,40
CARO ,2018-09-26 15:42:52,40
CARO ,2018-09-26 16:42:53,40
CARO ,2018-09-26 17:42:51,40
CARO ,2018-09-26 18:42:54,40
CARO ,2018-09-26 19:42:52,40
CARO ,2018-09-26 20:42:51,40
CARO ,2018-09-26 21:42:51,40
CARO ,2018-09-26 22:42:50,40
CARO ,2018-09-26 23:42:51,40
CARO ,2018-09-27 00:42:52,40
CARO ,2018-09-27 01:42:50,40
CARO ,2018-09-27 02:42:52,40
CARO ,2018-09-27 03:42:51,40
CARO ,2018-09-27 04:42:50,40
CARO ,2018-09-27 05:42:51,40
CARO ,2018-09-27 06:42:51,40
CARO ,2018-09-27 07:42:51,40
CARO ,2018-09-27 08:42:50,40
CARO ,2018-09-27 09:42:51,40
CARO ,2018-09-27 10:42:50,40
CARO ,2018-09-27 11:42:51,40
CARO ,2018-09-27 12:42:50,40
CARO ,2018-09-27 13:42:53,40
CARO ,2018-09-27 14:42:52,39
CARO ,2018-09-27 15:42:52,39
CARO ,2018-09-27 17:08:32,39
CARO ,2018-09-27 17:42:53,39
CARO ,2018-09-27 18:42:54,39
CARO ,2018-09-27 19:42:52,38
CARO ,2018-09-27 20:42:52,38
CARO ,2018-09-27 21:42:51,38
CARO ,2018-09-27 22:42:51,38
CARO ,2018-09-27 23:42:52,38
CARO ,2018-09-28 00:42:53,38
CARO ,2018-09-28 01:42:52,38
CARO ,2018-09-28 02:42:50,38
CARO ,2018-09-28 03:42:51,38
CARO ,2018-09-28 04:42:51,38
CARO ,2018-09-28 05:42:51,38
CARO ,2018-09-28 06:42:51,38
CARO ,2018-09-28 07:42:52,38
CARO ,2018-09-28 08:42:51,38
CARO ,2018-09-28 09:42:52,38
CARO ,2018-09-28 10:42:52,38
CARO ,2018-09-28 11:42:52,38
CARO ,2018-09-28 12:42:52,38
CARO ,2018-09-28 13:42:56,38
CARO ,2018-09-28 14:42:53,38
CARO ,2018-09-28 15:42:56,38
CARO ,2018-09-28 16:42:54,38
CARO ,2018-09-28 17:42:54,38
CARO ,2018-09-28 18:42:54,38
CARO ,2018-09-28 19:42:54,38
CARO ,2018-09-28 20:42:52,38
CARO ,2018-09-28 21:42:52,38
CARO ,2018-09-28 22:42:52,38
CARO ,2018-09-28 23:42:51,38
CARO ,2018-09-29 00:42:51,38
CARO ,2018-09-29 01:42:53,38
CARO ,2018-09-29 02:42:57,38
CARO ,2018-09-29 03:42:52,38
CARO ,2018-09-29 04:42:51,38
CARO ,2018-09-29 05:42:51,38
CARO ,2018-09-29 06:42:50,38
CARO ,2018-09-29 07:42:51,38
CARO ,2018-09-29 08:42:51,38
CARO ,2018-09-29 09:42:51,38
CARO ,2018-09-29 10:42:51,38
CARO ,2018-09-29 11:42:52,38
CARO ,2018-09-29 12:42:51,38
CARO ,2018-09-29 13:42:52,38
CARO ,2018-09-29 14:42:52,38
CARO ,2018-09-29 15:42:52,38
CARO ,2018-09-29 16:42:51,38
CARO ,2018-09-29 17:42:51,38
CARO ,2018-09-29 18:42:52,38
CARO ,2018-09-29 19:42:51,38
CARO ,2018-09-29 20:42:51,38
CARO ,2018-09-29 21:42:51,38
CARO ,2018-09-29 22:42:51,38
CARO ,2018-09-29 23:42:51,38
CARO ,2018-09-30 00:42:52,38
CARO ,2018-09-30 01:42:51,38
CARO ,2018-09-30 02:42:50,38
CARO ,2018-09-30 03:42:51,38
CARO ,2018-09-30 04:42:51,38
CARO ,2018-09-30 05:42:50,38
CARO ,2018-09-30 06:42:50,38
CARO ,2018-09-30 07:42:49,38
CARO ,2018-09-30 08:42:50,38
CARO ,2018-09-30 09:42:49,38
CARO ,2018-09-30 10:42:50,38
CARO ,2018-09-30 11:42:50,38
CARO ,2018-09-30 12:42:50,38
CARO ,2018-09-30 13:42:51,38
CARO ,2018-09-30 14:42:50,38
CARO ,2018-09-30 15:42:50,38
CARO ,2018-09-30 16:42:51,38
CARO ,2018-09-30 17:42:49,38
CARO ,2018-09-30 18:42:50,38
CARO ,2018-09-30 19:42:51,38
CARO ,2018-09-30 20:42:50,38
CARO ,2018-09-30 21:42:49,38
CARO ,2018-09-30 22:42:51,38
CARO ,2018-09-30 23:42:52,38
CARO ,2018-10-01 00:42:53,38
CARO ,2018-10-01 01:42:51,38
CARO ,2018-10-01 02:42:52,38
CARO ,2018-10-01 03:42:51,38
CARO ,2018-10-01 04:42:51,38
CARO ,2018-10-01 05:42:52,38
CARO ,2018-10-01 06:42:51,38
CARO ,2018-10-01 07:42:51,38
CARO ,2018-10-01 08:42:51,38
CARO ,2018-10-01 09:42:50,38
CARO ,2018-10-01 10:42:48,38
CARO ,2018-10-01 11:42:50,38
CARO ,2018-10-01 12:42:50,38
CARO ,2018-10-01 14:08:06,38
CARO ,2018-10-01 14:42:53,38
CARO ,2018-10-01 15:42:51,38
CARO ,2018-10-01 16:42:52,38
CARO ,2018-10-01 17:42:54,38
CARO ,2018-10-01 18:42:51,38
CARO ,2018-10-01 19:42:52,38
CARO ,2018-10-01 20:42:50,39
CARO ,2018-10-01 21:42:51,39
CARO ,2018-10-01 22:42:50,39
CARO ,2018-10-01 23:42:51,39
CARO ,2018-10-02 00:42:54,39
CARO ,2018-10-02 01:42:51,39
CARO ,2018-10-02 02:42:51,39
CARO ,2018-10-02 03:42:51,39
CARO ,2018-10-02 04:42:51,39
CARO ,2018-10-02 05:42:50,39
CARO ,2018-10-02 06:42:51,39
CARO ,2018-10-02 07:42:51,39
CARO ,2018-10-02 08:42:50,39
CARO ,2018-10-02 09:42:50,39
CARO ,2018-10-02 10:42:50,39
CARO ,2018-10-02 11:42:51,39
CARO ,2018-10-02 12:42:50,39
CARO ,2018-10-02 13:42:54,39
CARO ,2018-10-02 14:42:53,39
CARO ,2018-10-02 15:42:52,39
CARO ,2018-10-02 16:42:52,39
CARO ,2018-10-02 17:42:51,39
CARO ,2018-10-02 18:42:51,39
CARO ,2018-10-02 19:42:51,39
CARO ,2018-10-02 20:42:52,38
CARO ,2018-10-02 21:42:51,38
CARO ,2018-10-02 22:42:51,38
CARO ,2018-10-02 23:42:51,38
CARO ,2018-10-03 00:42:50,38
CARO ,2018-10-03 01:42:50,38
CARO ,2018-10-03 02:43:21,38
CARO ,2018-10-03 03:42:52,38
CARO ,2018-10-03 04:42:53,38
CARO ,2018-10-03 05:42:52,38
CARO ,2018-10-03 06:42:51,38
CARO ,2018-10-03 07:42:52,38
CARO ,2018-10-03 08:42:52,38
CARO ,2018-10-03 09:42:52,38
CARO ,2018-10-03 10:42:52,38
CARO ,2018-10-03 11:42:52,38
CARO ,2018-10-03 12:42:51,38
CARO ,2018-10-03 13:44:03,38
CARO ,2018-10-03 15:07:57,37
CARO ,2018-10-03 15:42:52,37
CARO ,2018-10-03 16:42:53,37
CARO ,2018-10-03 17:42:52,37
CARO ,2018-10-03 18:42:51,37
CARO ,2018-10-03 19:42:51,37
CARO ,2018-10-03 20:42:50,37
CARO ,2018-10-03 21:42:51,37
CARO ,2018-10-03 22:42:52,37
CARO ,2018-10-03 23:42:51,37
CARO ,2018-10-04 00:42:51,37
CARO ,2018-10-04 01:42:52,37
CARO ,2018-10-04 02:42:50,37
CARO ,2018-10-04 03:42:49,37
CARO ,2018-10-04 04:42:50,37
CARO ,2018-10-04 05:42:51,37
CARO ,2018-10-04 06:42:49,37
CARO ,2018-10-04 07:42:50,37
CARO ,2018-10-04 08:42:49,37
CARO ,2018-10-04 09:42:50,37
CARO ,2018-10-04 10:42:50,37
CARO ,2018-10-04 11:42:50,37
CARO ,2018-10-04 12:42:51,37
CARO ,2018-10-04 14:09:01,37
CARO ,2018-10-04 14:42:52,37
CARO ,2018-10-04 15:42:52,37
CARO ,2018-10-04 16:42:55,37
CARO ,2018-10-04 17:42:54,37
CARO ,2018-10-04 18:42:52,37
CARO ,2018-10-04 19:42:53,37
CARO ,2018-10-04 20:42:52,37
CARO ,2018-10-04 21:42:52,37
CARO ,2018-10-04 22:42:52,37
CARO ,2018-10-04 23:42:51,37
CARO ,2018-10-05 00:42:52,37
CARO ,2018-10-05 01:42:52,37
CARO ,2018-10-05 02:42:52,37
CARO ,2018-10-05 03:42:52,37
CARO ,2018-10-05 04:42:53,37
CARO ,2018-10-05 05:42:53,37
CARO ,2018-10-05 06:42:52,37
CARO ,2018-10-05 07:42:52,37
CARO ,2018-10-05 08:42:51,37
CARO ,2018-10-05 09:42:52,37
CARO ,2018-10-05 10:42:52,37
CARO ,2018-10-05 11:42:51,37
CARO ,2018-10-05 12:42:52,37
CARO ,2018-10-05 13:42:56,37
CARO ,2018-10-05 14:42:53,37
CARO ,2018-10-05 15:42:55,37
CARO ,2018-10-05 16:42:55,37
CARO ,2018-10-05 17:42:56,37
CARO ,2018-10-05 18:42:55,37
CARO ,2018-10-05 19:42:52,37
CARO ,2018-10-05 20:42:51,37
CARO ,2018-10-05 21:42:51,37
CARO ,2018-10-05 22:42:52,37
CARO ,2018-10-05 23:42:51,37
CARO ,2018-10-06 00:42:52,37
CARO ,2018-10-06 01:42:52,37
CARO ,2018-10-06 02:42:53,37
CARO ,2018-10-06 03:42:52,37
CARO ,2018-10-06 04:42:52,37
CARO ,2018-10-06 05:42:52,37
CARO ,2018-10-06 06:42:53,37
CARO ,2018-10-06 07:42:52,37
CARO ,2018-10-06 08:42:51,37
CARO ,2018-10-06 09:42:52,37
CARO ,2018-10-06 10:42:52,37
CARO ,2018-10-06 11:42:51,37
CARO ,2018-10-06 12:42:52,37
CARO ,2018-10-06 13:42:51,37
CARO ,2018-10-06 14:42:52,37
CARO ,2018-10-06 15:42:52,37
CARO ,2018-10-06 16:42:52,37
CARO ,2018-10-06 17:42:51,37
CARO ,2018-10-06 18:42:52,37
CARO ,2018-10-06 19:42:53,37
CARO ,2018-10-06 20:42:51,37
CARO ,2018-10-06 21:42:52,37
CARO ,2018-10-06 22:42:51,37
CARO ,2018-10-06 23:42:52,37
CARO ,2018-10-07 00:42:51,37
CARO ,2018-10-07 01:42:52,37
CARO ,2018-10-07 02:42:52,37
CARO ,2018-10-07 03:42:52,37
CARO ,2018-10-07 04:42:52,37
CARO ,2018-10-07 05:42:53,37
CARO ,2018-10-07 06:42:52,37
CARO ,2018-10-07 07:42:52,37
CARO ,2018-10-07 08:42:51,37
CARO ,2018-10-07 09:42:51,37
CARO ,2018-10-07 10:42:51,37
CARO ,2018-10-07 11:42:51,37
CARO ,2018-10-07 12:42:51,37
CARO ,2018-10-07 13:42:52,37
CARO ,2018-10-07 14:42:52,37
CARO ,2018-10-07 15:42:52,37
CARO ,2018-10-07 16:42:53,37
CARO ,2018-10-07 17:42:52,37
CARO ,2018-10-07 18:42:52,37
CARO ,2018-10-07 19:42:52,37
CARO ,2018-10-07 20:42:52,37
CARO ,2018-10-07 21:42:52,37
CARO ,2018-10-07 22:42:52,37
CARO ,2018-10-07 23:42:52,37
CARO ,2018-10-08 00:42:51,37
CARO ,2018-10-08 01:42:51,37
CARO ,2018-10-08 02:42:53,37
CARO ,2018-10-08 03:42:51,37
CARO ,2018-10-08 04:42:51,37
CARO ,2018-10-08 05:42:51,37
CARO ,2018-10-08 06:42:52,37
CARO ,2018-10-08 07:42:51,37
CARO ,2018-10-08 08:42:51,37
CARO ,2018-10-08 09:42:51,37
CARO ,2018-10-08 10:42:51,37
CARO ,2018-10-08 11:42:51,37
CARO ,2018-10-08 12:42:51,37
CARO ,2018-10-08 13:42:59,37
CARO ,2018-10-08 14:42:53,37
CARO ,2018-10-08 15:42:54,37
CARO ,2018-10-08 16:42:55,37
CARO ,2018-10-08 17:42:54,37
CARO ,2018-10-08 18:42:53,37
CARO ,2018-10-08 19:42:53,37
CARO ,2018-10-08 20:42:51,37
CARO ,2018-10-08 21:42:51,37
CARO ,2018-10-08 22:42:51,37
CARO ,2018-10-08 23:42:52,37
CARO ,2018-10-09 00:42:51,37
CARO ,2018-10-09 01:43:21,37
CARO ,2018-10-09 02:42:50,37
CARO ,2018-10-09 03:42:56,37
CARO ,2018-10-09 04:42:50,37
CARO ,2018-10-09 05:42:51,37
CARO ,2018-10-09 06:42:50,37
CARO ,2018-10-09 07:42:50,37
CARO ,2018-10-09 08:42:50,37
CARO ,2018-10-09 09:42:50,37
CARO ,2018-10-09 10:42:50,37
CARO ,2018-10-09 11:42:51,37
CARO ,2018-10-09 12:42:50,37
CARO ,2018-10-09 13:42:56,37
CARO ,2018-10-09 14:42:54,37
CARO ,2018-10-09 15:42:52,37
CARO ,2018-10-09 16:42:51,37
CARO ,2018-10-09 17:42:50,37
CARO ,2018-10-09 18:42:51,37
CARO ,2018-10-09 19:42:50,37
CARO ,2018-10-09 21:42:49,37
CARO ,2018-10-09 22:42:51,37
CARO ,2018-10-09 23:42:50,37
CARO ,2018-10-10 00:42:50,37
CARO ,2018-10-10 01:42:51,37
CARO ,2018-10-10 02:42:51,37
CARO ,2018-10-10 03:42:55,37
CARO ,2018-10-10 04:42:51,37
CARO ,2018-10-10 05:42:50,37
CARO ,2018-10-10 06:42:50,37
CARO ,2018-10-10 07:42:51,37
CARO ,2018-10-10 08:42:51,37
CARO ,2018-10-10 09:42:50,37
CARO ,2018-10-10 10:42:51,37
CARO ,2018-10-10 11:42:50,37
CARO ,2018-10-10 12:42:50,37
CARO ,2018-10-10 13:42:55,37
CARO ,2018-10-10 14:42:53,37
CARO ,2018-10-10 15:42:53,37
CARO ,2018-10-10 16:42:51,37
CARO ,2018-10-10 17:42:51,37
CARO ,2018-10-10 18:42:53,37
CARO ,2018-10-10 19:42:56,37
CARO ,2018-10-10 20:42:52,37
CARO ,2018-10-10 21:42:51,37
CARO ,2018-10-10 22:42:51,37
CARO ,2018-10-10 23:42:51,37
CARO ,2018-10-11 00:42:53,37
CARO ,2018-10-11 01:42:51,37
CARO ,2018-10-11 02:42:50,37
CARO ,2018-10-11 03:42:50,37
CARO ,2018-10-11 04:42:49,37
CARO ,2018-10-11 05:42:49,37
CARO ,2018-10-11 06:42:50,37
CARO ,2018-10-11 07:42:49,37
CARO ,2018-10-11 08:42:51,37
CARO ,2018-10-11 09:42:50,37
CARO ,2018-10-11 10:42:51,37
CARO ,2018-10-11 11:42:50,37
CARO ,2018-10-11 12:42:50,37
CARO ,2018-10-11 13:42:54,37
CARO ,2018-10-11 14:42:50,37
CARO ,2018-10-11 15:42:52,37
CARO ,2018-10-11 16:42:54,37
CARO ,2018-10-11 17:42:52,37
CARO ,2018-10-11 18:42:54,37
CARO ,2018-10-11 19:42:52,37
CARO ,2018-10-11 20:42:51,36
CARO ,2018-10-11 21:42:51,36
CARO ,2018-10-11 22:42:50,36
CARO ,2018-10-11 23:42:52,36
CARO ,2018-10-12 00:42:50,36
CARO ,2018-10-12 01:42:50,36
CARO ,2018-10-12 02:42:51,36
CARO ,2018-10-12 03:42:50,36
CARO ,2018-10-12 04:42:51,36
CARO ,2018-10-12 05:42:50,36
CARO ,2018-10-12 06:42:49,36
CARO ,2018-10-12 07:42:50,36
CARO ,2018-10-12 08:42:50,36
CARO ,2018-10-12 09:42:51,36
CARO ,2018-10-12 10:42:50,36
CARO ,2018-10-12 11:42:51,36
CARO ,2018-10-12 12:42:50,36
CARO ,2018-10-12 13:42:55,36
CARO ,2018-10-12 14:42:51,36
CARO ,2018-10-12 15:42:53,36
CARO ,2018-10-12 16:42:52,36
CARO ,2018-10-12 17:42:51,36
CARO ,2018-10-12 18:42:50,36
CARO ,2018-10-12 19:42:51,36
CARO ,2018-10-12 20:42:50,36
CARO ,2018-10-12 21:42:50,36
CARO ,2018-10-12 22:42:50,36
CARO ,2018-10-12 23:42:50,36
CARO ,2018-10-13 00:42:50,36
CARO ,2018-10-13 01:42:51,36
CARO ,2018-10-13 02:42:51,36
CARO ,2018-10-13 03:42:51,36
CARO ,2018-10-13 04:42:51,36
CARO ,2018-10-13 05:42:50,36
CARO ,2018-10-13 06:42:50,36
CARO ,2018-10-13 07:42:51,36
CARO ,2018-10-13 08:42:51,36
CARO ,2018-10-13 09:42:51,36
CARO ,2018-10-13 10:42:50,36
CARO ,2018-10-13 11:42:49,36
CARO ,2018-10-13 12:42:50,36
CARO ,2018-10-13 13:42:50,36
CARO ,2018-10-13 14:42:51,36
CARO ,2018-10-13 15:42:51,36
CARO ,2018-10-13 16:42:50,36
CARO ,2018-10-13 17:42:51,36
CARO ,2018-10-13 18:42:50,36
CARO ,2018-10-13 19:42:51,36
CARO ,2018-10-13 20:42:51,36
CARO ,2018-10-13 21:42:51,36
CARO ,2018-10-13 22:42:52,36
CARO ,2018-10-13 23:42:51,36
CARO ,2018-10-14 00:42:51,36
CARO ,2018-10-14 01:42:51,36
CARO ,2018-10-14 02:42:50,36
CARO ,2018-10-14 03:42:50,36
CARO ,2018-10-14 04:42:51,36
CARO ,2018-10-14 05:42:50,36
CARO ,2018-10-14 06:42:50,36
CARO ,2018-10-14 07:42:51,36
CARO ,2018-10-14 08:42:49,36
CARO ,2018-10-14 09:42:50,36
CARO ,2018-10-14 10:42:50,36
CARO ,2018-10-14 11:42:50,36
CARO ,2018-10-14 12:42:50,36
CARO ,2018-10-14 13:42:50,36
CARO ,2018-10-14 14:42:50,36
CARO ,2018-10-14 15:42:51,36
CARO ,2018-10-14 16:42:49,36
CARO ,2018-10-14 17:42:50,36
CARO ,2018-10-14 18:42:50,36
CARO ,2018-10-14 19:42:51,36
CARO ,2018-10-14 20:42:49,36
CARO ,2018-10-14 21:42:51,36
CARO ,2018-10-14 22:42:50,36
CARO ,2018-10-14 23:42:51,36
CARO ,2018-10-15 00:42:52,36
CARO ,2018-10-15 01:42:50,36
CARO ,2018-10-15 02:42:50,36
CARO ,2018-10-15 03:42:51,36
CARO ,2018-10-15 04:42:50,36
CARO ,2018-10-15 05:42:51,36
CARO ,2018-10-15 06:42:51,36
CARO ,2018-10-15 07:42:51,36
CARO ,2018-10-15 08:43:03,36
CARO ,2018-10-15 09:42:50,36
CARO ,2018-10-15 10:42:51,36
CARO ,2018-10-15 11:42:50,36
CARO ,2018-10-15 12:42:50,36
CARO ,2018-10-15 13:42:56,36
CARO ,2018-10-15 14:42:53,36
CARO ,2018-10-15 15:42:54,36
CARO ,2018-10-15 16:42:54,36
CARO ,2018-10-15 17:42:54,36
CARO ,2018-10-15 18:42:52,36
CARO ,2018-10-15 19:42:52,36
CARO ,2018-10-15 20:42:53,36
CARO ,2018-10-15 21:42:53,36
CARO ,2018-10-15 22:42:51,36
CARO ,2018-10-15 23:42:52,36
CARO ,2018-10-16 00:42:52,36
CARO ,2018-10-16 01:42:54,36
CARO ,2018-10-16 02:42:51,36
CARO ,2018-10-16 03:42:51,36
CARO ,2018-10-16 04:42:52,36
CARO ,2018-10-16 09:42:50,36
CARO ,2018-10-16 10:42:51,36
CARO ,2018-10-16 11:42:50,36
CARO ,2018-10-16 12:42:52,36
CARO ,2018-10-16 13:42:57,36
CARO ,2018-10-16 14:42:54,36
CARO ,2018-10-16 15:42:54,36
CARO ,2018-10-16 16:42:52,36
CARO ,2018-10-16 17:42:54,36
CARO ,2018-10-16 18:42:55,36
CARO ,2018-10-16 19:42:55,36
CARO ,2018-10-16 20:42:53,36
CARO ,2018-10-16 21:42:52,36
CARO ,2018-10-16 22:42:53,36
CARO ,2018-10-16 23:42:53,36
CARO ,2018-10-17 00:42:53,36
CARO ,2018-10-17 01:42:53,36
CARO ,2018-10-17 02:42:52,36
CARO ,2018-10-17 03:42:52,36
CARO ,2018-10-17 04:42:52,36
CARO ,2018-10-17 05:42:53,36
CARO ,2018-10-17 06:42:52,36
CARO ,2018-10-17 07:42:52,36
CARO ,2018-10-17 08:42:52,36
CARO ,2018-10-17 09:42:52,36
CARO ,2018-10-17 10:42:50,36
CARO ,2018-10-17 11:42:50,36
CARO ,2018-10-17 12:42:52,36
CARO ,2018-10-17 14:08:57,36
CARO ,2018-10-17 14:42:52,36
CARO ,2018-10-17 15:42:54,36
CARO ,2018-10-17 16:42:53,36
CARO ,2018-10-17 17:42:54,36
CARO ,2018-10-17 18:42:54,36
CARO ,2018-10-17 19:42:54,36
CARO ,2018-10-17 20:42:53,36
CARO ,2018-10-17 21:42:53,36
CARO ,2018-10-17 22:42:52,36
CARO ,2018-10-17 23:42:52,36
CARO ,2018-10-18 00:42:53,36
CARO ,2018-10-18 01:42:52,36
CARO ,2018-10-18 02:42:53,36
CARO ,2018-10-18 03:42:54,36
CARO ,2018-10-18 04:42:50,36
CARO ,2018-10-18 05:42:51,36
CARO ,2018-10-18 06:42:51,36
CARO ,2018-10-18 07:42:51,36
CARO ,2018-10-18 08:42:51,36
CARO ,2018-10-18 09:42:51,36
CARO ,2018-10-18 10:42:51,36
CARO ,2018-10-18 11:42:50,36
CARO ,2018-10-18 13:07:54,36
CARO ,2018-10-18 13:42:54,36
CARO ,2018-10-18 14:42:53,36
CARO ,2018-10-18 15:42:54,36
CARO ,2018-10-18 16:42:53,36
CARO ,2018-10-18 17:42:52,36
CARO ,2018-10-18 18:42:51,36
CARO ,2018-10-18 19:42:52,36
CARO ,2018-10-18 20:42:52,36
CARO ,2018-10-18 21:42:52,36
CARO ,2018-10-18 22:42:51,36
CARO ,2018-10-18 23:42:50,36
CARO ,2018-10-19 00:42:52,36
CARO ,2018-10-19 01:42:52,36
CARO ,2018-10-19 02:42:52,36
CARO ,2018-10-19 03:42:52,36
CARO ,2018-10-19 04:42:51,36
CARO ,2018-10-19 05:42:50,36
CARO ,2018-10-19 06:42:51,36
CARO ,2018-10-19 07:42:52,36
CARO ,2018-10-19 08:42:51,36
CARO ,2018-10-19 09:42:50,36
CARO ,2018-10-19 10:42:51,36
CARO ,2018-10-19 11:42:51,36
CARO ,2018-10-19 13:07:25,36
CARO ,2018-10-19 13:42:58,36
CARO ,2018-10-19 14:42:52,36
CARO ,2018-10-19 15:42:53,36
CARO ,2018-10-19 16:42:52,36
CARO ,2018-10-19 17:42:51,36
CARO ,2018-10-19 18:42:52,36
CARO ,2018-10-19 19:42:53,36
CARO ,2018-10-19 20:42:53,36
CARO ,2018-10-19 21:42:51,36
CARO ,2018-10-19 22:42:51,36
CARO ,2018-10-19 23:43:20,36
CARO ,2018-10-20 00:42:51,36
CARO ,2018-10-20 01:42:53,36
CARO ,2018-10-20 02:42:51,36
CARO ,2018-10-20 03:42:51,36
CARO ,2018-10-20 04:42:51,36
CARO ,2018-10-20 05:42:52,36
CARO ,2018-10-20 06:42:52,36
CARO ,2018-10-20 07:42:51,36
CARO ,2018-10-20 08:42:51,36
CARO ,2018-10-20 09:42:51,36
CARO ,2018-10-20 10:42:51,36
CARO ,2018-10-20 11:42:51,36
CARO ,2018-10-20 12:42:51,36
CARO ,2018-10-20 13:42:53,36
CARO ,2018-10-20 14:42:53,36
CARO ,2018-10-20 15:42:53,36
CARO ,2018-10-20 16:42:52,36
CARO ,2018-10-20 17:42:52,36
CARO ,2018-10-20 18:42:52,36
CARO ,2018-10-20 19:42:52,36
CARO ,2018-10-20 20:42:52,36
CARO ,2018-10-20 21:42:53,36
CARO ,2018-10-20 22:42:52,36
CARO ,2018-10-20 23:42:52,36
CARO ,2018-10-21 00:42:52,36
CARO ,2018-10-21 01:42:52,36
CARO ,2018-10-21 02:42:52,36
CARO ,2018-10-21 03:42:52,36
CARO ,2018-10-21 04:42:51,36
CARO ,2018-10-21 05:42:51,36
CARO ,2018-10-21 06:42:51,36
CARO ,2018-10-21 07:42:56,36
CARO ,2018-10-21 08:42:51,36
CARO ,2018-10-21 09:42:51,36
CARO ,2018-10-21 10:42:50,36
CARO ,2018-10-21 11:42:50,36
CARO ,2018-10-21 12:42:50,36
CARO ,2018-10-21 13:42:55,36
CARO ,2018-10-21 14:42:53,36
CARO ,2018-10-21 15:42:53,36
CARO ,2018-10-21 16:42:51,36
CARO ,2018-10-21 17:42:52,36
CARO ,2018-10-21 18:42:52,36
CARO ,2018-10-21 19:42:51,36
CARO ,2018-10-21 20:42:51,36
CARO ,2018-10-21 21:42:51,36
CARO ,2018-10-21 22:42:52,36
CARO ,2018-10-21 23:42:52,36
CARO ,2018-10-22 00:42:54,36
CARO ,2018-10-22 01:42:54,36
CARO ,2018-10-22 02:42:54,36
CARO ,2018-10-22 03:42:54,36
CARO ,2018-10-22 04:42:54,36
CARO ,2018-10-22 05:42:52,36
CARO ,2018-10-22 06:42:52,36
CARO ,2018-10-22 07:42:54,36
CARO ,2018-10-22 08:42:52,36
CARO ,2018-10-22 09:42:52,36
CARO ,2018-10-22 10:42:52,36
CARO ,2018-10-22 11:42:52,36
CARO ,2018-10-22 12:42:53,36
CARO ,2018-10-22 13:42:55,36
CARO ,2018-10-22 14:42:55,36
CARO ,2018-10-22 15:42:53,36
CARO ,2018-10-22 16:42:52,36
CARO ,2018-10-22 17:42:53,36
CARO ,2018-10-22 18:42:51,36
CARO ,2018-10-22 19:42:53,36
CARO ,2018-10-22 20:42:52,36
CARO ,2018-10-22 21:42:53,36
CARO ,2018-10-22 22:42:52,36
CARO ,2018-10-22 23:42:52,36
CARO ,2018-10-23 00:42:53,36
CARO ,2018-10-23 01:42:52,36
CARO ,2018-10-23 02:42:52,36
CARO ,2018-10-23 03:42:52,36
CARO ,2018-10-23 04:42:52,36
CARO ,2018-10-23 05:42:52,36
CARO ,2018-10-23 06:42:51,36
CARO ,2018-10-23 07:42:54,36
CARO ,2018-10-23 08:42:51,36
CARO ,2018-10-23 09:42:52,36
CARO ,2018-10-23 10:42:51,36
CARO ,2018-10-23 11:42:51,36
CARO ,2018-10-23 12:42:50,36
CARO ,2018-10-23 13:42:55,36
CARO ,2018-10-23 14:42:52,36
CARO ,2018-10-23 15:42:51,36
CARO ,2018-10-23 16:42:52,36
CARO ,2018-10-23 17:42:52,36
CARO ,2018-10-23 18:42:53,36
CARO ,2018-10-23 19:42:52,36
CARO ,2018-10-23 20:42:51,36
CARO ,2018-10-23 21:42:52,36
CARO ,2018-10-23 22:42:52,36
CARO ,2018-10-23 23:42:51,36
CARO ,2018-10-24 00:42:51,36
CARO ,2018-10-24 01:42:52,36
CARO ,2018-10-24 02:42:53,36
CARO ,2018-10-24 03:42:52,36
CARO ,2018-10-24 04:42:52,36
CARO ,2018-10-24 05:42:53,36
CARO ,2018-10-24 06:42:53,36
CARO ,2018-10-24 07:42:52,36
CARO ,2018-10-24 08:42:52,36
CARO ,2018-10-24 09:42:51,36
CARO ,2018-10-24 10:42:52,36
CARO ,2018-10-24 11:42:51,36
CARO ,2018-10-24 12:42:51,36
CARO ,2018-10-24 13:42:54,36
CARO ,2018-10-24 14:42:54,36
CARO ,2018-10-24 15:42:54,36
CARO ,2018-10-24 16:42:53,36
CARO ,2018-10-24 17:42:53,36
CARO ,2018-10-24 18:42:54,36
CARO ,2018-10-24 19:42:53,36
CARO ,2018-10-24 20:42:56,36
CARO ,2018-10-24 21:42:53,36
CARO ,2018-10-24 22:42:53,36
CARO ,2018-10-24 23:42:52,36
CARO ,2018-10-25 00:42:53,36
CARO ,2018-10-25 01:42:53,36
CARO ,2018-10-25 02:42:53,36
CARO ,2018-10-25 03:42:52,36
CARO ,2018-10-25 04:42:53,36
CARO ,2018-10-25 05:42:53,36
CARO ,2018-10-25 06:42:53,36
CARO ,2018-10-25 07:42:53,36
CARO ,2018-10-25 08:42:53,36
CARO ,2018-10-25 09:42:52,36
CARO ,2018-10-25 10:42:53,36
CARO ,2018-10-25 11:42:54,36
CARO ,2018-10-25 14:09:01,36
CARO ,2018-10-25 14:42:57,36
CARO ,2018-10-25 15:42:55,36
CARO ,2018-10-25 16:42:54,36
CARO ,2018-10-25 17:42:54,36
CARO ,2018-10-25 18:42:55,36
CARO ,2018-10-25 19:42:53,36
CARO ,2018-10-25 20:42:53,36
CARO ,2018-10-25 21:42:53,36
CARO ,2018-10-25 22:42:53,36
CARO ,2018-10-25 23:42:54,36
CARO ,2018-10-26 00:42:53,36
CARO ,2018-10-26 01:42:53,36
CARO ,2018-10-26 02:42:54,36
CARO ,2018-10-26 03:42:55,36
CARO ,2018-10-26 04:42:55,36
CARO ,2018-10-26 05:42:53,36
CARO ,2018-10-26 06:42:53,36
CARO ,2018-10-26 07:42:52,36
CARO ,2018-10-26 08:42:52,36
CARO ,2018-10-26 09:42:52,36
CARO ,2018-10-26 10:42:52,36
CARO ,2018-10-26 11:42:52,36
CARO ,2018-10-26 12:42:53,36
CARO ,2018-10-26 13:42:53,36
CARO ,2018-10-26 14:42:54,36
CARO ,2018-10-26 15:42:52,36
CARO ,2018-10-26 16:42:53,36
CARO ,2018-10-26 17:42:52,36
CARO ,2018-10-26 18:42:52,36
CARO ,2018-10-26 19:42:52,36
CARO ,2018-10-26 20:42:52,36
CARO ,2018-10-26 21:42:52,36
CARO ,2018-10-26 22:42:52,36
CARO ,2018-10-26 23:42:52,36
CARO ,2018-10-27 00:42:52,36
CARO ,2018-10-27 01:42:53,36
CARO ,2018-10-27 02:42:52,36
CARO ,2018-10-27 03:42:51,36
CARO ,2018-10-27 04:42:51,36
CARO ,2018-10-27 05:42:52,36
CARO ,2018-10-27 06:42:52,36
CARO ,2018-10-27 07:42:52,36
CARO ,2018-10-27 08:42:53,36
CARO ,2018-10-27 09:42:52,36
CARO ,2018-10-27 10:42:53,36
CARO ,2018-10-27 11:42:52,36
CARO ,2018-10-27 12:42:52,36
CARO ,2018-10-27 13:42:51,36
CARO ,2018-10-27 14:42:52,36
CARO ,2018-10-27 15:42:53,36
CARO ,2018-10-27 16:42:52,36
CARO ,2018-10-27 17:42:53,36
CARO ,2018-10-27 18:42:52,36
CARO ,2018-10-27 19:42:52,36
CARO ,2018-10-27 20:42:52,36
CARO ,2018-10-27 21:42:52,36
CARO ,2018-10-27 22:42:52,36
CARO ,2018-10-27 23:42:52,36
CARO ,2018-10-28 00:42:52,36
CARO ,2018-10-28 01:42:52,36
CARO ,2018-10-28 02:42:52,36
CARO ,2018-10-28 03:42:52,36
CARO ,2018-10-28 04:42:52,36
CARO ,2018-10-28 05:42:52,36
CARO ,2018-10-28 06:42:52,36
CARO ,2018-10-28 07:42:51,36
CARO ,2018-10-28 08:42:52,36
CARO ,2018-10-28 09:42:53,36
CARO ,2018-10-28 10:42:52,36
CARO ,2018-10-28 11:42:51,36
CARO ,2018-10-28 12:42:51,36
CARO ,2018-10-28 13:42:52,36
CARO ,2018-10-28 14:42:52,36
CARO ,2018-10-28 15:42:52,36
CARO ,2018-10-28 16:42:53,36
CARO ,2018-10-28 17:42:52,36
CARO ,2018-10-28 18:42:52,36
CARO ,2018-10-28 19:42:51,36
CARO ,2018-10-28 20:42:52,36
CARO ,2018-10-28 21:42:51,36
CARO ,2018-10-28 22:42:52,36
CARO ,2018-10-28 23:42:51,36
CARO ,2018-10-29 00:42:52,36
CARO ,2018-10-29 01:42:53,36
CARO ,2018-10-29 02:42:53,36
CARO ,2018-10-29 03:42:51,36
CARO ,2018-10-29 04:42:53,36
CARO ,2018-10-29 05:42:51,36
CARO ,2018-10-29 06:42:52,36
CARO ,2018-10-29 07:42:51,36
CARO ,2018-10-29 08:42:52,36
CARO ,2018-10-29 09:42:52,36
CARO ,2018-10-29 10:42:52,36
CARO ,2018-10-29 11:42:51,36
CARO ,2018-10-29 12:42:52,36
CARO ,2018-10-29 13:42:56,36
CARO ,2018-10-29 14:42:53,37
CARO ,2018-10-29 15:42:52,37
CARO ,2018-10-29 16:42:54,37
CARO ,2018-10-29 17:42:52,37
CARO ,2018-10-29 18:42:53,37
CARO ,2018-10-29 19:42:54,37
CARO ,2018-10-29 20:42:53,37
CARO ,2018-10-29 21:42:53,37
CARO ,2018-10-29 22:42:53,37
CARO ,2018-10-29 23:42:53,37
CARO ,2018-10-30 00:42:52,37
CARO ,2018-10-30 01:42:52,37
CARO ,2018-10-30 02:42:53,37
CARO ,2018-10-30 03:42:53,37
CARO ,2018-10-30 04:42:53,37
CARO ,2018-10-30 05:42:51,37
CARO ,2018-10-30 06:42:52,37
CARO ,2018-10-30 07:42:51,37
CARO ,2018-10-30 08:42:51,37
CARO ,2018-10-30 09:42:52,37
CARO ,2018-10-30 10:42:52,37
CARO ,2018-10-30 11:42:52,37
CARO ,2018-10-30 12:42:52,37
CARO ,2018-10-30 13:42:55,37
CARO ,2018-10-30 14:42:56,37
CARO ,2018-10-30 15:42:54,37
CARO ,2018-10-30 16:42:53,37
CARO ,2018-10-30 17:42:52,37
CARO ,2018-10-30 18:42:53,37
CARO ,2018-10-30 19:42:53,37
CARO ,2018-10-30 20:42:53,37
CARO ,2018-10-30 21:42:52,37
CARO ,2018-10-30 22:42:52,37
CARO ,2018-10-30 23:42:52,37
CARO ,2018-10-31 00:42:52,37
CARO ,2018-10-31 01:42:53,37
CARO ,2018-10-31 02:42:53,37
CARO ,2018-10-31 03:42:52,37
CARO ,2018-10-31 04:42:52,37
CARO ,2018-10-31 05:42:52,37
CARO ,2018-10-31 06:42:52,37
CARO ,2018-10-31 07:42:51,37
CARO ,2018-10-31 08:42:52,37
CARO ,2018-10-31 09:42:52,37
CARO ,2018-10-31 10:42:52,37
CARO ,2018-10-31 11:42:52,37
CARO ,2018-10-31 12:42:53,37
CARO ,2018-10-31 14:09:29,37
CARO ,2018-10-31 14:42:54,37
CARO ,2018-10-31 15:42:54,37
CARO ,2018-10-31 16:42:54,37
CARO ,2018-10-31 17:42:53,37
CARO ,2018-10-31 18:42:53,37
CARO ,2018-10-31 19:42:53,37
CARO ,2018-10-31 20:42:53,37
CARO ,2018-10-31 21:42:52,37
CARO ,2018-10-31 22:42:52,37
CARO ,2018-10-31 23:42:53,37
CARO ,2018-11-01 00:42:53,37
CARO ,2018-11-01 01:42:53,37
CARO ,2018-11-01 02:42:53,37
CARO ,2018-11-01 03:42:52,37
CARO ,2018-11-01 04:42:53,37
CARO ,2018-11-01 05:42:53,37
CARO ,2018-11-01 06:42:53,37
CARO ,2018-11-01 07:42:53,37
CARO ,2018-11-01 08:42:53,37
CARO ,2018-11-01 09:42:53,37
CARO ,2018-11-01 10:42:54,37
CARO ,2018-11-01 11:42:53,37
CARO ,2018-11-01 12:42:53,37
CARO ,2018-11-01 13:42:54,37
CARO ,2018-11-01 14:42:58,37
CARO ,2018-11-01 15:42:56,37
CARO ,2018-11-01 16:42:55,37
CARO ,2018-11-01 17:42:54,37
CARO ,2018-11-01 18:42:55,37
CARO ,2018-11-01 19:42:56,37
CARO ,2018-11-01 20:42:57,37
CARO ,2018-11-01 21:42:55,37
CARO ,2018-11-01 22:42:55,37
CARO ,2018-11-01 23:42:54,37
CARO ,2018-11-02 00:42:53,37
CARO ,2018-11-02 01:42:53,37
CARO ,2018-11-02 02:42:54,37
CARO ,2018-11-02 03:42:56,37
CARO ,2018-11-02 04:42:54,37
CARO ,2018-11-02 05:42:53,37
CARO ,2018-11-02 06:42:53,37
CARO ,2018-11-02 07:42:53,37
CARO ,2018-11-02 08:42:53,37
CARO ,2018-11-02 09:42:54,37
CARO ,2018-11-02 10:42:53,37
CARO ,2018-11-02 11:42:52,37
CARO ,2018-11-02 12:42:53,37
CARO ,2018-11-02 14:07:28,37
CARO ,2018-11-02 14:42:55,37
CARO ,2018-11-02 15:42:55,37
CARO ,2018-11-02 16:42:55,37
CARO ,2018-11-02 17:42:54,37
CARO ,2018-11-02 18:42:53,37
CARO ,2018-11-02 19:42:54,37
CARO ,2018-11-02 20:42:55,37
CARO ,2018-11-02 21:42:54,37
CARO ,2018-11-02 22:42:54,37
CARO ,2018-11-02 23:42:54,37
CARO ,2018-11-03 00:42:55,37
CARO ,2018-11-03 01:42:54,37
CARO ,2018-11-03 02:42:56,37
CARO ,2018-11-03 03:42:53,37
CARO ,2018-11-03 04:42:54,37
CARO ,2018-11-03 05:42:54,37
CARO ,2018-11-03 06:42:53,37
CARO ,2018-11-03 07:42:52,37
CARO ,2018-11-03 08:42:54,37
CARO ,2018-11-03 09:42:54,37
CARO ,2018-11-03 10:42:53,37
CARO ,2018-11-03 11:42:54,37
CARO ,2018-11-03 12:42:54,37
CARO ,2018-11-03 13:42:53,37
CARO ,2018-11-03 14:42:54,37
CARO ,2018-11-03 15:42:53,37
CARO ,2018-11-03 16:42:53,37
CARO ,2018-11-03 17:42:58,37
CARO ,2018-11-03 18:42:56,37
CARO ,2018-11-03 19:42:54,37
CARO ,2018-11-03 20:42:53,37
CARO ,2018-11-03 21:43:57,37
CARO ,2018-11-03 22:42:53,37
CARO ,2018-11-03 23:42:54,37
CARO ,2018-11-04 00:42:54,37
CARO ,2018-11-04 01:42:54,37
CARO ,2018-11-04 02:42:54,37
CARO ,2018-11-04 03:42:54,37
CARO ,2018-11-04 04:42:55,37
CARO ,2018-11-04 05:42:53,37
CARO ,2018-11-04 06:42:54,37
CARO ,2018-11-04 07:42:54,37
CARO ,2018-11-04 08:42:55,37
CARO ,2018-11-04 09:42:53,37
CARO ,2018-11-04 10:42:53,37
CARO ,2018-11-04 11:42:53,37
CARO ,2018-11-04 12:42:54,37
CARO ,2018-11-04 13:42:53,37
CARO ,2018-11-04 14:42:53,37
CARO ,2018-11-04 15:42:53,37
CARO ,2018-11-04 16:42:53,37
CARO ,2018-11-04 17:42:54,37
CARO ,2018-11-04 18:42:54,37
CARO ,2018-11-04 19:42:54,37
CARO ,2018-11-04 20:42:53,37
CARO ,2018-11-04 21:42:53,37
CARO ,2018-11-04 22:42:54,37
CARO ,2018-11-04 23:42:55,37
CARO ,2018-11-05 00:42:53,37
CARO ,2018-11-05 01:42:53,37
CARO ,2018-11-05 02:42:53,37
CARO ,2018-11-05 03:42:55,37
CARO ,2018-11-05 04:42:55,37
CARO ,2018-11-05 05:42:55,37
CARO ,2018-11-05 06:42:53,37
CARO ,2018-11-05 07:42:54,37
CARO ,2018-11-05 08:42:53,37
CARO ,2018-11-05 09:42:54,37
CARO ,2018-11-05 10:42:53,37
CARO ,2018-11-05 11:42:53,37
CARO ,2018-11-05 12:42:53,37
CARO ,2018-11-05 13:42:53,37
CARO ,2018-11-05 14:42:59,37
CARO ,2018-11-05 15:42:54,36
CARO ,2018-11-05 16:42:57,36
CARO ,2018-11-05 17:42:53,36
CARO ,2018-11-05 18:42:53,36
CARO ,2018-11-05 19:42:53,36
CARO ,2018-11-05 20:42:54,36
CARO ,2018-11-05 21:42:56,36
CARO ,2018-11-05 22:42:56,36
CARO ,2018-11-05 23:42:54,36
CARO ,2018-11-06 00:42:53,36
CARO ,2018-11-06 01:42:53,36
CARO ,2018-11-06 02:42:54,36
CARO ,2018-11-06 03:42:55,36
CARO ,2018-11-06 04:42:54,36
CARO ,2018-11-06 05:42:55,36
CARO ,2018-11-06 06:42:54,36
CARO ,2018-11-06 07:42:55,36
CARO ,2018-11-06 08:42:55,36
CARO ,2018-11-06 09:42:55,36
CARO ,2018-11-06 10:42:55,36
CARO ,2018-11-06 11:42:55,36
CARO ,2018-11-06 12:42:55,36
CARO ,2018-11-06 13:42:55,36
CARO ,2018-11-06 14:42:59,36
CARO ,2018-11-06 15:42:58,36
CARO ,2018-11-06 16:42:58,36
CARO ,2018-11-06 17:43:01,36
CARO ,2018-11-06 18:42:57,36
CARO ,2018-11-06 19:42:55,36
CARO ,2018-11-06 20:42:56,36
CARO ,2018-11-06 21:42:55,35
CARO ,2018-11-06 22:42:57,35
CARO ,2018-11-06 23:42:55,35
CARO ,2018-11-07 00:42:56,35
CARO ,2018-11-07 01:42:55,35
CARO ,2018-11-07 02:42:56,35
CARO ,2018-11-07 03:42:55,35
CARO ,2018-11-07 04:42:54,35
CARO ,2018-11-07 05:42:55,35
CARO ,2018-11-07 06:42:55,35
CARO ,2018-11-07 07:42:55,35
CARO ,2018-11-07 08:42:55,35
CARO ,2018-11-07 09:42:54,35
CARO ,2018-11-07 10:42:55,35
CARO ,2018-11-07 11:42:54,35
CARO ,2018-11-07 12:42:55,35
CARO ,2018-11-07 13:42:55,35
CARO ,2018-11-07 14:43:00,35
CARO ,2018-11-07 15:42:56,35
CARO ,2018-11-07 16:42:55,34
CARO ,2018-11-07 17:42:57,34
CARO ,2018-11-07 18:42:58,34
CARO ,2018-11-07 19:42:58,34
CARO ,2018-11-07 20:42:57,34
CARO ,2018-11-07 21:42:55,34
CARO ,2018-11-07 22:42:56,34
CARO ,2018-11-07 23:42:55,34
CARO ,2018-11-08 00:42:54,34
CARO ,2018-11-08 01:42:56,34
CARO ,2018-11-08 02:42:54,34
CARO ,2018-11-08 03:42:55,34
CARO ,2018-11-08 04:42:55,34
CARO ,2018-11-08 05:42:55,34
CARO ,2018-11-08 06:43:06,34
CARO ,2018-11-08 07:42:55,34
CARO ,2018-11-08 08:42:56,34
CARO ,2018-11-08 09:42:55,34
CARO ,2018-11-08 10:42:55,34
CARO ,2018-11-08 11:42:54,34
CARO ,2018-11-08 12:42:55,34
CARO ,2018-11-08 13:42:54,34
CARO ,2018-11-08 14:42:59,34
CARO ,2018-11-08 15:42:58,34
CARO ,2018-11-08 16:42:58,34
CARO ,2018-11-08 17:42:56,34
CARO ,2018-11-08 18:42:56,34
CARO ,2018-11-08 19:42:56,34
CARO ,2018-11-08 20:43:00,34
CARO ,2018-11-08 21:42:58,34
CARO ,2018-11-08 22:42:56,34
CARO ,2018-11-08 23:42:56,34
CARO ,2018-11-09 00:42:57,34
CARO ,2018-11-09 01:42:56,34
CARO ,2018-11-09 02:42:57,34
CARO ,2018-11-09 03:42:57,34
CARO ,2018-11-09 04:42:57,34
CARO ,2018-11-09 05:42:57,34
CARO ,2018-11-09 06:42:55,34
CARO ,2018-11-09 07:42:56,34
CARO ,2018-11-09 08:42:56,34
CARO ,2018-11-09 09:42:56,34
CARO ,2018-11-09 10:42:55,34
CARO ,2018-11-09 11:42:55,34
CARO ,2018-11-09 12:42:56,34
CARO ,2018-11-09 13:42:55,34
CARO ,2018-11-09 15:06:59,34
CARO ,2018-11-09 15:42:59,34
CARO ,2018-11-09 16:42:57,34
CARO ,2018-11-09 17:42:57,34
CARO ,2018-11-09 18:42:57,34
CARO ,2018-11-09 19:43:01,34
CARO ,2018-11-09 20:42:59,34
CARO ,2018-11-09 21:42:57,34
CARO ,2018-11-09 22:42:57,34
CARO ,2018-11-09 23:42:56,34
CARO ,2018-11-10 00:42:56,34
CARO ,2018-11-10 01:42:57,34
CARO ,2018-11-10 02:42:55,34
CARO ,2018-11-10 03:42:56,34
CARO ,2018-11-10 04:42:57,34
CARO ,2018-11-10 05:42:55,34
CARO ,2018-11-10 06:42:55,34
CARO ,2018-11-10 07:42:55,34
CARO ,2018-11-10 08:42:56,34
CARO ,2018-11-10 09:42:56,34
CARO ,2018-11-10 10:42:55,34
CARO ,2018-11-10 11:42:56,34
CARO ,2018-11-10 12:42:55,34
CARO ,2018-11-10 13:42:56,34
CARO ,2018-11-10 14:42:56,34
CARO ,2018-11-10 15:42:59,34
CARO ,2018-11-10 16:42:56,34
CARO ,2018-11-10 17:42:57,34
CARO ,2018-11-10 18:42:58,34
CARO ,2018-11-10 19:42:58,34
CARO ,2018-11-10 20:42:56,34
CARO ,2018-11-10 21:42:57,34
CARO ,2018-11-10 22:42:56,34
CARO ,2018-11-10 23:42:56,34
CARO ,2018-11-11 00:42:57,34
CARO ,2018-11-11 01:42:57,34
CARO ,2018-11-11 02:42:55,34
CARO ,2018-11-11 03:42:57,34
CARO ,2018-11-11 04:42:56,34
CARO ,2018-11-11 05:42:57,34
CARO ,2018-11-11 06:42:56,34
CARO ,2018-11-11 07:42:57,34
CARO ,2018-11-11 08:42:56,34
CARO ,2018-11-11 09:42:57,34
CARO ,2018-11-11 10:42:57,34
CARO ,2018-11-11 11:42:56,34
CARO ,2018-11-11 12:42:57,34
CARO ,2018-11-11 13:42:56,34
CARO ,2018-11-11 14:42:57,34
CARO ,2018-11-11 15:42:57,34
CARO ,2018-11-11 16:42:56,34
CARO ,2018-11-11 17:42:56,34
CARO ,2018-11-11 18:42:56,34
CARO ,2018-11-11 19:42:55,34
CARO ,2018-11-11 20:42:57,34
CARO ,2018-11-11 21:42:55,34
CARO ,2018-11-11 22:42:57,34
CARO ,2018-11-11 23:42:56,34
CARO ,2018-11-12 00:42:57,34
CARO ,2018-11-12 01:42:55,34
CARO ,2018-11-12 02:42:56,34
CARO ,2018-11-12 03:42:57,34
CARO ,2018-11-12 04:42:56,34
CARO ,2018-11-12 05:42:57,34
CARO ,2018-11-12 06:42:57,34
CARO ,2018-11-12 07:42:56,34
CARO ,2018-11-12 08:42:57,34
CARO ,2018-11-12 09:42:56,34
CARO ,2018-11-12 10:42:56,34
CARO ,2018-11-12 11:42:57,34
CARO ,2018-11-12 12:42:55,34
CARO ,2018-11-12 13:42:56,34
CARO ,2018-11-12 14:42:59,34
CARO ,2018-11-12 15:42:57,34
CARO ,2018-11-12 16:42:58,34
CARO ,2018-11-12 17:42:55,34
CARO ,2018-11-12 18:42:56,34
CARO ,2018-11-12 19:42:58,34
CARO ,2018-11-12 20:42:57,34
CARO ,2018-11-12 21:42:56,34
CARO ,2018-11-12 22:42:56,34
CARO ,2018-11-12 23:42:56,34
CARO ,2018-11-13 00:42:57,34
CARO ,2018-11-13 01:42:56,34
CARO ,2018-11-13 02:42:57,34
CARO ,2018-11-13 03:42:57,34
CARO ,2018-11-13 04:42:56,34
CARO ,2018-11-13 05:42:56,34
CARO ,2018-11-13 06:42:56,34
CARO ,2018-11-13 07:42:57,34
CARO ,2018-11-13 08:42:58,34
CARO ,2018-11-13 09:42:57,34
CARO ,2018-11-13 10:42:57,34
CARO ,2018-11-13 11:42:57,34
CARO ,2018-11-13 12:42:56,34
CARO ,2018-11-13 13:42:56,34
CARO ,2018-11-13 14:42:59,34
CARO ,2018-11-13 15:42:57,34
CARO ,2018-11-13 16:42:56,34
CARO ,2018-11-13 17:42:57,34
CARO ,2018-11-13 18:42:55,34
CARO ,2018-11-13 19:42:56,34
CARO ,2018-11-13 20:42:56,34
CARO ,2018-11-13 21:42:56,34
CARO ,2018-11-13 22:42:56,34
CARO ,2018-11-13 23:42:56,34
CARO ,2018-11-14 00:42:56,34
CARO ,2018-11-14 01:42:56,34
CARO ,2018-11-14 02:42:55,34
CARO ,2018-11-14 03:42:56,34
CARO ,2018-11-14 04:42:56,34
CARO ,2018-11-14 05:42:56,34
CARO ,2018-11-14 06:42:57,34
CARO ,2018-11-14 07:42:56,34
CARO ,2018-11-14 08:42:56,34
CARO ,2018-11-14 09:42:56,34
CARO ,2018-11-14 10:42:56,34
CARO ,2018-11-14 11:42:57,34
CARO ,2018-11-14 12:42:56,34
CARO ,2018-11-14 13:42:56,34
CARO ,2018-11-14 14:42:58,34
CARO ,2018-11-14 15:42:58,34
CARO ,2018-11-14 16:42:59,34
CARO ,2018-11-14 17:42:58,34
CARO ,2018-11-14 18:42:59,34
CARO ,2018-11-14 19:42:58,34
CARO ,2018-11-14 20:42:58,34
CARO ,2018-11-14 21:42:58,34
CARO ,2018-11-14 22:42:58,34
CARO ,2018-11-14 23:42:57,34
CARO ,2018-11-15 00:42:56,34
CARO ,2018-11-15 01:42:57,34
CARO ,2018-11-15 02:42:56,34
CARO ,2018-11-15 03:42:56,34
CARO ,2018-11-15 04:42:57,34
CARO ,2018-11-15 05:42:57,34
CARO ,2018-11-15 06:42:56,34
CARO ,2018-11-15 07:42:55,34
CARO ,2018-11-15 08:42:56,34
CARO ,2018-11-15 09:42:56,34
CARO ,2018-11-15 10:42:57,34
CARO ,2018-11-15 11:42:56,34
CARO ,2018-11-15 12:42:56,34
CARO ,2018-11-15 13:42:57,34
CARO ,2018-11-15 14:42:58,34
CARO ,2018-11-15 15:42:58,34
CARO ,2018-11-15 16:42:56,34
CARO ,2018-11-15 17:42:59,34
CARO ,2018-11-15 18:42:57,34
CARO ,2018-11-15 19:42:56,34
CARO ,2018-11-15 20:42:59,34
CARO ,2018-11-15 21:43:00,34
CARO ,2018-11-15 22:42:58,34
CARO ,2018-11-15 23:42:56,34
CARO ,2018-11-16 00:42:56,34
CARO ,2018-11-16 01:42:56,34
CARO ,2018-11-16 02:42:56,34
CARO ,2018-11-16 03:42:56,34
CARO ,2018-11-16 04:42:56,34
CARO ,2018-11-16 05:42:56,34
CARO ,2018-11-16 06:42:57,34
CARO ,2018-11-16 07:42:57,34
CARO ,2018-11-16 08:42:56,34
CARO ,2018-11-16 09:42:56,34
CARO ,2018-11-16 10:42:56,34
CARO ,2018-11-16 11:42:56,34
CARO ,2018-11-16 12:42:55,34
CARO ,2018-11-16 13:42:56,34
CARO ,2018-11-16 14:42:59,34
CARO ,2018-11-16 15:42:57,34
CARO ,2018-11-16 16:42:57,34
CARO ,2018-11-16 17:42:57,34
CARO ,2018-11-16 18:42:56,34
CARO ,2018-11-16 19:42:56,34
CARO ,2018-11-16 20:43:03,34
CARO ,2018-11-16 21:42:58,34
CARO ,2018-11-16 22:42:58,34
CARO ,2018-11-16 23:42:58,34
CARO ,2018-11-17 00:42:58,34
CARO ,2018-11-17 01:42:57,34
CARO ,2018-11-17 02:42:55,34
CARO ,2018-11-17 03:43:00,34
CARO ,2018-11-17 04:42:56,34
CARO ,2018-11-17 05:42:57,34
CARO ,2018-11-17 06:42:58,34
CARO ,2018-11-17 07:42:55,34
CARO ,2018-11-17 08:42:57,34
CARO ,2018-11-17 09:42:56,34
CARO ,2018-11-17 10:42:57,34
CARO ,2018-11-17 11:42:56,34
CARO ,2018-11-17 12:42:57,34
CARO ,2018-11-17 13:42:56,34
CARO ,2018-11-17 14:42:59,34
CARO ,2018-11-17 15:42:57,34
CARO ,2018-11-17 16:42:56,34
CARO ,2018-11-17 17:42:58,34
CARO ,2018-11-17 18:42:56,34
CARO ,2018-11-17 19:42:57,34
CARO ,2018-11-17 20:42:56,34
CARO ,2018-11-17 21:42:56,34
CARO ,2018-11-17 22:42:56,34
CARO ,2018-11-17 23:42:56,34
CARO ,2018-11-18 00:42:56,34
CARO ,2018-11-18 01:42:56,34
CARO ,2018-11-18 02:42:56,34
CARO ,2018-11-18 03:42:57,34
CARO ,2018-11-18 04:42:56,34
CARO ,2018-11-18 05:42:55,34
CARO ,2018-11-18 06:42:57,34
CARO ,2018-11-18 07:42:55,34
CARO ,2018-11-18 08:42:55,34
CARO ,2018-11-18 09:42:56,34
CARO ,2018-11-18 10:42:55,34
CARO ,2018-11-18 11:42:56,34
CARO ,2018-11-18 12:42:56,34
CARO ,2018-11-18 13:42:56,34
CARO ,2018-11-18 14:42:57,34
CARO ,2018-11-18 15:42:57,34
CARO ,2018-11-18 16:42:56,34
CARO ,2018-11-18 17:42:56,34
CARO ,2018-11-18 18:42:56,34
CARO ,2018-11-18 19:42:56,34
CARO ,2018-11-18 20:42:56,34
CARO ,2018-11-18 21:42:56,34
CARO ,2018-11-18 22:42:56,34
CARO ,2018-11-18 23:42:57,34
CARO ,2018-11-19 00:42:56,34
CARO ,2018-11-19 01:42:57,34
CARO ,2018-11-19 02:42:56,34
CARO ,2018-11-19 03:42:56,34
CARO ,2018-11-19 04:42:56,34
CARO ,2018-11-19 05:42:56,34
CARO ,2018-11-19 06:42:56,34
CARO ,2018-11-19 07:42:56,34
CARO ,2018-11-19 08:42:56,34
CARO ,2018-11-19 09:42:55,34
CARO ,2018-11-19 10:42:57,34
CARO ,2018-11-19 11:42:56,34
CARO ,2018-11-19 12:42:57,34
CARO ,2018-11-19 13:42:55,34
CARO ,2018-11-19 14:42:58,34
CARO ,2018-11-19 15:42:56,33
CARO ,2018-11-19 16:42:59,33
CARO ,2018-11-19 17:42:59,33
CARO ,2018-11-19 18:42:58,33
CARO ,2018-11-19 19:42:57,33
CARO ,2018-11-19 20:42:57,33
CARO ,2018-11-19 21:42:56,33
CARO ,2018-11-19 22:42:57,33
CARO ,2018-11-19 23:42:57,33
CARO ,2018-11-20 00:42:57,33
CARO ,2018-11-20 01:42:57,33
CARO ,2018-11-20 02:42:58,33
CARO ,2018-11-20 03:42:57,33
CARO ,2018-11-20 04:42:56,33
CARO ,2018-11-20 05:42:55,33
CARO ,2018-11-20 06:42:57,33
CARO ,2018-11-20 07:42:56,33
CARO ,2018-11-20 08:42:57,33
CARO ,2018-11-20 09:42:57,33
CARO ,2018-11-20 10:42:56,33
CARO ,2018-11-20 11:42:56,33
CARO ,2018-11-20 12:42:56,33
CARO ,2018-11-20 13:42:57,33
CARO ,2018-11-20 14:43:00,33
CARO ,2018-11-20 15:43:00,33
CARO ,2018-11-20 16:42:56,33
CARO ,2018-11-20 17:42:56,33
CARO ,2018-11-20 18:42:59,33
CARO ,2018-11-20 19:42:57,33
CARO ,2018-11-20 20:42:57,33
CARO ,2018-11-20 21:42:59,33
CARO ,2018-11-20 22:42:56,33
CARO ,2018-11-20 23:42:56,33
CARO ,2018-11-21 00:42:55,33
CARO ,2018-11-21 01:42:55,33
CARO ,2018-11-21 02:42:55,33
CARO ,2018-11-21 03:42:56,33
CARO ,2018-11-21 04:42:56,33
CARO ,2018-11-21 05:42:56,33
CARO ,2018-11-21 06:42:57,33
CARO ,2018-11-21 07:42:57,33
CARO ,2018-11-21 08:42:56,33
CARO ,2018-11-21 09:42:56,33
CARO ,2018-11-21 10:42:55,33
CARO ,2018-11-21 11:42:55,33
CARO ,2018-11-21 12:42:55,33
CARO ,2018-11-21 13:42:55,33
CARO ,2018-11-21 14:42:59,33
CARO ,2018-11-21 16:42:56,33
CARO ,2018-11-21 17:43:00,33
CARO ,2018-11-21 18:42:56,33
CARO ,2018-11-21 19:42:57,33
CARO ,2018-11-21 20:42:58,33
CARO ,2018-11-21 21:42:57,33
CARO ,2018-11-21 22:42:56,33
CARO ,2018-11-21 23:42:55,33
CARO ,2018-11-22 00:42:55,33
CARO ,2018-11-22 01:42:56,33
CARO ,2018-11-22 02:42:56,33
CARO ,2018-11-22 03:42:56,33
CARO ,2018-11-22 04:42:57,33
CARO ,2018-11-22 05:42:56,33
CARO ,2018-11-22 06:42:56,33
CARO ,2018-11-22 07:42:56,33
CARO ,2018-11-22 08:42:56,33
CARO ,2018-11-22 09:42:56,33
CARO ,2018-11-22 10:42:56,33
CARO ,2018-11-22 11:42:56,33
CARO ,2018-11-22 12:42:56,33
CARO ,2018-11-22 13:42:56,33
CARO ,2018-11-22 14:42:55,33
CARO ,2018-11-22 15:42:56,33
CARO ,2018-11-22 16:42:55,33
CARO ,2018-11-22 17:42:57,33
CARO ,2018-11-22 18:42:55,33
CARO ,2018-11-22 19:42:55,33
CARO ,2018-11-22 20:42:56,33
CARO ,2018-11-22 21:42:56,33
CARO ,2018-11-22 22:42:56,33
CARO ,2018-11-22 23:42:56,33
CARO ,2018-11-23 00:42:55,33
CARO ,2018-11-23 01:42:55,33
CARO ,2018-11-23 02:42:55,33
CARO ,2018-11-23 03:42:56,33
CARO ,2018-11-23 04:42:56,33
CARO ,2018-11-23 05:42:56,33
CARO ,2018-11-23 06:42:55,33
CARO ,2018-11-23 07:42:56,33
CARO ,2018-11-23 08:42:56,33
CARO ,2018-11-23 09:42:56,33
CARO ,2018-11-23 10:42:56,33
CARO ,2018-11-23 11:42:57,33
CARO ,2018-11-23 12:42:56,33
CARO ,2018-11-23 13:42:55,33
CARO ,2018-11-23 14:42:57,33
CARO ,2018-11-23 15:42:57,33
CARO ,2018-11-23 16:42:55,33
CARO ,2018-11-23 17:42:55,33
CARO ,2018-11-23 18:42:55,33
CARO ,2018-11-23 19:42:56,33
CARO ,2018-11-23 20:42:57,33
CARO ,2018-11-23 21:42:57,33
CARO ,2018-11-23 22:42:56,33
CARO ,2018-11-23 23:42:57,33
CARO ,2018-11-24 00:42:56,33
CARO ,2018-11-24 01:42:57,33
CARO ,2018-11-24 02:42:58,33
CARO ,2018-11-24 03:42:57,33
CARO ,2018-11-24 04:42:57,33
CARO ,2018-11-24 05:42:58,33
CARO ,2018-11-24 06:42:57,33
CARO ,2018-11-24 07:42:56,33
CARO ,2018-11-24 08:42:57,33
CARO ,2018-11-24 09:42:56,33
CARO ,2018-11-24 10:42:55,33
CARO ,2018-11-24 11:42:57,33
CARO ,2018-11-24 12:42:56,33
CARO ,2018-11-24 13:42:56,33
CARO ,2018-11-24 14:42:57,33
CARO ,2018-11-24 15:42:57,33
CARO ,2018-11-24 16:42:56,33
CARO ,2018-11-24 17:42:57,33
CARO ,2018-11-24 18:42:56,33
CARO ,2018-11-24 19:42:56,33
CARO ,2018-11-24 20:42:57,33
CARO ,2018-11-24 21:42:56,33
CARO ,2018-11-24 22:42:56,33
CARO ,2018-11-24 23:42:57,33
CARO ,2018-11-25 00:42:57,33
CARO ,2018-11-25 01:42:57,33
CARO ,2018-11-25 02:42:57,33
CARO ,2018-11-25 03:42:56,33
CARO ,2018-11-25 04:42:57,33
CARO ,2018-11-25 05:42:56,33
CARO ,2018-11-25 06:42:56,33
CARO ,2018-11-25 07:42:56,33
CARO ,2018-11-25 08:42:56,33
CARO ,2018-11-25 09:42:56,33
CARO ,2018-11-25 10:42:56,33
CARO ,2018-11-25 11:42:57,33
CARO ,2018-11-25 12:42:56,33
CARO ,2018-11-25 13:42:56,33
CARO ,2018-11-25 14:42:56,33
CARO ,2018-11-25 15:42:56,33
CARO ,2018-11-25 16:42:57,33
CARO ,2018-11-25 17:42:57,33
CARO ,2018-11-25 18:42:57,33
CARO ,2018-11-25 19:42:57,33
CARO ,2018-11-25 20:42:56,33
CARO ,2018-11-25 21:42:56,33
CARO ,2018-11-25 22:42:57,33
CARO ,2018-11-25 23:42:56,33
CARO ,2018-11-26 00:42:56,33
CARO ,2018-11-26 01:42:57,33
CARO ,2018-11-26 02:42:58,33
CARO ,2018-11-26 03:42:56,33
CARO ,2018-11-26 04:42:56,33
CARO ,2018-11-26 05:42:56,33
CARO ,2018-11-26 06:42:56,33
CARO ,2018-11-26 07:42:56,33
CARO ,2018-11-26 08:42:56,33
CARO ,2018-11-26 09:42:57,33
CARO ,2018-11-26 10:42:56,33
CARO ,2018-11-26 11:42:56,33
CARO ,2018-11-26 12:42:56,33
CARO ,2018-11-26 13:42:55,33
CARO ,2018-11-26 14:43:00,33
CARO ,2018-11-26 15:42:56,33
CARO ,2018-11-26 16:42:56,33
CARO ,2018-11-26 17:42:57,33
CARO ,2018-11-26 18:42:57,33
CARO ,2018-11-26 19:42:56,33
CARO ,2018-11-26 20:42:57,33
CARO ,2018-11-26 21:42:55,33
CARO ,2018-11-26 22:42:58,33
CARO ,2018-11-26 23:42:59,33
CARO ,2018-11-27 00:42:58,33
CARO ,2018-11-27 01:42:57,33
CARO ,2018-11-27 02:42:57,33
CARO ,2018-11-27 03:42:56,33
CARO ,2018-11-27 04:42:56,33
CARO ,2018-11-27 05:42:56,33
CARO ,2018-11-27 06:42:56,33
CARO ,2018-11-27 07:42:56,33
CARO ,2018-11-27 08:42:55,33
CARO ,2018-11-27 09:42:56,33
CARO ,2018-11-27 10:44:44,33
CARO ,2018-11-27 11:42:55,33
CARO ,2018-11-27 12:42:55,33
CARO ,2018-11-27 13:42:57,33
CARO ,2018-11-27 14:42:59,33
CARO ,2018-11-27 15:42:58,33
CARO ,2018-11-27 16:43:00,33
CARO ,2018-11-27 17:42:59,33
CARO ,2018-11-27 18:42:58,33
CARO ,2018-11-27 19:42:58,33
CARO ,2018-11-27 20:42:57,33
CARO ,2018-11-27 21:42:59,33
CARO ,2018-11-27 22:42:58,33
CARO ,2018-11-27 23:42:58,33
CARO ,2018-11-28 00:42:57,33
CARO ,2018-11-28 01:42:58,33
CARO ,2018-11-28 02:42:57,33
CARO ,2018-11-28 03:42:59,33
CARO ,2018-11-28 04:42:59,33
CARO ,2018-11-28 05:42:58,33
CARO ,2018-11-28 06:42:57,33
CARO ,2018-11-28 07:42:56,33
CARO ,2018-11-28 08:42:57,33
CARO ,2018-11-28 09:43:00,33
CARO ,2018-11-28 10:42:57,33
CARO ,2018-11-28 11:42:56,33
CARO ,2018-11-28 12:42:57,33
CARO ,2018-11-28 14:07:59,33
CARO ,2018-11-28 14:42:58,33
CARO ,2018-11-28 15:43:01,33
CARO ,2018-11-28 16:42:58,33
CARO ,2018-11-28 17:43:00,33
CARO ,2018-11-28 18:42:58,33
CARO ,2018-11-28 19:42:58,33
CARO ,2018-11-28 20:42:58,33
CARO ,2018-11-28 21:42:56,33
CARO ,2018-11-28 22:42:56,33
CARO ,2018-11-28 23:42:55,33
CARO ,2018-11-29 00:42:56,33
CARO ,2018-11-29 01:42:57,33
CARO ,2018-11-29 02:42:56,33
CARO ,2018-11-29 03:42:56,33
CARO ,2018-11-29 04:42:56,33
CARO ,2018-11-29 05:42:56,33
CARO ,2018-11-29 06:42:56,33
CARO ,2018-11-29 07:42:55,33
CARO ,2018-11-29 08:42:55,33
CARO ,2018-11-29 09:42:56,33
CARO ,2018-11-29 10:42:56,33
CARO ,2018-11-29 11:42:55,33
CARO ,2018-11-29 12:42:56,33
CARO ,2018-11-29 13:42:56,33
CARO ,2018-11-29 15:08:03,33
CARO ,2018-11-29 15:42:58,33
CARO ,2018-11-29 16:42:58,33
CARO ,2018-11-29 17:43:00,33
CARO ,2018-11-29 18:43:01,33
CARO ,2018-11-29 19:42:58,33
CARO ,2018-11-29 20:42:56,33
CARO ,2018-11-29 21:42:59,33
CARO ,2018-11-29 22:42:58,33
CARO ,2018-11-29 23:42:59,33
CARO ,2018-11-30 00:42:59,33
CARO ,2018-11-30 01:42:59,33
CARO ,2018-11-30 02:42:56,33
CARO ,2018-11-30 03:42:59,33
CARO ,2018-11-30 04:42:57,33
CARO ,2018-11-30 05:42:59,33
CARO ,2018-11-30 06:42:58,33
CARO ,2018-11-30 07:42:57,33
CARO ,2018-11-30 08:42:56,33
CARO ,2018-11-30 09:42:58,33
CARO ,2018-11-30 10:42:57,33
CARO ,2018-11-30 11:42:56,33
CARO ,2018-11-30 12:42:57,33
CARO ,2018-11-30 13:42:57,33
CARO ,2018-11-30 14:43:00,33
CARO ,2018-11-30 15:42:59,33
CARO ,2018-11-30 16:42:58,33
CARO ,2018-11-30 17:42:59,33
CARO ,2018-11-30 18:42:57,33
CARO ,2018-11-30 19:42:57,33
CARO ,2018-11-30 20:42:58,33
CARO ,2018-11-30 21:42:57,33
CARO ,2018-11-30 22:43:00,33
CARO ,2018-11-30 23:42:58,33
CARO ,2018-12-01 00:42:57,33
CARO ,2018-12-01 01:42:57,33
CARO ,2018-12-01 02:42:57,33
CARO ,2018-12-01 03:42:57,33
CARO ,2018-12-01 04:42:56,33
CARO ,2018-12-01 05:42:58,33
CARO ,2018-12-01 06:42:56,33
CARO ,2018-12-01 07:42:56,33
CARO ,2018-12-01 08:42:56,33
CARO ,2018-12-01 09:42:57,33
CARO ,2018-12-01 10:42:57,33
CARO ,2018-12-01 11:42:57,33
CARO ,2018-12-01 12:42:57,33
CARO ,2018-12-01 13:42:57,33
CARO ,2018-12-01 14:42:56,33
CARO ,2018-12-01 15:42:57,33
CARO ,2018-12-01 16:42:57,33
CARO ,2018-12-01 17:42:56,33
CARO ,2018-12-01 18:42:57,33
CARO ,2018-12-01 19:42:56,33
CARO ,2018-12-01 20:42:57,33
CARO ,2018-12-01 21:42:56,33
CARO ,2018-12-01 22:43:00,33
CARO ,2018-12-01 23:42:58,33
CARO ,2018-12-02 00:42:56,33
CARO ,2018-12-02 01:42:57,33
CARO ,2018-12-02 02:42:56,33
CARO ,2018-12-02 03:42:57,33
CARO ,2018-12-02 04:42:57,33
CARO ,2018-12-02 05:42:57,33
CARO ,2018-12-02 06:42:57,33
CARO ,2018-12-02 07:42:58,33
CARO ,2018-12-02 08:42:59,33
CARO ,2018-12-02 09:42:56,33
CARO ,2018-12-02 10:42:58,33
CARO ,2018-12-02 11:42:57,33
CARO ,2018-12-02 12:42:56,33
CARO ,2018-12-02 13:42:56,33
CARO ,2018-12-02 14:42:56,33
CARO ,2018-12-02 15:42:57,33
CARO ,2018-12-02 16:42:56,33
CARO ,2018-12-02 17:42:56,33
CARO ,2018-12-02 18:42:56,33
CARO ,2018-12-02 19:42:56,33
CARO ,2018-12-02 20:42:56,33
CARO ,2018-12-02 21:42:56,33
CARO ,2018-12-02 22:42:56,33
CARO ,2018-12-02 23:42:57,33
CARO ,2018-12-03 00:42:57,33
CARO ,2018-12-03 01:42:56,33
CARO ,2018-12-03 02:42:57,33
CARO ,2018-12-03 03:42:57,33
CARO ,2018-12-03 04:42:58,33
CARO ,2018-12-03 05:42:56,33
CARO ,2018-12-03 06:42:58,33
CARO ,2018-12-03 07:42:57,33
CARO ,2018-12-03 08:42:57,33
CARO ,2018-12-03 09:42:58,33
CARO ,2018-12-03 10:42:57,33
CARO ,2018-12-03 11:42:57,33
CARO ,2018-12-03 12:42:56,33
CARO ,2018-12-03 13:42:56,33
CARO ,2018-12-03 14:43:01,33
CARO ,2018-12-03 15:42:57,33
CARO ,2018-12-03 16:42:59,33
CARO ,2018-12-03 17:42:59,33
CARO ,2018-12-03 18:42:58,33
CARO ,2018-12-03 19:42:56,33
CARO ,2018-12-03 20:42:57,33
CARO ,2018-12-03 21:42:57,33
CARO ,2018-12-03 22:42:58,33
CARO ,2018-12-03 23:43:00,33
CARO ,2018-12-04 00:42:58,33
CARO ,2018-12-04 01:42:57,33
CARO ,2018-12-04 02:42:58,33
CARO ,2018-12-04 03:42:57,33
CARO ,2018-12-04 04:42:57,33
CARO ,2018-12-04 05:43:00,33
CARO ,2018-12-04 06:42:59,33
CARO ,2018-12-04 07:42:58,33
CARO ,2018-12-04 08:42:58,33
CARO ,2018-12-04 09:42:57,33
CARO ,2018-12-04 10:42:55,33
CARO ,2018-12-04 11:42:56,33
CARO ,2018-12-04 12:42:57,33
CARO ,2018-12-04 13:42:57,33
CARO ,2018-12-04 15:09:31,33
CARO ,2018-12-04 15:42:59,33
CARO ,2018-12-04 16:42:57,33
CARO ,2018-12-04 17:42:58,33
CARO ,2018-12-04 18:42:58,33
CARO ,2018-12-04 19:42:58,33
CARO ,2018-12-04 20:42:58,33
CARO ,2018-12-04 21:42:58,33
CARO ,2018-12-04 22:43:00,33
CARO ,2018-12-04 23:42:59,33
CARO ,2018-12-05 00:42:59,33
CARO ,2018-12-05 01:42:59,33
CARO ,2018-12-05 02:42:59,33
CARO ,2018-12-05 03:42:58,33
CARO ,2018-12-05 04:43:01,33
CARO ,2018-12-05 05:43:01,33
CARO ,2018-12-05 06:42:58,33
CARO ,2018-12-05 07:42:57,33
CARO ,2018-12-05 08:42:57,33
CARO ,2018-12-05 09:42:56,33
CARO ,2018-12-05 10:42:58,33
CARO ,2018-12-05 11:42:57,33
CARO ,2018-12-05 12:42:56,33
CARO ,2018-12-05 13:42:56,33
CARO ,2018-12-05 14:42:57,33
CARO ,2018-12-05 15:42:58,33
CARO ,2018-12-05 16:42:57,33
CARO ,2018-12-05 17:42:57,33
CARO ,2018-12-05 18:42:57,33
CARO ,2018-12-05 19:42:59,33
CARO ,2018-12-05 20:42:58,33
CARO ,2018-12-05 21:42:59,33
CARO ,2018-12-05 22:42:58,33
CARO ,2018-12-05 23:42:59,33
CARO ,2018-12-06 00:42:59,33
CARO ,2018-12-06 01:42:58,33
CARO ,2018-12-06 02:42:57,33
CARO ,2018-12-06 03:42:58,33
CARO ,2018-12-06 04:42:56,33
CARO ,2018-12-06 05:42:57,33
CARO ,2018-12-06 06:42:57,33
CARO ,2018-12-06 07:42:56,33
CARO ,2018-12-06 08:42:59,33
CARO ,2018-12-06 09:42:58,33
CARO ,2018-12-06 10:42:57,33
CARO ,2018-12-06 11:42:58,33
CARO ,2018-12-06 12:42:57,33
CARO ,2018-12-06 13:42:58,33
CARO ,2018-12-06 14:43:00,33
CARO ,2018-12-06 15:42:58,33
CARO ,2018-12-06 16:42:58,33
CARO ,2018-12-06 17:42:59,33
CARO ,2018-12-06 18:42:58,33
CARO ,2018-12-06 19:42:57,33
CARO ,2018-12-06 20:42:57,33
CARO ,2018-12-06 21:42:57,33
CARO ,2018-12-06 22:42:56,33
CARO ,2018-12-06 23:43:01,33
CARO ,2018-12-07 00:43:03,33
CARO ,2018-12-07 01:43:02,33
CARO ,2018-12-07 02:43:01,33
CARO ,2018-12-07 03:43:02,33
CARO ,2018-12-07 04:43:03,33
CARO ,2018-12-07 05:43:02,33
CARO ,2018-12-07 06:43:02,33
CARO ,2018-12-07 07:43:01,33
CARO ,2018-12-07 08:43:01,33
CARO ,2018-12-07 09:43:01,33
CARO ,2018-12-07 10:43:01,33
CARO ,2018-12-07 11:43:01,33
CARO ,2018-12-07 12:43:02,33
CARO ,2018-12-07 14:08:02,33
CARO ,2018-12-07 14:43:05,33
CARO ,2018-12-07 16:08:06,33
CARO ,2018-12-07 16:43:01,33
CARO ,2018-12-07 17:43:02,33
CARO ,2018-12-07 18:43:01,33
CARO ,2018-12-07 19:43:04,33
CARO ,2018-12-07 20:43:02,33
CARO ,2018-12-07 21:43:01,33
CARO ,2018-12-07 22:43:03,33
CARO ,2018-12-07 23:43:04,33
CARO ,2018-12-08 00:43:02,33
CARO ,2018-12-08 01:43:00,33
CARO ,2018-12-08 03:43:03,33
CARO ,2018-12-08 04:43:02,33
CARO ,2018-12-08 05:43:02,33
CARO ,2018-12-08 06:43:00,33
CARO ,2018-12-08 07:43:02,33
CARO ,2018-12-08 08:43:01,33
CARO ,2018-12-08 09:43:00,33
CARO ,2018-12-08 10:43:01,33
CARO ,2018-12-08 11:43:01,33
CARO ,2018-12-08 12:43:02,33
CARO ,2018-12-08 13:43:00,33
CARO ,2018-12-08 14:43:01,33
CARO ,2018-12-08 15:43:01,33
CARO ,2018-12-08 16:43:02,33
CARO ,2018-12-08 17:43:01,33
CARO ,2018-12-08 18:43:00,33
CARO ,2018-12-08 19:43:01,33
CARO ,2018-12-08 20:43:04,33
CARO ,2018-12-08 21:43:04,33
CARO ,2018-12-08 22:43:01,33
CARO ,2018-12-08 23:43:02,33
CARO ,2018-12-09 00:43:01,33
CARO ,2018-12-09 01:43:03,33
CARO ,2018-12-09 02:43:02,33
CARO ,2018-12-09 03:43:01,33
CARO ,2018-12-09 04:43:00,33
CARO ,2018-12-09 05:43:00,33
CARO ,2018-12-09 06:43:01,33
CARO ,2018-12-09 07:43:02,33
CARO ,2018-12-09 08:43:01,33
CARO ,2018-12-09 09:43:04,33
CARO ,2018-12-09 10:43:01,33
CARO ,2018-12-09 11:43:03,33
CARO ,2018-12-09 12:43:01,33
CARO ,2018-12-09 13:43:01,33
CARO ,2018-12-09 14:43:01,33
CARO ,2018-12-09 15:43:02,33
CARO ,2018-12-09 16:43:01,33
CARO ,2018-12-09 17:43:01,33
CARO ,2018-12-09 18:43:01,33
CARO ,2018-12-09 19:43:00,33
CARO ,2018-12-09 20:43:01,33
CARO ,2018-12-09 21:43:01,33
CARO ,2018-12-09 22:43:03,33
CARO ,2018-12-09 23:43:02,33
CARO ,2018-12-10 00:43:03,33
CARO ,2018-12-10 01:43:00,33
CARO ,2018-12-10 02:43:01,33
CARO ,2018-12-10 03:43:01,33
CARO ,2018-12-10 04:43:03,33
CARO ,2018-12-10 05:43:00,33
CARO ,2018-12-10 06:43:04,33
CARO ,2018-12-10 07:43:04,33
CARO ,2018-12-10 08:43:01,33
CARO ,2018-12-10 09:43:01,33
CARO ,2018-12-10 10:43:02,33
CARO ,2018-12-10 11:43:00,33
CARO ,2018-12-10 12:43:01,33
CARO ,2018-12-10 13:43:04,33
CARO ,2018-12-10 15:06:37,33
CARO ,2018-12-10 15:43:01,33
CARO ,2018-12-10 16:43:02,33
CARO ,2018-12-10 17:43:03,33
CARO ,2018-12-10 18:43:02,33
CARO ,2018-12-10 19:43:02,33
CARO ,2018-12-10 20:43:00,33
CARO ,2018-12-10 21:43:02,33
CARO ,2018-12-10 22:43:01,33
CARO ,2018-12-10 23:43:02,33
CARO ,2018-12-11 00:43:01,33
CARO ,2018-12-11 01:43:01,33
CARO ,2018-12-11 02:43:01,33
CARO ,2018-12-11 03:43:01,33
CARO ,2018-12-11 04:43:00,33
CARO ,2018-12-11 05:43:03,33
CARO ,2018-12-11 06:43:02,33
CARO ,2018-12-11 07:43:02,33
CARO ,2018-12-11 08:43:01,33
CARO ,2018-12-11 09:43:01,33
CARO ,2018-12-11 10:43:01,33
CARO ,2018-12-11 11:43:02,33
CARO ,2018-12-11 12:43:02,33
CARO ,2018-12-11 13:43:01,33
CARO ,2018-12-11 15:07:35,33
CARO ,2018-12-11 15:43:02,33
CARO ,2018-12-11 16:43:02,33
CARO ,2018-12-11 17:43:02,33
CARO ,2018-12-11 18:43:02,33
CARO ,2018-12-11 19:43:02,33
CARO ,2018-12-11 20:43:01,33
CARO ,2018-12-11 21:43:04,33
CARO ,2018-12-11 22:43:03,33
CARO ,2018-12-11 23:43:02,33
CARO ,2018-12-12 00:43:01,33
CARO ,2018-12-12 01:43:01,33
CARO ,2018-12-12 02:43:02,33
CARO ,2018-12-12 03:43:02,33
CARO ,2018-12-12 04:43:01,33
CARO ,2018-12-12 05:43:00,33
CARO ,2018-12-12 06:43:01,33
CARO ,2018-12-12 07:43:01,33
CARO ,2018-12-12 08:43:02,33
CARO ,2018-12-12 09:43:01,33
CARO ,2018-12-12 10:43:01,33
CARO ,2018-12-12 11:43:03,33
CARO ,2018-12-12 12:43:05,33
CARO ,2018-12-12 14:08:38,33
CARO ,2018-12-12 14:43:04,33
CARO ,2018-12-12 15:43:02,33
CARO ,2018-12-12 16:43:03,33
CARO ,2018-12-12 17:43:02,33
CARO ,2018-12-12 18:43:01,33
CARO ,2018-12-12 19:43:02,33
CARO ,2018-12-12 20:43:01,33
CARO ,2018-12-12 21:43:02,33
CARO ,2018-12-12 22:43:03,33
CARO ,2018-12-12 23:43:02,33
CARO ,2018-12-13 00:43:01,33
CARO ,2018-12-13 01:43:02,33
CARO ,2018-12-13 02:43:03,33
CARO ,2018-12-13 03:43:01,33
CARO ,2018-12-13 04:43:06,33
CARO ,2018-12-13 05:43:04,33
CARO ,2018-12-13 06:43:03,33
CARO ,2018-12-13 07:43:02,33
CARO ,2018-12-13 08:43:01,33
CARO ,2018-12-13 09:43:01,33
CARO ,2018-12-13 10:43:01,33
CARO ,2018-12-13 11:43:01,33
CARO ,2018-12-13 12:43:00,33
CARO ,2018-12-13 14:07:05,33
CARO ,2018-12-13 14:43:03,33
CARO ,2018-12-13 15:43:04,33
CARO ,2018-12-13 16:43:02,33
CARO ,2018-12-13 17:43:03,33
CARO ,2018-12-13 18:43:03,33
CARO ,2018-12-13 19:43:02,33
CARO ,2018-12-13 20:43:02,33
CARO ,2018-12-13 21:43:01,33
CARO ,2018-12-13 22:43:03,33
CARO ,2018-12-13 23:43:02,33
CARO ,2018-12-14 00:43:02,33
CARO ,2018-12-14 01:43:02,33
CARO ,2018-12-14 02:43:01,33
CARO ,2018-12-14 03:43:01,33
CARO ,2018-12-14 04:43:04,33
CARO ,2018-12-14 05:43:01,33
CARO ,2018-12-14 06:43:02,33
CARO ,2018-12-14 07:43:02,33
CARO ,2018-12-14 08:43:02,33
CARO ,2018-12-14 09:43:01,33
CARO ,2018-12-14 10:43:02,33
CARO ,2018-12-14 11:43:01,33
CARO ,2018-12-14 12:43:02,33
CARO ,2018-12-14 14:07:05,33
CARO ,2018-12-14 14:43:03,33
CARO ,2018-12-14 15:43:03,33
CARO ,2018-12-14 16:43:01,33
CARO ,2018-12-14 17:43:03,33
CARO ,2018-12-14 18:43:05,33
CARO ,2018-12-14 19:43:05,33
CARO ,2018-12-14 20:43:04,33
CARO ,2018-12-14 21:43:01,33
CARO ,2018-12-14 22:43:04,33
CARO ,2018-12-14 23:43:03,33
CARO ,2018-12-15 00:43:02,33
CARO ,2018-12-15 01:43:03,33
CARO ,2018-12-15 02:43:01,33
CARO ,2018-12-15 03:43:02,33
CARO ,2018-12-15 04:43:01,33
CARO ,2018-12-15 05:43:03,33
CARO ,2018-12-15 06:43:02,33
CARO ,2018-12-15 07:43:02,33
CARO ,2018-12-15 08:43:01,33
CARO ,2018-12-15 09:43:01,33
CARO ,2018-12-15 10:43:02,33
CARO ,2018-12-15 11:43:01,33
CARO ,2018-12-15 12:43:02,33
CARO ,2018-12-15 13:43:02,33
CARO ,2018-12-15 14:43:01,33
CARO ,2018-12-15 15:43:02,33
CARO ,2018-12-15 16:43:01,33
CARO ,2018-12-15 17:43:03,33
CARO ,2018-12-15 18:43:02,33
CARO ,2018-12-15 19:43:02,33
CARO ,2018-12-15 20:43:01,33
CARO ,2018-12-15 21:43:01,33
CARO ,2018-12-15 22:43:02,33
CARO ,2018-12-15 23:43:01,33
CARO ,2018-12-16 00:43:02,33
CARO ,2018-12-16 01:43:02,33
CARO ,2018-12-16 02:43:01,33
CARO ,2018-12-16 03:43:02,33
CARO ,2018-12-16 04:43:04,33
CARO ,2018-12-16 05:43:01,33
CARO ,2018-12-16 06:43:03,33
CARO ,2018-12-16 07:43:02,33
CARO ,2018-12-16 08:43:01,33
CARO ,2018-12-16 09:43:03,33
CARO ,2018-12-16 10:43:01,33
CARO ,2018-12-16 11:43:02,33
CARO ,2018-12-16 12:43:01,33
CARO ,2018-12-16 13:43:01,33
CARO ,2018-12-16 14:43:01,33
CARO ,2018-12-16 15:43:01,33
CARO ,2018-12-16 16:43:01,33
CARO ,2018-12-16 17:43:04,33
CARO ,2018-12-16 18:43:01,33
CARO ,2018-12-16 19:43:02,33
CARO ,2018-12-16 20:43:02,33
CARO ,2018-12-16 21:43:01,33
CARO ,2018-12-16 22:43:04,33
CARO ,2018-12-16 23:43:04,33
CARO ,2018-12-17 00:43:02,33
CARO ,2018-12-17 01:43:01,33
CARO ,2018-12-17 02:43:02,33
CARO ,2018-12-17 03:43:01,33
CARO ,2018-12-17 04:43:05,33
CARO ,2018-12-17 05:43:01,33
CARO ,2018-12-17 06:43:03,33
CARO ,2018-12-17 07:43:02,33
CARO ,2018-12-17 08:43:01,33
CARO ,2018-12-17 09:43:02,33
CARO ,2018-12-17 10:43:02,33
CARO ,2018-12-17 11:43:01,33
CARO ,2018-12-17 12:43:01,33
CARO ,2018-12-17 13:43:04,33
CARO ,2018-12-17 14:43:06,33
CARO ,2018-12-17 15:43:03,33
CARO ,2018-12-17 16:43:03,33
CARO ,2018-12-17 17:43:02,33
CARO ,2018-12-17 18:43:03,33
CARO ,2018-12-17 20:08:35,33
CARO ,2018-12-17 20:43:03,33
CARO ,2018-12-17 21:43:04,33
CARO ,2018-12-17 22:43:03,33
CARO ,2018-12-17 23:43:01,33
CARO ,2018-12-18 00:43:02,33
CARO ,2018-12-18 01:43:03,33
CARO ,2018-12-18 02:43:01,33
CARO ,2018-12-18 03:43:02,33
CARO ,2018-12-18 04:43:01,33
CARO ,2018-12-18 05:43:02,33
CARO ,2018-12-18 06:43:01,33
CARO ,2018-12-18 07:43:01,33
CARO ,2018-12-18 08:43:01,33
CARO ,2018-12-18 09:43:00,33
CARO ,2018-12-18 10:43:01,33
CARO ,2018-12-18 11:43:00,33
CARO ,2018-12-18 12:43:02,33
CARO ,2018-12-18 13:43:01,33
CARO ,2018-12-18 14:43:02,33
CARO ,2018-12-18 15:43:01,33
CARO ,2018-12-18 16:43:01,33
CARO ,2018-12-18 17:43:02,33
CARO ,2018-12-18 18:43:01,33
CARO ,2018-12-18 19:43:01,33
CARO ,2018-12-18 20:43:03,33
CARO ,2018-12-18 21:43:03,33
CARO ,2018-12-18 22:43:01,33
CARO ,2018-12-18 23:43:03,33
CARO ,2018-12-19 00:43:01,33
CARO ,2018-12-19 01:43:02,33
CARO ,2018-12-19 02:43:01,33
CARO ,2018-12-19 03:43:03,33
CARO ,2018-12-19 04:43:03,33
CARO ,2018-12-19 05:43:04,33
CARO ,2018-12-19 06:43:03,33
CARO ,2018-12-19 07:43:02,33
CARO ,2018-12-19 08:43:01,33
CARO ,2018-12-19 09:43:03,33
CARO ,2018-12-19 11:43:02,33
CARO ,2018-12-19 12:43:01,33
CARO ,2018-12-19 13:43:01,33
CARO ,2018-12-19 14:43:02,33
CARO ,2018-12-19 15:43:02,32
CARO ,2018-12-19 16:43:02,32
CARO ,2018-12-19 17:43:00,32
CARO ,2018-12-19 18:43:03,32
CARO ,2018-12-19 19:43:02,32
CARO ,2018-12-19 20:43:02,32
CARO ,2018-12-19 21:43:06,32
CARO ,2018-12-19 22:43:06,32
CARO ,2018-12-19 23:43:06,32
CARO ,2018-12-20 00:43:05,32
CARO ,2018-12-20 01:43:04,32
CARO ,2018-12-20 02:43:04,32
CARO ,2018-12-20 03:43:04,32
CARO ,2018-12-20 04:43:04,32
CARO ,2018-12-20 05:43:02,32
CARO ,2018-12-20 06:43:02,32
CARO ,2018-12-20 07:43:05,32
CARO ,2018-12-20 08:43:04,32
CARO ,2018-12-20 09:43:01,32
CARO ,2018-12-20 10:43:03,32
CARO ,2018-12-20 11:43:01,32
CARO ,2018-12-20 12:43:01,32
CARO ,2018-12-20 13:43:02,32
CARO ,2018-12-20 14:43:04,32
CARO ,2018-12-20 15:43:03,32
CARO ,2018-12-20 16:43:06,32
CARO ,2018-12-20 17:43:03,32
CARO ,2018-12-20 18:43:02,32
CARO ,2018-12-20 19:43:02,32
CARO ,2018-12-20 20:43:04,32
CARO ,2018-12-20 21:43:05,32
CARO ,2018-12-20 22:43:05,32
CARO ,2018-12-20 23:43:05,32
CARO ,2018-12-21 00:43:04,32
CARO ,2018-12-21 01:43:04,32
CARO ,2018-12-21 02:43:05,32
CARO ,2018-12-21 03:43:03,32
CARO ,2018-12-21 04:43:05,32
CARO ,2018-12-21 05:43:02,32
CARO ,2018-12-21 06:43:04,32
CARO ,2018-12-21 07:43:02,32
CARO ,2018-12-21 08:43:02,32
CARO ,2018-12-21 09:43:02,32
CARO ,2018-12-21 10:43:02,32
CARO ,2018-12-21 11:43:03,32
CARO ,2018-12-21 12:43:03,32
CARO ,2018-12-21 13:43:03,32
CARO ,2018-12-21 14:43:06,32
CARO ,2018-12-21 15:43:04,32
CARO ,2018-12-21 16:43:05,32
CARO ,2018-12-21 17:43:05,32
CARO ,2018-12-21 18:43:07,32
CARO ,2018-12-21 19:43:03,32
CARO ,2018-12-21 20:43:07,32
CARO ,2018-12-21 21:43:05,32
CARO ,2018-12-21 22:43:06,32
CARO ,2018-12-21 23:43:04,32
CARO ,2018-12-22 00:43:06,32
CARO ,2018-12-22 01:43:05,32
CARO ,2018-12-22 02:43:08,32
CARO ,2018-12-22 03:43:02,32
CARO ,2018-12-22 04:43:06,32
CARO ,2018-12-22 05:43:02,32
CARO ,2018-12-22 06:43:05,32
CARO ,2018-12-22 07:43:05,32
CARO ,2018-12-22 08:43:02,32
CARO ,2018-12-22 09:43:02,32
CARO ,2018-12-22 10:43:03,32
CARO ,2018-12-22 11:43:02,32
CARO ,2018-12-22 12:43:02,32
CARO ,2018-12-22 13:43:02,32
CARO ,2018-12-22 14:43:03,32
CARO ,2018-12-22 15:43:03,32
CARO ,2018-12-22 16:43:02,32
CARO ,2018-12-22 17:43:03,32
CARO ,2018-12-22 18:43:02,32
CARO ,2018-12-22 19:43:05,32
CARO ,2018-12-22 20:43:04,32
CARO ,2018-12-22 21:43:04,32
CARO ,2018-12-22 22:43:05,32
CARO ,2018-12-22 23:43:03,32
CARO ,2018-12-23 00:43:03,32
CARO ,2018-12-23 01:43:04,32
CARO ,2018-12-23 02:43:02,32
CARO ,2018-12-23 03:43:05,32
CARO ,2018-12-23 04:43:04,32
CARO ,2018-12-23 05:43:03,32
CARO ,2018-12-23 06:43:06,32
CARO ,2018-12-23 07:43:03,32
CARO ,2018-12-23 08:43:04,32
CARO ,2018-12-23 09:43:03,32
CARO ,2018-12-23 10:43:06,32
CARO ,2018-12-23 11:43:05,32
CARO ,2018-12-23 12:43:02,32
CARO ,2018-12-23 13:43:04,32
CARO ,2018-12-23 14:43:05,32
CARO ,2018-12-23 15:43:05,32
CARO ,2018-12-23 16:43:06,32
CARO ,2018-12-23 17:43:07,32
CARO ,2018-12-23 18:43:05,32
CARO ,2018-12-23 19:43:05,32
CARO ,2018-12-23 20:43:06,32
CARO ,2018-12-23 21:43:06,32
CARO ,2018-12-23 22:43:04,32
CARO ,2018-12-23 23:43:02,32
CARO ,2018-12-24 00:43:04,32
CARO ,2018-12-24 01:43:06,32
CARO ,2018-12-24 02:43:07,32
CARO ,2018-12-24 03:43:06,32
CARO ,2018-12-24 04:43:02,32
CARO ,2018-12-24 05:43:03,32
CARO ,2018-12-24 06:43:04,32
CARO ,2018-12-24 07:43:06,32
CARO ,2018-12-24 08:43:02,32
CARO ,2018-12-24 09:43:07,32
CARO ,2018-12-24 10:43:03,32
CARO ,2018-12-24 11:43:04,32
CARO ,2018-12-24 12:43:02,32
CARO ,2018-12-24 13:43:04,32
CARO ,2018-12-24 15:06:41,32
CARO ,2018-12-24 15:43:07,32
CARO ,2018-12-24 16:43:05,32
CARO ,2018-12-24 17:43:05,32
CARO ,2018-12-24 18:43:07,32
CARO ,2018-12-24 19:43:07,32
CARO ,2018-12-24 20:43:07,32
CARO ,2018-12-24 21:43:02,32
CARO ,2018-12-24 22:43:03,32
CARO ,2018-12-24 23:43:02,32
CARO ,2018-12-25 00:43:04,32
CARO ,2018-12-25 01:43:02,32
CARO ,2018-12-25 02:43:05,32
CARO ,2018-12-25 03:43:04,32
CARO ,2018-12-25 04:43:04,32
CARO ,2018-12-25 05:43:04,32
CARO ,2018-12-25 06:43:05,32
CARO ,2018-12-25 07:43:04,32
CARO ,2018-12-25 08:43:03,32
CARO ,2018-12-25 09:43:02,32
CARO ,2018-12-25 10:43:02,32
CARO ,2018-12-25 11:43:02,32
CARO ,2018-12-25 12:43:03,32
CARO ,2018-12-25 13:43:03,32
CARO ,2018-12-25 14:43:03,32
CARO ,2018-12-25 15:43:03,32
CARO ,2018-12-25 16:43:02,32
CARO ,2018-12-25 17:43:04,32
CARO ,2018-12-25 18:43:03,32
CARO ,2018-12-25 19:43:03,32
CARO ,2018-12-25 20:43:03,32
CARO ,2018-12-25 21:43:02,32
CARO ,2018-12-25 22:43:03,32
CARO ,2018-12-25 23:43:03,32
CARO ,2018-12-26 00:43:04,32
CARO ,2018-12-26 01:43:03,32
CARO ,2018-12-26 02:43:04,32
CARO ,2018-12-26 03:43:02,32
CARO ,2018-12-26 04:43:02,32
CARO ,2018-12-26 05:43:02,32
CARO ,2018-12-26 06:43:06,32
CARO ,2018-12-26 07:43:04,32
CARO ,2018-12-26 08:43:05,32
CARO ,2018-12-26 09:43:02,32
CARO ,2018-12-26 10:43:04,32
CARO ,2018-12-26 11:43:02,32
CARO ,2018-12-26 12:43:03,32
CARO ,2018-12-26 13:43:08,32
CARO ,2018-12-26 15:08:11,32
CARO ,2018-12-26 15:43:05,32
CARO ,2018-12-26 16:43:04,32
CARO ,2018-12-26 17:43:05,32
CARO ,2018-12-26 18:43:03,31
CARO ,2018-12-26 19:43:05,31
CARO ,2018-12-26 20:43:05,31
CARO ,2018-12-26 21:43:05,31
CARO ,2018-12-26 22:43:06,31
CARO ,2018-12-26 23:43:05,31
CARO ,2018-12-27 00:43:06,31
CARO ,2018-12-27 01:43:06,31
CARO ,2018-12-27 02:43:06,31
CARO ,2018-12-27 03:43:06,31
CARO ,2018-12-27 04:43:03,31
CARO ,2018-12-27 05:43:05,31
CARO ,2018-12-27 06:43:03,31
CARO ,2018-12-27 07:43:05,31
CARO ,2018-12-27 08:43:03,31
CARO ,2018-12-27 09:43:04,31
CARO ,2018-12-27 10:43:05,31
CARO ,2018-12-27 11:43:02,31
CARO ,2018-12-27 12:43:03,31
CARO ,2018-12-27 13:43:02,31
CARO ,2018-12-27 14:43:03,31
CARO ,2018-12-27 15:43:02,31
CARO ,2018-12-27 16:43:03,31
CARO ,2018-12-27 17:43:06,31
CARO ,2018-12-27 18:43:07,31
CARO ,2018-12-27 19:43:06,31
CARO ,2018-12-27 20:43:03,31
CARO ,2018-12-27 21:43:05,31
CARO ,2018-12-27 22:43:10,31
CARO ,2018-12-27 23:43:11,31
CARO ,2018-12-28 00:43:10,31
CARO ,2018-12-28 01:43:07,31
CARO ,2018-12-28 02:43:07,31
CARO ,2018-12-28 03:43:04,31
CARO ,2018-12-28 04:43:05,31
CARO ,2018-12-28 05:43:03,31
CARO ,2018-12-28 06:43:08,31
CARO ,2018-12-28 07:43:09,31
CARO ,2018-12-28 08:43:06,31
CARO ,2018-12-28 09:43:06,31
CARO ,2018-12-28 10:43:03,31
CARO ,2018-12-28 11:43:04,31
CARO ,2018-12-28 12:43:02,31
CARO ,2018-12-28 13:43:03,31
CARO ,2018-12-28 14:43:04,31
CARO ,2018-12-28 16:08:38,31
CARO ,2018-12-28 16:43:04,31
CARO ,2018-12-28 17:43:07,31
CARO ,2018-12-28 18:43:06,31
CARO ,2018-12-28 19:43:04,31
CARO ,2018-12-28 20:43:06,31
CARO ,2018-12-28 21:43:06,31
CARO ,2018-12-28 22:43:03,31
CARO ,2018-12-28 23:43:05,31
CARO ,2018-12-29 00:43:04,31
CARO ,2018-12-29 01:43:03,31
CARO ,2018-12-29 02:43:04,31
CARO ,2018-12-29 03:43:02,31
CARO ,2018-12-29 04:43:03,31
CARO ,2018-12-29 05:43:03,31
CARO ,2018-12-29 06:43:02,31
CARO ,2018-12-29 07:43:08,31
CARO ,2018-12-29 08:43:07,31
CARO ,2018-12-29 09:43:05,31
CARO ,2018-12-29 10:43:04,31
CARO ,2018-12-29 11:43:04,31
CARO ,2018-12-29 12:43:03,31
CARO ,2018-12-29 13:43:03,31
CARO ,2018-12-29 14:43:02,31
CARO ,2018-12-29 15:43:02,31
CARO ,2018-12-29 16:43:05,31
CARO ,2018-12-29 17:43:02,31
CARO ,2018-12-29 18:43:06,31
CARO ,2018-12-29 19:43:06,31
CARO ,2018-12-29 20:43:03,31
CARO ,2018-12-29 21:43:07,31
CARO ,2018-12-29 22:43:04,31
CARO ,2018-12-29 23:43:08,31
CARO ,2018-12-30 00:43:03,31
CARO ,2018-12-30 01:43:05,31
CARO ,2018-12-30 02:43:02,31
CARO ,2018-12-30 03:43:03,31
CARO ,2018-12-30 04:43:03,31
CARO ,2018-12-30 05:43:02,31
CARO ,2018-12-30 06:43:02,31
CARO ,2018-12-30 07:43:02,31
CARO ,2018-12-30 08:43:02,31
CARO ,2018-12-30 09:43:02,31
CARO ,2018-12-30 10:43:02,31
CARO ,2018-12-30 11:43:03,31
CARO ,2018-12-30 12:43:03,31
CARO ,2018-12-30 13:43:03,31
CARO ,2018-12-30 14:43:02,31
CARO ,2018-12-30 15:43:02,31
CARO ,2018-12-30 16:43:02,31
CARO ,2018-12-30 17:43:03,31
CARO ,2018-12-30 18:43:01,31
CARO ,2018-12-30 19:43:03,31
CARO ,2018-12-30 20:43:02,31
CARO ,2018-12-30 21:43:04,31
CARO ,2018-12-30 22:43:05,31
CARO ,2018-12-30 23:43:04,31
CARO ,2018-12-31 00:43:03,31
CARO ,2018-12-31 01:43:02,31
CARO ,2018-12-31 02:43:01,31
CARO ,2018-12-31 03:43:05,31
CARO ,2018-12-31 04:43:04,31
CARO ,2018-12-31 05:43:06,31
CARO ,2018-12-31 06:43:03,31
CARO ,2018-12-31 07:43:03,31
CARO ,2018-12-31 08:43:02,31
CARO ,2018-12-31 09:43:05,31
CARO ,2018-12-31 10:43:04,31
CARO ,2018-12-31 11:43:03,31
CARO ,2018-12-31 12:43:02,31
CARO ,2018-12-31 13:43:02,31
CARO ,2018-12-31 14:43:07,31
CARO ,2018-12-31 15:43:03,32
CARO ,2018-12-31 16:43:03,32
CARO ,2018-12-31 17:43:04,32
CARO ,2018-12-31 18:43:05,32
CARO ,2018-12-31 19:43:05,32
CARO ,2018-12-31 20:43:04,32
CARO ,2018-12-31 21:43:04,32
CARO ,2018-12-31 22:43:04,32
CARO ,2018-12-31 23:43:02,32
CARO ,2019-01-01 00:43:03,32
CARO ,2019-01-01 01:43:04,32
CARO ,2019-01-01 02:43:04,32
CARO ,2019-01-01 03:43:02,32
CARO ,2019-01-01 04:43:03,32
CARO ,2019-01-01 05:43:02,32
CARO ,2019-01-01 06:43:02,32
CARO ,2019-01-01 07:43:02,32
CARO ,2019-01-01 08:43:03,32
CARO ,2019-01-01 09:43:01,32
CARO ,2019-01-01 10:43:02,32
CARO ,2019-01-01 11:43:02,32
CARO ,2019-01-01 12:43:02,32
CARO ,2019-01-01 13:43:02,32
CARO ,2019-01-01 14:43:03,32
CARO ,2019-01-01 15:43:03,32
CARO ,2019-01-01 16:43:02,32
CARO ,2019-01-01 17:43:03,32
CARO ,2019-01-01 18:43:01,32
CARO ,2019-01-01 19:43:02,32
CARO ,2019-01-01 20:43:02,32
CARO ,2019-01-01 21:43:02,32
CARO ,2019-01-01 22:43:05,32
CARO ,2019-01-01 23:43:02,32
CARO ,2019-01-02 00:43:03,32
CARO ,2019-01-02 01:43:02,32
CARO ,2019-01-02 02:43:04,32
CARO ,2019-01-02 03:43:03,32
CARO ,2019-01-02 04:43:03,32
CARO ,2019-01-02 05:43:04,32
CARO ,2019-01-02 06:43:03,32
CARO ,2019-01-02 07:43:04,32
CARO ,2019-01-02 08:43:03,32
CARO ,2019-01-02 09:43:03,32
CARO ,2019-01-02 10:43:05,32
CARO ,2019-01-02 11:43:02,32
CARO ,2019-01-02 12:43:01,32
CARO ,2019-01-02 13:43:02,32
CARO ,2019-01-02 15:08:11,32
CARO ,2019-01-02 15:43:04,32
CARO ,2019-01-02 16:43:03,32
CARO ,2019-01-02 17:43:03,32
CARO ,2019-01-02 18:43:06,32
CARO ,2019-01-02 19:43:06,32
CARO ,2019-01-02 20:43:05,32
CARO ,2019-01-02 21:43:03,32
CARO ,2019-01-02 22:43:04,32
CARO ,2019-01-02 23:43:07,32
CARO ,2019-01-03 00:43:05,32
CARO ,2019-01-03 01:43:03,32
CARO ,2019-01-03 02:43:04,32
CARO ,2019-01-03 03:43:03,32
CARO ,2019-01-03 05:43:06,32
CARO ,2019-01-03 06:43:04,32
CARO ,2019-01-03 07:43:04,32
CARO ,2019-01-03 08:43:03,32
CARO ,2019-01-03 09:43:04,32
CARO ,2019-01-03 10:43:04,32
CARO ,2019-01-03 11:43:03,32
CARO ,2019-01-03 12:43:04,32
CARO ,2019-01-03 13:43:02,32
CARO ,2019-01-03 14:43:07,32
CARO ,2019-01-03 15:43:07,32
CARO ,2019-01-03 16:43:08,32
CARO ,2019-01-03 17:43:09,32
CARO ,2019-01-03 18:43:06,32
CARO ,2019-01-03 19:43:07,32
CARO ,2019-01-03 20:43:04,32
CARO ,2019-01-03 21:43:06,32
CARO ,2019-01-03 22:43:08,32
CARO ,2019-01-03 23:43:03,32
CARO ,2019-01-04 00:43:06,32
CARO ,2019-01-04 01:43:05,32
CARO ,2019-01-04 02:43:08,32
CARO ,2019-01-04 03:43:04,32
CARO ,2019-01-04 04:43:04,32
CARO ,2019-01-04 05:43:06,32
CARO ,2019-01-04 06:43:06,32
CARO ,2019-01-04 07:43:04,32
CARO ,2019-01-04 08:43:05,32
CARO ,2019-01-04 09:43:05,32
CARO ,2019-01-04 10:43:04,32
CARO ,2019-01-04 11:43:04,32
CARO ,2019-01-04 12:43:04,32
CARO ,2019-01-04 13:43:04,32
CARO ,2019-01-04 15:07:41,32
CARO ,2019-01-04 15:43:07,32
CARO ,2019-01-04 16:43:05,32
CARO ,2019-01-04 17:43:04,32
CARO ,2019-01-04 18:43:07,32
CARO ,2019-01-04 19:43:06,32
CARO ,2019-01-04 20:43:05,32
CARO ,2019-01-04 21:43:06,32
CARO ,2019-01-04 22:43:03,32
CARO ,2019-01-04 23:43:05,32
CARO ,2019-01-05 00:43:07,32
CARO ,2019-01-05 01:43:04,32
CARO ,2019-01-05 02:43:06,32
CARO ,2019-01-05 03:43:04,32
CARO ,2019-01-05 04:43:04,32
CARO ,2019-01-05 05:43:04,32
CARO ,2019-01-05 06:43:03,32
CARO ,2019-01-05 07:43:03,32
CARO ,2019-01-05 08:43:06,32
CARO ,2019-01-05 09:43:06,32
CARO ,2019-01-05 10:43:04,32
CARO ,2019-01-05 11:43:03,32
CARO ,2019-01-05 12:43:03,32
CARO ,2019-01-05 13:43:04,32
CARO ,2019-01-05 14:43:03,32
CARO ,2019-01-05 15:43:03,32
CARO ,2019-01-05 16:43:03,32
CARO ,2019-01-05 17:43:04,32
CARO ,2019-01-05 18:43:04,32
CARO ,2019-01-05 19:43:07,32
CARO ,2019-01-05 20:43:04,32
CARO ,2019-01-05 21:43:06,32
CARO ,2019-01-05 22:43:03,32
CARO ,2019-01-05 23:43:03,32
CARO ,2019-01-06 00:43:04,32
CARO ,2019-01-06 01:43:03,32
CARO ,2019-01-06 02:43:03,32
CARO ,2019-01-06 03:43:04,32
CARO ,2019-01-06 04:43:04,32
CARO ,2019-01-06 05:43:04,32
CARO ,2019-01-06 06:43:02,32
CARO ,2019-01-06 07:43:05,32
CARO ,2019-01-06 08:43:02,32
CARO ,2019-01-06 09:43:02,32
CARO ,2019-01-06 10:43:03,32
CARO ,2019-01-06 11:43:03,32
CARO ,2019-01-06 12:43:03,32
CARO ,2019-01-06 13:43:03,32
CARO ,2019-01-06 14:43:03,32
CARO ,2019-01-06 15:43:04,32
CARO ,2019-01-06 16:43:03,32
CARO ,2019-01-06 17:43:04,32
CARO ,2019-01-06 18:43:03,32
CARO ,2019-01-06 19:43:03,32
CARO ,2019-01-06 20:43:02,32
CARO ,2019-01-06 21:43:03,32
CARO ,2019-01-06 22:43:03,32
CARO ,2019-01-06 23:43:04,32
CARO ,2019-01-07 00:43:02,32
CARO ,2019-01-07 01:43:03,32
CARO ,2019-01-07 02:43:05,32
CARO ,2019-01-07 03:43:05,32
CARO ,2019-01-07 04:43:04,32
CARO ,2019-01-07 05:43:02,32
CARO ,2019-01-07 06:43:04,32
CARO ,2019-01-07 07:43:03,32
CARO ,2019-01-07 08:43:03,32
CARO ,2019-01-07 09:43:04,32
CARO ,2019-01-07 10:43:06,32
CARO ,2019-01-07 11:43:04,32
CARO ,2019-01-07 12:43:05,32
CARO ,2019-01-07 14:08:36,32
CARO ,2019-01-07 14:43:05,32
CARO ,2019-01-07 15:43:06,32
CARO ,2019-01-07 16:43:07,32
CARO ,2019-01-07 17:43:08,32
CARO ,2019-01-07 18:43:05,32
CARO ,2019-01-07 19:43:03,32
CARO ,2019-01-07 20:43:07,32
CARO ,2019-01-07 21:43:06,32
CARO ,2019-01-07 22:43:04,32
CARO ,2019-01-07 23:43:07,32
CARO ,2019-01-08 00:43:03,32
CARO ,2019-01-08 01:43:04,32
CARO ,2019-01-08 02:43:06,32
CARO ,2019-01-08 03:43:05,32
CARO ,2019-01-08 04:43:04,32
CARO ,2019-01-08 05:43:05,32
CARO ,2019-01-08 06:43:04,32
CARO ,2019-01-08 07:43:04,32
CARO ,2019-01-08 08:43:04,32
CARO ,2019-01-08 09:43:03,32
CARO ,2019-01-08 10:43:05,32
CARO ,2019-01-08 11:43:05,32
CARO ,2019-01-08 12:43:05,32
CARO ,2019-01-08 13:43:05,32
CARO ,2019-01-08 14:43:08,32
CARO ,2019-01-08 15:43:07,32
CARO ,2019-01-08 16:43:05,32
CARO ,2019-01-08 17:43:05,32
CARO ,2019-01-08 18:43:05,31
CARO ,2019-01-08 19:43:05,31
CARO ,2019-01-08 20:43:03,31
CARO ,2019-01-08 21:43:05,31
CARO ,2019-01-08 22:43:03,31
CARO ,2019-01-08 23:43:06,31
CARO ,2019-01-09 00:43:05,31
CARO ,2019-01-09 01:43:04,31
CARO ,2019-01-09 02:43:09,31
CARO ,2019-01-09 04:43:06,31
CARO ,2019-01-09 05:43:06,31
CARO ,2019-01-09 06:43:04,31
CARO ,2019-01-09 07:43:09,31
CARO ,2019-01-09 08:43:08,31
CARO ,2019-01-09 09:43:04,31
CARO ,2019-01-09 10:43:05,31
CARO ,2019-01-09 11:43:03,31
CARO ,2019-01-09 12:43:03,31
CARO ,2019-01-09 14:08:36,31
CARO ,2019-01-09 14:43:07,31
CARO ,2019-01-09 15:43:05,31
CARO ,2019-01-09 16:43:07,31
CARO ,2019-01-09 17:43:04,31
CARO ,2019-01-09 18:43:06,31
CARO ,2019-01-09 19:43:05,31
CARO ,2019-01-09 20:43:09,31
CARO ,2019-01-09 21:43:06,31
CARO ,2019-01-09 22:43:05,31
CARO ,2019-01-09 23:43:04,31
CARO ,2019-01-10 00:43:03,31
CARO ,2019-01-10 01:43:03,31
CARO ,2019-01-10 02:43:04,31
CARO ,2019-01-10 03:43:03,31
CARO ,2019-01-10 04:43:03,31
CARO ,2019-01-10 05:43:03,31
CARO ,2019-01-10 06:43:02,31
CARO ,2019-01-10 07:43:04,31
CARO ,2019-01-10 08:43:04,31
CARO ,2019-01-10 09:43:03,31
CARO ,2019-01-10 10:43:03,31
CARO ,2019-01-10 11:43:03,31
CARO ,2019-01-10 12:43:03,31
CARO ,2019-01-10 13:43:04,31
CARO ,2019-01-10 15:07:39,31
CARO ,2019-01-10 15:43:07,31
CARO ,2019-01-10 16:43:05,31
CARO ,2019-01-10 17:43:05,31
CARO ,2019-01-10 18:43:04,31
CARO ,2019-01-10 19:43:03,31
CARO ,2019-01-10 20:43:06,31
CARO ,2019-01-10 21:43:06,31
CARO ,2019-01-10 22:43:03,31
CARO ,2019-01-10 23:43:04,31
CARO ,2019-01-11 00:43:05,31
CARO ,2019-01-11 01:43:03,31
CARO ,2019-01-11 02:43:05,31
CARO ,2019-01-11 03:43:04,31
CARO ,2019-01-11 04:43:05,31
CARO ,2019-01-11 05:43:05,31
CARO ,2019-01-11 06:43:03,31
CARO ,2019-01-11 07:43:07,31
CARO ,2019-01-11 08:43:04,31
CARO ,2019-01-11 09:43:05,31
CARO ,2019-01-11 10:43:03,31
CARO ,2019-01-11 11:43:04,31
CARO ,2019-01-11 12:43:04,31
CARO ,2019-01-11 13:43:03,31
CARO ,2019-01-11 14:43:07,31
CARO ,2019-01-11 15:43:07,31
CARO ,2019-01-11 16:43:03,31
CARO ,2019-01-11 17:43:05,31
CARO ,2019-01-11 18:43:04,31
CARO ,2019-01-11 19:43:07,31
CARO ,2019-01-11 20:43:06,31
CARO ,2019-01-11 21:43:03,31
CARO ,2019-01-11 22:43:05,31
CARO ,2019-01-11 23:43:03,31
CARO ,2019-01-12 00:43:03,31
CARO ,2019-01-12 01:43:06,31
CARO ,2019-01-12 02:43:03,31
CARO ,2019-01-12 03:43:05,31
CARO ,2019-01-12 04:43:02,31
CARO ,2019-01-12 05:43:02,31
CARO ,2019-01-12 06:43:04,31
CARO ,2019-01-12 07:43:02,31
CARO ,2019-01-12 08:43:03,31
CARO ,2019-01-12 09:43:03,31
CARO ,2019-01-12 10:43:03,31
CARO ,2019-01-12 11:43:03,31
CARO ,2019-01-12 12:43:02,31
CARO ,2019-01-12 13:43:02,31
CARO ,2019-01-12 14:43:03,31
CARO ,2019-01-12 15:43:02,31
CARO ,2019-01-12 16:43:05,31
CARO ,2019-01-12 17:43:04,31
CARO ,2019-01-12 18:43:02,31
CARO ,2019-01-12 19:43:05,31
CARO ,2019-01-12 20:43:04,31
CARO ,2019-01-12 21:43:03,31
CARO ,2019-01-12 22:43:03,31
CARO ,2019-01-12 23:43:07,31
CARO ,2019-01-13 00:43:03,31
CARO ,2019-01-13 01:43:03,31
CARO ,2019-01-13 02:43:03,31
CARO ,2019-01-13 03:43:03,31
CARO ,2019-01-13 04:43:05,31
CARO ,2019-01-13 05:43:04,31
CARO ,2019-01-13 06:43:03,31
CARO ,2019-01-13 07:43:03,31
CARO ,2019-01-13 08:43:02,31
CARO ,2019-01-13 09:43:04,31
CARO ,2019-01-13 10:43:08,31
CARO ,2019-01-13 11:43:06,31
CARO ,2019-01-13 12:43:02,31
CARO ,2019-01-13 13:43:03,31
CARO ,2019-01-13 14:43:02,31
CARO ,2019-01-13 15:43:04,31
CARO ,2019-01-13 16:43:03,31
CARO ,2019-01-13 17:43:03,31
CARO ,2019-01-13 18:43:03,31
CARO ,2019-01-13 19:43:03,31
CARO ,2019-01-13 20:43:05,31
CARO ,2019-01-13 21:43:03,31
CARO ,2019-01-13 22:43:04,31
CARO ,2019-01-13 23:43:03,31
CARO ,2019-01-14 00:43:03,31
CARO ,2019-01-14 01:43:03,31
CARO ,2019-01-14 02:43:03,31
CARO ,2019-01-14 03:43:03,31
CARO ,2019-01-14 04:43:03,31
CARO ,2019-01-14 05:43:04,31
CARO ,2019-01-14 06:43:03,31
CARO ,2019-01-14 07:43:02,31
CARO ,2019-01-14 08:43:03,31
CARO ,2019-01-14 09:43:03,31
CARO ,2019-01-14 10:43:04,31
CARO ,2019-01-14 11:43:03,31
CARO ,2019-01-14 12:43:03,31
CARO ,2019-01-14 13:43:04,31
CARO ,2019-01-14 14:43:04,31
CARO ,2019-01-14 15:43:06,31
CARO ,2019-01-14 16:43:05,31
CARO ,2019-01-14 17:43:03,31
CARO ,2019-01-14 18:43:04,31
CARO ,2019-01-14 19:43:06,31
CARO ,2019-01-14 20:43:03,31
CARO ,2019-01-14 21:43:03,31
CARO ,2019-01-14 22:43:03,31
CARO ,2019-01-14 23:43:03,31
CARO ,2019-01-15 00:43:03,31
CARO ,2019-01-15 01:43:02,31
CARO ,2019-01-15 02:43:03,31
CARO ,2019-01-15 03:43:03,31
CARO ,2019-01-15 04:43:07,31
CARO ,2019-01-15 05:43:02,31
CARO ,2019-01-15 06:43:02,31
CARO ,2019-01-15 07:43:03,31
CARO ,2019-01-15 08:43:02,31
CARO ,2019-01-15 09:43:02,31
CARO ,2019-01-15 10:43:02,31
CARO ,2019-01-15 11:43:02,31
CARO ,2019-01-15 12:43:03,31
CARO ,2019-01-15 13:43:02,31
CARO ,2019-01-15 14:43:07,31
CARO ,2019-01-15 15:43:04,31
CARO ,2019-01-15 16:43:05,31
CARO ,2019-01-15 17:43:03,31
CARO ,2019-01-15 18:43:04,31
CARO ,2019-01-15 19:43:03,31
CARO ,2019-01-15 20:43:04,31
CARO ,2019-01-15 21:43:04,31
CARO ,2019-01-15 22:43:04,31
CARO ,2019-01-15 23:43:05,31
CARO ,2019-01-16 00:43:03,31
CARO ,2019-01-16 01:43:09,31
CARO ,2019-01-16 02:43:04,31
CARO ,2019-01-16 03:43:02,31
CARO ,2019-01-16 04:43:03,31
CARO ,2019-01-16 05:43:02,31
CARO ,2019-01-16 06:43:02,31
CARO ,2019-01-16 07:43:02,31
CARO ,2019-01-16 08:43:02,31
CARO ,2019-01-16 09:43:03,31
CARO ,2019-01-16 10:43:02,31
CARO ,2019-01-16 11:43:01,31
CARO ,2019-01-16 12:43:02,31
CARO ,2019-01-16 14:09:37,31
CARO ,2019-01-16 15:08:38,31
CARO ,2019-01-16 15:43:05,31
CARO ,2019-01-16 16:43:04,31
CARO ,2019-01-16 17:43:04,31
CARO ,2019-01-16 18:43:07,31
CARO ,2019-01-16 19:43:05,31
CARO ,2019-01-16 20:43:04,31
CARO ,2019-01-16 21:43:05,31
CARO ,2019-01-16 22:43:03,31
CARO ,2019-01-16 23:43:02,31
CARO ,2019-01-17 00:43:03,31
CARO ,2019-01-17 01:43:04,31
CARO ,2019-01-17 02:43:06,31
CARO ,2019-01-17 03:43:04,31
CARO ,2019-01-17 04:43:05,31
CARO ,2019-01-17 05:43:03,31
CARO ,2019-01-17 06:43:04,31
CARO ,2019-01-17 07:43:03,31
CARO ,2019-01-17 08:43:03,31
CARO ,2019-01-17 09:43:04,31
CARO ,2019-01-17 10:43:04,31
CARO ,2019-01-17 11:43:04,31
CARO ,2019-01-17 12:43:03,31
CARO ,2019-01-17 13:43:03,31
CARO ,2019-01-17 15:09:10,31
CARO ,2019-01-17 15:43:06,31
CARO ,2019-01-17 16:43:03,31
CARO ,2019-01-17 17:43:03,31
CARO ,2019-01-17 18:43:04,31
CARO ,2019-01-17 19:43:06,31
CARO ,2019-01-17 20:43:05,31
CARO ,2019-01-17 21:43:03,31
CARO ,2019-01-17 22:43:04,31
CARO ,2019-01-17 23:43:03,31
CARO ,2019-01-18 00:43:03,31
CARO ,2019-01-18 01:43:04,31
CARO ,2019-01-18 02:43:03,31
CARO ,2019-01-18 03:43:06,31
CARO ,2019-01-18 04:43:04,31
CARO ,2019-01-18 05:43:04,31
CARO ,2019-01-18 06:43:03,31
CARO ,2019-01-18 07:43:04,31
CARO ,2019-01-18 08:43:03,31
CARO ,2019-01-18 09:43:04,31
CARO ,2019-01-18 10:43:03,31
CARO ,2019-01-18 11:43:03,31
CARO ,2019-01-18 12:43:04,31
CARO ,2019-01-18 13:43:03,31
CARO ,2019-01-18 14:43:07,31
CARO ,2019-01-18 15:43:05,31
CARO ,2019-01-18 16:43:05,31
CARO ,2019-01-18 17:43:06,31
CARO ,2019-01-18 18:43:05,31
CARO ,2019-01-18 19:43:03,31
CARO ,2019-01-18 20:43:05,31
CARO ,2019-01-18 21:43:04,31
CARO ,2019-01-18 22:43:03,31
CARO ,2019-01-18 23:43:04,31
CARO ,2019-01-19 00:43:03,31
CARO ,2019-01-19 01:43:04,31
CARO ,2019-01-19 02:43:04,31
CARO ,2019-01-19 03:43:04,31
CARO ,2019-01-19 04:43:04,31
CARO ,2019-01-19 05:43:03,31
CARO ,2019-01-19 06:43:03,31
CARO ,2019-01-19 07:43:03,31
CARO ,2019-01-19 08:43:03,31
CARO ,2019-01-19 09:43:04,31
CARO ,2019-01-19 10:43:04,31
CARO ,2019-01-19 11:43:03,31
CARO ,2019-01-19 12:43:02,31
CARO ,2019-01-19 13:43:04,31
CARO ,2019-01-19 14:43:03,31
CARO ,2019-01-19 15:43:05,31
CARO ,2019-01-19 16:43:04,31
CARO ,2019-01-19 17:43:03,31
CARO ,2019-01-19 18:43:02,31
CARO ,2019-01-19 19:43:03,31
CARO ,2019-01-19 20:43:03,31
CARO ,2019-01-19 21:43:03,31
CARO ,2019-01-19 22:43:03,31
CARO ,2019-01-19 23:43:04,31
CARO ,2019-01-20 00:43:04,31
CARO ,2019-01-20 01:43:03,31
CARO ,2019-01-20 02:43:04,31
CARO ,2019-01-20 03:43:04,31
CARO ,2019-01-20 04:43:05,31
CARO ,2019-01-20 05:43:04,31
CARO ,2019-01-20 06:43:04,31
CARO ,2019-01-20 07:43:03,31
CARO ,2019-01-20 08:43:03,31
CARO ,2019-01-20 09:43:03,31
CARO ,2019-01-20 10:43:03,31
CARO ,2019-01-20 11:43:03,31
CARO ,2019-01-20 12:43:03,31
CARO ,2019-01-20 13:43:03,31
CARO ,2019-01-20 14:43:03,31
CARO ,2019-01-20 15:43:04,31
CARO ,2019-01-20 16:43:04,31
CARO ,2019-01-20 17:43:04,31
CARO ,2019-01-20 18:43:03,31
CARO ,2019-01-20 19:43:03,31
CARO ,2019-01-20 20:43:03,31
CARO ,2019-01-20 21:43:03,31
CARO ,2019-01-20 22:43:03,31
CARO ,2019-01-20 23:43:04,31
CARO ,2019-01-21 00:43:03,31
CARO ,2019-01-21 01:43:04,31
CARO ,2019-01-21 02:43:04,31
CARO ,2019-01-21 03:43:04,31
CARO ,2019-01-21 04:43:04,31
CARO ,2019-01-21 05:43:03,31
CARO ,2019-01-21 06:43:03,31
CARO ,2019-01-21 07:43:03,31
CARO ,2019-01-21 08:43:03,31
CARO ,2019-01-21 09:43:04,31
CARO ,2019-01-21 10:43:04,31
CARO ,2019-01-21 11:43:03,31
CARO ,2019-01-21 12:43:03,31
CARO ,2019-01-21 13:43:02,31
CARO ,2019-01-21 14:43:03,31
CARO ,2019-01-21 15:43:02,31
CARO ,2019-01-21 16:43:03,31
CARO ,2019-01-21 17:43:03,31
CARO ,2019-01-21 18:43:03,31
CARO ,2019-01-21 19:43:02,31
CARO ,2019-01-21 20:43:03,31
CARO ,2019-01-21 21:43:02,31
CARO ,2019-01-21 22:43:04,31
CARO ,2019-01-21 23:43:03,31
CARO ,2019-01-22 00:43:03,31
CARO ,2019-01-22 01:43:02,31
CARO ,2019-01-22 02:43:03,31
CARO ,2019-01-22 03:43:03,31
CARO ,2019-01-22 04:43:05,31
CARO ,2019-01-22 05:43:05,31
CARO ,2019-01-22 06:43:03,31
CARO ,2019-01-22 07:43:03,31
CARO ,2019-01-22 08:43:03,31
CARO ,2019-01-22 09:43:02,31
CARO ,2019-01-22 10:43:03,31
CARO ,2019-01-22 11:43:02,31
CARO ,2019-01-22 12:43:03,31
CARO ,2019-01-22 13:43:03,31
CARO ,2019-01-22 14:43:03,31
CARO ,2019-01-22 15:43:03,31
CARO ,2019-01-22 16:43:03,31
CARO ,2019-01-22 17:43:03,31
CARO ,2019-01-22 18:43:03,31
CARO ,2019-01-22 19:43:05,31
CARO ,2019-01-22 20:43:04,31
CARO ,2019-01-22 21:43:05,31
CARO ,2019-01-22 22:43:02,31
CARO ,2019-01-22 23:43:03,31
CARO ,2019-01-23 00:43:04,31
CARO ,2019-01-23 01:43:03,31
CARO ,2019-01-23 02:43:03,31
CARO ,2019-01-23 03:43:04,31
CARO ,2019-01-23 04:43:04,31
CARO ,2019-01-23 05:43:04,31
CARO ,2019-01-23 06:43:05,31
CARO ,2019-01-23 07:43:04,31
CARO ,2019-01-23 08:43:05,31
CARO ,2019-01-23 09:43:05,31
CARO ,2019-01-23 10:43:04,31
CARO ,2019-01-23 11:43:03,31
CARO ,2019-01-23 12:43:03,31
CARO ,2019-01-23 13:43:03,31
CARO ,2019-01-23 15:07:06,31
CARO ,2019-01-23 15:43:03,31
CARO ,2019-01-23 16:43:03,31
CARO ,2019-01-23 17:43:03,31
CARO ,2019-01-23 18:43:03,31
CARO ,2019-01-23 19:43:03,31
CARO ,2019-01-23 20:43:03,31
CARO ,2019-01-23 21:43:03,31
CARO ,2019-01-23 22:43:03,31
CARO ,2019-01-23 23:43:03,31
CARO ,2019-01-30 08:15:05,34
CARO ,2019-01-30 08:21:09,34
CARO ,2019-01-30 08:46:13,34
CARO ,2019-01-30 08:46:16,34
CARO ,2019-01-30 09:46:11,34
CARO ,2019-01-30 09:46:14,34
CARO ,2019-01-30 10:46:11,34
CARO ,2019-01-30 10:46:15,34
CARO ,2019-01-30 11:46:07,34
CARO ,2019-01-30 11:46:18,34
CARO ,2019-01-30 12:46:14,34
CARO ,2019-01-30 12:46:17,34
CARO ,2019-01-30 13:46:11,34
CARO ,2019-01-30 13:46:15,34
CARO ,2019-01-30 14:46:12,34
CARO ,2019-01-30 14:46:16,34
CARO ,2019-01-30 15:46:13,34
CARO ,2019-01-30 15:46:16,34
CARO ,2019-01-30 16:46:12,35
CARO ,2019-01-30 16:46:15,35
CARO ,2019-01-30 17:46:13,35
CARO ,2019-01-30 17:46:17,35
CARO ,2019-01-30 18:46:11,35
CARO ,2019-01-30 18:46:14,35
CARO ,2019-01-30 19:46:16,35
CARO ,2019-01-30 19:46:19,35
CARO ,2019-01-30 20:44:11,35
CARO ,2019-01-30 21:46:13,35
CARO ,2019-01-30 21:46:16,35
CARO ,2019-01-30 22:46:12,35
CARO ,2019-01-30 22:46:15,35
CARO ,2019-01-30 23:46:15,35
CARO ,2019-01-30 23:46:18,35
CARO ,2019-01-31 00:46:16,35
CARO ,2019-01-31 00:46:19,35
CARO ,2019-01-31 01:46:11,35
CARO ,2019-01-31 01:46:14,35
CARO ,2019-01-31 02:46:14,35
CARO ,2019-01-31 02:46:17,35
CARO ,2019-01-31 03:46:14,35
CARO ,2019-01-31 03:46:17,35
CARO ,2019-01-31 04:46:11,35
CARO ,2019-01-31 04:46:14,35
CARO ,2019-01-31 05:46:13,35
CARO ,2019-01-31 05:46:16,35
CARO ,2019-01-31 06:46:14,35
CARO ,2019-01-31 06:46:17,35
CARO ,2019-01-31 08:16:34,35
CARO ,2019-01-31 08:43:10,35
CARO ,2019-01-31 10:06:43,35
CARO ,2019-01-31 10:43:10,35
CARO ,2019-01-31 11:43:09,35
CARO ,2019-01-31 12:43:08,35
CARO ,2019-01-31 13:43:10,35
CARO ,2019-01-31 15:43:10,35
CARO ,2019-01-31 16:43:14,34
CARO ,2019-01-31 17:43:11,34
CARO ,2019-01-31 18:43:11,34
CARO ,2019-01-31 19:43:13,34
CARO ,2019-01-31 20:43:12,34
CARO ,2019-01-31 21:43:10,34
CARO ,2019-01-31 22:43:09,34
CARO ,2019-01-31 23:43:09,34
CARO ,2019-02-01 00:43:09,34
CARO ,2019-02-01 01:43:10,34
CARO ,2019-02-01 02:43:12,34
CARO ,2019-02-01 03:43:11,34
CARO ,2019-02-01 04:43:10,34
CARO ,2019-02-01 05:43:09,34
CARO ,2019-02-01 06:43:10,34
CARO ,2019-02-01 07:43:11,34
CARO ,2019-02-01 08:43:10,34
CARO ,2019-02-01 09:43:10,34
CARO ,2019-02-01 10:43:09,34
CARO ,2019-02-01 11:43:10,34
CARO ,2019-02-01 12:43:09,34
CARO ,2019-02-01 13:43:10,34
CARO ,2019-02-01 14:43:11,34
CARO ,2019-02-01 15:43:10,33
CARO ,2019-02-01 16:43:11,33
CARO ,2019-02-01 17:43:10,33
CARO ,2019-02-01 18:43:14,33
CARO ,2019-02-01 19:43:13,33
CARO ,2019-02-01 20:43:10,33
CARO ,2019-02-01 21:43:13,33
CARO ,2019-02-01 22:43:12,33
CARO ,2019-02-02 00:08:14,33
CARO ,2019-02-02 00:43:11,33
CARO ,2019-02-02 01:43:11,33
CARO ,2019-02-02 02:43:10,33
CARO ,2019-02-02 03:43:09,33
CARO ,2019-02-02 04:43:10,33
CARO ,2019-02-02 05:43:10,33
CARO ,2019-02-02 06:43:10,33
CARO ,2019-02-02 07:43:10,33
CARO ,2019-02-02 08:43:09,33
CARO ,2019-02-02 09:43:09,33
CARO ,2019-02-02 10:43:09,33
CARO ,2019-02-02 11:43:09,33
CARO ,2019-02-02 12:43:10,33
CARO ,2019-02-02 13:43:11,33
CARO ,2019-02-02 14:43:11,33
CARO ,2019-02-02 15:43:09,33
CARO ,2019-02-02 16:43:14,33
CARO ,2019-02-02 17:43:11,33
CARO ,2019-02-02 18:43:12,33
CARO ,2019-02-02 19:43:10,33
CARO ,2019-02-02 20:43:12,33
CARO ,2019-02-02 21:43:09,33
CARO ,2019-02-02 22:43:10,33
CARO ,2019-02-02 23:43:11,33
CARO ,2019-02-03 00:43:11,33
CARO ,2019-02-03 01:43:10,33
CARO ,2019-02-03 02:43:11,33
CARO ,2019-02-03 03:43:11,33
CARO ,2019-02-03 04:43:11,33
CARO ,2019-02-03 05:43:08,33
CARO ,2019-02-03 06:43:10,33
CARO ,2019-02-03 07:43:10,33
CARO ,2019-02-03 08:43:09,33
CARO ,2019-02-03 09:43:10,33
CARO ,2019-02-03 10:43:08,33
CARO ,2019-02-03 11:43:10,33
CARO ,2019-02-03 12:43:10,33
CARO ,2019-02-03 13:43:10,33
CARO ,2019-02-03 14:43:12,33
CARO ,2019-02-03 15:43:09,33
CARO ,2019-02-03 16:43:10,33
CARO ,2019-02-03 17:43:11,33
CARO ,2019-02-03 18:43:12,33
CARO ,2019-02-03 19:43:09,33
CARO ,2019-02-03 20:43:10,33
CARO ,2019-02-03 21:43:12,33
CARO ,2019-02-03 22:43:13,33
CARO ,2019-02-03 23:43:12,33
CARO ,2019-02-04 00:43:11,33
CARO ,2019-02-04 01:43:10,33
CARO ,2019-02-04 02:43:12,33
CARO ,2019-02-04 03:43:11,33
CARO ,2019-02-04 04:43:11,33
CARO ,2019-02-04 05:43:09,33
CARO ,2019-02-04 06:43:09,33
CARO ,2019-02-04 07:43:09,33
CARO ,2019-02-04 08:43:10,33
CARO ,2019-02-04 09:43:10,33
CARO ,2019-02-04 10:43:10,33
CARO ,2019-02-04 11:43:10,33
CARO ,2019-02-04 12:43:08,33
CARO ,2019-02-04 13:43:10,33
CARO ,2019-02-04 14:43:11,33
CARO ,2019-02-04 15:43:12,33
CARO ,2019-02-04 16:43:11,33
CARO ,2019-02-04 17:43:10,33
CARO ,2019-02-04 18:43:12,33
CARO ,2019-02-04 19:43:10,33
CARO ,2019-02-04 20:43:13,33
CARO ,2019-02-04 21:43:11,33
CARO ,2019-02-04 22:43:12,33
CARO ,2019-02-04 23:43:12,33
CARO ,2019-02-05 00:43:12,33
CARO ,2019-02-05 01:43:15,33
CARO ,2019-02-05 02:43:12,33
CARO ,2019-02-05 03:43:11,33
CARO ,2019-02-05 04:43:27,33
CARO ,2019-02-05 05:43:12,33
CARO ,2019-02-05 06:43:12,33
CARO ,2019-02-05 07:43:11,33
CARO ,2019-02-05 08:43:12,33
CARO ,2019-02-05 09:43:10,33
CARO ,2019-02-05 10:43:12,33
CARO ,2019-02-05 11:43:10,33
CARO ,2019-02-05 12:43:09,33
CARO ,2019-02-05 13:43:11,33
CARO ,2019-02-05 14:43:12,33
CARO ,2019-02-05 15:43:10,33
CARO ,2019-02-05 16:43:13,33
CARO ,2019-02-05 17:43:11,33
CARO ,2019-02-05 18:43:14,33
CARO ,2019-02-05 19:43:13,33
CARO ,2019-02-05 20:43:12,33
CARO ,2019-02-05 21:43:11,33
CARO ,2019-02-05 22:43:13,33
CARO ,2019-02-05 23:43:15,33
CARO ,2019-02-06 00:43:12,33
CARO ,2019-02-06 01:43:10,33
CARO ,2019-02-06 02:43:11,33
CARO ,2019-02-06 03:43:12,33
CARO ,2019-02-06 04:43:11,33
CARO ,2019-02-06 05:43:11,33
CARO ,2019-02-06 06:43:14,33
CARO ,2019-02-06 07:43:13,33
CARO ,2019-02-06 08:43:07,33
CARO ,2019-02-06 09:43:07,33
CARO ,2019-02-07 02:43:18,32
CARO ,2019-02-07 03:43:10,32
CARO ,2019-02-07 04:43:10,32
CARO ,2019-02-07 05:43:11,32
CARO ,2019-02-07 06:43:09,32
CARO ,2019-02-07 07:43:09,32
CARO ,2019-02-07 08:43:09,32
CARO ,2019-02-07 09:43:09,32
CARO ,2019-02-07 10:43:12,32
CARO ,2019-02-07 11:43:13,32
CARO ,2019-02-07 12:43:12,32
CARO ,2019-02-07 13:43:12,32
CARO ,2019-02-07 15:06:44,32
CARO ,2019-02-07 15:43:14,32
CARO ,2019-02-07 16:43:16,32
CARO ,2019-02-07 17:43:12,32
CARO ,2019-02-07 18:43:16,32
CARO ,2019-02-07 19:43:15,32
CARO ,2019-02-07 20:43:14,32
CARO ,2019-02-07 21:43:13,32
CARO ,2019-02-07 22:43:12,32
CARO ,2019-02-07 23:43:13,32
CARO ,2019-02-08 00:43:44,32
CARO ,2019-02-08 01:43:13,32
CARO ,2019-02-08 02:43:13,32
CARO ,2019-02-08 03:43:17,32
CARO ,2019-02-08 04:43:12,32
CARO ,2019-02-08 05:43:11,32
CARO ,2019-02-08 06:43:11,32
CARO ,2019-02-08 07:43:11,32
CARO ,2019-02-08 08:43:10,32
CARO ,2019-02-08 09:43:12,32
CARO ,2019-02-08 10:43:12,32
CARO ,2019-02-08 11:43:13,32
CARO ,2019-02-08 12:43:14,32
CARO ,2019-02-08 13:43:13,32
CARO ,2019-02-08 15:07:46,32
CARO ,2019-02-08 15:43:12,32
CARO ,2019-02-08 16:43:13,32
CARO ,2019-02-08 17:43:16,32
CARO ,2019-02-08 18:43:17,32
CARO ,2019-02-08 19:43:17,32
CARO ,2019-02-08 20:43:16,31
CARO ,2019-02-08 21:43:15,31
CARO ,2019-02-08 22:43:13,31
CARO ,2019-02-08 23:43:13,31
CARO ,2019-02-09 00:43:14,31
CARO ,2019-02-09 01:43:13,31
CARO ,2019-02-09 02:43:13,31
CARO ,2019-02-09 03:43:12,31
CARO ,2019-02-09 04:43:15,31
CARO ,2019-02-09 05:43:14,31
CARO ,2019-02-09 06:43:13,31
CARO ,2019-02-09 07:43:13,31
CARO ,2019-02-09 08:43:12,31
CARO ,2019-02-09 09:43:13,31
CARO ,2019-02-09 10:43:13,31
CARO ,2019-02-09 11:43:11,31
CARO ,2019-02-09 12:43:15,31
CARO ,2019-02-09 13:43:13,31
CARO ,2019-02-09 14:43:14,31
CARO ,2019-02-09 15:43:15,31
CARO ,2019-02-09 16:43:14,31
CARO ,2019-02-09 17:43:15,31
CARO ,2019-02-09 18:43:13,31
CARO ,2019-02-09 19:43:14,31
CARO ,2019-02-09 20:43:13,31
CARO ,2019-02-09 21:43:15,31
CARO ,2019-02-09 22:43:14,31
CARO ,2019-02-09 23:43:15,31
CARO ,2019-02-10 00:43:13,31
CARO ,2019-02-10 01:43:14,31
CARO ,2019-02-10 02:43:14,31
CARO ,2019-02-10 03:43:13,31
CARO ,2019-02-10 04:43:16,31
CARO ,2019-02-10 05:43:17,31
CARO ,2019-02-10 06:43:15,31
CARO ,2019-02-10 07:43:13,31
CARO ,2019-02-10 08:43:13,31
CARO ,2019-02-10 09:43:13,31
CARO ,2019-02-10 10:43:13,31
CARO ,2019-02-10 11:43:12,31
CARO ,2019-02-10 12:43:13,31
CARO ,2019-02-10 13:43:14,31
CARO ,2019-02-10 14:43:15,31
CARO ,2019-02-10 15:43:16,31
CARO ,2019-02-10 16:43:16,31
CARO ,2019-02-10 17:43:14,31
CARO ,2019-02-10 18:43:14,31
CARO ,2019-02-10 19:43:16,31
CARO ,2019-02-10 20:43:15,31
CARO ,2019-02-10 21:43:13,31
CARO ,2019-02-10 22:43:15,31
CARO ,2019-02-10 23:43:16,31
CARO ,2019-02-11 00:43:15,31
CARO ,2019-02-11 01:43:15,31
CARO ,2019-02-11 02:43:18,31
CARO ,2019-02-11 03:43:16,31
CARO ,2019-02-11 04:43:18,31
CARO ,2019-02-11 05:43:15,31
CARO ,2019-02-11 06:43:16,31
CARO ,2019-02-11 07:43:13,31
CARO ,2019-02-11 08:43:13,31
CARO ,2019-02-11 09:43:14,31
CARO ,2019-02-11 10:43:16,31
CARO ,2019-02-11 11:43:12,31
CARO ,2019-02-11 12:43:13,31
CARO ,2019-02-11 13:43:13,31
CARO ,2019-02-11 14:43:13,31
CARO ,2019-02-11 15:43:13,31
CARO ,2019-02-11 16:43:14,31
CARO ,2019-02-11 17:43:15,31
CARO ,2019-02-11 18:43:14,31
CARO ,2019-02-11 19:43:13,31
CARO ,2019-02-11 20:43:14,31
CARO ,2019-02-11 21:43:12,31
CARO ,2019-02-11 22:43:12,31
CARO ,2019-02-11 23:43:14,31
CARO ,2019-02-12 00:43:13,31
CARO ,2019-02-12 01:43:11,31
CARO ,2019-02-12 02:43:17,31
CARO ,2019-02-12 03:43:13,31
CARO ,2019-02-12 04:43:15,31
CARO ,2019-02-12 05:43:13,31
CARO ,2019-02-12 06:43:13,31
CARO ,2019-02-12 07:43:13,31
CARO ,2019-02-12 08:43:12,31
CARO ,2019-02-12 09:43:14,31
CARO ,2019-02-12 10:43:14,31
CARO ,2019-02-12 11:43:14,31
CARO ,2019-02-12 12:43:13,31
CARO ,2019-02-12 13:43:14,31
CARO ,2019-02-12 14:43:13,31
CARO ,2019-02-12 15:43:16,31
CARO ,2019-02-12 16:43:13,31
CARO ,2019-02-12 17:43:13,31
CARO ,2019-02-12 18:43:14,31
CARO ,2019-02-12 19:43:14,31
CARO ,2019-02-12 20:43:13,31
CARO ,2019-02-12 21:43:14,31
CARO ,2019-02-12 22:43:14,31
CARO ,2019-02-12 23:43:13,31
CARO ,2019-02-13 00:43:14,31
CARO ,2019-02-13 01:43:16,31
CARO ,2019-02-13 02:43:14,31
CARO ,2019-02-13 03:43:14,31
CARO ,2019-02-13 04:43:15,31
CARO ,2019-02-13 05:43:15,31
CARO ,2019-02-13 06:43:14,31
CARO ,2019-02-13 07:43:14,31
CARO ,2019-02-13 08:43:13,31
CARO ,2019-02-13 09:43:13,31
CARO ,2019-02-13 10:43:14,31
CARO ,2019-02-13 11:43:13,31
CARO ,2019-02-13 12:43:15,31
CARO ,2019-02-13 13:43:12,31
CARO ,2019-02-13 14:43:12,31
CARO ,2019-02-13 15:43:14,31
CARO ,2019-02-13 16:43:12,31
CARO ,2019-02-13 17:43:16,31
CARO ,2019-02-13 18:43:12,31
CARO ,2019-02-13 19:43:12,31
CARO ,2019-02-13 20:43:13,31
CARO ,2019-02-13 21:43:13,31
CARO ,2019-02-13 22:43:15,31
CARO ,2019-02-13 23:43:14,31
CARO ,2019-02-14 00:43:13,31
CARO ,2019-02-14 01:43:15,31
CARO ,2019-02-14 02:43:15,31
CARO ,2019-02-14 03:43:16,31
CARO ,2019-02-14 04:43:13,31
CARO ,2019-02-14 05:43:17,31
CARO ,2019-02-14 06:43:13,31
CARO ,2019-02-14 07:43:13,31
CARO ,2019-02-14 08:43:12,31
CARO ,2019-02-14 09:43:12,31
CARO ,2019-02-14 10:43:13,31
CARO ,2019-02-14 11:43:14,31
CARO ,2019-02-14 12:43:13,31
CARO ,2019-02-14 13:43:14,31
CARO ,2019-02-14 14:43:14,31
CARO ,2019-02-14 15:43:15,32
CARO ,2019-02-14 16:43:11,32
CARO ,2019-02-14 17:43:14,32
CARO ,2019-02-14 18:43:14,32
CARO ,2019-02-14 19:43:13,32
CARO ,2019-02-14 20:43:15,32
CARO ,2019-02-14 21:43:14,32
CARO ,2019-02-14 22:43:15,32
CARO ,2019-02-15 00:43:16,32
CARO ,2019-02-15 01:43:16,32
CARO ,2019-02-15 02:43:17,32
CARO ,2019-02-15 03:43:19,32
CARO ,2019-02-15 04:43:20,32
CARO ,2019-02-15 05:43:14,32
CARO ,2019-02-15 06:43:12,32
CARO ,2019-02-15 07:43:15,32
CARO ,2019-02-15 08:43:14,32
CARO ,2019-02-15 09:43:14,32
CARO ,2019-02-15 10:43:15,32
CARO ,2019-02-15 11:43:15,32
CARO ,2019-02-15 12:43:13,32
CARO ,2019-02-15 14:08:16,32
CARO ,2019-02-15 14:43:16,32
CARO ,2019-02-15 15:43:23,31
CARO ,2019-02-15 16:43:19,31
CARO ,2019-02-15 17:43:13,31
CARO ,2019-02-15 18:43:18,31
CARO ,2019-02-15 19:43:16,31
CARO ,2019-02-15 20:43:14,31
CARO ,2019-02-15 21:43:16,31
CARO ,2019-02-15 22:43:16,31
CARO ,2019-02-15 23:43:16,31
CARO ,2019-02-16 00:43:17,31
CARO ,2019-02-16 01:43:22,31
CARO ,2019-02-16 02:43:20,31
CARO ,2019-02-16 03:43:18,31
CARO ,2019-02-16 04:43:14,31
CARO ,2019-02-16 05:43:16,31
CARO ,2019-02-16 06:43:14,31
CARO ,2019-02-16 07:43:13,31
CARO ,2019-02-16 08:43:14,31
CARO ,2019-02-16 09:43:16,31
CARO ,2019-02-16 10:43:15,31
CARO ,2019-02-16 11:43:13,31
CARO ,2019-02-16 12:43:15,31
CARO ,2019-02-16 13:43:18,31
CARO ,2019-02-16 14:43:15,31
CARO ,2019-02-16 15:43:21,31
CARO ,2019-02-16 16:43:13,31
CARO ,2019-02-16 17:43:14,31
CARO ,2019-02-16 18:43:14,31
CARO ,2019-02-16 19:43:13,31
CARO ,2019-02-16 20:43:15,31
CARO ,2019-02-16 21:43:15,31
CARO ,2019-02-16 22:43:14,31
CARO ,2019-02-16 23:43:13,31
CARO ,2019-02-17 00:43:15,31
CARO ,2019-02-17 01:43:14,31
CARO ,2019-02-17 02:43:11,31
CARO ,2019-02-17 03:43:16,31
CARO ,2019-02-17 04:43:13,31
CARO ,2019-02-17 05:43:15,31
CARO ,2019-02-17 06:43:13,31
CARO ,2019-02-17 07:43:14,31
CARO ,2019-02-17 08:43:13,31
CARO ,2019-02-17 09:43:11,31
CARO ,2019-02-17 10:43:13,31
CARO ,2019-02-17 11:43:14,31
CARO ,2019-02-17 12:43:11,31
CARO ,2019-02-17 13:43:14,31
CARO ,2019-02-17 14:43:13,31
CARO ,2019-02-17 15:43:16,31
CARO ,2019-02-17 16:43:14,31
CARO ,2019-02-17 17:43:14,31
CARO ,2019-02-17 18:43:15,31
CARO ,2019-02-17 19:43:14,31
CARO ,2019-02-17 20:43:16,31
CARO ,2019-02-17 21:43:12,31
CARO ,2019-02-17 22:43:13,31
CARO ,2019-02-17 23:43:14,31
CARO ,2019-02-18 00:43:13,31
CARO ,2019-02-18 01:43:15,31
CARO ,2019-02-18 02:43:17,31
CARO ,2019-02-18 03:43:16,31
CARO ,2019-02-18 04:43:13,31
CARO ,2019-02-18 05:43:14,31
CARO ,2019-02-18 06:43:12,31
CARO ,2019-02-18 07:43:13,31
CARO ,2019-02-18 08:43:13,31
CARO ,2019-02-18 09:43:15,31
CARO ,2019-02-18 10:43:12,31
CARO ,2019-02-18 11:43:13,31
CARO ,2019-02-18 12:43:14,31
CARO ,2019-02-18 13:43:17,31
CARO ,2019-02-18 14:43:13,31
CARO ,2019-02-18 15:43:16,31
CARO ,2019-02-18 16:43:15,31
CARO ,2019-02-18 17:43:16,31
CARO ,2019-02-18 18:43:14,31
CARO ,2019-02-18 19:43:14,31
CARO ,2019-02-18 20:43:15,31
CARO ,2019-02-18 21:43:13,31
CARO ,2019-02-18 22:43:12,31
CARO ,2019-02-18 23:43:13,31
CARO ,2019-02-19 00:43:13,31
CARO ,2019-02-19 01:43:17,31
CARO ,2019-02-19 02:43:14,31
CARO ,2019-02-19 03:43:15,31
CARO ,2019-02-19 04:43:15,31
CARO ,2019-02-19 05:43:14,31
CARO ,2019-02-19 06:43:13,31
CARO ,2019-02-19 07:43:13,31
CARO ,2019-02-19 08:43:13,31
CARO ,2019-02-19 09:43:12,31
CARO ,2019-02-19 10:43:11,31
CARO ,2019-02-19 11:43:09,31
CARO ,2019-02-19 12:43:10,31
CARO ,2019-02-19 14:07:45,31
CARO ,2019-02-19 14:43:14,31
CARO ,2019-02-19 15:43:16,31
CARO ,2019-02-19 16:43:15,32
CARO ,2019-02-19 17:43:15,32
CARO ,2019-02-19 18:43:19,32
CARO ,2019-02-19 19:43:15,32
CARO ,2019-02-19 20:43:18,32
CARO ,2019-02-19 21:43:17,32
CARO ,2019-02-19 22:43:17,32
CARO ,2019-02-19 23:43:16,32
CARO ,2019-02-20 00:43:23,32
CARO ,2019-02-20 01:43:17,32
CARO ,2019-02-20 02:43:17,32
CARO ,2019-02-20 03:43:23,32
CARO ,2019-02-20 04:43:19,32
CARO ,2019-02-20 05:43:15,32
CARO ,2019-02-20 06:43:16,32
CARO ,2019-02-20 07:43:14,32
CARO ,2019-02-20 08:43:16,32
CARO ,2019-02-20 09:43:16,32
CARO ,2019-02-20 10:43:14,32
CARO ,2019-02-20 11:43:17,32
CARO ,2019-02-20 12:43:15,32
CARO ,2019-02-20 13:43:15,32
CARO ,2019-02-20 14:43:18,32
CARO ,2019-02-20 15:43:18,32
CARO ,2019-02-20 16:43:16,32
CARO ,2019-02-20 17:43:17,32
CARO ,2019-02-20 18:43:17,32
CARO ,2019-02-20 19:43:18,32
CARO ,2019-02-20 20:43:18,32
CARO ,2019-02-20 21:43:18,32
CARO ,2019-02-20 22:43:18,32
CARO ,2019-02-20 23:43:15,32
CARO ,2019-02-21 00:43:17,32
CARO ,2019-02-21 01:43:18,32
CARO ,2019-02-21 02:43:20,32
CARO ,2019-02-21 03:43:17,32
CARO ,2019-02-21 04:43:15,32
CARO ,2019-02-21 05:43:17,32
CARO ,2019-02-21 06:43:15,32
CARO ,2019-02-21 07:43:14,32
CARO ,2019-02-21 08:43:13,32
CARO ,2019-02-21 09:43:14,32
CARO ,2019-02-21 10:43:15,32
CARO ,2019-02-21 11:43:16,32
CARO ,2019-02-21 12:43:13,32
CARO ,2019-02-21 13:43:14,32
CARO ,2019-02-21 14:43:16,32
CARO ,2019-02-21 15:43:19,32
CARO ,2019-02-21 17:07:16,32
CARO ,2019-02-21 17:43:13,32
CARO ,2019-02-21 18:43:13,31
CARO ,2019-02-21 19:43:14,31
CARO ,2019-02-21 20:43:18,31
CARO ,2019-02-21 21:43:13,31
CARO ,2019-02-21 22:43:14,31
CARO ,2019-02-21 23:43:13,31
CARO ,2019-02-22 00:43:15,31
CARO ,2019-02-22 01:43:17,31
CARO ,2019-02-22 02:43:15,31
CARO ,2019-02-22 03:43:17,31
CARO ,2019-02-22 04:43:15,31
CARO ,2019-02-22 05:43:14,31
CARO ,2019-02-22 06:43:14,31
CARO ,2019-02-22 07:43:17,31
CARO ,2019-02-22 08:43:17,31
CARO ,2019-02-22 09:43:15,31
CARO ,2019-02-22 10:43:14,31
CARO ,2019-02-22 11:43:15,31
CARO ,2019-02-22 12:43:14,31
CARO ,2019-02-22 13:43:13,31
CARO ,2019-02-22 14:43:16,31
CARO ,2019-02-22 15:43:17,31
CARO ,2019-02-22 16:43:14,31
CARO ,2019-02-22 17:43:14,31
CARO ,2019-02-22 18:43:15,31
CARO ,2019-02-22 19:43:13,31
CARO ,2019-02-22 20:43:13,31
CARO ,2019-02-22 21:43:17,31
CARO ,2019-02-22 22:43:14,31
CARO ,2019-02-22 23:43:17,31
CARO ,2019-02-23 00:43:13,31
CARO ,2019-02-23 01:43:16,31
CARO ,2019-02-23 02:43:18,31
CARO ,2019-02-23 03:43:19,31
CARO ,2019-02-23 04:43:15,31
CARO ,2019-02-23 05:43:16,31
CARO ,2019-02-23 06:43:13,31
CARO ,2019-02-23 07:43:13,31
CARO ,2019-02-23 08:43:14,31
CARO ,2019-02-23 09:43:13,31
CARO ,2019-02-23 10:43:14,31
CARO ,2019-02-23 11:43:15,31
CARO ,2019-02-23 12:43:14,31
CARO ,2019-02-23 13:43:13,31
CARO ,2019-02-23 14:43:15,31
CARO ,2019-02-23 15:43:15,31
CARO ,2019-02-23 16:43:13,31
CARO ,2019-02-23 17:43:14,31
CARO ,2019-02-23 18:43:15,31
CARO ,2019-02-23 19:43:14,31
CARO ,2019-02-23 20:43:15,31
CARO ,2019-02-23 21:43:17,31
CARO ,2019-02-23 22:43:13,31
CARO ,2019-02-23 23:43:15,31
CARO ,2019-02-24 00:43:16,31
CARO ,2019-02-24 01:43:14,31
CARO ,2019-02-24 02:43:15,31
CARO ,2019-02-24 03:43:15,31
CARO ,2019-02-24 04:43:15,31
CARO ,2019-02-24 05:43:16,31
CARO ,2019-02-24 06:43:14,31
CARO ,2019-02-24 07:43:15,31
CARO ,2019-02-24 08:43:14,31
CARO ,2019-02-24 09:43:14,31
CARO ,2019-02-24 10:43:12,31
CARO ,2019-02-24 11:43:13,31
CARO ,2019-02-24 12:43:13,31
CARO ,2019-02-24 13:43:13,31
CARO ,2019-02-24 14:43:13,31
CARO ,2019-02-24 15:43:16,31
CARO ,2019-02-24 16:43:14,31
CARO ,2019-02-24 17:43:16,31
CARO ,2019-02-24 18:43:16,31
CARO ,2019-02-24 19:43:16,31
CARO ,2019-02-24 20:43:13,31
CARO ,2019-02-24 21:43:14,31
CARO ,2019-02-24 22:43:15,31
CARO ,2019-02-24 23:43:14,31
CARO ,2019-02-25 00:43:15,31
CARO ,2019-02-25 01:43:14,31
CARO ,2019-02-25 02:43:14,31
CARO ,2019-02-25 03:43:16,31
CARO ,2019-02-25 04:43:14,31
CARO ,2019-02-25 05:43:14,31
CARO ,2019-02-25 06:43:13,31
CARO ,2019-02-25 07:43:14,31
CARO ,2019-02-25 08:43:14,31
CARO ,2019-02-25 09:43:15,31
CARO ,2019-02-25 10:43:13,31
CARO ,2019-02-25 11:43:16,31
CARO ,2019-02-25 12:43:13,31
CARO ,2019-02-25 14:08:18,31
CARO ,2019-02-25 14:43:15,31
CARO ,2019-02-25 15:43:16,31
CARO ,2019-02-25 16:43:15,31
CARO ,2019-02-25 17:43:17,31
CARO ,2019-02-25 18:43:18,31
CARO ,2019-02-25 19:43:13,31
CARO ,2019-02-25 20:43:15,31
CARO ,2019-02-25 21:43:15,31
CARO ,2019-02-25 22:43:14,31
CARO ,2019-02-25 23:43:16,31
CARO ,2019-02-26 00:43:16,31
CARO ,2019-02-26 01:43:15,31
CARO ,2019-02-26 02:43:17,31
CARO ,2019-02-26 03:43:18,31
CARO ,2019-02-26 04:43:18,31
CARO ,2019-02-26 05:43:14,31
CARO ,2019-02-26 06:43:18,31
CARO ,2019-02-26 07:43:17,31
CARO ,2019-02-26 08:43:15,31
CARO ,2019-02-26 09:43:16,31
CARO ,2019-02-26 10:43:13,31
CARO ,2019-02-26 11:43:15,31
CARO ,2019-02-26 12:43:13,31
CARO ,2019-02-26 13:43:14,31
CARO ,2019-02-26 14:43:16,31
CARO ,2019-02-26 15:43:19,31
CARO ,2019-02-26 16:43:15,30
CARO ,2019-02-26 17:43:16,30
CARO ,2019-02-26 18:43:14,30
CARO ,2019-02-26 19:43:20,30
CARO ,2019-02-26 20:43:17,30
CARO ,2019-02-26 21:43:15,30
CARO ,2019-02-26 22:43:18,30
CARO ,2019-02-26 23:43:17,30
CARO ,2019-02-27 00:43:19,30
CARO ,2019-02-27 01:43:20,30
CARO ,2019-02-27 03:43:38,30
CARO ,2019-02-27 04:43:19,30
CARO ,2019-02-27 05:43:18,30
CARO ,2019-02-27 06:43:19,30
CARO ,2019-02-27 07:43:17,30
CARO ,2019-02-27 08:43:16,30
CARO ,2019-02-27 09:43:13,30
CARO ,2019-02-27 10:43:15,30
CARO ,2019-02-27 11:43:19,30
CARO ,2019-02-27 12:43:21,30
CARO ,2019-02-27 13:43:16,30
CARO ,2019-02-27 14:43:18,30
CARO ,2019-02-27 15:43:22,30
CARO ,2019-02-27 16:43:15,30
CARO ,2019-02-27 17:43:15,30
CARO ,2019-02-27 18:43:20,30
CARO ,2019-02-27 19:43:19,30
CARO ,2019-02-27 20:43:16,30
CARO ,2019-02-27 21:43:17,30
CARO ,2019-02-27 22:43:19,30
CARO ,2019-02-27 23:43:16,30
CARO ,2019-02-28 00:44:04,30
CARO ,2019-02-28 01:43:15,30
CARO ,2019-02-28 02:43:17,30
CARO ,2019-02-28 04:43:17,30
CARO ,2019-02-28 05:43:16,30
CARO ,2019-02-28 06:43:14,30
CARO ,2019-02-28 07:43:16,30
CARO ,2019-02-28 08:43:16,30
CARO ,2019-02-28 09:43:14,30
CARO ,2019-02-28 10:43:16,30
CARO ,2019-02-28 11:43:17,30
CARO ,2019-02-28 12:43:17,30
CARO ,2019-02-28 13:43:17,30
CARO ,2019-02-28 15:07:22,30
CARO ,2019-02-28 15:43:13,30
CARO ,2019-02-28 16:43:18,30
CARO ,2019-02-28 17:43:17,31
CARO ,2019-02-28 18:43:20,31
CARO ,2019-02-28 19:43:18,31
CARO ,2019-02-28 20:43:15,31
CARO ,2019-02-28 21:43:15,31
CARO ,2019-02-28 22:43:17,31
CARO ,2019-02-28 23:43:15,31
CARO ,2019-03-01 00:43:16,31
CARO ,2019-03-01 01:43:17,31
CARO ,2019-03-01 02:43:18,31
CARO ,2019-03-01 03:43:20,31
CARO ,2019-03-01 04:43:18,31
CARO ,2019-03-01 05:43:18,31
CARO ,2019-03-01 06:43:16,31
CARO ,2019-03-01 07:43:18,31
CARO ,2019-03-01 08:43:16,31
CARO ,2019-03-01 09:43:14,31
CARO ,2019-03-01 10:43:16,31
CARO ,2019-03-01 11:43:15,31
CARO ,2019-03-01 12:43:14,31
CARO ,2019-03-01 13:43:22,31
CARO ,2019-03-01 14:43:20,31
CARO ,2019-03-01 15:43:17,30
CARO ,2019-03-01 16:43:17,30
CARO ,2019-03-01 17:43:16,30
CARO ,2019-03-01 18:43:19,30
CARO ,2019-03-01 19:43:18,30
CARO ,2019-03-01 20:43:21,30
CARO ,2019-03-01 21:43:20,30
CARO ,2019-03-01 22:43:20,30
CARO ,2019-03-01 23:43:19,30
CARO ,2019-03-02 07:43:17,30
CARO ,2019-03-02 08:43:17,30
CARO ,2019-03-02 09:43:14,30
CARO ,2019-03-02 10:43:15,30
CARO ,2019-03-02 11:43:18,30
CARO ,2019-03-02 15:43:21,30
CARO ,2019-03-02 16:43:17,30
CARO ,2019-03-02 17:43:17,30
CARO ,2019-03-04 02:43:19,30
CARO ,2019-03-04 07:43:19,30
CARO ,2019-03-04 10:43:15,30
CARO ,2019-03-04 11:43:15,30
CARO ,2019-03-04 12:43:13,30
CARO ,2019-03-04 13:43:12,30
CARO ,2019-03-04 14:43:18,30
CARO ,2019-03-04 15:43:14,30
CARO ,2019-03-04 16:43:17,30
CARO ,2019-03-04 17:43:17,30
CARO ,2019-03-04 18:43:15,30
CARO ,2019-03-04 19:43:19,30
CARO ,2019-03-04 20:43:17,30
CARO ,2019-03-04 21:43:16,30
CARO ,2019-03-04 22:43:18,30
CARO ,2019-03-04 23:43:16,30
CARO ,2019-03-05 00:43:18,30
CARO ,2019-03-05 01:43:17,30
CARO ,2019-03-05 02:43:20,30
CARO ,2019-03-05 03:43:20,30
CARO ,2019-03-05 04:43:17,30
CARO ,2019-03-05 05:43:17,30
CARO ,2019-03-05 06:43:15,30
CARO ,2019-03-05 07:43:15,30
CARO ,2019-03-05 08:43:15,30
CARO ,2019-03-05 09:43:17,30
CARO ,2019-03-05 10:43:15,30
CARO ,2019-03-05 11:43:13,30
CARO ,2019-03-05 12:43:15,30
CARO ,2019-03-05 14:08:25,30
CARO ,2019-03-05 14:43:17,30
CARO ,2019-03-05 15:43:20,31
CARO ,2019-03-05 16:43:18,31
CARO ,2019-03-05 17:43:19,32
CARO ,2019-03-05 18:43:18,32
CARO ,2019-03-05 19:43:17,32
CARO ,2019-03-05 20:43:19,32
CARO ,2019-03-05 21:43:17,32
CARO ,2019-03-05 22:43:21,32
CARO ,2019-03-05 23:43:20,32
CARO ,2019-03-06 00:43:20,32
CARO ,2019-03-06 01:43:19,32
CARO ,2019-03-06 02:43:18,32
CARO ,2019-03-06 03:43:19,32
CARO ,2019-03-06 04:43:21,32
CARO ,2019-03-06 05:43:20,32
CARO ,2019-03-06 06:43:22,32
CARO ,2019-03-06 07:43:17,32
CARO ,2019-03-06 08:43:15,32
CARO ,2019-03-06 09:43:16,32
CARO ,2019-03-06 10:43:18,32
CARO ,2019-03-06 11:44:06,32
CARO ,2019-03-06 12:43:32,32
CARO ,2019-03-06 14:08:06,32
CARO ,2019-03-06 14:43:48,32
CARO ,2019-03-06 15:43:41,33
CARO ,2019-03-06 16:43:16,33
CARO ,2019-03-06 17:43:23,33
CARO ,2019-03-06 18:43:21,33
CARO ,2019-03-06 19:43:19,32
CARO ,2019-03-06 20:43:19,32
CARO ,2019-03-06 21:43:19,32
CARO ,2019-03-06 22:43:18,32
CARO ,2019-03-06 23:43:19,32
CARO ,2019-03-07 00:43:18,32
CARO ,2019-03-07 01:43:20,32
CARO ,2019-03-07 02:43:21,32
CARO ,2019-03-07 04:43:23,32
CARO ,2019-03-07 05:43:20,32
CARO ,2019-03-07 06:43:18,32
CARO ,2019-03-07 07:43:19,32
CARO ,2019-03-07 08:43:19,32
CARO ,2019-03-07 09:43:18,32
CARO ,2019-03-07 10:43:17,32
CARO ,2019-03-07 11:43:18,32
CARO ,2019-03-07 12:43:17,32
CARO ,2019-03-07 13:43:19,32
CARO ,2019-03-07 14:43:22,32
CARO ,2019-03-07 15:43:16,31
CARO ,2019-03-07 16:43:19,31
CARO ,2019-03-07 17:43:22,31
CARO ,2019-03-07 18:43:21,31
CARO ,2019-03-07 20:07:52,31
CARO ,2019-03-07 20:43:19,31
CARO ,2019-03-07 21:43:20,31
CARO ,2019-03-07 22:43:23,31
CARO ,2019-03-07 23:43:17,31
CARO ,2019-03-08 00:43:18,31
CARO ,2019-03-08 01:43:20,31
CARO ,2019-03-08 02:43:18,31
CARO ,2019-03-08 04:43:17,31
CARO ,2019-03-08 05:43:17,31
CARO ,2019-03-08 06:43:17,31
CARO ,2019-03-08 07:43:18,31
CARO ,2019-03-08 08:43:18,31
CARO ,2019-03-08 09:43:16,31
CARO ,2019-03-08 10:43:17,31
CARO ,2019-03-08 11:43:17,31
CARO ,2019-03-08 12:43:17,31
CARO ,2019-03-08 14:08:22,31
CARO ,2019-03-08 14:43:16,31
CARO ,2019-03-08 15:43:21,31
CARO ,2019-03-08 16:43:17,31
CARO ,2019-03-08 17:43:16,32
CARO ,2019-03-08 18:43:19,32
CARO ,2019-03-08 19:43:20,32
CARO ,2019-03-08 20:43:15,32
CARO ,2019-03-08 21:43:23,32
CARO ,2019-03-08 22:43:15,32
CARO ,2019-03-08 23:43:20,32
CARO ,2019-03-09 00:43:24,32
CARO ,2019-03-09 01:43:20,32
CARO ,2019-03-09 02:43:18,32
CARO ,2019-03-09 03:43:20,32
CARO ,2019-03-09 04:43:19,32
CARO ,2019-03-09 05:43:18,32
CARO ,2019-03-09 06:43:17,32
CARO ,2019-03-09 07:43:16,32
CARO ,2019-03-09 08:43:15,32
CARO ,2019-03-09 09:43:14,32
CARO ,2019-03-09 10:43:16,32
CARO ,2019-03-09 11:43:15,32
CARO ,2019-03-09 12:43:15,32
CARO ,2019-03-09 13:43:15,32
CARO ,2019-03-09 14:43:17,32
CARO ,2019-03-09 15:43:19,32
CARO ,2019-03-09 16:43:17,32
CARO ,2019-03-09 17:43:17,32
CARO ,2019-03-09 18:43:17,32
CARO ,2019-03-09 19:43:16,32
CARO ,2019-03-09 20:43:17,32
CARO ,2019-03-09 21:43:15,32
CARO ,2019-03-09 22:43:18,32
CARO ,2019-03-09 23:43:16,32
CARO ,2019-03-10 00:43:17,32
CARO ,2019-03-10 01:43:17,32
CARO ,2019-03-10 02:43:20,32
CARO ,2019-03-10 03:43:17,32
CARO ,2019-03-10 04:43:17,32
CARO ,2019-03-10 05:43:17,32
CARO ,2019-03-10 06:43:17,32
CARO ,2019-03-10 07:43:15,32
CARO ,2019-03-10 08:43:14,32
CARO ,2019-03-10 09:43:15,32
CARO ,2019-03-10 10:43:14,32
CARO ,2019-03-10 11:43:15,32
CARO ,2019-03-10 12:43:16,32
CARO ,2019-03-10 13:43:14,32
CARO ,2019-03-10 14:43:15,32
CARO ,2019-03-10 15:43:19,32
CARO ,2019-03-10 16:43:17,32
CARO ,2019-03-10 17:43:21,32
CARO ,2019-03-10 18:43:21,32
CARO ,2019-03-10 19:43:17,32
CARO ,2019-03-10 20:43:16,32
CARO ,2019-03-10 21:43:16,32
CARO ,2019-03-10 22:43:15,32
CARO ,2019-03-10 23:43:17,32
CARO ,2019-03-11 00:43:18,32
CARO ,2019-03-11 01:43:19,32
CARO ,2019-03-11 02:43:17,32
CARO ,2019-03-11 03:43:16,32
CARO ,2019-03-11 04:43:17,32
CARO ,2019-03-11 05:43:17,32
CARO ,2019-03-11 06:43:15,32
CARO ,2019-03-11 07:43:16,32
CARO ,2019-03-11 08:43:14,32
CARO ,2019-03-11 09:43:16,32
CARO ,2019-03-11 10:43:17,32
CARO ,2019-03-11 11:43:15,32
CARO ,2019-03-11 12:43:19,32
CARO ,2019-03-11 13:43:18,32
CARO ,2019-03-11 14:43:19,32
CARO ,2019-03-11 15:43:17,32
CARO ,2019-03-11 16:43:17,32
CARO ,2019-03-11 17:43:16,32
CARO ,2019-03-11 18:43:18,32
CARO ,2019-03-11 19:43:17,32
CARO ,2019-03-11 20:43:16,32
CARO ,2019-03-11 21:43:19,32
CARO ,2019-03-11 22:43:17,32
CARO ,2019-03-11 23:43:18,32
CARO ,2019-03-12 00:43:21,32
CARO ,2019-03-12 01:43:16,32
CARO ,2019-03-12 02:43:17,32
CARO ,2019-03-12 03:43:19,32
CARO ,2019-03-12 04:43:17,32
CARO ,2019-03-12 05:43:17,32
CARO ,2019-03-12 06:43:18,32
CARO ,2019-03-12 07:43:14,32
CARO ,2019-03-12 08:43:16,32
CARO ,2019-03-12 09:43:15,32
CARO ,2019-03-12 10:43:19,32
CARO ,2019-03-12 11:43:16,32
CARO ,2019-03-12 12:43:17,32
CARO ,2019-03-12 13:43:17,32
CARO ,2019-03-12 14:43:15,32
CARO ,2019-03-12 15:43:16,32
CARO ,2019-03-12 16:43:17,32
CARO ,2019-03-12 17:43:15,32
CARO ,2019-03-12 18:43:17,32
CARO ,2019-03-12 19:43:15,32
CARO ,2019-03-12 20:43:17,32
CARO ,2019-03-12 21:43:16,32
CARO ,2019-03-12 22:43:17,32
CARO ,2019-03-12 23:43:19,32
CARO ,2019-03-13 00:43:18,32
CARO ,2019-03-13 01:43:18,32
CARO ,2019-03-13 02:43:17,32
CARO ,2019-03-13 03:43:18,32
CARO ,2019-03-13 04:43:18,32
CARO ,2019-03-13 05:43:17,32
CARO ,2019-03-13 06:43:16,32
CARO ,2019-03-13 07:43:19,32
CARO ,2019-03-13 08:43:15,32
CARO ,2019-03-13 09:43:16,32
CARO ,2019-03-13 10:43:14,32
CARO ,2019-03-13 11:43:14,32
CARO ,2019-03-13 13:07:18,32
CARO ,2019-03-13 13:43:16,32
CARO ,2019-03-13 14:43:16,32
CARO ,2019-03-13 15:43:16,32
CARO ,2019-03-13 16:43:17,32
CARO ,2019-03-13 17:43:19,32
CARO ,2019-03-13 18:43:14,32
CARO ,2019-03-13 19:43:17,32
CARO ,2019-03-13 20:43:16,32
CARO ,2019-03-13 21:43:17,32
CARO ,2019-03-13 22:43:15,32
CARO ,2019-03-13 23:43:18,32
CARO ,2019-03-14 00:43:15,32
CARO ,2019-03-14 01:43:18,32
CARO ,2019-03-14 02:43:18,32
CARO ,2019-03-14 03:43:15,32
CARO ,2019-03-14 04:43:17,32
CARO ,2019-03-14 05:43:16,32
CARO ,2019-03-14 06:43:17,32
CARO ,2019-03-14 07:43:16,32
CARO ,2019-03-14 08:43:15,32
CARO ,2019-03-14 09:43:14,32
CARO ,2019-03-14 10:43:18,32
CARO ,2019-03-14 11:43:16,32
CARO ,2019-03-14 13:07:50,32
CARO ,2019-03-14 13:43:15,32
CARO ,2019-03-14 14:43:17,32
CARO ,2019-03-14 15:43:17,32
CARO ,2019-03-14 16:43:16,32
CARO ,2019-03-14 17:43:18,32
CARO ,2019-03-14 18:43:15,32
CARO ,2019-03-14 19:43:21,32
CARO ,2019-03-14 20:43:17,32
CARO ,2019-03-14 21:43:17,32
CARO ,2019-03-14 22:43:21,32
CARO ,2019-03-14 23:43:20,32
CARO ,2019-03-15 00:43:18,32
CARO ,2019-03-15 01:43:17,32
CARO ,2019-03-15 02:43:19,32
CARO ,2019-03-15 03:43:18,32
CARO ,2019-03-15 04:43:17,32
CARO ,2019-03-15 05:43:15,32
CARO ,2019-03-15 06:43:14,32
CARO ,2019-03-15 07:43:16,32
CARO ,2019-03-15 08:43:18,32
CARO ,2019-03-15 09:43:17,32
CARO ,2019-03-15 10:43:20,32
CARO ,2019-03-15 11:43:19,32
CARO ,2019-03-15 12:43:18,32
CARO ,2019-03-15 13:43:18,32
CARO ,2019-03-15 14:43:18,32
CARO ,2019-03-15 15:43:22,32
CARO ,2019-03-15 16:43:20,32
CARO ,2019-03-15 17:43:21,32
CARO ,2019-03-15 18:43:18,33
CARO ,2019-03-15 19:43:18,33
CARO ,2019-03-15 20:43:19,33
CARO ,2019-03-15 21:43:17,33
CARO ,2019-03-15 22:43:16,33
CARO ,2019-03-15 23:43:21,33
CARO ,2019-03-16 00:43:18,33
CARO ,2019-03-16 01:43:16,33
CARO ,2019-03-16 02:43:19,33
CARO ,2019-03-16 03:43:19,33
CARO ,2019-03-16 04:43:20,33
CARO ,2019-03-16 05:43:20,33
CARO ,2019-03-16 06:43:18,33
CARO ,2019-03-16 07:43:18,33
CARO ,2019-03-16 08:43:21,33
CARO ,2019-03-16 09:43:18,33
CARO ,2019-03-16 10:43:17,33
CARO ,2019-03-16 11:43:18,33
CARO ,2019-03-16 12:43:17,33
CARO ,2019-03-16 13:43:18,33
CARO ,2019-03-16 14:43:17,33
CARO ,2019-03-16 15:43:18,33
CARO ,2019-03-16 16:43:17,33
CARO ,2019-03-16 17:43:18,33
CARO ,2019-03-16 18:43:16,33
CARO ,2019-03-16 19:43:17,33
CARO ,2019-03-16 20:43:19,33
CARO ,2019-03-16 21:43:20,33
CARO ,2019-03-16 22:43:19,33
CARO ,2019-03-16 23:43:17,33
CARO ,2019-03-17 00:43:20,33
CARO ,2019-03-17 01:43:18,33
CARO ,2019-03-17 02:43:22,33
CARO ,2019-03-17 03:43:19,33
CARO ,2019-03-17 04:43:19,33
CARO ,2019-03-17 05:43:20,33
CARO ,2019-03-17 06:43:18,33
CARO ,2019-03-17 07:43:17,33
CARO ,2019-03-17 08:43:15,33
CARO ,2019-03-17 09:43:19,33
CARO ,2019-03-17 10:43:16,33
CARO ,2019-03-17 11:43:16,33
CARO ,2019-03-17 12:43:16,33
CARO ,2019-03-17 13:43:16,33
CARO ,2019-03-17 14:43:16,33
CARO ,2019-03-17 15:43:16,33
CARO ,2019-03-17 16:43:15,33
CARO ,2019-03-17 17:43:15,33
CARO ,2019-03-17 18:43:17,33
CARO ,2019-03-17 19:43:16,33
CARO ,2019-03-17 20:43:15,33
CARO ,2019-03-17 21:43:14,33
CARO ,2019-03-17 22:43:15,33
CARO ,2019-03-17 23:43:16,33
CARO ,2019-03-18 00:43:17,33
CARO ,2019-03-18 01:43:16,33
CARO ,2019-03-18 02:43:17,33
CARO ,2019-03-18 03:43:17,33
CARO ,2019-03-18 04:43:17,33
CARO ,2019-03-18 05:43:16,33
CARO ,2019-03-18 06:43:16,33
CARO ,2019-03-18 07:43:17,33
CARO ,2019-03-18 08:43:15,33
CARO ,2019-03-18 09:43:17,33
CARO ,2019-03-18 10:43:16,33
CARO ,2019-03-18 11:43:15,33
CARO ,2019-03-18 12:43:18,33
CARO ,2019-03-18 13:43:20,33
CARO ,2019-03-18 14:43:19,33
CARO ,2019-03-18 15:43:24,33
CARO ,2019-03-18 16:43:17,33
CARO ,2019-03-18 17:43:21,33
CARO ,2019-03-18 18:43:21,33
CARO ,2019-03-18 19:43:21,33
CARO ,2019-03-18 20:43:18,33
CARO ,2019-03-18 21:43:19,33
CARO ,2019-03-18 22:43:22,33
CARO ,2019-03-18 23:43:20,33
CARO ,2019-03-19 00:43:24,33
CARO ,2019-03-19 01:43:21,33
CARO ,2019-03-19 02:43:22,33
CARO ,2019-03-19 03:43:18,33
CARO ,2019-03-19 04:43:18,33
CARO ,2019-03-19 05:43:16,33
CARO ,2019-03-19 06:43:22,33
CARO ,2019-03-19 07:43:19,33
CARO ,2019-03-19 08:43:17,33
CARO ,2019-03-19 09:43:18,33
CARO ,2019-03-19 10:43:18,33
CARO ,2019-03-19 11:43:18,33
CARO ,2019-03-19 12:43:20,33
CARO ,2019-03-19 13:43:18,33
CARO ,2019-03-19 14:43:19,33
CARO ,2019-03-19 15:43:21,33
CARO ,2019-03-19 16:43:19,33
CARO ,2019-03-19 17:43:24,33
CARO ,2019-03-19 18:43:20,33
CARO ,2019-03-19 19:43:22,33
CARO ,2019-03-19 20:43:22,33
CARO ,2019-03-19 21:43:27,33
CARO ,2019-03-19 22:43:24,33
CARO ,2019-03-19 23:43:21,33
CARO ,2019-03-20 00:43:23,33
CARO ,2019-03-20 01:43:23,33
CARO ,2019-03-20 02:43:23,33
CARO ,2019-03-20 03:43:24,33
CARO ,2019-03-20 04:43:23,33
CARO ,2019-03-20 05:43:21,33
CARO ,2019-03-20 06:43:26,33
CARO ,2019-03-20 07:43:25,33
CARO ,2019-03-20 08:43:24,33
CARO ,2019-03-20 09:43:21,33
CARO ,2019-03-20 10:43:23,33
CARO ,2019-03-20 11:43:21,33
CARO ,2019-03-20 13:07:29,33
CARO ,2019-03-20 13:43:22,33
CARO ,2019-03-20 14:43:23,33
CARO ,2019-03-20 15:43:26,33
CARO ,2019-03-20 16:43:20,34
CARO ,2019-03-20 17:43:22,34
CARO ,2019-03-20 18:43:20,34
CARO ,2019-03-20 19:43:19,34
CARO ,2019-03-20 20:43:18,34
CARO ,2019-03-20 21:43:17,34
CARO ,2019-03-20 22:43:19,34
CARO ,2019-03-20 23:43:17,34
CARO ,2019-03-21 00:43:17,34
CARO ,2019-03-21 01:43:17,34
CARO ,2019-03-21 02:43:20,34
CARO ,2019-03-21 03:43:20,34
CARO ,2019-03-21 04:43:18,34
CARO ,2019-03-21 05:43:21,34
CARO ,2019-03-21 06:43:16,34
CARO ,2019-03-21 07:43:16,34
CARO ,2019-03-21 08:43:14,34
CARO ,2019-03-21 09:43:16,34
CARO ,2019-03-21 10:43:18,34
CARO ,2019-03-21 11:43:17,34
CARO ,2019-03-21 13:08:20,34
CARO ,2019-03-21 13:43:15,34
CARO ,2019-03-21 14:43:16,34
CARO ,2019-03-21 15:43:18,34
CARO ,2019-03-21 16:43:16,34
CARO ,2019-03-21 17:43:17,34
CARO ,2019-03-21 18:43:19,34
CARO ,2019-03-21 19:43:17,34
CARO ,2019-03-21 20:43:13,34
CARO ,2019-03-21 21:43:15,34
CARO ,2019-03-21 22:43:15,34
CARO ,2019-03-21 23:43:15,34
CARO ,2019-03-22 00:43:16,34
CARO ,2019-03-22 01:43:15,34
CARO ,2019-03-22 02:43:22,34
CARO ,2019-03-22 03:43:17,34
CARO ,2019-03-22 04:43:14,34
CARO ,2019-03-22 05:43:16,34
CARO ,2019-03-22 06:43:13,34
CARO ,2019-03-22 07:43:14,34
CARO ,2019-03-22 08:43:25,34
CARO ,2019-03-22 09:43:16,34
CARO ,2019-03-22 10:43:15,34
CARO ,2019-03-22 11:43:13,34
CARO ,2019-03-22 12:43:21,34
CARO ,2019-03-22 13:43:14,34
CARO ,2019-03-22 14:43:14,33
CARO ,2019-03-22 15:43:15,33
CARO ,2019-03-22 16:43:16,33
CARO ,2019-03-22 17:43:18,33
CARO ,2019-03-22 18:43:16,32
CARO ,2019-03-22 19:43:15,32
CARO ,2019-03-22 20:43:16,32
CARO ,2019-03-22 21:43:14,32
CARO ,2019-03-22 22:43:15,32
CARO ,2019-03-22 23:43:14,32
CARO ,2019-03-23 00:43:16,32
CARO ,2019-03-23 01:43:22,32
CARO ,2019-03-23 02:43:16,32
CARO ,2019-03-23 03:43:14,32
CARO ,2019-03-23 04:43:14,32
CARO ,2019-03-23 05:43:15,32
CARO ,2019-03-23 06:43:14,32
CARO ,2019-03-23 07:43:19,32
CARO ,2019-03-23 08:43:14,32
CARO ,2019-03-23 09:43:15,32
CARO ,2019-03-23 10:43:13,32
CARO ,2019-03-23 11:43:15,32
CARO ,2019-03-23 12:43:13,32
CARO ,2019-03-23 13:43:18,32
CARO ,2019-03-23 14:43:15,32
CARO ,2019-03-23 15:43:16,32
CARO ,2019-03-23 16:43:13,32
CARO ,2019-03-23 17:43:14,32
CARO ,2019-03-23 18:43:15,32
CARO ,2019-03-23 19:43:19,32
CARO ,2019-03-23 20:43:16,32
CARO ,2019-03-23 21:43:16,32
CARO ,2019-03-23 22:43:14,32
CARO ,2019-03-23 23:43:15,32
CARO ,2019-03-24 00:43:15,32
CARO ,2019-03-24 01:43:16,32
CARO ,2019-03-24 02:43:16,32
CARO ,2019-03-24 03:43:17,32
CARO ,2019-03-24 04:43:22,32
CARO ,2019-03-24 05:43:16,32
CARO ,2019-03-24 06:43:16,32
CARO ,2019-03-24 07:43:16,32
CARO ,2019-03-24 08:43:15,32
CARO ,2019-03-24 09:43:22,32
CARO ,2019-03-24 10:43:18,32
CARO ,2019-03-24 11:43:13,32
CARO ,2019-03-24 12:43:14,32
CARO ,2019-03-24 13:43:19,32
CARO ,2019-03-24 14:43:15,32
CARO ,2019-03-24 15:43:15,32
CARO ,2019-03-24 16:43:14,32
CARO ,2019-03-24 17:43:15,32
CARO ,2019-03-24 18:43:16,32
CARO ,2019-03-24 19:43:15,32
CARO ,2019-03-24 20:43:17,32
CARO ,2019-03-24 21:43:22,32
CARO ,2019-03-24 22:43:16,32
CARO ,2019-03-24 23:43:16,32
CARO ,2019-03-25 00:43:16,32
CARO ,2019-03-25 01:43:16,32
CARO ,2019-03-25 02:43:18,32
CARO ,2019-03-25 03:43:25,32
CARO ,2019-03-25 04:43:16,32
CARO ,2019-03-25 05:43:17,32
CARO ,2019-03-25 06:43:15,32
CARO ,2019-03-25 07:43:16,32
CARO ,2019-03-25 08:43:18,32
CARO ,2019-03-25 09:43:15,32
CARO ,2019-03-25 10:43:17,32
CARO ,2019-03-25 11:43:25,32
CARO ,2019-03-25 13:07:21,32
CARO ,2019-03-25 13:43:22,32
CARO ,2019-03-25 14:43:16,32
CARO ,2019-03-25 15:43:17,32
CARO ,2019-03-25 16:43:16,32
CARO ,2019-03-25 17:43:18,32
CARO ,2019-03-25 18:43:18,32
CARO ,2019-03-25 19:43:21,32
CARO ,2019-03-25 20:43:17,32
CARO ,2019-03-25 21:43:16,32
CARO ,2019-03-25 22:43:26,32
CARO ,2019-03-25 23:43:24,32
CARO ,2019-03-26 00:43:19,32
CARO ,2019-03-26 01:43:18,32
CARO ,2019-03-26 02:43:17,32
CARO ,2019-03-26 03:43:18,32
CARO ,2019-03-26 04:43:17,32
CARO ,2019-03-26 05:43:18,32
CARO ,2019-03-26 06:43:16,32
CARO ,2019-03-26 07:43:15,32
CARO ,2019-03-26 08:43:14,32
CARO ,2019-03-26 09:43:15,32
CARO ,2019-03-26 10:43:19,32
CARO ,2019-03-26 11:43:16,32
CARO ,2019-03-26 12:43:18,32
CARO ,2019-03-26 13:43:25,32
CARO ,2019-03-26 14:43:14,32
CARO ,2019-03-26 15:43:25,32
CARO ,2019-03-26 16:43:21,32
CARO ,2019-03-26 17:43:17,32
CARO ,2019-03-26 18:43:21,32
CARO ,2019-03-26 19:43:24,32
CARO ,2019-03-26 20:43:18,32
CARO ,2019-03-26 21:43:18,32
CARO ,2019-03-26 22:43:17,32
CARO ,2019-03-26 23:43:16,32
CARO ,2019-03-27 00:43:21,32
CARO ,2019-03-27 01:43:17,32
CARO ,2019-03-27 02:43:15,32
CARO ,2019-03-27 03:43:22,32
CARO ,2019-03-27 04:43:19,32
CARO ,2019-03-27 05:43:18,32
CARO ,2019-03-27 06:43:24,32
CARO ,2019-03-27 07:43:16,32
CARO ,2019-03-27 08:43:16,32
CARO ,2019-03-27 09:43:16,32
CARO ,2019-03-27 10:43:21,32
CARO ,2019-03-27 11:43:15,32
CARO ,2019-03-27 13:07:58,32
CARO ,2019-03-27 13:43:18,32
CARO ,2019-03-27 14:43:23,32
CARO ,2019-03-27 15:43:17,32
CARO ,2019-03-27 16:43:18,32
CARO ,2019-03-27 17:43:27,32
CARO ,2019-03-27 18:43:16,32
CARO ,2019-03-27 19:43:15,32
CARO ,2019-03-27 20:43:21,32
CARO ,2019-03-27 21:43:17,32
CARO ,2019-03-27 22:43:27,32
CARO ,2019-03-27 23:43:21,32
CARO ,2019-03-28 00:43:19,32
CARO ,2019-03-28 01:43:17,32
CARO ,2019-03-28 02:43:28,32
CARO ,2019-03-28 03:43:18,32
CARO ,2019-03-28 04:43:22,32
CARO ,2019-03-28 05:43:17,32
CARO ,2019-03-28 06:43:15,32
CARO ,2019-03-28 07:43:16,32
CARO ,2019-03-28 08:43:14,32
CARO ,2019-03-28 09:43:15,32
CARO ,2019-03-28 10:43:15,32
CARO ,2019-03-28 11:43:15,32
CARO ,2019-03-28 13:07:48,32
CARO ,2019-03-28 13:43:21,32
CARO ,2019-03-28 14:43:17,31
CARO ,2019-03-28 15:43:18,31
CARO ,2019-03-28 16:43:20,32
CARO ,2019-03-28 17:43:17,33
CARO ,2019-03-28 18:43:17,33
CARO ,2019-03-28 19:43:17,33
CARO ,2019-03-28 20:43:20,33
CARO ,2019-03-28 21:43:18,33
CARO ,2019-03-28 22:43:16,33
CARO ,2019-03-28 23:43:17,33
CARO ,2019-03-29 00:43:16,33
CARO ,2019-03-29 01:43:32,33
CARO ,2019-03-29 02:43:22,33
CARO ,2019-03-29 03:43:24,33
CARO ,2019-03-29 04:43:21,33
CARO ,2019-03-29 05:43:15,33
CARO ,2019-03-29 06:43:14,33
CARO ,2019-03-29 07:43:16,33
CARO ,2019-03-29 08:43:22,33
CARO ,2019-03-29 09:43:16,33
CARO ,2019-03-29 10:43:17,33
CARO ,2019-03-29 11:43:20,33
CARO ,2019-03-29 13:08:19,33
CARO ,2019-03-29 13:43:18,33
CARO ,2019-03-29 14:43:19,33
CARO ,2019-03-29 15:43:19,33
CARO ,2019-03-29 16:43:13,33
CARO ,2019-03-29 17:43:21,33
CARO ,2019-03-29 18:43:32,33
CARO ,2019-03-29 19:43:21,33
CARO ,2019-03-29 20:43:20,33
CARO ,2019-03-29 21:43:19,33
CARO ,2019-03-29 22:43:24,33
CARO ,2019-03-29 23:43:31,33
CARO ,2019-03-30 00:43:23,33
CARO ,2019-03-30 01:43:22,33
CARO ,2019-03-30 02:43:25,33
CARO ,2019-03-30 03:43:24,33
CARO ,2019-03-30 04:43:25,33
CARO ,2019-03-30 05:43:19,33
CARO ,2019-03-30 06:43:20,33
CARO ,2019-03-30 07:43:19,33
CARO ,2019-03-30 08:43:40,33
CARO ,2019-03-30 09:43:21,33
CARO ,2019-03-30 10:43:21,33
CARO ,2019-03-30 11:43:20,33
CARO ,2019-03-30 12:43:26,33
CARO ,2019-03-30 13:43:15,33
CARO ,2019-03-30 14:43:16,33
CARO ,2019-03-30 15:43:15,33
CARO ,2019-03-30 16:43:15,33
CARO ,2019-03-30 17:43:22,33
CARO ,2019-03-30 18:43:15,33
CARO ,2019-03-30 19:43:16,33
CARO ,2019-03-30 20:43:14,33
CARO ,2019-03-30 21:43:16,33
CARO ,2019-03-30 22:43:23,33
CARO ,2019-03-30 23:43:16,33
CARO ,2019-03-31 00:43:16,33
CARO ,2019-03-31 01:43:18,33
CARO ,2019-03-31 02:43:23,33
CARO ,2019-03-31 03:43:17,33
CARO ,2019-03-31 04:43:15,33
CARO ,2019-03-31 05:43:15,33
CARO ,2019-03-31 06:43:23,33
CARO ,2019-03-31 07:43:17,33
CARO ,2019-03-31 08:43:14,33
CARO ,2019-03-31 09:43:14,33
CARO ,2019-03-31 10:43:20,33
CARO ,2019-03-31 11:43:16,33
CARO ,2019-03-31 12:43:15,33
CARO ,2019-03-31 13:43:19,33
CARO ,2019-03-31 14:43:14,33
CARO ,2019-03-31 15:43:16,33
CARO ,2019-03-31 16:43:18,33
CARO ,2019-03-31 17:43:26,33
CARO ,2019-03-31 18:43:15,33
CARO ,2019-03-31 19:43:16,33
CARO ,2019-03-31 20:43:16,33
CARO ,2019-03-31 21:43:16,33
CARO ,2019-03-31 22:43:15,33
CARO ,2019-03-31 23:43:20,33
CARO ,2019-04-01 00:43:22,33
CARO ,2019-04-01 01:43:19,33
CARO ,2019-04-01 02:43:22,33
CARO ,2019-04-01 03:43:30,33
CARO ,2019-04-01 04:43:18,33
CARO ,2019-04-01 05:43:18,33
CARO ,2019-04-01 06:43:16,33
CARO ,2019-04-01 07:43:23,33
CARO ,2019-04-01 08:43:17,33
CARO ,2019-04-01 09:43:18,33
CARO ,2019-04-01 10:43:24,33
CARO ,2019-04-01 11:43:22,33
CARO ,2019-04-01 13:43:25,33
CARO ,2019-04-01 14:43:23,33
CARO ,2019-04-01 15:43:33,33
CARO ,2019-04-01 16:43:27,33
CARO ,2019-04-01 17:43:21,33
CARO ,2019-04-01 18:43:18,33
CARO ,2019-04-01 19:43:31,33
CARO ,2019-04-01 20:43:19,33
CARO ,2019-04-01 21:43:16,33
CARO ,2019-04-01 22:43:21,33
CARO ,2019-04-01 23:43:20,33
CARO ,2019-04-02 00:43:25,33
CARO ,2019-04-02 01:43:18,33
CARO ,2019-04-02 02:43:20,33
CARO ,2019-04-02 03:43:28,33
CARO ,2019-04-02 04:43:20,33
CARO ,2019-04-02 05:43:17,33
CARO ,2019-04-02 06:43:17,33
CARO ,2019-04-02 07:43:22,33
CARO ,2019-04-02 08:43:19,33
CARO ,2019-04-02 09:43:23,33
CARO ,2019-04-02 10:43:17,33
CARO ,2019-04-02 11:43:17,33
CARO ,2019-04-02 13:07:57,33
CARO ,2019-04-02 13:43:20,33
CARO ,2019-04-02 14:43:16,33
CARO ,2019-04-02 15:43:28,33
CARO ,2019-04-02 16:43:18,33
CARO ,2019-04-02 17:43:26,33
CARO ,2019-04-02 18:43:20,33
CARO ,2019-04-02 19:43:22,33
CARO ,2019-04-02 20:43:28,33
CARO ,2019-04-02 21:43:22,33
CARO ,2019-04-02 22:43:20,33
CARO ,2019-04-02 23:43:21,33
CARO ,2019-04-03 00:43:33,33
CARO ,2019-04-03 01:43:23,33
CARO ,2019-04-03 02:43:19,33
CARO ,2019-04-03 03:43:23,33
CARO ,2019-04-03 04:43:23,33
CARO ,2019-04-03 05:43:24,33
CARO ,2019-04-03 06:43:25,33
CARO ,2019-04-03 07:43:20,33
CARO ,2019-04-03 08:43:19,33
CARO ,2019-04-03 09:43:34,33
CARO ,2019-04-03 10:43:24,33
CARO ,2019-04-03 11:43:22,33
CARO ,2019-04-03 13:08:00,33
CARO ,2019-04-03 13:43:20,33
CARO ,2019-04-03 14:43:27,32
CARO ,2019-04-03 15:43:28,32
CARO ,2019-04-03 16:43:19,32
CARO ,2019-04-03 17:43:17,32
CARO ,2019-04-03 18:43:18,32
CARO ,2019-04-03 19:43:20,32
CARO ,2019-04-03 20:43:22,33
CARO ,2019-04-03 21:43:18,33
CARO ,2019-04-03 22:43:17,33
CARO ,2019-04-03 23:43:25,33
CARO ,2019-04-04 00:43:16,33
CARO ,2019-04-04 01:43:19,33
CARO ,2019-04-04 02:43:19,33
CARO ,2019-04-04 03:43:24,33
CARO ,2019-04-04 04:43:16,33
CARO ,2019-04-04 05:43:15,33
CARO ,2019-04-04 06:43:16,33
CARO ,2019-04-04 07:43:18,33
CARO ,2019-04-04 08:43:23,33
CARO ,2019-04-04 09:43:16,33
CARO ,2019-04-04 10:43:18,33
CARO ,2019-04-04 11:43:23,33
CARO ,2019-04-04 12:43:18,33
CARO ,2019-04-04 13:43:18,33
CARO ,2019-04-04 14:43:27,35
CARO ,2019-04-04 15:43:19,35
CARO ,2019-04-04 16:43:27,35
CARO ,2019-04-04 17:43:17,35
CARO ,2019-04-04 18:43:23,35
CARO ,2019-04-04 19:43:19,35
CARO ,2019-04-04 20:43:18,35
CARO ,2019-04-04 21:43:22,35
CARO ,2019-04-04 22:43:30,35
CARO ,2019-04-04 23:43:18,35
CARO ,2019-04-05 00:43:20,35
CARO ,2019-04-05 01:43:17,35
CARO ,2019-04-05 02:43:17,35
CARO ,2019-04-05 03:43:32,35
CARO ,2019-04-05 04:43:19,35
CARO ,2019-04-05 05:43:17,35
CARO ,2019-04-05 06:43:16,35
CARO ,2019-04-05 07:43:18,35
CARO ,2019-04-05 08:43:28,35
CARO ,2019-04-05 09:43:19,35
CARO ,2019-04-05 10:43:26,35
CARO ,2019-04-05 11:43:18,35
CARO ,2019-04-05 13:07:25,35
CARO ,2019-04-05 13:43:22,35
CARO ,2019-04-05 14:43:22,35
CARO ,2019-04-05 15:43:26,35
CARO ,2019-04-05 16:43:17,35
CARO ,2019-04-05 17:43:18,35
CARO ,2019-04-05 18:43:21,35
CARO ,2019-04-05 19:43:18,35
CARO ,2019-04-05 20:43:18,35
CARO ,2019-04-05 21:43:23,35
CARO ,2019-04-05 22:43:20,35
CARO ,2019-04-05 23:43:23,35
CARO ,2019-04-06 00:43:21,35
CARO ,2019-04-06 01:43:33,35
CARO ,2019-04-06 02:43:24,35
CARO ,2019-04-06 03:43:23,35
CARO ,2019-04-06 04:43:26,35
CARO ,2019-04-06 05:43:20,35
CARO ,2019-04-06 06:43:19,35
CARO ,2019-04-06 07:43:21,35
CARO ,2019-04-06 08:43:30,35
CARO ,2019-04-06 09:43:19,35
CARO ,2019-04-06 10:43:19,35
CARO ,2019-04-06 11:43:21,35
CARO ,2019-04-06 12:43:20,35
CARO ,2019-04-06 13:43:17,35
CARO ,2019-04-06 14:43:17,35
CARO ,2019-04-06 15:43:25,35
CARO ,2019-04-06 16:43:18,35
CARO ,2019-04-06 17:43:18,35
CARO ,2019-04-06 18:43:20,35
CARO ,2019-04-06 19:43:19,35
CARO ,2019-04-06 20:43:16,35
CARO ,2019-04-06 21:43:27,35
CARO ,2019-04-06 22:43:18,35
CARO ,2019-04-06 23:43:18,35
CARO ,2019-04-07 00:43:18,35
CARO ,2019-04-07 01:43:16,35
CARO ,2019-04-07 02:43:20,35
CARO ,2019-04-07 03:43:25,35
CARO ,2019-04-07 04:43:20,35
CARO ,2019-04-07 05:43:19,35
CARO ,2019-04-07 06:43:21,35
CARO ,2019-04-07 07:43:29,35
CARO ,2019-04-07 08:43:21,35
CARO ,2019-04-07 09:43:25,35
CARO ,2019-04-07 10:43:18,35
CARO ,2019-04-07 11:43:25,35
CARO ,2019-04-07 12:43:21,35
CARO ,2019-04-07 13:43:26,35
CARO ,2019-04-07 14:43:19,35
CARO ,2019-04-07 15:43:22,35
CARO ,2019-04-07 16:43:24,35
CARO ,2019-04-07 17:43:19,35
CARO ,2019-04-07 18:43:19,35
CARO ,2019-04-07 19:43:19,35
CARO ,2019-04-07 20:43:26,35
CARO ,2019-04-07 21:43:18,35
CARO ,2019-04-07 22:43:18,35
CARO ,2019-04-07 23:43:17,35
CARO ,2019-04-08 00:43:30,35
CARO ,2019-04-08 01:43:20,35
CARO ,2019-04-08 02:43:19,35
CARO ,2019-04-08 03:43:19,35
CARO ,2019-04-08 04:43:16,35
CARO ,2019-04-08 05:43:28,35
CARO ,2019-04-08 06:43:16,35
CARO ,2019-04-08 07:43:16,35
CARO ,2019-04-08 08:43:17,35
CARO ,2019-04-08 09:43:19,35
CARO ,2019-04-08 10:43:18,35
CARO ,2019-04-08 11:43:31,35
CARO ,2019-04-08 12:43:17,35
CARO ,2019-04-08 13:43:26,35
CARO ,2019-04-08 14:43:17,35
CARO ,2019-04-08 15:43:23,34
CARO ,2019-04-08 16:43:31,34
CARO ,2019-04-08 17:43:20,34
CARO ,2019-04-08 18:43:19,34
CARO ,2019-04-08 19:43:20,34
CARO ,2019-04-08 20:43:19,34
CARO ,2019-04-08 21:43:22,34
CARO ,2019-04-08 22:43:21,34
CARO ,2019-04-08 23:43:19,34
CARO ,2019-04-09 00:43:26,34
CARO ,2019-04-09 01:43:20,34
CARO ,2019-04-09 02:43:23,34
CARO ,2019-04-09 03:43:21,34
CARO ,2019-04-09 04:43:19,34
CARO ,2019-04-09 05:43:24,34
CARO ,2019-04-09 06:43:20,34
CARO ,2019-04-09 07:43:19,34
CARO ,2019-04-09 08:43:22,34
CARO ,2019-04-09 09:43:31,34
CARO ,2019-04-09 10:43:19,34
CARO ,2019-04-09 11:43:21,34
CARO ,2019-04-09 13:08:37,34
CARO ,2019-04-09 13:43:20,34
CARO ,2019-04-09 14:43:20,34
CARO ,2019-04-09 15:43:34,34
CARO ,2019-04-09 16:43:22,34
CARO ,2019-04-09 17:43:20,33
CARO ,2019-04-09 18:43:21,33
CARO ,2019-04-09 19:43:21,33
CARO ,2019-04-09 20:43:21,33
CARO ,2019-04-09 21:43:21,33
CARO ,2019-04-09 22:43:20,33
CARO ,2019-04-09 23:43:28,33
CARO ,2019-04-10 00:43:22,33
CARO ,2019-04-10 01:43:22,33
CARO ,2019-04-10 02:43:23,33
CARO ,2019-04-10 03:43:26,33
CARO ,2019-04-10 04:43:27,33
CARO ,2019-04-10 05:43:19,33
CARO ,2019-04-10 06:43:19,33
CARO ,2019-04-10 07:43:19,33
CARO ,2019-04-10 08:43:26,33
CARO ,2019-04-10 09:43:21,33
CARO ,2019-04-10 10:43:20,33
CARO ,2019-04-10 11:43:22,33
CARO ,2019-04-10 12:43:30,33
CARO ,2019-04-10 13:43:31,33
CARO ,2019-04-10 14:43:20,33
CARO ,2019-04-10 15:43:24,33
CARO ,2019-04-10 16:43:21,33
CARO ,2019-04-10 17:43:22,33
CARO ,2019-04-10 18:43:26,33
CARO ,2019-04-10 19:43:22,33
CARO ,2019-04-10 20:43:20,32
CARO ,2019-04-10 21:43:19,32
CARO ,2019-04-10 22:43:18,32
CARO ,2019-04-10 23:43:30,32
CARO ,2019-04-11 00:43:21,32
CARO ,2019-04-11 01:43:18,32
CARO ,2019-04-11 02:43:22,32
CARO ,2019-04-11 03:43:24,32
CARO ,2019-04-11 04:43:23,32
CARO ,2019-04-11 05:43:22,32
CARO ,2019-04-11 06:43:17,32
CARO ,2019-04-11 18:43:26,32
CARO ,2019-04-11 19:43:35,32
CARO ,2019-04-11 20:43:21,32
CARO ,2019-04-11 21:43:21,32
CARO ,2019-04-11 22:43:20,32
CARO ,2019-04-11 23:43:21,32
CARO ,2019-04-12 00:43:20,32
CARO ,2019-04-12 01:43:23,32
CARO ,2019-04-12 02:43:28,32
CARO ,2019-04-12 03:43:23,32
CARO ,2019-04-12 04:43:22,32
CARO ,2019-04-12 05:43:22,32
CARO ,2019-04-12 06:43:19,32
CARO ,2019-04-12 07:43:20,32
CARO ,2019-04-12 08:43:20,32
CARO ,2019-04-12 09:43:26,32
CARO ,2019-04-12 10:43:19,32
CARO ,2019-04-12 11:43:19,32
CARO ,2019-04-12 13:07:04,32
CARO ,2019-04-12 13:43:22,32
CARO ,2019-04-12 14:43:18,32
CARO ,2019-04-12 15:43:26,32
CARO ,2019-04-12 16:43:24,32
CARO ,2019-04-12 17:43:21,32
CARO ,2019-04-12 18:43:20,32
CARO ,2019-04-12 19:43:20,32
CARO ,2019-04-12 20:43:20,32
CARO ,2019-04-12 21:43:19,32
CARO ,2019-04-12 22:43:31,32
CARO ,2019-04-12 23:43:20,32
CARO ,2019-04-13 00:43:23,32
CARO ,2019-04-13 01:43:20,32
CARO ,2019-04-13 02:43:22,32
CARO ,2019-04-13 03:43:34,32
CARO ,2019-04-13 04:43:23,32
CARO ,2019-04-13 05:43:22,32
CARO ,2019-04-13 06:43:22,32
CARO ,2019-04-13 07:43:17,32
CARO ,2019-04-13 08:43:20,32
CARO ,2019-04-13 09:43:24,32
CARO ,2019-04-13 10:43:19,32
CARO ,2019-04-13 11:43:21,32
CARO ,2019-04-13 12:43:20,32
CARO ,2019-04-13 13:43:21,32
CARO ,2019-04-13 14:43:25,32
CARO ,2019-04-13 15:43:23,32
CARO ,2019-04-13 16:43:22,32
CARO ,2019-04-13 17:43:18,32
CARO ,2019-04-13 18:43:21,32
CARO ,2019-04-13 19:43:22,32
CARO ,2019-04-13 20:43:20,32
CARO ,2019-04-13 21:43:26,32
CARO ,2019-04-13 22:43:20,32
CARO ,2019-04-13 23:43:19,32
CARO ,2019-04-14 00:43:22,32
CARO ,2019-04-14 01:43:25,32
CARO ,2019-04-14 02:43:20,32
CARO ,2019-04-14 03:43:20,32
CARO ,2019-04-14 04:43:29,32
CARO ,2019-04-14 05:43:20,32
CARO ,2019-04-14 06:43:21,32
CARO ,2019-04-14 07:43:24,32
CARO ,2019-04-14 08:43:20,32
CARO ,2019-04-14 09:43:23,32
CARO ,2019-04-14 10:43:18,32
CARO ,2019-04-14 11:43:24,32
CARO ,2019-04-14 12:43:18,32
CARO ,2019-04-14 13:43:22,32
CARO ,2019-04-14 14:43:29,32
CARO ,2019-04-14 15:43:25,32
CARO ,2019-04-14 16:43:25,32
CARO ,2019-04-14 17:43:22,32
CARO ,2019-04-14 18:43:52,32
CARO ,2019-04-14 19:43:23,32
CARO ,2019-04-14 20:43:25,32
CARO ,2019-04-14 21:43:31,32
CARO ,2019-04-14 22:43:21,32
CARO ,2019-04-14 23:43:23,32
CARO ,2019-04-15 00:43:21,32
CARO ,2019-04-15 01:43:20,32
CARO ,2019-04-15 02:43:21,32
CARO ,2019-04-15 03:43:32,32
CARO ,2019-04-15 04:43:22,32
CARO ,2019-04-15 05:43:21,32
CARO ,2019-04-15 06:43:18,32
CARO ,2019-04-15 07:43:20,32
CARO ,2019-04-15 08:43:25,32
CARO ,2019-04-15 09:43:19,32
CARO ,2019-04-15 10:43:19,32
CARO ,2019-04-15 11:43:20,32
CARO ,2019-04-15 13:09:01,32
CARO ,2019-04-15 13:43:19,32
CARO ,2019-04-15 14:43:22,32
CARO ,2019-04-15 15:43:28,32
CARO ,2019-04-15 16:43:20,32
CARO ,2019-04-15 17:43:25,32
CARO ,2019-04-15 18:43:25,32
CARO ,2019-04-15 19:43:39,32
CARO ,2019-04-15 20:43:21,32
CARO ,2019-04-15 21:43:22,32
CARO ,2019-04-15 22:43:23,32
CARO ,2019-04-15 23:43:27,32
CARO ,2019-04-16 00:43:23,32
CARO ,2019-04-16 01:43:21,32
CARO ,2019-04-16 02:43:23,32
CARO ,2019-04-16 03:43:27,32
CARO ,2019-04-16 04:43:22,32
CARO ,2019-04-16 05:43:21,32
CARO ,2019-04-16 06:43:20,32
CARO ,2019-04-16 07:43:18,32
CARO ,2019-04-16 08:43:33,32
CARO ,2019-04-16 09:43:20,32
CARO ,2019-04-16 10:43:27,32
CARO ,2019-04-16 11:43:20,32
CARO ,2019-04-16 13:07:24,32
CARO ,2019-04-16 13:43:22,32
CARO ,2019-04-16 14:43:27,32
CARO ,2019-04-16 15:43:20,32
CARO ,2019-04-16 16:43:20,32
CARO ,2019-04-16 17:43:19,32
CARO ,2019-04-16 18:43:27,32
CARO ,2019-04-16 19:43:22,32
CARO ,2019-04-16 20:43:23,32
CARO ,2019-04-16 21:43:18,32
CARO ,2019-04-16 22:43:20,32
CARO ,2019-04-16 23:43:20,32
CARO ,2019-04-17 00:43:21,32
CARO ,2019-04-17 01:43:23,32
CARO ,2019-04-17 02:43:28,32
CARO ,2019-04-17 03:43:21,32
CARO ,2019-04-17 04:43:22,32
CARO ,2019-04-17 05:43:21,32
CARO ,2019-04-17 06:43:36,32
CARO ,2019-04-17 07:43:22,32
CARO ,2019-04-17 08:43:20,32
CARO ,2019-04-17 09:43:27,32
CARO ,2019-04-17 10:43:20,32
CARO ,2019-04-17 11:43:22,32
CARO ,2019-04-17 13:08:27,32
CARO ,2019-04-17 13:43:23,32
CARO ,2019-04-17 14:43:21,32
CARO ,2019-04-17 15:43:43,32
CARO ,2019-04-17 16:43:22,32
CARO ,2019-04-17 17:43:28,32
CARO ,2019-04-17 18:43:21,32
CARO ,2019-04-17 19:43:20,32
CARO ,2019-04-17 20:43:22,32
CARO ,2019-04-17 21:43:20,32
CARO ,2019-04-17 22:43:21,32
CARO ,2019-04-17 23:46:57,32
CARO ,2019-04-18 00:43:20,32
CARO ,2019-04-18 01:43:23,32
CARO ,2019-04-18 02:43:20,32
CARO ,2019-04-18 03:43:31,32
CARO ,2019-04-18 04:43:22,32
CARO ,2019-04-18 05:43:28,32
CARO ,2019-04-18 06:43:21,32
CARO ,2019-04-18 07:43:20,32
CARO ,2019-04-18 08:43:27,32
CARO ,2019-04-18 09:43:21,32
CARO ,2019-04-18 10:43:22,32
CARO ,2019-04-18 11:43:25,32
CARO ,2019-04-18 13:08:24,32
CARO ,2019-04-18 13:43:22,32
CARO ,2019-04-18 14:43:27,32
CARO ,2019-04-18 15:43:22,32
CARO ,2019-04-18 16:43:24,32
CARO ,2019-04-18 17:43:29,32
CARO ,2019-04-18 18:43:21,32
CARO ,2019-04-18 19:43:20,32
CARO ,2019-04-18 20:43:21,32
CARO ,2019-04-18 21:43:23,32
CARO ,2019-04-18 22:43:21,32
CARO ,2019-04-18 23:43:27,32
CARO ,2019-04-19 00:44:53,32
CARO ,2019-04-19 02:43:21,32
CARO ,2019-04-19 03:43:30,32
CARO ,2019-04-19 04:43:20,32
CARO ,2019-04-19 05:43:19,32
CARO ,2019-04-19 06:43:22,32
CARO ,2019-04-19 07:43:26,32
CARO ,2019-04-19 08:43:24,32
CARO ,2019-04-19 09:43:21,32
CARO ,2019-04-19 10:43:23,32
CARO ,2019-04-19 11:43:19,32
CARO ,2019-04-19 12:43:21,32
CARO ,2019-04-19 13:43:24,32
CARO ,2019-04-19 14:43:25,32
CARO ,2019-04-19 15:43:20,32
CARO ,2019-04-19 16:43:22,32
CARO ,2019-04-19 17:43:29,32
CARO ,2019-04-19 18:43:21,32
CARO ,2019-04-19 19:43:20,32
CARO ,2019-04-19 20:43:20,32
CARO ,2019-04-19 21:43:20,32
CARO ,2019-04-19 22:43:20,32
CARO ,2019-04-19 23:43:22,32
CARO ,2019-04-20 00:43:28,32
CARO ,2019-04-20 01:43:23,32
CARO ,2019-04-20 02:43:22,32
CARO ,2019-04-20 03:43:20,32
CARO ,2019-04-20 04:43:27,32
CARO ,2019-04-20 05:43:20,32
CARO ,2019-04-20 06:43:20,32
CARO ,2019-04-20 07:43:24,32
CARO ,2019-04-20 08:43:22,32
CARO ,2019-04-20 09:43:26,32
CARO ,2019-04-20 10:43:21,32
CARO ,2019-04-20 11:43:18,32
CARO ,2019-04-20 12:43:32,32
CARO ,2019-04-20 13:44:23,32
CARO ,2019-04-20 14:43:21,32
CARO ,2019-04-20 15:43:18,32
CARO ,2019-04-20 16:43:25,32
CARO ,2019-04-20 17:43:24,32
CARO ,2019-04-20 18:43:20,32
CARO ,2019-04-20 19:43:20,32
CARO ,2019-04-20 20:43:20,32
CARO ,2019-04-20 21:43:19,32
CARO ,2019-04-20 22:43:20,32
CARO ,2019-04-20 23:43:28,32
CARO ,2019-04-21 00:43:20,32
CARO ,2019-04-21 01:43:20,32
CARO ,2019-04-21 02:43:22,32
CARO ,2019-04-21 03:43:22,32
CARO ,2019-04-21 04:43:24,32
CARO ,2019-04-21 05:43:20,32
CARO ,2019-04-21 06:43:19,32
CARO ,2019-04-21 07:43:27,32
CARO ,2019-04-21 08:43:19,32
CARO ,2019-04-21 09:43:19,32
CARO ,2019-04-21 10:43:22,32
CARO ,2019-04-21 11:43:21,32
CARO ,2019-04-21 12:43:20,32
CARO ,2019-04-21 13:43:19,32
CARO ,2019-04-21 14:43:27,32
CARO ,2019-04-21 15:43:20,32
CARO ,2019-04-21 16:43:22,32
CARO ,2019-04-21 17:43:22,32
CARO ,2019-04-21 18:43:19,32
CARO ,2019-04-21 19:43:27,32
CARO ,2019-04-21 20:43:18,32
CARO ,2019-04-21 21:43:20,32
CARO ,2019-04-21 22:43:19,32
CARO ,2019-04-21 23:43:19,32
CARO ,2019-04-22 00:43:19,32
CARO ,2019-04-22 01:43:23,32
CARO ,2019-04-22 02:43:30,32
CARO ,2019-04-22 03:43:21,32
CARO ,2019-04-22 04:43:17,32
CARO ,2019-04-22 05:43:19,32
CARO ,2019-04-22 06:43:23,32
CARO ,2019-04-22 07:43:22,32
CARO ,2019-04-22 08:43:20,32
CARO ,2019-04-22 09:43:19,32
CARO ,2019-04-22 10:43:25,32
CARO ,2019-04-22 11:43:23,32
CARO ,2019-04-22 13:08:56,32
CARO ,2019-04-22 13:43:25,32
CARO ,2019-04-22 14:43:26,32
CARO ,2019-04-22 15:43:22,32
CARO ,2019-04-22 16:43:21,33
CARO ,2019-04-22 17:43:24,33
CARO ,2019-04-22 18:43:26,33
CARO ,2019-04-22 19:43:25,33
CARO ,2019-04-22 20:43:22,33
CARO ,2019-04-22 21:43:22,33
CARO ,2019-04-22 22:43:22,33
CARO ,2019-04-22 23:43:26,33
CARO ,2019-04-23 00:43:25,33
CARO ,2019-04-23 01:43:21,33
CARO ,2019-04-23 02:43:21,33
CARO ,2019-04-23 03:43:25,33
CARO ,2019-04-23 04:43:27,33
CARO ,2019-04-23 05:43:23,33
CARO ,2019-04-23 06:43:58,33
CARO ,2019-04-23 07:43:22,33
CARO ,2019-04-23 08:43:19,33
CARO ,2019-04-23 09:43:22,33
CARO ,2019-04-23 10:43:25,33
CARO ,2019-04-23 11:43:26,33
CARO ,2019-04-23 13:09:27,33
CARO ,2019-04-23 13:43:22,33
CARO ,2019-04-23 14:43:20,33
CARO ,2019-04-23 15:43:26,33
CARO ,2019-04-23 16:43:23,33
CARO ,2019-04-23 17:43:22,33
CARO ,2019-04-23 18:43:20,33
CARO ,2019-04-23 19:43:23,33
CARO ,2019-04-23 20:43:31,33
CARO ,2019-04-23 21:43:24,33
CARO ,2019-04-23 22:43:21,33
CARO ,2019-04-23 23:43:23,33
CARO ,2019-04-24 00:43:20,33
CARO ,2019-04-24 01:43:23,33
CARO ,2019-04-24 02:43:28,33
CARO ,2019-04-24 03:43:23,33
CARO ,2019-04-24 04:43:22,33
CARO ,2019-04-24 05:43:20,33
CARO ,2019-04-24 06:43:24,33
CARO ,2019-04-24 07:43:28,33
CARO ,2019-04-24 08:43:21,33
CARO ,2019-04-24 09:43:23,33
CARO ,2019-04-24 10:43:27,33
CARO ,2019-04-24 11:43:28,33
CARO ,2019-04-24 12:43:21,33
CARO ,2019-04-24 13:43:37,33
CARO ,2019-04-24 14:43:25,33
CARO ,2019-04-24 15:43:25,33
CARO ,2019-04-24 16:43:24,33
CARO ,2019-04-24 17:43:26,33
CARO ,2019-04-24 18:43:35,33
CARO ,2019-04-24 19:43:24,33
CARO ,2019-04-24 20:43:25,33
CARO ,2019-04-24 21:43:23,33
CARO ,2019-04-24 22:43:22,33
CARO ,2019-04-24 23:43:33,33
CARO ,2019-04-25 00:43:25,33
CARO ,2019-04-25 01:43:24,33
CARO ,2019-04-25 02:43:23,33
CARO ,2019-04-25 03:43:31,33
CARO ,2019-04-25 04:43:23,33
CARO ,2019-04-25 05:43:22,33
CARO ,2019-04-25 06:43:27,33
CARO ,2019-04-25 07:43:21,33
CARO ,2019-04-25 08:43:27,33
CARO ,2019-04-25 09:43:22,33
CARO ,2019-04-25 10:43:26,33
CARO ,2019-04-25 11:43:26,33
CARO ,2019-04-25 13:07:57,33
CARO ,2019-04-25 13:43:23,33
CARO ,2019-04-25 14:43:28,33
CARO ,2019-04-25 15:43:22,33
CARO ,2019-04-25 16:43:27,33
CARO ,2019-04-25 17:43:20,33
CARO ,2019-04-25 18:43:20,33
CARO ,2019-04-25 19:43:26,33
CARO ,2019-04-25 20:43:21,33
CARO ,2019-04-25 21:43:28,33
CARO ,2019-04-25 22:43:21,33
CARO ,2019-04-25 23:43:20,33
CARO ,2019-04-26 00:43:23,33
CARO ,2019-04-26 01:43:28,33
CARO ,2019-04-26 02:43:22,33
CARO ,2019-04-26 03:43:23,33
CARO ,2019-04-26 04:43:24,33
CARO ,2019-04-26 05:43:25,33
CARO ,2019-04-26 06:43:24,33
CARO ,2019-04-26 07:43:20,33
CARO ,2019-04-26 08:43:28,33
CARO ,2019-04-26 09:43:20,33
CARO ,2019-04-26 10:43:30,33
CARO ,2019-04-26 11:43:20,33
CARO ,2019-04-26 12:43:22,33
CARO ,2019-04-26 13:43:27,33
CARO ,2019-04-26 14:43:21,33
CARO ,2019-04-26 15:43:27,33
CARO ,2019-04-26 16:43:19,33
CARO ,2019-04-26 17:43:22,33
CARO ,2019-04-26 18:43:22,33
CARO ,2019-04-26 19:43:20,33
CARO ,2019-04-26 20:43:26,33
CARO ,2019-04-26 21:43:20,33
CARO ,2019-04-26 22:43:20,33
CARO ,2019-04-26 23:43:21,33
CARO ,2019-04-27 00:43:22,33
CARO ,2019-04-27 01:43:26,33
CARO ,2019-04-27 02:43:20,33
CARO ,2019-04-27 03:43:20,33
CARO ,2019-04-27 04:43:19,33
CARO ,2019-04-27 05:43:22,33
CARO ,2019-04-27 06:43:25,33
CARO ,2019-04-27 07:43:19,33
CARO ,2019-04-27 08:43:19,33
CARO ,2019-04-27 09:43:24,33
CARO ,2019-04-27 10:43:22,33
CARO ,2019-04-27 11:43:18,33
CARO ,2019-04-27 12:43:19,33
CARO ,2019-04-27 13:43:23,33
CARO ,2019-04-27 14:43:19,33
CARO ,2019-04-27 15:43:18,33
CARO ,2019-04-27 16:43:21,33
CARO ,2019-04-27 17:43:28,33
CARO ,2019-04-27 18:43:21,33
CARO ,2019-04-27 19:43:17,33
CARO ,2019-04-27 20:43:21,33
CARO ,2019-04-27 21:43:22,33
CARO ,2019-04-27 22:43:19,33
CARO ,2019-04-27 23:43:19,33
CARO ,2019-04-28 00:43:19,33
CARO ,2019-04-28 01:43:21,33
CARO ,2019-04-28 02:43:20,33
CARO ,2019-04-28 03:43:19,33
CARO ,2019-04-28 04:43:27,33
CARO ,2019-04-28 05:43:20,33
CARO ,2019-04-28 06:43:19,33
CARO ,2019-04-28 07:43:18,33
CARO ,2019-04-28 08:43:24,33
CARO ,2019-04-28 09:43:19,33
CARO ,2019-04-28 10:43:24,33
CARO ,2019-04-28 11:43:22,33
CARO ,2019-04-28 12:43:19,33
CARO ,2019-04-28 13:43:19,33
CARO ,2019-04-28 14:43:23,33
CARO ,2019-04-28 15:43:20,33
CARO ,2019-04-28 16:43:18,33
CARO ,2019-04-28 17:43:20,33
CARO ,2019-04-28 18:43:20,33
CARO ,2019-04-28 19:43:45,33
CARO ,2019-04-28 20:43:19,33
CARO ,2019-04-28 21:43:21,33
CARO ,2019-04-28 22:43:19,33
CARO ,2019-04-28 23:43:22,33
CARO ,2019-04-29 00:43:25,33
CARO ,2019-04-29 01:43:18,33
CARO ,2019-04-29 02:43:18,33
CARO ,2019-04-29 03:43:22,33
CARO ,2019-04-29 04:43:24,33
CARO ,2019-04-29 05:43:19,33
CARO ,2019-04-29 06:43:19,33
CARO ,2019-04-29 07:43:21,33
CARO ,2019-04-29 08:43:25,33
CARO ,2019-04-29 09:43:23,33
CARO ,2019-04-29 10:43:19,33
CARO ,2019-04-29 11:43:19,33
CARO ,2019-04-29 12:43:25,33
CARO ,2019-04-29 13:43:18,33
CARO ,2019-04-29 14:43:24,33
CARO ,2019-04-29 15:43:18,33
CARO ,2019-04-29 16:43:23,33
CARO ,2019-04-29 17:43:22,33
CARO ,2019-04-29 18:43:21,33
CARO ,2019-04-29 19:43:23,33
CARO ,2019-04-29 20:43:30,33
CARO ,2019-04-29 21:43:20,33
CARO ,2019-04-29 22:43:18,33
CARO ,2019-04-29 23:43:22,33
CARO ,2019-04-30 00:43:19,33
CARO ,2019-04-30 01:43:21,33
CARO ,2019-04-30 02:43:25,33
CARO ,2019-04-30 03:43:27,33
CARO ,2019-04-30 04:43:22,33
CARO ,2019-04-30 05:43:23,33
CARO ,2019-04-30 06:43:20,33
CARO ,2019-04-30 07:43:22,33
CARO ,2019-04-30 08:43:22,33
CARO ,2019-04-30 09:43:27,33
CARO ,2019-04-30 10:43:23,33
CARO ,2019-04-30 11:43:22,33
CARO ,2019-04-30 13:07:25,33
CARO ,2019-04-30 13:43:24,33
CARO ,2019-04-30 14:43:24,33
CARO ,2019-04-30 15:43:25,33
CARO ,2019-04-30 16:43:25,33
CARO ,2019-04-30 17:43:30,33
CARO ,2019-04-30 18:43:22,33
CARO ,2019-04-30 19:43:26,33
CARO ,2019-04-30 20:43:22,33
CARO ,2019-04-30 21:43:22,33
CARO ,2019-04-30 22:43:19,33
CARO ,2019-04-30 23:43:26,33
CARO ,2019-05-01 00:43:18,33
CARO ,2019-05-01 01:43:29,33
CARO ,2019-05-01 02:43:23,33
CARO ,2019-05-01 03:43:30,33
CARO ,2019-05-01 04:43:28,33
CARO ,2019-05-01 05:43:25,33
CARO ,2019-05-01 06:43:20,33
CARO ,2019-05-01 07:43:24,33
CARO ,2019-05-01 08:43:25,33
CARO ,2019-05-01 09:43:24,33
CARO ,2019-05-01 10:43:20,33
CARO ,2019-05-01 11:43:23,33
CARO ,2019-05-01 13:07:25,33
CARO ,2019-05-01 13:43:25,33
CARO ,2019-05-01 14:43:18,33
CARO ,2019-05-01 15:43:26,33
CARO ,2019-05-01 16:43:23,33
CARO ,2019-05-01 17:43:19,33
CARO ,2019-05-01 18:43:25,33
CARO ,2019-05-01 19:43:30,33
CARO ,2019-05-01 20:43:27,33
CARO ,2019-05-01 21:43:23,33
CARO ,2019-05-01 22:43:26,33
CARO ,2019-05-01 23:43:26,33
CARO ,2019-05-02 00:43:28,33
CARO ,2019-05-02 01:43:23,33
CARO ,2019-05-02 02:43:29,33
CARO ,2019-05-02 03:43:24,33
CARO ,2019-05-02 04:43:29,33
CARO ,2019-05-02 05:43:31,33
CARO ,2019-05-02 06:43:29,33
CARO ,2019-05-02 07:43:26,33
CARO ,2019-05-02 08:43:26,33
CARO ,2019-05-02 09:43:23,33
CARO ,2019-05-02 10:43:27,33
CARO ,2019-05-02 11:43:22,33
CARO ,2019-05-02 13:43:33,33
CARO ,2019-05-02 14:43:23,33
CARO ,2019-05-02 15:43:24,33
CARO ,2019-05-02 16:43:30,33
CARO ,2019-05-02 17:43:23,33
CARO ,2019-05-02 18:43:24,33
CARO ,2019-05-02 19:43:32,33
CARO ,2019-05-02 20:43:25,33
CARO ,2019-05-02 21:43:27,33
CARO ,2019-05-02 22:43:33,33
CARO ,2019-05-02 23:43:23,33
CARO ,2019-05-03 00:43:25,33
CARO ,2019-05-03 01:43:33,33
CARO ,2019-05-03 02:43:26,33
CARO ,2019-05-03 03:43:32,33
CARO ,2019-05-03 04:43:24,33
CARO ,2019-05-03 05:43:40,33
CARO ,2019-05-03 06:43:28,33
CARO ,2019-05-03 07:43:29,33
CARO ,2019-05-03 08:43:28,33
CARO ,2019-05-03 09:43:28,33
CARO ,2019-05-03 10:43:32,33
CARO ,2019-05-03 11:43:27,33
CARO ,2019-05-03 13:06:37,33
CARO ,2019-05-03 13:43:38,33
CARO ,2019-05-03 14:43:32,33
CARO ,2019-05-03 15:43:29,33
CARO ,2019-05-03 16:43:29,33
CARO ,2019-05-03 17:43:31,33
CARO ,2019-05-03 18:43:37,33
CARO ,2019-05-03 19:43:34,33
CARO ,2019-05-03 20:43:24,33
CARO ,2019-05-03 21:43:36,33
CARO ,2019-05-03 22:43:25,33
CARO ,2019-05-03 23:43:32,33
CARO ,2019-05-04 00:43:28,33
CARO ,2019-05-04 01:43:30,33
CARO ,2019-05-04 02:43:32,33
CARO ,2019-05-04 03:43:38,33
CARO ,2019-05-04 04:43:30,33
CARO ,2019-05-04 05:43:29,33
CARO ,2019-05-04 06:43:31,33
CARO ,2019-05-04 07:43:31,33
CARO ,2019-05-04 08:43:24,33
CARO ,2019-05-04 09:43:28,33
CARO ,2019-05-04 10:43:23,33
CARO ,2019-05-04 11:43:29,33
CARO ,2019-05-04 12:43:32,33
CARO ,2019-05-04 13:43:31,33
CARO ,2019-05-04 14:43:25,33
CARO ,2019-05-04 15:43:26,33
CARO ,2019-05-04 16:43:29,33
CARO ,2019-05-04 17:43:25,33
CARO ,2019-05-04 18:43:24,33
CARO ,2019-05-04 19:43:29,33
CARO ,2019-05-04 20:43:23,33
CARO ,2019-05-04 21:43:25,33
CARO ,2019-05-04 22:43:25,33
CARO ,2019-05-04 23:43:31,33
CARO ,2019-05-05 00:43:27,33
CARO ,2019-05-05 01:43:31,33
CARO ,2019-05-05 02:43:25,33
CARO ,2019-05-05 03:43:29,33
CARO ,2019-05-05 04:43:30,33
CARO ,2019-05-05 05:43:31,33
CARO ,2019-05-05 06:43:32,33
CARO ,2019-05-05 07:43:27,33
CARO ,2019-05-05 08:43:23,33
CARO ,2019-05-05 09:43:23,33
CARO ,2019-05-05 10:43:26,33
CARO ,2019-05-05 11:43:28,33
CARO ,2019-05-05 12:43:26,33
CARO ,2019-05-05 13:43:27,33
CARO ,2019-05-05 14:43:28,33
CARO ,2019-05-05 15:43:26,33
CARO ,2019-05-05 16:43:24,33
CARO ,2019-05-05 17:43:32,33
CARO ,2019-05-05 18:43:25,33
CARO ,2019-05-05 19:43:23,33
CARO ,2019-05-05 20:43:26,33
CARO ,2019-05-05 21:43:25,33
CARO ,2019-05-05 22:43:28,33
CARO ,2019-05-05 23:43:29,33
CARO ,2019-05-06 00:43:24,33
CARO ,2019-05-06 01:43:24,33
CARO ,2019-05-06 02:43:25,33
CARO ,2019-05-06 03:43:29,33
CARO ,2019-05-06 04:43:22,33
CARO ,2019-05-06 05:43:22,33
CARO ,2019-05-06 06:43:23,33
CARO ,2019-05-06 07:43:28,33
CARO ,2019-05-06 08:43:24,33
CARO ,2019-05-06 09:43:21,33
CARO ,2019-05-06 10:43:27,33
CARO ,2019-05-06 11:43:27,33
CARO ,2019-05-06 13:08:36,33
CARO ,2019-05-06 13:43:37,33
CARO ,2019-05-06 14:43:37,33
CARO ,2019-05-06 15:43:23,33
CARO ,2019-05-06 16:43:27,33
CARO ,2019-05-06 17:35:17,33
CARO ,2019-05-06 17:43:23,33
CARO ,2019-05-06 18:43:26,33
CARO ,2019-05-06 19:43:28,33
CARO ,2019-05-06 20:43:21,33
CARO ,2019-05-06 21:43:21,33
CARO ,2019-05-06 22:43:25,33
CARO ,2019-05-06 23:43:21,33
CARO ,2019-05-07 00:43:22,33
CARO ,2019-05-07 01:43:32,33
CARO ,2019-05-07 02:43:22,33
CARO ,2019-05-07 03:43:26,33
CARO ,2019-05-07 04:43:24,33
CARO ,2019-05-07 05:43:22,33
CARO ,2019-05-07 06:43:21,33
CARO ,2019-05-07 07:43:22,33
CARO ,2019-05-07 08:43:19,33
CARO ,2019-05-07 09:43:25,33
CARO ,2019-05-07 10:43:22,33
CARO ,2019-05-07 11:43:20,33
CARO ,2019-05-07 12:43:28,33
CARO ,2019-05-07 13:43:25,33
CARO ,2019-05-07 14:43:20,33
CARO ,2019-05-07 15:43:20,33
CARO ,2019-05-07 16:43:26,33
CARO ,2019-05-07 17:43:25,33
CARO ,2019-05-07 18:43:22,32
CARO ,2019-05-07 19:43:27,32
CARO ,2019-05-07 20:43:23,32
CARO ,2019-05-07 21:43:22,32
CARO ,2019-05-07 22:43:22,32
CARO ,2019-05-07 23:43:26,32
CARO ,2019-05-08 00:43:21,32
CARO ,2019-05-08 01:43:23,32
CARO ,2019-05-08 02:43:23,32
CARO ,2019-05-08 03:43:28,32
CARO ,2019-05-08 04:43:23,32
CARO ,2019-05-08 05:43:24,32
CARO ,2019-05-08 06:43:24,32
CARO ,2019-05-08 07:43:22,32
CARO ,2019-05-08 08:43:20,32
CARO ,2019-05-08 09:43:29,32
CARO ,2019-05-08 10:43:22,32
CARO ,2019-05-08 11:43:25,32
CARO ,2019-05-08 13:07:28,32
CARO ,2019-05-08 13:43:24,32
CARO ,2019-05-08 14:43:27,32
CARO ,2019-05-08 15:43:27,32
CARO ,2019-05-08 16:43:25,32
CARO ,2019-05-08 17:43:26,32
CARO ,2019-05-08 18:43:30,32
CARO ,2019-05-08 19:43:24,32
CARO ,2019-05-08 20:43:21,32
CARO ,2019-05-08 21:43:24,32
CARO ,2019-05-08 22:43:22,32
CARO ,2019-05-08 23:43:33,32
CARO ,2019-05-09 00:43:23,32
CARO ,2019-05-09 01:43:25,32
CARO ,2019-05-09 02:43:26,32
CARO ,2019-05-09 03:43:32,32
CARO ,2019-05-09 04:43:31,32
CARO ,2019-05-09 05:43:24,32
CARO ,2019-05-09 06:43:28,32
CARO ,2019-05-09 07:43:27,32
CARO ,2019-05-09 08:43:26,32
CARO ,2019-05-09 09:43:31,32
CARO ,2019-05-09 10:43:23,32
CARO ,2019-05-09 11:43:28,32
CARO ,2019-05-09 13:06:59,32
CARO ,2019-05-09 13:43:26,32
CARO ,2019-05-09 14:43:26,32
CARO ,2019-05-09 15:43:29,32
CARO ,2019-05-09 16:43:25,32
CARO ,2019-05-09 17:43:32,32
CARO ,2019-05-09 18:43:25,32
CARO ,2019-05-09 19:43:27,32
CARO ,2019-05-09 20:43:25,32
CARO ,2019-05-09 21:43:23,32
CARO ,2019-05-09 22:43:32,32
CARO ,2019-05-09 23:43:23,32
CARO ,2019-05-10 00:43:24,32
CARO ,2019-05-10 01:43:28,32
CARO ,2019-05-10 02:43:33,32
CARO ,2019-05-10 03:43:24,32
CARO ,2019-05-10 04:43:33,32
CARO ,2019-05-10 05:43:24,32
CARO ,2019-05-10 06:43:56,32
CARO ,2019-05-10 07:43:22,32
CARO ,2019-05-10 08:43:29,32
CARO ,2019-05-10 09:43:24,32
CARO ,2019-05-10 10:43:26,32
CARO ,2019-05-10 11:43:24,32
CARO ,2019-05-10 12:43:32,32
CARO ,2019-05-10 13:43:24,32
CARO ,2019-05-10 14:43:28,32
CARO ,2019-05-10 15:43:24,32
CARO ,2019-05-10 16:43:24,32
CARO ,2019-05-10 17:43:24,32
CARO ,2019-05-10 18:43:30,32
CARO ,2019-05-10 19:43:24,32
CARO ,2019-05-10 20:43:23,32
CARO ,2019-05-10 21:43:24,32
CARO ,2019-05-10 22:43:27,32
CARO ,2019-05-10 23:43:26,32
CARO ,2019-05-11 00:43:33,32
CARO ,2019-05-11 01:43:23,32
CARO ,2019-05-11 02:43:31,32
CARO ,2019-05-11 03:43:24,32
CARO ,2019-05-11 04:43:24,32
CARO ,2019-05-11 05:43:35,32
CARO ,2019-05-11 06:43:23,32
CARO ,2019-05-11 07:43:22,32
CARO ,2019-05-11 08:43:29,32
CARO ,2019-05-11 09:43:22,32
CARO ,2019-05-11 10:43:31,32
CARO ,2019-05-11 11:43:23,32
CARO ,2019-05-11 12:43:23,32
CARO ,2019-05-11 13:43:27,32
CARO ,2019-05-11 14:43:23,32
CARO ,2019-05-11 15:43:26,32
CARO ,2019-05-11 16:43:34,32
CARO ,2019-05-11 17:43:24,32
CARO ,2019-05-11 18:43:26,32
CARO ,2019-05-11 19:43:25,32
CARO ,2019-05-11 20:43:24,32
CARO ,2019-05-11 21:43:25,32
CARO ,2019-05-11 22:43:28,32
CARO ,2019-05-11 23:43:25,32
CARO ,2019-05-12 00:43:23,32
CARO ,2019-05-12 01:43:24,32
CARO ,2019-05-12 02:43:25,32
CARO ,2019-05-12 03:43:30,32
CARO ,2019-05-12 04:43:23,32
CARO ,2019-05-12 05:43:26,32
CARO ,2019-05-12 06:43:24,32
CARO ,2019-05-12 07:43:29,32
CARO ,2019-05-12 08:43:23,32
CARO ,2019-05-12 09:43:27,32
CARO ,2019-05-12 10:43:23,32
CARO ,2019-05-12 11:43:22,32
CARO ,2019-05-12 12:43:22,32
CARO ,2019-05-12 13:43:28,32
CARO ,2019-05-12 14:43:23,32
CARO ,2019-05-12 15:43:24,32
CARO ,2019-05-12 16:43:26,32
CARO ,2019-05-12 17:43:30,32
CARO ,2019-05-12 18:43:23,32
CARO ,2019-05-12 19:43:23,32
CARO ,2019-05-12 20:43:22,32
CARO ,2019-05-12 21:43:21,32
CARO ,2019-05-12 22:43:30,32
CARO ,2019-05-12 23:43:22,32
CARO ,2019-05-13 00:43:25,32
CARO ,2019-05-13 01:43:21,32
CARO ,2019-05-13 02:43:22,32
CARO ,2019-05-13 03:43:27,32
CARO ,2019-05-13 04:43:21,32
CARO ,2019-05-13 05:43:21,32
CARO ,2019-05-13 06:43:27,32
CARO ,2019-05-13 07:43:20,32
CARO ,2019-05-13 08:43:21,32
CARO ,2019-05-13 09:43:23,32
CARO ,2019-05-13 10:43:27,32
CARO ,2019-05-13 11:43:23,32
CARO ,2019-05-13 13:06:58,32
CARO ,2019-05-13 13:43:23,32
CARO ,2019-05-13 14:43:22,32
CARO ,2019-05-13 15:43:29,32
CARO ,2019-05-13 16:43:23,32
CARO ,2019-05-13 17:43:23,32
CARO ,2019-05-13 18:43:25,32
CARO ,2019-05-13 19:43:26,32
CARO ,2019-05-13 20:43:22,32
CARO ,2019-05-13 21:43:24,32
CARO ,2019-05-13 22:43:22,32
CARO ,2019-05-13 23:43:23,32
CARO ,2019-05-14 00:43:41,32
CARO ,2019-05-14 01:43:22,32
CARO ,2019-05-14 02:43:24,32
CARO ,2019-05-14 03:43:30,32
CARO ,2019-05-14 04:43:24,32
CARO ,2019-05-14 05:43:22,32
CARO ,2019-05-14 06:43:30,32
CARO ,2019-05-14 07:43:25,32
CARO ,2019-05-14 08:43:25,32
CARO ,2019-05-14 09:43:29,32
CARO ,2019-05-14 10:43:23,32
CARO ,2019-05-14 11:43:23,32
CARO ,2019-05-14 13:06:30,32
CARO ,2019-05-14 13:43:27,32
CARO ,2019-05-14 14:43:24,32
CARO ,2019-05-14 15:43:28,32
CARO ,2019-05-14 16:43:26,32
CARO ,2019-05-14 17:43:27,32
CARO ,2019-05-14 18:43:26,32
CARO ,2019-05-14 19:43:22,32
CARO ,2019-05-14 20:43:23,32
CARO ,2019-05-14 21:43:22,32
CARO ,2019-05-14 22:43:29,32
CARO ,2019-05-14 23:43:26,32
CARO ,2019-05-15 00:43:24,32
CARO ,2019-05-15 01:43:25,32
CARO ,2019-05-15 02:43:23,32
CARO ,2019-05-15 03:43:28,32
CARO ,2019-05-15 04:43:26,32
CARO ,2019-05-15 05:43:26,32
CARO ,2019-05-15 06:43:28,32
CARO ,2019-05-15 07:43:26,32
CARO ,2019-05-15 08:43:27,32
CARO ,2019-05-15 09:43:30,32
CARO ,2019-05-15 10:43:33,32
CARO ,2019-05-15 11:43:24,32
CARO ,2019-05-15 13:07:29,32
CARO ,2019-05-15 13:43:25,32
CARO ,2019-05-15 14:43:26,32
CARO ,2019-05-15 15:43:24,32
CARO ,2019-05-15 16:43:30,32
CARO ,2019-05-15 17:43:26,32
CARO ,2019-05-15 18:43:29,32
CARO ,2019-05-15 19:43:26,32
CARO ,2019-05-15 20:43:25,32
CARO ,2019-05-15 21:43:28,32
CARO ,2019-05-15 22:43:25,32
CARO ,2019-05-15 23:43:25,32
CARO ,2019-05-16 00:43:24,32
CARO ,2019-05-16 01:43:32,32
CARO ,2019-05-16 02:43:29,32
CARO ,2019-05-16 03:43:23,32
CARO ,2019-05-16 04:43:25,32
CARO ,2019-05-16 05:43:29,32
CARO ,2019-05-16 06:43:27,32
CARO ,2019-05-16 07:43:30,32
CARO ,2019-05-16 08:43:29,32
CARO ,2019-05-16 09:43:30,32
CARO ,2019-05-16 10:43:42,32
CARO ,2019-05-16 11:43:26,32
CARO ,2019-05-16 13:06:29,32
CARO ,2019-05-16 13:43:41,32
CARO ,2019-05-16 14:43:27,32
CARO ,2019-05-16 15:43:26,32
CARO ,2019-05-16 16:43:31,32
CARO ,2019-05-16 17:43:27,32
CARO ,2019-05-16 18:43:30,32
CARO ,2019-05-16 19:43:30,32
CARO ,2019-05-16 20:43:26,32
CARO ,2019-05-16 21:43:29,32
CARO ,2019-05-16 22:43:31,32
CARO ,2019-05-16 23:43:27,32
CARO ,2019-05-17 00:43:37,32
CARO ,2019-05-17 01:43:30,32
CARO ,2019-05-17 02:43:27,32
CARO ,2019-05-17 03:43:25,32
CARO ,2019-05-17 04:43:26,32
CARO ,2019-05-17 05:43:28,32
CARO ,2019-05-17 06:43:34,32
CARO ,2019-05-17 07:43:28,32
CARO ,2019-05-17 08:43:35,32
CARO ,2019-05-17 09:43:33,32
CARO ,2019-05-17 10:43:26,32
CARO ,2019-05-17 11:43:31,32
CARO ,2019-05-17 13:08:02,32
CARO ,2019-05-17 13:43:37,32
CARO ,2019-05-17 14:43:28,32
CARO ,2019-05-17 15:43:26,32
CARO ,2019-05-17 16:43:30,32
CARO ,2019-05-17 17:43:27,32
CARO ,2019-05-17 18:43:28,32
CARO ,2019-05-17 19:43:31,32
CARO ,2019-05-17 20:43:25,32
CARO ,2019-05-17 21:43:26,32
CARO ,2019-05-17 22:43:26,32
CARO ,2019-05-17 23:43:27,32
CARO ,2019-05-18 00:43:26,32
CARO ,2019-05-18 01:43:30,32
CARO ,2019-05-18 02:43:28,32
CARO ,2019-05-18 04:43:24,32
CARO ,2019-05-18 05:43:19,32
CARO ,2019-05-18 06:43:23,32
CARO ,2019-05-18 07:43:20,32
CARO ,2019-05-18 08:43:20,32
CARO ,2019-05-18 09:43:19,32
CARO ,2019-05-18 10:43:19,32
CARO ,2019-05-18 11:43:23,32
CARO ,2019-05-18 12:43:19,32
CARO ,2019-05-18 13:43:21,32
CARO ,2019-05-18 14:43:20,32
CARO ,2019-05-18 15:43:24,32
CARO ,2019-05-18 16:43:20,32
CARO ,2019-05-18 17:43:22,32
CARO ,2019-05-18 18:43:18,32
CARO ,2019-05-18 19:43:20,32
CARO ,2019-05-18 20:43:20,32
CARO ,2019-05-18 21:43:20,32
CARO ,2019-05-18 22:43:20,32
CARO ,2019-05-18 23:43:19,32
CARO ,2019-05-19 00:43:18,32
CARO ,2019-05-19 01:43:19,32
CARO ,2019-05-19 02:43:19,32
CARO ,2019-05-19 03:43:18,32
CARO ,2019-05-19 04:43:22,32
CARO ,2019-05-19 05:43:19,32
CARO ,2019-05-19 06:43:19,32
CARO ,2019-05-19 07:43:19,32
CARO ,2019-05-19 08:43:18,32
CARO ,2019-05-19 09:43:19,32
CARO ,2019-05-19 10:43:18,32
CARO ,2019-05-19 11:43:20,32
CARO ,2019-05-19 12:43:21,32
CARO ,2019-05-19 13:43:21,32
CARO ,2019-05-19 14:43:19,32
CARO ,2019-05-19 15:43:19,32
CARO ,2019-05-19 16:43:21,32
CARO ,2019-05-19 17:43:20,32
CARO ,2019-05-19 18:43:19,32
CARO ,2019-05-19 19:43:19,32
CARO ,2019-05-19 20:43:20,32
CARO ,2019-05-19 21:43:20,32
CARO ,2019-05-19 22:43:19,32
CARO ,2019-05-19 23:43:20,32
CARO ,2019-05-20 00:43:21,32
CARO ,2019-05-20 01:43:20,32
CARO ,2019-05-20 02:43:22,32
CARO ,2019-05-20 03:43:20,32
CARO ,2019-05-20 04:43:22,32
CARO ,2019-05-20 05:43:21,32
CARO ,2019-05-20 06:43:20,32
CARO ,2019-05-20 07:43:21,32
CARO ,2019-05-20 08:43:20,32
CARO ,2019-05-20 09:43:20,32
CARO ,2019-05-20 10:43:20,32
CARO ,2019-05-20 11:43:21,32
CARO ,2019-05-20 12:43:24,32
CARO ,2019-05-20 13:43:22,32
CARO ,2019-05-20 14:43:21,32
CARO ,2019-05-20 15:43:19,32
CARO ,2019-05-20 16:43:21,32
CARO ,2019-05-20 17:43:20,32
CARO ,2019-05-20 18:43:18,32
CARO ,2019-05-20 19:43:20,32
CARO ,2019-05-20 20:43:19,32
CARO ,2019-05-20 21:43:20,32
CARO ,2019-05-20 22:43:20,32
CARO ,2019-05-20 23:43:24,32
CARO ,2019-05-21 00:43:19,32
CARO ,2019-05-21 01:43:21,32
CARO ,2019-05-21 02:43:20,32
CARO ,2019-05-21 03:43:20,32
CARO ,2019-05-21 04:43:21,32
CARO ,2019-05-21 05:43:20,32
CARO ,2019-05-21 06:43:18,32
CARO ,2019-05-21 07:43:21,32
CARO ,2019-05-21 08:43:20,32
CARO ,2019-05-21 09:43:18,32
CARO ,2019-05-21 10:43:20,32
CARO ,2019-05-21 11:43:19,32
CARO ,2019-05-21 13:07:22,32
CARO ,2019-05-21 13:43:20,32
CARO ,2019-05-21 14:43:21,32
CARO ,2019-05-21 15:43:18,32
CARO ,2019-05-21 16:43:18,32
CARO ,2019-05-21 17:43:18,33
CARO ,2019-05-21 18:43:20,33
CARO ,2019-05-21 19:43:20,33
CARO ,2019-05-21 20:43:19,33
CARO ,2019-05-21 21:43:19,33
CARO ,2019-05-21 22:43:23,33
CARO ,2019-05-21 23:43:20,33
CARO ,2019-05-22 00:43:19,33
CARO ,2019-05-22 01:43:19,33
CARO ,2019-05-22 02:43:19,33
CARO ,2019-05-22 03:43:19,33
CARO ,2019-05-22 04:43:21,33
CARO ,2019-05-22 05:43:20,33
CARO ,2019-05-22 06:43:19,33
CARO ,2019-05-22 07:43:20,33
CARO ,2019-05-22 08:43:25,33
CARO ,2019-05-22 09:43:25,33
CARO ,2019-05-22 10:43:18,33
CARO ,2019-05-22 11:43:20,33
CARO ,2019-05-22 12:43:20,33
CARO ,2019-05-22 13:43:20,33
CARO ,2019-05-22 14:43:20,33
CARO ,2019-05-22 15:43:23,33
CARO ,2019-05-22 16:43:20,33
CARO ,2019-05-22 17:43:18,33
CARO ,2019-05-22 18:43:20,33
CARO ,2019-05-22 19:43:18,33
CARO ,2019-05-22 20:43:18,33
CARO ,2019-05-22 21:43:20,33
CARO ,2019-05-22 22:43:19,33
CARO ,2019-05-22 23:43:18,33
CARO ,2019-05-23 00:43:20,33
CARO ,2019-05-23 01:43:19,33
CARO ,2019-05-23 02:43:21,33
CARO ,2019-05-23 03:43:19,33
CARO ,2019-05-23 04:43:23,33
CARO ,2019-05-23 05:43:19,33
CARO ,2019-05-23 06:43:20,33
CARO ,2019-05-23 07:43:21,33
CARO ,2019-05-23 08:43:20,33
CARO ,2019-05-23 09:43:20,33
CARO ,2019-05-23 10:43:20,33
CARO ,2019-05-23 11:43:19,33
CARO ,2019-05-23 12:43:23,33
CARO ,2019-05-23 13:43:21,33
CARO ,2019-05-23 14:43:21,33
CARO ,2019-05-23 15:43:20,33
CARO ,2019-05-23 16:43:20,33
CARO ,2019-05-23 17:43:21,33
CARO ,2019-05-23 18:43:20,33
CARO ,2019-05-23 19:43:23,33
CARO ,2019-05-23 20:43:21,33
CARO ,2019-05-23 21:43:21,33
CARO ,2019-05-23 22:43:20,33
CARO ,2019-05-23 23:43:21,33
CARO ,2019-05-24 00:43:22,33
CARO ,2019-05-24 01:43:21,33
CARO ,2019-05-24 02:43:20,33
CARO ,2019-05-24 03:43:20,33
CARO ,2019-05-24 04:43:21,33
CARO ,2019-05-24 05:43:23,33
CARO ,2019-05-24 06:43:20,33
CARO ,2019-05-24 07:43:19,33
CARO ,2019-05-24 08:43:21,33
CARO ,2019-05-24 09:43:22,33
CARO ,2019-05-24 10:43:22,33
CARO ,2019-05-24 11:43:20,33
CARO ,2019-05-24 13:07:24,33
CARO ,2019-05-24 13:43:21,33
CARO ,2019-05-24 14:43:21,33
CARO ,2019-05-24 15:43:20,33
CARO ,2019-05-24 16:43:20,33
CARO ,2019-05-24 17:43:22,33
CARO ,2019-05-24 18:43:23,33
CARO ,2019-05-24 19:43:22,33
CARO ,2019-05-24 20:43:22,33
CARO ,2019-05-24 21:43:24,33
CARO ,2019-05-24 22:43:22,33
CARO ,2019-05-24 23:43:24,33
CARO ,2019-05-25 00:43:22,33
CARO ,2019-05-25 01:43:21,33
CARO ,2019-05-25 04:43:23,33
CARO ,2019-05-26 04:43:24,33
CARO ,2019-05-26 05:43:22,33
CARO ,2019-05-26 06:43:21,33
CARO ,2019-05-26 07:43:23,33
CARO ,2019-05-26 08:43:20,33
CARO ,2019-05-26 09:43:20,33
CARO ,2019-05-26 10:43:21,33
CARO ,2019-05-26 11:43:22,33
CARO ,2019-05-26 12:43:20,33
CARO ,2019-05-26 13:43:20,33
CARO ,2019-05-26 14:43:22,33
CARO ,2019-05-26 15:43:19,33
CARO ,2019-05-26 16:43:20,33
CARO ,2019-05-26 17:43:24,33
CARO ,2019-05-26 18:43:21,33
CARO ,2019-05-26 19:43:20,33
CARO ,2019-05-26 20:43:20,33
CARO ,2019-05-26 21:43:21,33
CARO ,2019-05-26 22:43:21,33
CARO ,2019-05-26 23:43:20,33
CARO ,2019-05-27 00:43:20,33
CARO ,2019-05-27 01:43:21,33
CARO ,2019-05-27 02:43:21,33
CARO ,2019-05-27 03:43:22,33
CARO ,2019-05-27 04:43:22,33
CARO ,2019-05-27 05:43:21,33
CARO ,2019-05-27 06:43:21,33
CARO ,2019-05-27 07:43:26,33
CARO ,2019-05-27 08:43:25,33
CARO ,2019-05-27 09:43:24,33
CARO ,2019-05-27 10:43:22,33
CARO ,2019-05-27 11:43:20,33
CARO ,2019-05-27 12:43:20,33
CARO ,2019-05-27 13:43:21,33
CARO ,2019-05-27 14:43:21,33
CARO ,2019-05-27 15:43:21,33
CARO ,2019-05-27 16:43:21,33
CARO ,2019-05-27 17:43:24,33
CARO ,2019-05-27 18:43:21,33
CARO ,2019-05-27 19:43:20,33
CARO ,2019-05-27 20:43:20,33
CARO ,2019-05-27 21:43:20,33
CARO ,2019-05-27 22:43:19,33
CARO ,2019-05-27 23:43:20,33
CARO ,2019-05-28 00:43:20,33
CARO ,2019-05-28 01:43:21,33
CARO ,2019-05-28 02:43:22,33
CARO ,2019-05-28 03:43:21,33
CARO ,2019-05-28 04:43:21,33
CARO ,2019-05-28 05:43:21,33
CARO ,2019-05-28 06:43:26,33
CARO ,2019-05-28 07:43:23,33
CARO ,2019-05-28 08:43:21,33
CARO ,2019-05-28 09:43:23,33
CARO ,2019-05-28 10:43:20,33
CARO ,2019-05-28 11:43:20,33
CARO ,2019-05-28 12:43:20,33
CARO ,2019-05-28 13:43:22,33
CARO ,2019-05-28 14:43:22,33
CARO ,2019-05-28 15:43:21,33
CARO ,2019-05-28 16:43:22,33
CARO ,2019-05-28 17:43:25,33
CARO ,2019-05-28 18:43:22,33
CARO ,2019-05-28 19:43:21,33
CARO ,2019-05-28 20:43:22,33
CARO ,2019-05-28 21:43:21,33
CARO ,2019-05-28 22:43:21,33
CARO ,2019-05-28 23:43:22,33
CARO ,2019-05-29 00:43:23,33
CARO ,2019-05-29 01:43:21,33
CARO ,2019-05-29 02:43:22,33
CARO ,2019-05-29 03:43:20,33
CARO ,2019-05-29 04:43:21,33
CARO ,2019-05-29 05:43:24,33
CARO ,2019-05-29 06:43:22,33
CARO ,2019-05-29 07:43:24,33
CARO ,2019-05-29 08:43:22,33
CARO ,2019-05-29 09:43:27,33
CARO ,2019-05-29 10:43:22,33
CARO ,2019-05-29 11:43:21,33
CARO ,2019-05-29 13:06:26,33
CARO ,2019-05-29 13:43:24,33
CARO ,2019-05-29 14:43:24,33
CARO ,2019-05-29 15:43:22,33
CARO ,2019-05-29 16:43:22,33
CARO ,2019-05-29 17:43:23,33
CARO ,2019-05-29 18:43:23,33
CARO ,2019-05-29 19:43:24,33
CARO ,2019-05-29 20:43:21,33
CARO ,2019-05-29 21:43:22,33
CARO ,2019-05-29 22:43:22,33
CARO ,2019-05-29 23:43:23,33
CARO ,2019-05-30 00:43:21,33
CARO ,2019-05-30 01:43:22,33
CARO ,2019-05-30 02:43:23,33
CARO ,2019-05-30 03:43:22,33
CARO ,2019-05-30 04:43:23,33
CARO ,2019-05-30 05:43:24,33
CARO ,2019-05-30 06:43:22,33
CARO ,2019-05-30 07:43:21,33
CARO ,2019-05-30 08:43:27,33
CARO ,2019-05-30 09:43:22,33
CARO ,2019-05-30 10:43:21,33
CARO ,2019-05-30 11:43:22,33
CARO ,2019-05-30 12:43:25,33
CARO ,2019-05-30 13:43:21,33
CARO ,2019-05-30 14:43:24,33
CARO ,2019-05-30 15:43:23,33
CARO ,2019-05-30 16:43:21,33
CARO ,2019-05-30 17:43:22,33
CARO ,2019-05-30 18:43:22,33
CARO ,2019-05-30 19:43:22,33
CARO ,2019-05-30 20:43:21,33
CARO ,2019-05-30 21:43:21,33
CARO ,2019-05-30 22:43:23,33
CARO ,2019-05-30 23:43:21,33
CARO ,2019-05-31 00:43:20,33
CARO ,2019-05-31 01:43:22,33
CARO ,2019-05-31 02:43:20,33
CARO ,2019-05-31 03:43:20,33
CARO ,2019-05-31 04:43:21,33
CARO ,2019-05-31 05:43:21,33
CARO ,2019-05-31 06:43:22,33
CARO ,2019-05-31 07:43:20,33
CARO ,2019-05-31 08:43:21,33
CARO ,2019-05-31 09:43:23,33
CARO ,2019-05-31 10:43:21,33
CARO ,2019-05-31 11:43:21,33
CARO ,2019-05-31 12:44:06,33
CARO ,2019-05-31 13:43:23,33
CARO ,2019-05-31 14:43:22,33
CARO ,2019-05-31 15:43:22,33
CARO ,2019-05-31 16:43:21,33
CARO ,2019-05-31 17:43:25,33
CARO ,2019-05-31 18:43:21,33
CARO ,2019-05-31 19:43:20,33
CARO ,2019-05-31 20:43:21,33
CARO ,2019-05-31 21:43:22,33
CARO ,2019-05-31 22:43:19,33
CARO ,2019-05-31 23:43:21,33
CARO ,2019-06-01 00:43:21,33
CARO ,2019-06-01 01:43:20,33
CARO ,2019-06-01 02:43:21,33
CARO ,2019-06-01 03:43:21,33
CARO ,2019-06-01 04:43:21,33
CARO ,2019-06-01 05:43:21,33
CARO ,2019-06-01 06:43:24,33
CARO ,2019-06-01 07:43:20,33
CARO ,2019-06-01 08:43:21,33
CARO ,2019-06-01 09:43:21,33
CARO ,2019-06-01 10:43:22,33
CARO ,2019-06-01 11:43:21,33
CARO ,2019-06-01 12:43:21,33
CARO ,2019-06-01 13:43:20,33
CARO ,2019-06-01 14:43:25,33
CARO ,2019-06-01 15:43:23,33
CARO ,2019-06-01 16:43:21,33
CARO ,2019-06-01 17:43:22,33
CARO ,2019-06-01 18:43:21,33
CARO ,2019-06-01 19:43:23,33
CARO ,2019-06-01 20:43:20,33
CARO ,2019-06-01 21:43:22,33
CARO ,2019-06-01 22:43:22,33
CARO ,2019-06-01 23:43:22,33
CARO ,2019-06-02 00:43:23,33
CARO ,2019-06-02 01:43:26,33
CARO ,2019-06-02 02:43:23,33
CARO ,2019-06-02 03:43:22,33
CARO ,2019-06-02 04:43:21,33
CARO ,2019-06-02 05:43:25,33
CARO ,2019-06-02 06:43:21,33
CARO ,2019-06-02 07:43:21,33
CARO ,2019-06-02 08:43:21,33
CARO ,2019-06-02 09:43:21,33
CARO ,2019-06-02 10:43:21,33
CARO ,2019-06-02 11:43:21,33
CARO ,2019-06-02 12:43:25,33
CARO ,2019-06-02 13:43:22,33
CARO ,2019-06-02 14:43:23,33
CARO ,2019-06-02 15:43:19,33
CARO ,2019-06-02 16:43:20,33
CARO ,2019-06-02 17:43:22,33
CARO ,2019-06-02 18:43:22,33
CARO ,2019-06-02 19:43:22,33
CARO ,2019-06-02 20:43:21,33
CARO ,2019-06-02 21:43:22,33
CARO ,2019-06-02 22:43:22,33
CARO ,2019-06-02 23:43:20,33
CARO ,2019-06-03 00:43:21,33
CARO ,2019-06-03 01:43:24,33
CARO ,2019-06-03 02:43:22,33
CARO ,2019-06-03 03:43:21,33
CARO ,2019-06-03 04:43:20,33
CARO ,2019-06-03 05:43:20,33
CARO ,2019-06-03 06:43:21,33
CARO ,2019-06-03 07:43:20,33
CARO ,2019-06-03 08:43:21,33
CARO ,2019-06-03 09:43:20,33
CARO ,2019-06-03 10:43:23,33
CARO ,2019-06-03 11:43:22,33
CARO ,2019-06-03 12:43:20,33
CARO ,2019-06-03 13:43:23,33
CARO ,2019-06-03 14:43:23,33
CARO ,2019-06-03 15:43:22,33
CARO ,2019-06-03 16:43:21,33
CARO ,2019-06-03 17:43:21,33
CARO ,2019-06-03 18:43:23,33
CARO ,2019-06-03 19:43:23,33
CARO ,2019-06-03 20:43:20,33
CARO ,2019-06-03 21:43:22,33
CARO ,2019-06-03 22:43:22,33
CARO ,2019-06-03 23:43:25,33
CARO ,2019-06-04 00:43:21,33
CARO ,2019-06-04 01:43:22,33
CARO ,2019-06-04 02:43:22,33
CARO ,2019-06-04 03:43:26,33
CARO ,2019-06-04 04:43:22,33
CARO ,2019-06-04 05:43:21,33
CARO ,2019-06-04 06:43:21,33
CARO ,2019-06-04 07:43:20,33
CARO ,2019-06-04 08:43:25,33
CARO ,2019-06-04 09:43:21,33
CARO ,2019-06-04 10:43:23,33
CARO ,2019-06-04 11:43:21,33
CARO ,2019-06-04 13:05:54,33
CARO ,2019-06-04 13:43:22,33
CARO ,2019-06-04 14:43:25,33
CARO ,2019-06-04 15:43:22,33
CARO ,2019-06-04 16:43:22,33
CARO ,2019-06-04 17:43:23,33
CARO ,2019-06-04 18:43:22,33
CARO ,2019-06-04 19:43:22,33
CARO ,2019-06-04 20:43:22,33
CARO ,2019-06-04 21:43:20,33
CARO ,2019-06-04 22:43:21,33
CARO ,2019-06-04 23:43:25,33
CARO ,2019-06-05 00:43:21,33
CARO ,2019-06-05 01:43:22,33
CARO ,2019-06-05 02:43:24,33
CARO ,2019-06-05 03:43:23,33
CARO ,2019-06-05 04:43:25,33
CARO ,2019-06-05 05:43:21,33
CARO ,2019-06-05 06:43:21,33
CARO ,2019-06-05 07:43:22,33
CARO ,2019-06-05 08:43:26,33
CARO ,2019-06-05 09:43:21,33
CARO ,2019-06-05 10:43:21,33
CARO ,2019-06-05 11:43:25,33
CARO ,2019-06-05 13:07:25,33
CARO ,2019-06-05 13:43:20,33
CARO ,2019-06-05 14:43:21,33
CARO ,2019-06-05 15:43:22,33
CARO ,2019-06-05 16:43:21,33
CARO ,2019-06-05 17:43:22,33
CARO ,2019-06-05 18:43:21,33
CARO ,2019-06-05 19:43:25,33
CARO ,2019-06-05 20:43:21,33
CARO ,2019-06-05 21:43:21,33
CARO ,2019-06-05 22:43:22,33
CARO ,2019-06-05 23:43:21,33
CARO ,2019-06-06 00:43:21,33
CARO ,2019-06-06 01:43:20,33
CARO ,2019-06-06 02:43:22,33
CARO ,2019-06-06 03:43:22,33
CARO ,2019-06-06 04:43:27,33
CARO ,2019-06-06 05:43:21,33
CARO ,2019-06-06 06:43:24,33
CARO ,2019-06-06 07:43:21,33
CARO ,2019-06-06 08:43:26,33
CARO ,2019-06-06 09:43:24,33
CARO ,2019-06-06 10:43:27,33
CARO ,2019-06-06 11:43:21,33
CARO ,2019-06-06 13:07:24,33
CARO ,2019-06-06 13:43:22,33
CARO ,2019-06-06 14:43:22,33
CARO ,2019-06-06 15:43:24,33
CARO ,2019-06-06 16:43:22,33
CARO ,2019-06-06 17:43:24,33
CARO ,2019-06-06 18:43:25,33
CARO ,2019-06-06 19:43:24,33
CARO ,2019-06-06 20:43:21,33
CARO ,2019-06-06 21:43:22,33
CARO ,2019-06-06 22:43:21,33
CARO ,2019-06-06 23:43:20,33
CARO ,2019-06-07 00:43:24,33
CARO ,2019-06-07 01:43:23,33
CARO ,2019-06-07 02:43:24,33
CARO ,2019-06-07 03:43:24,33
CARO ,2019-06-07 04:43:25,33
CARO ,2019-06-07 05:43:21,33
CARO ,2019-06-07 06:43:23,33
CARO ,2019-06-07 07:43:22,33
CARO ,2019-06-07 08:43:23,33
CARO ,2019-06-07 09:43:24,33
CARO ,2019-06-07 10:43:22,33
CARO ,2019-06-07 11:43:22,33
CARO ,2019-06-07 13:07:29,33
CARO ,2019-06-07 13:43:26,33
CARO ,2019-06-07 14:43:24,33
CARO ,2019-06-07 15:43:24,33
CARO ,2019-06-07 16:43:24,33
CARO ,2019-06-07 17:43:23,33
CARO ,2019-06-07 18:43:23,33
CARO ,2019-06-07 19:43:22,33
CARO ,2019-06-07 20:43:23,33
CARO ,2019-06-07 21:43:24,33
CARO ,2019-06-07 22:43:22,33
CARO ,2019-06-07 23:43:26,33
CARO ,2019-06-08 00:43:24,33
CARO ,2019-06-08 01:43:27,33
CARO ,2019-06-08 02:43:25,33
CARO ,2019-06-08 03:43:26,33
CARO ,2019-06-08 04:43:24,33
CARO ,2019-06-08 05:43:30,33
CARO ,2019-06-08 06:43:26,33
CARO ,2019-06-08 07:43:26,33
CARO ,2019-06-08 08:43:23,33
CARO ,2019-06-08 09:43:25,33
CARO ,2019-06-08 10:43:24,33
CARO ,2019-06-08 11:43:25,33
CARO ,2019-06-08 12:43:24,33
CARO ,2019-06-08 13:43:22,33
CARO ,2019-06-08 14:43:21,33
CARO ,2019-06-08 15:43:25,33
CARO ,2019-06-08 16:43:24,33
CARO ,2019-06-08 17:43:24,33
CARO ,2019-06-08 18:43:24,33
CARO ,2019-06-08 19:43:22,33
CARO ,2019-06-08 20:43:23,33
CARO ,2019-06-08 21:43:22,33
CARO ,2019-06-08 22:43:22,33
CARO ,2019-06-08 23:43:26,33
CARO ,2019-06-09 00:43:22,33
CARO ,2019-06-09 01:43:23,33
CARO ,2019-06-09 02:43:29,33
CARO ,2019-06-09 03:43:29,33
CARO ,2019-06-09 04:43:22,33
CARO ,2019-06-09 05:43:27,33
CARO ,2019-06-09 06:43:22,33
CARO ,2019-06-09 07:43:26,33
CARO ,2019-06-09 08:43:22,33
CARO ,2019-06-09 09:43:24,33
CARO ,2019-06-09 10:43:23,33
CARO ,2019-06-09 11:43:24,33
CARO ,2019-06-09 12:43:25,33
CARO ,2019-06-09 13:43:23,33
CARO ,2019-06-09 14:43:22,33
CARO ,2019-06-09 15:43:25,33
CARO ,2019-06-09 16:43:23,33
CARO ,2019-06-09 17:43:25,33
CARO ,2019-06-09 18:43:22,33
CARO ,2019-06-09 19:43:23,33
CARO ,2019-06-09 20:43:23,33
CARO ,2019-06-09 21:43:23,33
CARO ,2019-06-09 22:43:27,33
CARO ,2019-06-09 23:43:24,33
CARO ,2019-06-10 00:43:23,33
CARO ,2019-06-10 01:43:27,33
CARO ,2019-06-10 02:43:23,33
CARO ,2019-06-10 03:43:26,33
CARO ,2019-06-10 04:43:23,33
CARO ,2019-06-10 05:43:24,33
CARO ,2019-06-10 06:43:21,33
CARO ,2019-06-10 07:43:26,33
CARO ,2019-06-10 08:43:22,33
CARO ,2019-06-10 09:43:22,33
CARO ,2019-06-10 10:43:26,33
CARO ,2019-06-10 11:43:24,33
CARO ,2019-06-10 12:43:30,33
CARO ,2019-06-10 13:43:27,33
CARO ,2019-06-10 14:43:23,33
CARO ,2019-06-10 15:43:25,33
CARO ,2019-06-10 16:43:27,33
CARO ,2019-06-10 17:43:24,33
CARO ,2019-06-10 18:43:25,33
CARO ,2019-06-10 19:43:26,33
CARO ,2019-06-10 20:43:24,33
CARO ,2019-06-10 21:43:23,33
CARO ,2019-06-10 22:43:24,33
CARO ,2019-06-10 23:43:25,33
CARO ,2019-06-11 00:43:25,33
CARO ,2019-06-11 01:43:28,33
CARO ,2019-06-11 02:43:26,33
CARO ,2019-06-11 03:43:25,33
CARO ,2019-06-11 04:43:24,33
CARO ,2019-06-11 05:43:25,33
CARO ,2019-06-11 06:43:24,33
CARO ,2019-06-11 07:43:24,33
CARO ,2019-06-11 08:43:23,33
CARO ,2019-06-11 09:43:26,33
CARO ,2019-06-11 10:43:24,33
CARO ,2019-06-11 11:43:25,33
CARO ,2019-06-11 13:07:00,33
CARO ,2019-06-11 13:43:29,33
CARO ,2019-06-11 14:43:25,33
CARO ,2019-06-11 15:43:26,33
CARO ,2019-06-11 16:43:29,33
CARO ,2019-06-11 17:43:26,33
CARO ,2019-06-11 18:43:28,33
CARO ,2019-06-11 19:43:25,33
CARO ,2019-06-11 20:43:27,33
CARO ,2019-06-11 21:43:26,33
CARO ,2019-06-11 22:43:24,33
CARO ,2019-06-11 23:43:24,33
CARO ,2019-06-12 00:43:28,33
CARO ,2019-06-12 01:43:26,33
CARO ,2019-06-12 02:43:27,33
CARO ,2019-06-12 03:43:32,33
CARO ,2019-06-12 04:43:28,33
CARO ,2019-06-12 05:43:27,33
CARO ,2019-06-12 06:43:28,33
CARO ,2019-06-12 07:43:29,33
CARO ,2019-06-12 08:43:28,33
CARO ,2019-06-12 09:43:31,33
CARO ,2019-06-12 10:43:28,33
CARO ,2019-06-12 11:43:29,33
CARO ,2019-06-12 13:06:31,33
CARO ,2019-06-12 13:43:26,33
CARO ,2019-06-12 14:43:26,33
CARO ,2019-06-12 15:43:28,33
CARO ,2019-06-12 16:43:27,33
CARO ,2019-06-12 17:43:25,33
CARO ,2019-06-12 18:43:27,33
CARO ,2019-06-12 19:43:28,33
CARO ,2019-06-12 20:43:27,34
CARO ,2019-06-12 21:43:27,34
CARO ,2019-06-12 22:43:26,34
CARO ,2019-06-12 23:43:26,34
CARO ,2019-06-13 00:43:27,34
CARO ,2019-06-13 01:43:28,34
CARO ,2019-06-13 02:43:43,34
CARO ,2019-06-13 03:43:26,34
CARO ,2019-06-13 04:43:28,34
CARO ,2019-06-13 05:43:29,34
CARO ,2019-06-13 06:43:26,34
CARO ,2019-06-13 07:43:25,34
CARO ,2019-06-13 08:43:25,34
CARO ,2019-06-13 09:43:25,34
CARO ,2019-06-13 10:43:31,34
CARO ,2019-06-13 11:43:24,34
CARO ,2019-06-13 13:07:28,34
CARO ,2019-06-13 13:43:29,34
CARO ,2019-06-13 14:43:27,34
CARO ,2019-06-13 15:43:28,34
CARO ,2019-06-13 16:43:27,34
CARO ,2019-06-13 17:43:25,34
CARO ,2019-06-13 18:43:26,34
CARO ,2019-06-13 19:43:26,34
CARO ,2019-06-13 20:43:23,34
CARO ,2019-06-13 21:43:24,34
CARO ,2019-06-13 22:43:24,34
CARO ,2019-06-13 23:43:26,34
CARO ,2019-06-14 00:43:27,34
CARO ,2019-06-14 01:43:27,34
CARO ,2019-06-14 02:43:27,34
CARO ,2019-06-14 03:43:26,34
CARO ,2019-06-14 04:43:26,34
CARO ,2019-06-14 05:43:27,34
CARO ,2019-06-14 06:43:32,34
CARO ,2019-06-14 07:43:28,34
CARO ,2019-06-14 08:43:27,34
CARO ,2019-06-14 09:43:26,34
CARO ,2019-06-14 10:43:28,34
CARO ,2019-06-14 11:43:28,34
CARO ,2019-06-14 12:43:28,34
CARO ,2019-06-14 13:43:26,34
CARO ,2019-06-14 14:43:28,34
CARO ,2019-06-14 15:43:29,34
CARO ,2019-06-14 16:43:28,34
CARO ,2019-06-14 17:43:26,34
CARO ,2019-06-14 18:43:26,34
CARO ,2019-06-14 19:43:26,33
CARO ,2019-06-14 20:43:26,33
CARO ,2019-06-14 21:43:28,33
CARO ,2019-06-14 22:43:25,33
CARO ,2019-06-14 23:43:27,33
CARO ,2019-06-15 00:43:27,33
CARO ,2019-06-15 01:43:29,33
CARO ,2019-06-15 02:43:27,33
CARO ,2019-06-15 03:43:26,33
CARO ,2019-06-15 04:43:27,33
CARO ,2019-06-15 05:43:29,33
CARO ,2019-06-15 06:43:26,33
CARO ,2019-06-15 07:43:26,33
CARO ,2019-06-15 08:43:27,33
CARO ,2019-06-15 09:43:27,33
CARO ,2019-06-15 10:43:27,33
CARO ,2019-06-15 11:43:27,33
CARO ,2019-06-15 12:43:29,33
CARO ,2019-06-15 13:43:32,33
CARO ,2019-06-15 14:43:26,33
CARO ,2019-06-15 15:43:26,33
CARO ,2019-06-15 16:43:27,33
CARO ,2019-06-15 17:43:26,33
CARO ,2019-06-15 18:43:28,33
CARO ,2019-06-15 19:43:27,33
CARO ,2019-06-15 20:43:27,33
CARO ,2019-06-15 21:43:31,33
CARO ,2019-06-15 22:43:32,33
CARO ,2019-06-15 23:43:27,33
CARO ,2019-06-16 00:43:26,33
CARO ,2019-06-16 01:43:30,33
CARO ,2019-06-16 02:43:28,33
CARO ,2019-06-16 03:43:27,33
CARO ,2019-06-16 04:43:30,33
CARO ,2019-06-16 05:43:27,33
CARO ,2019-06-16 06:43:29,33
CARO ,2019-06-16 07:43:30,33
CARO ,2019-06-16 08:43:27,33
CARO ,2019-06-16 09:43:25,33
CARO ,2019-06-16 10:43:25,33
CARO ,2019-06-16 11:43:25,33
CARO ,2019-06-16 12:43:27,33
CARO ,2019-06-16 13:43:25,33
CARO ,2019-06-16 14:43:27,33
CARO ,2019-06-16 15:43:27,33
CARO ,2019-06-16 16:43:29,33
CARO ,2019-06-16 17:43:29,33
CARO ,2019-06-16 18:43:30,33
CARO ,2019-06-16 19:43:26,33
CARO ,2019-06-16 20:43:26,33
CARO ,2019-06-16 21:43:28,33
CARO ,2019-06-16 22:43:26,33
CARO ,2019-06-16 23:43:27,33
CARO ,2019-06-17 00:43:26,33
CARO ,2019-06-17 01:43:26,33
CARO ,2019-06-17 02:43:30,33
CARO ,2019-06-17 03:43:30,33
CARO ,2019-06-17 04:43:29,33
CARO ,2019-06-17 05:43:28,33
CARO ,2019-06-17 06:43:26,33
CARO ,2019-06-17 07:43:26,33
CARO ,2019-06-17 08:43:27,33
CARO ,2019-06-17 09:43:26,33
CARO ,2019-06-17 10:43:28,33
CARO ,2019-06-17 11:43:28,33
CARO ,2019-06-17 13:08:00,33
CARO ,2019-06-17 13:43:26,33
CARO ,2019-06-17 14:43:26,34
CARO ,2019-06-17 15:43:28,34
CARO ,2019-06-17 16:43:38,34
CARO ,2019-06-17 17:43:30,34
CARO ,2019-06-17 18:43:32,34
CARO ,2019-06-17 19:43:27,34
CARO ,2019-06-17 20:43:30,34
CARO ,2019-06-17 21:43:26,34
CARO ,2019-06-17 22:43:28,34
CARO ,2019-06-17 23:43:25,34
CARO ,2019-06-18 00:43:26,34
CARO ,2019-06-18 01:43:26,34
CARO ,2019-06-18 02:43:36,34
CARO ,2019-06-18 03:43:29,34
CARO ,2019-06-18 04:43:28,34
CARO ,2019-06-18 05:43:29,34
CARO ,2019-06-18 06:43:27,34
CARO ,2019-06-18 07:43:28,34
CARO ,2019-06-18 08:43:33,34
CARO ,2019-06-18 09:43:25,34
CARO ,2019-06-18 10:43:25,34
CARO ,2019-06-18 11:43:26,34
CARO ,2019-06-18 13:06:00,34
CARO ,2019-06-18 13:43:27,34
CARO ,2019-06-18 14:43:27,34
CARO ,2019-06-18 15:43:26,34
CARO ,2019-06-18 16:43:27,34
CARO ,2019-06-18 17:43:25,34
CARO ,2019-06-18 18:43:29,34
CARO ,2019-06-18 19:43:29,34
CARO ,2019-06-18 20:43:26,34
CARO ,2019-06-18 21:43:25,34
CARO ,2019-06-18 22:43:26,34
CARO ,2019-06-18 23:43:27,34
CARO ,2019-06-19 00:43:26,34
CARO ,2019-06-19 01:43:29,34
CARO ,2019-06-19 02:43:29,34
CARO ,2019-06-19 03:43:28,34
CARO ,2019-06-19 04:43:26,34
CARO ,2019-06-19 05:43:39,34
CARO ,2019-06-19 06:43:41,34
CARO ,2019-06-19 07:43:30,34
CARO ,2019-06-19 08:43:31,34
CARO ,2019-06-19 09:43:26,34
CARO ,2019-06-19 10:43:29,34
CARO ,2019-06-19 11:43:28,34
CARO ,2019-06-19 13:06:02,34
CARO ,2019-06-19 13:43:27,34
CARO ,2019-06-19 14:43:28,34
CARO ,2019-06-19 15:43:27,34
CARO ,2019-06-19 16:43:37,34
CARO ,2019-06-19 17:43:28,34
CARO ,2019-06-19 18:43:26,34
CARO ,2019-06-19 19:43:29,34
CARO ,2019-06-19 20:43:28,34
CARO ,2019-06-19 21:43:27,34
CARO ,2019-06-19 22:43:26,34
CARO ,2019-06-19 23:43:26,34
CARO ,2019-06-20 00:43:27,34
CARO ,2019-06-20 01:43:26,34
CARO ,2019-06-20 02:43:25,34
CARO ,2019-06-20 03:43:26,34
CARO ,2019-06-20 04:43:28,34
CARO ,2019-06-20 05:43:25,34
CARO ,2019-06-20 06:43:26,34
CARO ,2019-06-20 07:43:27,34
CARO ,2019-06-20 08:43:27,34
CARO ,2019-06-20 09:43:28,34
CARO ,2019-06-20 10:43:27,34
CARO ,2019-06-20 11:43:25,34
CARO ,2019-06-20 13:07:40,34
CARO ,2019-06-20 13:43:29,34
CARO ,2019-06-20 14:43:27,34
CARO ,2019-06-20 15:43:28,34
CARO ,2019-06-20 16:43:28,34
CARO ,2019-06-20 17:43:29,34
CARO ,2019-06-20 18:43:26,34
CARO ,2019-06-20 19:43:26,34
CARO ,2019-06-20 20:43:35,34
CARO ,2019-06-20 21:43:27,34
CARO ,2019-06-20 22:43:26,34
CARO ,2019-06-20 23:43:28,34
CARO ,2019-06-21 00:43:27,34
CARO ,2019-06-21 01:43:29,34
CARO ,2019-06-21 02:43:29,34
CARO ,2019-06-21 03:43:28,34
CARO ,2019-06-21 04:43:28,34
CARO ,2019-06-21 05:43:28,34
CARO ,2019-06-21 06:43:29,34
CARO ,2019-06-21 07:43:30,34
CARO ,2019-06-21 08:43:27,34
CARO ,2019-06-21 09:43:27,34
CARO ,2019-06-21 10:43:26,34
CARO ,2019-06-21 11:43:25,34
CARO ,2019-06-21 12:43:28,34
CARO ,2019-06-21 13:43:29,34
CARO ,2019-06-21 14:43:27,33
CARO ,2019-06-21 15:43:28,33
CARO ,2019-06-21 16:43:29,33
CARO ,2019-06-21 17:43:28,33
CARO ,2019-06-21 18:43:28,33
CARO ,2019-06-21 19:43:26,33
CARO ,2019-06-21 20:43:26,33
CARO ,2019-06-21 21:43:28,33
CARO ,2019-06-21 22:43:27,33
CARO ,2019-06-21 23:43:56,33
CARO ,2019-06-22 00:43:28,33
CARO ,2019-06-22 01:43:33,33
CARO ,2019-06-22 02:43:31,33
CARO ,2019-06-22 03:43:27,33
CARO ,2019-06-22 04:43:28,33
CARO ,2019-06-22 05:43:30,33
CARO ,2019-06-22 06:43:30,33
CARO ,2019-06-22 07:43:29,33
CARO ,2019-06-22 08:43:29,33
CARO ,2019-06-22 09:43:30,33
CARO ,2019-06-22 10:43:32,33
CARO ,2019-06-22 11:43:27,33
CARO ,2019-06-22 12:43:33,33
CARO ,2019-06-22 13:43:28,33
CARO ,2019-06-22 14:43:32,33
CARO ,2019-06-22 15:43:44,33
CARO ,2019-06-22 16:43:36,33
CARO ,2019-06-22 17:43:29,33
CARO ,2019-06-22 18:43:34,33
CARO ,2019-06-22 19:43:29,33
CARO ,2019-06-22 20:43:29,33
CARO ,2019-06-22 21:43:28,33
CARO ,2019-06-22 22:43:34,33
CARO ,2019-06-22 23:43:30,33
CARO ,2019-06-23 00:43:40,33
CARO ,2019-06-23 01:43:32,33
CARO ,2019-06-23 02:43:33,33
CARO ,2019-06-23 03:43:30,33
CARO ,2019-06-23 04:43:28,33
CARO ,2019-06-23 05:43:33,33
CARO ,2019-06-23 06:43:28,33
CARO ,2019-06-23 07:43:27,33
CARO ,2019-06-23 08:43:29,33
CARO ,2019-06-23 09:43:29,33
CARO ,2019-06-23 10:43:28,33
CARO ,2019-06-23 11:43:29,33
CARO ,2019-06-23 12:43:27,33
CARO ,2019-06-23 13:43:28,33
CARO ,2019-06-23 14:43:27,33
CARO ,2019-06-23 15:43:28,33
CARO ,2019-06-23 16:43:30,33
CARO ,2019-06-23 17:43:30,33
CARO ,2019-06-23 18:43:25,33
CARO ,2019-06-23 19:43:26,33
CARO ,2019-06-23 20:43:29,33
CARO ,2019-06-23 21:43:27,33
CARO ,2019-06-23 22:43:28,33
CARO ,2019-06-23 23:43:27,33
CARO ,2019-06-24 00:43:29,33
CARO ,2019-06-24 01:43:28,33
CARO ,2019-06-24 02:43:28,33
CARO ,2019-06-24 03:43:32,33
CARO ,2019-06-24 04:43:30,33
CARO ,2019-06-24 05:43:31,33
CARO ,2019-06-24 06:43:33,33
CARO ,2019-06-24 07:43:28,33
CARO ,2019-06-24 08:43:28,33
CARO ,2019-06-24 09:43:31,33
CARO ,2019-06-24 10:43:26,33
CARO ,2019-06-24 11:43:33,33
CARO ,2019-06-24 12:43:32,33
CARO ,2019-06-24 13:43:28,33
CARO ,2019-06-24 14:43:30,33
CARO ,2019-06-24 15:43:29,33
CARO ,2019-06-24 16:43:34,33
CARO ,2019-06-24 17:43:31,33
CARO ,2019-06-24 18:43:32,33
CARO ,2019-06-24 19:43:31,33
CARO ,2019-06-24 20:43:30,33
CARO ,2019-06-24 21:43:31,33
CARO ,2019-06-24 22:43:29,33
CARO ,2019-06-24 23:43:30,33
CARO ,2019-06-25 00:43:29,33
CARO ,2019-06-25 01:43:30,33
CARO ,2019-06-25 02:43:31,33
CARO ,2019-06-25 03:43:30,33
CARO ,2019-06-25 04:43:29,33
CARO ,2019-06-25 05:43:29,33
CARO ,2019-06-25 06:43:33,33
CARO ,2019-06-25 07:43:30,33
CARO ,2019-06-25 08:43:28,33
CARO ,2019-06-25 09:43:32,33
CARO ,2019-06-25 10:43:29,33
CARO ,2019-06-25 11:43:26,33
CARO ,2019-06-25 13:07:01,33
CARO ,2019-06-25 13:43:29,33
CARO ,2019-06-25 14:43:29,33
CARO ,2019-06-25 15:43:28,33
CARO ,2019-06-25 16:43:29,33
CARO ,2019-06-25 17:43:31,33
CARO ,2019-06-25 18:43:30,33
CARO ,2019-06-25 19:43:27,33
CARO ,2019-06-25 20:43:29,33
CARO ,2019-06-25 21:43:26,33
CARO ,2019-06-25 22:43:26,33
CARO ,2019-06-25 23:43:32,33
CARO ,2019-06-26 00:43:30,33
CARO ,2019-06-26 01:43:29,33
CARO ,2019-06-26 02:43:29,33
CARO ,2019-06-26 03:43:40,33
CARO ,2019-06-26 04:43:29,33
CARO ,2019-06-26 05:43:29,33
CARO ,2019-06-26 06:43:29,33
CARO ,2019-06-26 07:43:30,33
CARO ,2019-06-26 08:43:27,33
CARO ,2019-06-26 09:43:25,33
CARO ,2019-06-26 10:43:27,33
CARO ,2019-06-26 11:43:27,33
CARO ,2019-06-26 13:06:00,33
CARO ,2019-06-26 13:43:28,33
CARO ,2019-06-26 14:43:28,33
CARO ,2019-06-26 15:43:27,33
CARO ,2019-06-26 16:43:30,33
CARO ,2019-06-26 17:43:27,33
CARO ,2019-06-26 18:43:28,33
CARO ,2019-06-26 19:43:28,33
CARO ,2019-06-26 20:43:27,33
CARO ,2019-06-26 21:43:27,33
CARO ,2019-06-26 22:43:29,33
CARO ,2019-06-26 23:43:27,33
CARO ,2019-06-27 00:43:30,33
CARO ,2019-06-27 01:43:28,33
CARO ,2019-06-27 02:43:31,33
CARO ,2019-06-27 03:43:26,33
CARO ,2019-06-27 04:43:30,33
CARO ,2019-06-27 05:43:28,33
CARO ,2019-06-27 06:43:30,33
CARO ,2019-06-27 07:43:25,33
CARO ,2019-06-27 08:43:27,33
CARO ,2019-06-27 09:43:27,33
CARO ,2019-06-27 10:43:27,33
CARO ,2019-06-27 11:43:26,33
CARO ,2019-06-27 13:06:01,33
CARO ,2019-06-27 13:43:26,33
CARO ,2019-06-27 14:43:27,33
CARO ,2019-06-27 15:43:29,33
CARO ,2019-06-27 16:43:27,33
CARO ,2019-06-27 17:43:26,33
CARO ,2019-06-27 18:43:26,33
CARO ,2019-06-27 19:43:25,33
CARO ,2019-06-27 20:43:29,33
CARO ,2019-06-27 21:43:30,33
CARO ,2019-06-27 22:43:25,33
CARO ,2019-06-27 23:43:45,33
CARO ,2019-06-28 00:43:28,33
CARO ,2019-06-28 01:43:26,33
CARO ,2019-06-28 02:43:26,33
CARO ,2019-06-28 03:43:29,33
CARO ,2019-06-28 04:43:30,33
CARO ,2019-06-28 05:43:27,33
CARO ,2019-06-28 06:43:27,33
CARO ,2019-06-28 07:43:26,33
CARO ,2019-06-28 08:43:26,33
CARO ,2019-06-28 09:43:26,33
CARO ,2019-06-28 10:43:24,33
CARO ,2019-06-28 11:43:26,33
CARO ,2019-06-28 13:07:02,33
CARO ,2019-06-28 13:43:26,33
CARO ,2019-06-28 14:43:26,33
CARO ,2019-06-28 15:43:28,33
CARO ,2019-06-28 16:43:28,33
CARO ,2019-06-28 17:43:27,33
CARO ,2019-06-28 18:43:26,33
CARO ,2019-06-28 19:43:26,33
CARO ,2019-06-28 20:43:27,33
CARO ,2019-06-28 21:43:28,33
CARO ,2019-06-28 22:43:27,33
CARO ,2019-06-28 23:43:26,33
CARO ,2019-06-29 00:43:29,33
CARO ,2019-06-29 01:43:33,33
CARO ,2019-06-29 02:43:28,33
CARO ,2019-06-29 03:43:26,33
CARO ,2019-06-29 04:43:27,33
CARO ,2019-06-29 05:43:27,33
CARO ,2019-06-29 06:43:27,33
CARO ,2019-06-29 07:43:28,33
CARO ,2019-06-29 08:43:27,33
CARO ,2019-06-29 09:43:28,33
CARO ,2019-06-29 10:43:27,33
CARO ,2019-06-29 11:43:32,33
CARO ,2019-06-29 12:43:30,33
CARO ,2019-06-29 13:43:28,33
CARO ,2019-06-29 14:43:29,33
CARO ,2019-06-29 15:43:29,33
CARO ,2019-06-29 16:43:32,33
CARO ,2019-06-29 17:43:27,33
CARO ,2019-06-29 18:43:29,33
CARO ,2019-06-29 19:43:29,33
CARO ,2019-06-29 20:43:28,33
CARO ,2019-06-29 21:43:31,33
CARO ,2019-06-29 22:43:26,33
CARO ,2019-06-29 23:43:30,33
CARO ,2019-06-30 00:43:28,33
CARO ,2019-06-30 01:43:32,33
CARO ,2019-06-30 02:43:30,33
CARO ,2019-06-30 03:43:29,33
CARO ,2019-06-30 04:43:30,33
CARO ,2019-06-30 05:43:28,33
CARO ,2019-06-30 06:43:29,33
CARO ,2019-06-30 07:43:30,33
CARO ,2019-06-30 08:43:30,33
CARO ,2019-06-30 09:43:28,33
CARO ,2019-06-30 10:43:28,33
CARO ,2019-06-30 11:43:28,33
CARO ,2019-06-30 12:43:28,33
CARO ,2019-06-30 13:43:29,33
CARO ,2019-06-30 14:43:27,33
CARO ,2019-06-30 15:43:28,33
CARO ,2019-06-30 16:43:29,33
CARO ,2019-06-30 17:43:28,33
CARO ,2019-06-30 18:43:28,33
CARO ,2019-06-30 19:43:29,33
CARO ,2019-06-30 20:43:29,33
CARO ,2019-06-30 21:43:28,33
CARO ,2019-06-30 22:43:28,33
CARO ,2019-06-30 23:43:29,33
CARO ,2019-07-01 00:43:30,33
CARO ,2019-07-01 01:43:29,33
CARO ,2019-07-01 02:43:31,33
CARO ,2019-07-01 03:43:30,33
CARO ,2019-07-01 04:43:27,33
CARO ,2019-07-01 05:43:32,33
CARO ,2019-07-01 06:43:27,33
CARO ,2019-07-01 07:43:34,33
CARO ,2019-07-01 08:43:38,33
CARO ,2019-07-01 09:43:28,33
CARO ,2019-07-01 10:43:26,33
CARO ,2019-07-01 11:43:29,33
CARO ,2019-07-01 13:07:01,33
CARO ,2019-07-01 13:43:32,33
CARO ,2019-07-01 14:43:51,33
CARO ,2019-07-01 15:43:31,33
CARO ,2019-07-01 16:43:31,33
CARO ,2019-07-01 17:43:29,33
CARO ,2019-07-01 18:43:30,33
CARO ,2019-07-01 19:43:31,33
CARO ,2019-07-01 20:43:30,33
CARO ,2019-07-01 21:43:29,33
CARO ,2019-07-01 22:43:30,33
CARO ,2019-07-01 23:43:30,33
CARO ,2019-07-02 00:43:33,33
CARO ,2019-07-02 01:43:28,33
CARO ,2019-07-02 02:43:42,33
CARO ,2019-07-02 03:43:39,33
CARO ,2019-07-02 04:43:30,33
CARO ,2019-07-02 05:43:46,33
CARO ,2019-07-02 06:43:30,33
CARO ,2019-07-02 07:43:32,33
CARO ,2019-07-02 08:43:29,33
CARO ,2019-07-02 09:43:27,33
CARO ,2019-07-02 10:43:28,33
CARO ,2019-07-02 11:43:29,33
CARO ,2019-07-02 12:43:32,33
CARO ,2019-07-02 13:43:29,33
CARO ,2019-07-02 14:43:31,33
CARO ,2019-07-02 15:43:29,33
CARO ,2019-07-02 16:43:28,33
CARO ,2019-07-02 17:43:29,33
CARO ,2019-07-02 18:43:29,33
CARO ,2019-07-02 19:43:30,33
CARO ,2019-07-02 20:43:28,33
CARO ,2019-07-02 21:43:30,33
CARO ,2019-07-02 22:43:33,33
CARO ,2019-07-03 00:43:30,33
CARO ,2019-07-03 01:43:27,33
CARO ,2019-07-03 02:43:32,33
CARO ,2019-07-03 03:43:32,33
CARO ,2019-07-03 04:43:31,33
CARO ,2019-07-03 05:43:31,33
CARO ,2019-07-03 06:43:30,33
CARO ,2019-07-03 07:43:30,33
CARO ,2019-07-03 08:43:42,33
CARO ,2019-07-03 09:43:29,33
CARO ,2019-07-03 10:43:35,33
CARO ,2019-07-03 11:43:29,33
CARO ,2019-07-03 13:08:03,33
CARO ,2019-07-03 13:43:29,33
CARO ,2019-07-03 14:43:36,33
CARO ,2019-07-03 15:43:30,33
CARO ,2019-07-03 16:43:48,33
CARO ,2019-07-03 17:43:30,33
CARO ,2019-07-03 18:43:31,33
CARO ,2019-07-03 19:43:28,33
CARO ,2019-07-03 20:43:27,33
CARO ,2019-07-03 21:43:30,33
CARO ,2019-07-03 22:43:28,33
CARO ,2019-07-03 23:43:30,33
CARO ,2019-07-04 00:43:30,33
CARO ,2019-07-04 01:43:28,33
CARO ,2019-07-04 02:43:34,33
CARO ,2019-07-04 03:43:29,33
CARO ,2019-07-04 04:43:28,33
CARO ,2019-07-04 05:43:31,33
CARO ,2019-07-04 06:43:30,33
CARO ,2019-07-04 07:43:28,33
CARO ,2019-07-04 08:43:27,33
CARO ,2019-07-04 09:43:27,33
CARO ,2019-07-04 10:43:29,33
CARO ,2019-07-04 11:43:29,33
CARO ,2019-07-04 12:43:31,33
CARO ,2019-07-04 13:43:33,33
CARO ,2019-07-04 14:43:30,33
CARO ,2019-07-04 15:43:29,33
CARO ,2019-07-04 16:43:29,33
CARO ,2019-07-04 17:43:27,33
CARO ,2019-07-04 18:43:28,33
CARO ,2019-07-04 19:43:28,33
CARO ,2019-07-04 20:43:30,33
CARO ,2019-07-04 21:43:30,33
CARO ,2019-07-04 22:43:30,33
CARO ,2019-07-04 23:43:28,33
CARO ,2019-07-05 00:43:29,33
CARO ,2019-07-05 01:43:28,33
CARO ,2019-07-05 02:43:28,33
CARO ,2019-07-05 03:43:29,33
CARO ,2019-07-05 04:43:27,33
CARO ,2019-07-05 05:43:33,33
CARO ,2019-07-05 06:43:32,33
CARO ,2019-07-05 07:43:29,33
CARO ,2019-07-05 08:43:28,33
CARO ,2019-07-05 09:43:28,33
CARO ,2019-07-05 10:43:35,33
CARO ,2019-07-05 11:43:37,33
CARO ,2019-07-05 12:43:28,33
CARO ,2019-07-05 13:43:36,33
CARO ,2019-07-05 14:43:30,33
CARO ,2019-07-05 15:43:28,33
CARO ,2019-07-05 16:43:40,33
CARO ,2019-07-05 17:43:30,33
CARO ,2019-07-05 18:43:29,33
CARO ,2019-07-05 19:43:28,33
CARO ,2019-07-05 20:43:29,33
CARO ,2019-07-05 21:43:30,33
CARO ,2019-07-05 22:43:32,33
CARO ,2019-07-05 23:43:29,33
CARO ,2019-07-06 00:43:33,33
CARO ,2019-07-06 01:43:32,33
CARO ,2019-07-06 02:43:36,33
CARO ,2019-07-06 03:43:29,33
CARO ,2019-07-06 04:43:28,33
CARO ,2019-07-06 05:43:30,33
CARO ,2019-07-06 06:43:31,33
CARO ,2019-07-06 07:43:27,33
CARO ,2019-07-06 08:43:28,33
CARO ,2019-07-06 09:43:29,33
CARO ,2019-07-06 10:43:28,33
CARO ,2019-07-06 11:43:47,33
CARO ,2019-07-06 12:43:31,33
CARO ,2019-07-06 13:43:29,33
CARO ,2019-07-06 14:43:28,33
CARO ,2019-07-06 15:43:28,33
CARO ,2019-07-06 16:43:31,33
CARO ,2019-07-06 17:43:30,33
CARO ,2019-07-06 18:43:29,33
CARO ,2019-07-06 19:43:32,33
CARO ,2019-07-06 20:43:27,33
CARO ,2019-07-06 21:43:29,33
CARO ,2019-07-06 22:43:28,33
CARO ,2019-07-06 23:43:29,33
CARO ,2019-07-07 00:43:28,33
CARO ,2019-07-07 01:43:28,33
CARO ,2019-07-07 02:43:31,33
CARO ,2019-07-07 03:43:27,33
CARO ,2019-07-07 04:43:28,33
CARO ,2019-07-07 05:43:32,33
CARO ,2019-07-07 06:43:28,33
CARO ,2019-07-07 07:43:28,33
CARO ,2019-07-07 08:43:29,33
CARO ,2019-07-07 09:43:28,33
CARO ,2019-07-07 10:43:30,33
CARO ,2019-07-07 11:43:26,33
CARO ,2019-07-07 12:43:26,33
CARO ,2019-07-07 13:43:26,33
CARO ,2019-07-07 14:43:27,33
CARO ,2019-07-07 15:43:29,33
CARO ,2019-07-07 16:43:29,33
CARO ,2019-07-07 17:43:28,33
CARO ,2019-07-07 18:43:29,33
CARO ,2019-07-07 19:43:26,33
CARO ,2019-07-07 20:43:27,33
CARO ,2019-07-07 21:43:28,33
CARO ,2019-07-07 22:43:29,33
CARO ,2019-07-07 23:43:27,33
CARO ,2019-07-08 00:43:27,33
CARO ,2019-07-08 01:43:31,33
CARO ,2019-07-08 02:43:28,33
CARO ,2019-07-08 03:43:32,33
CARO ,2019-07-08 04:43:28,33
CARO ,2019-07-08 05:43:26,33
CARO ,2019-07-08 06:43:34,33
CARO ,2019-07-08 07:43:34,33
CARO ,2019-07-08 08:43:32,33
CARO ,2019-07-08 09:43:36,33
CARO ,2019-07-08 10:43:37,33
CARO ,2019-07-08 11:43:45,33
CARO ,2019-07-08 12:43:28,33
CARO ,2019-07-08 13:43:28,33
CARO ,2019-07-08 14:43:28,33
CARO ,2019-07-08 15:43:28,33
CARO ,2019-07-08 16:43:29,33
CARO ,2019-07-08 17:43:27,33
CARO ,2019-07-08 18:43:29,33
CARO ,2019-07-08 19:43:27,33
CARO ,2019-07-08 20:43:27,33
CARO ,2019-07-08 21:43:28,33
CARO ,2019-07-08 22:43:29,33
CARO ,2019-07-08 23:43:27,33
CARO ,2019-07-09 00:43:27,33
CARO ,2019-07-09 01:43:26,33
CARO ,2019-07-09 02:43:35,33
CARO ,2019-07-09 03:43:31,33
CARO ,2019-07-09 04:43:30,33
CARO ,2019-07-09 05:43:36,33
CARO ,2019-07-09 06:43:31,33
CARO ,2019-07-09 07:43:31,33
CARO ,2019-07-09 08:43:28,33
CARO ,2019-07-09 09:43:28,33
CARO ,2019-07-09 10:43:26,33
CARO ,2019-07-09 11:43:29,33
CARO ,2019-07-09 13:06:31,33
CARO ,2019-07-09 13:43:26,33
CARO ,2019-07-09 14:43:28,33
CARO ,2019-07-09 15:43:28,33
CARO ,2019-07-09 16:43:27,33
CARO ,2019-07-09 17:43:31,33
CARO ,2019-07-09 18:43:28,33
CARO ,2019-07-09 19:43:28,33
CARO ,2019-07-09 20:43:28,33
CARO ,2019-07-09 21:43:27,33
CARO ,2019-07-09 22:43:26,33
CARO ,2019-07-09 23:43:28,33
CARO ,2019-07-10 00:43:27,33
CARO ,2019-07-10 01:43:28,33
CARO ,2019-07-10 02:43:27,33
CARO ,2019-07-10 03:43:27,33
CARO ,2019-07-10 04:43:27,33
CARO ,2019-07-10 05:43:31,33
CARO ,2019-07-10 06:43:29,33
CARO ,2019-07-10 07:43:25,33
CARO ,2019-07-10 08:43:26,33
CARO ,2019-07-10 09:43:25,33
CARO ,2019-07-10 10:43:27,33
CARO ,2019-07-10 11:43:29,33
CARO ,2019-07-10 12:43:30,33
CARO ,2019-07-10 13:43:29,33
CARO ,2019-07-10 14:43:27,33
CARO ,2019-07-10 15:43:30,33
CARO ,2019-07-10 16:43:41,33
CARO ,2019-07-10 17:43:27,33
CARO ,2019-07-10 18:43:27,33
CARO ,2019-07-10 19:43:27,33
CARO ,2019-07-10 20:43:27,33
CARO ,2019-07-10 21:43:27,33
CARO ,2019-07-10 22:43:33,33
CARO ,2019-07-10 23:43:27,33
CARO ,2019-07-11 00:43:27,33
CARO ,2019-07-11 01:43:28,33
CARO ,2019-07-11 02:43:32,33
CARO ,2019-07-11 03:43:30,33
CARO ,2019-07-11 04:43:33,33
CARO ,2019-07-11 05:43:30,33
CARO ,2019-07-11 06:43:29,33
CARO ,2019-07-11 07:43:28,33
CARO ,2019-07-11 08:43:33,33
CARO ,2019-07-11 09:43:27,33
CARO ,2019-07-11 10:43:30,33
CARO ,2019-07-11 11:43:27,33
CARO ,2019-07-11 12:43:26,33
CARO ,2019-07-11 13:43:27,33
CARO ,2019-07-11 14:43:27,33
CARO ,2019-07-11 15:43:27,33
CARO ,2019-07-11 16:43:27,33
CARO ,2019-07-11 17:43:27,33
CARO ,2019-07-11 18:43:28,33
CARO ,2019-07-11 19:43:27,33
CARO ,2019-07-11 20:43:26,33
CARO ,2019-07-11 21:43:32,33
CARO ,2019-07-11 22:43:25,33
CARO ,2019-07-11 23:43:28,33
CARO ,2019-07-12 00:43:26,33
CARO ,2019-07-12 01:43:28,33
CARO ,2019-07-12 02:43:27,33
CARO ,2019-07-12 03:43:27,33
CARO ,2019-07-12 04:43:26,33
CARO ,2019-07-12 05:43:31,33
CARO ,2019-07-12 06:43:34,33
CARO ,2019-07-12 07:43:27,33
CARO ,2019-07-12 08:43:28,33
CARO ,2019-07-12 09:43:33,33
CARO ,2019-07-12 10:43:29,33
CARO ,2019-07-12 11:43:27,33
CARO ,2019-07-12 13:07:01,33
CARO ,2019-07-12 13:43:29,33
CARO ,2019-07-12 14:43:27,33
CARO ,2019-07-12 15:43:45,33
CARO ,2019-07-12 16:43:31,33
CARO ,2019-07-12 17:43:31,33
CARO ,2019-07-12 18:43:28,33
CARO ,2019-07-12 19:43:26,33
CARO ,2019-07-12 20:43:26,33
CARO ,2019-07-12 21:43:28,33
CARO ,2019-07-12 22:43:34,33
CARO ,2019-07-12 23:43:27,33
CARO ,2019-07-13 00:43:27,33
CARO ,2019-07-13 01:43:29,33
CARO ,2019-07-13 02:43:31,33
CARO ,2019-07-13 03:43:26,33
CARO ,2019-07-13 04:43:28,33
CARO ,2019-07-13 05:43:27,33
CARO ,2019-07-13 06:43:27,33
CARO ,2019-07-13 07:43:28,33
CARO ,2019-07-13 08:43:26,33
CARO ,2019-07-13 09:43:27,33
CARO ,2019-07-13 10:43:28,33
CARO ,2019-07-13 11:43:30,33
CARO ,2019-07-13 12:43:30,33
CARO ,2019-07-13 13:43:27,33
CARO ,2019-07-13 14:43:26,33
CARO ,2019-07-13 15:43:28,33
CARO ,2019-07-13 16:43:55,33
CARO ,2019-07-13 17:43:31,33
CARO ,2019-07-13 18:43:32,33
CARO ,2019-07-13 19:43:31,33
CARO ,2019-07-13 20:43:32,33
CARO ,2019-07-13 21:43:30,33
CARO ,2019-07-13 22:43:27,33
CARO ,2019-07-13 23:43:28,33
CARO ,2019-07-14 00:43:27,33
CARO ,2019-07-14 01:43:37,33
CARO ,2019-07-14 02:43:28,33
CARO ,2019-07-14 03:43:29,33
CARO ,2019-07-14 04:43:28,33
CARO ,2019-07-14 05:43:31,33
CARO ,2019-07-14 06:43:30,33
CARO ,2019-07-14 07:43:27,33
CARO ,2019-07-14 08:43:28,33
CARO ,2019-07-14 09:43:25,33
CARO ,2019-07-14 10:43:27,33
CARO ,2019-07-14 11:43:30,33
CARO ,2019-07-14 12:43:27,33
CARO ,2019-07-14 13:43:29,33
CARO ,2019-07-14 14:43:27,33
CARO ,2019-07-14 15:43:28,33
CARO ,2019-07-14 16:43:32,33
CARO ,2019-07-14 17:43:28,33
CARO ,2019-07-14 18:43:27,33
CARO ,2019-07-14 19:43:27,33
CARO ,2019-07-14 20:43:36,33
CARO ,2019-07-14 21:43:26,33
CARO ,2019-07-14 22:43:26,33
CARO ,2019-07-14 23:43:27,33
CARO ,2019-07-15 00:43:28,33
CARO ,2019-07-15 01:43:26,33
CARO ,2019-07-15 02:43:27,33
CARO ,2019-07-15 03:43:26,33
CARO ,2019-07-15 04:43:26,33
CARO ,2019-07-15 05:43:32,33
CARO ,2019-07-15 06:43:34,33
CARO ,2019-07-15 07:43:27,33
CARO ,2019-07-15 08:43:26,33
CARO ,2019-07-15 09:43:27,33
CARO ,2019-07-15 10:43:27,33
CARO ,2019-07-15 11:43:26,33
CARO ,2019-07-15 13:07:32,33
CARO ,2019-07-15 13:43:29,33
CARO ,2019-07-15 14:43:28,33
CARO ,2019-07-15 15:43:27,33
CARO ,2019-07-15 16:43:42,33
CARO ,2019-07-15 17:43:28,33
CARO ,2019-07-15 18:43:26,33
CARO ,2019-07-15 19:43:27,33
CARO ,2019-07-15 20:43:28,33
CARO ,2019-07-15 21:43:27,33
CARO ,2019-07-15 22:43:32,33
CARO ,2019-07-15 23:43:27,33
CARO ,2019-07-16 00:43:26,33
CARO ,2019-07-16 01:43:27,33
CARO ,2019-07-16 02:43:33,33
CARO ,2019-07-16 03:43:27,33
CARO ,2019-07-16 04:43:26,33
CARO ,2019-07-16 05:43:33,33
CARO ,2019-07-16 06:43:34,33
CARO ,2019-07-16 07:43:27,33
CARO ,2019-07-16 08:43:27,33
CARO ,2019-07-16 09:43:27,33
CARO ,2019-07-16 10:43:29,33
CARO ,2019-07-16 11:43:26,33
CARO ,2019-07-16 13:07:31,33
CARO ,2019-07-16 13:43:30,33
CARO ,2019-07-16 14:43:28,33
CARO ,2019-07-16 15:43:37,33
CARO ,2019-07-16 16:43:30,33
CARO ,2019-07-16 17:43:31,33
CARO ,2019-07-16 18:43:29,33
CARO ,2019-07-16 19:43:28,33
CARO ,2019-07-16 20:43:52,33
CARO ,2019-07-16 21:43:28,33
CARO ,2019-07-16 22:43:29,33
CARO ,2019-07-16 23:43:28,33
CARO ,2019-07-17 00:43:28,33
CARO ,2019-07-17 01:43:29,33
CARO ,2019-07-17 02:43:30,33
CARO ,2019-07-17 03:43:30,33
CARO ,2019-07-17 04:43:30,33
CARO ,2019-07-17 05:43:43,33
CARO ,2019-07-17 06:43:31,33
CARO ,2019-07-17 07:43:32,33
CARO ,2019-07-17 08:43:29,33
CARO ,2019-07-17 09:43:29,33
CARO ,2019-07-17 10:43:29,33
CARO ,2019-07-17 11:43:28,33
CARO ,2019-07-17 13:07:03,33
CARO ,2019-07-17 13:43:29,33
CARO ,2019-07-17 14:43:31,33
CARO ,2019-07-17 15:43:36,33
CARO ,2019-07-17 16:43:34,33
CARO ,2019-07-17 17:43:28,33
CARO ,2019-07-17 18:43:29,33
CARO ,2019-07-17 19:43:28,33
CARO ,2019-07-17 20:43:28,33
CARO ,2019-07-17 21:43:28,33
CARO ,2019-07-17 22:43:28,33
CARO ,2019-07-17 23:43:28,33
CARO ,2019-07-18 00:43:27,33
CARO ,2019-07-18 01:43:34,33
CARO ,2019-07-18 02:43:30,33
CARO ,2019-07-18 03:43:29,33
CARO ,2019-07-18 04:43:28,33
CARO ,2019-07-18 05:43:32,33
CARO ,2019-07-18 06:43:32,33
CARO ,2019-07-18 07:43:26,33
CARO ,2019-07-18 08:43:32,33
CARO ,2019-07-18 09:43:28,33
CARO ,2019-07-18 10:43:29,33
CARO ,2019-07-18 11:43:27,33
CARO ,2019-07-18 13:07:36,33
CARO ,2019-07-18 13:43:28,33
CARO ,2019-07-18 14:43:28,33
CARO ,2019-07-18 15:43:28,33
CARO ,2019-07-18 16:43:37,33
CARO ,2019-07-18 17:43:29,33
CARO ,2019-07-18 18:43:29,33
CARO ,2019-07-18 19:43:31,33
CARO ,2019-07-18 20:43:29,33
CARO ,2019-07-18 21:43:29,33
CARO ,2019-07-18 22:43:29,33
CARO ,2019-07-18 23:43:32,33
CARO ,2019-07-19 00:43:29,33
CARO ,2019-07-19 01:43:30,33
CARO ,2019-07-19 02:43:31,33
CARO ,2019-07-19 03:43:29,33
CARO ,2019-07-19 04:43:30,33
CARO ,2019-07-19 05:43:45,33
CARO ,2019-07-19 06:43:30,33
CARO ,2019-07-19 07:43:32,33
CARO ,2019-07-19 08:43:29,33
CARO ,2019-07-19 09:43:28,33
CARO ,2019-07-19 10:43:28,33
CARO ,2019-07-19 11:43:28,33
CARO ,2019-07-19 13:07:01,33
CARO ,2019-07-19 13:43:28,33
CARO ,2019-07-19 14:43:28,33
CARO ,2019-07-19 15:43:29,33
CARO ,2019-07-19 16:43:29,33
CARO ,2019-07-19 17:43:30,33
CARO ,2019-07-19 18:43:29,33
CARO ,2019-07-19 19:43:28,33
CARO ,2019-07-19 20:43:28,33
CARO ,2019-07-19 21:43:27,33
CARO ,2019-07-19 22:43:29,33
CARO ,2019-07-19 23:43:27,33
CARO ,2019-07-20 00:43:28,33
CARO ,2019-07-20 01:43:36,33
CARO ,2019-07-20 02:43:36,33
CARO ,2019-07-20 03:43:31,33
CARO ,2019-07-20 04:43:37,33
CARO ,2019-07-20 05:43:33,33
CARO ,2019-07-20 06:43:28,33
CARO ,2019-07-20 07:43:27,33
CARO ,2019-07-20 08:43:29,33
CARO ,2019-07-20 09:43:26,33
CARO ,2019-07-20 10:43:26,33
CARO ,2019-07-20 11:43:28,33
CARO ,2019-07-20 12:43:28,33
CARO ,2019-07-20 13:43:27,33
CARO ,2019-07-20 14:43:27,33
CARO ,2019-07-20 15:43:27,33
CARO ,2019-07-20 16:43:30,33
CARO ,2019-07-20 17:43:28,33
CARO ,2019-07-20 18:43:27,33
CARO ,2019-07-20 19:43:28,33
CARO ,2019-07-20 20:43:26,33
CARO ,2019-07-20 21:43:29,33
CARO ,2019-07-20 22:43:26,33
CARO ,2019-07-20 23:43:27,33
CARO ,2019-07-21 00:43:29,33
CARO ,2019-07-21 01:43:28,33
CARO ,2019-07-21 02:43:29,33
CARO ,2019-07-21 03:43:27,33
CARO ,2019-07-21 04:43:27,33
CARO ,2019-07-21 05:43:36,33
CARO ,2019-07-21 06:43:37,33
CARO ,2019-07-21 07:43:26,33
CARO ,2019-07-21 08:43:28,33
CARO ,2019-07-21 09:43:29,33
CARO ,2019-07-21 10:43:36,33
CARO ,2019-07-21 11:43:28,33
CARO ,2019-07-21 12:43:27,33
CARO ,2019-07-21 13:43:29,33
CARO ,2019-07-21 14:43:28,33
CARO ,2019-07-21 15:43:27,33
CARO ,2019-07-21 16:43:28,33
CARO ,2019-07-21 17:43:28,33
CARO ,2019-07-21 18:43:29,33
CARO ,2019-07-21 19:43:28,33
CARO ,2019-07-21 20:43:29,33
CARO ,2019-07-21 21:43:29,33
CARO ,2019-07-21 22:43:27,33
CARO ,2019-07-21 23:43:28,33
CARO ,2019-07-22 00:43:27,33
CARO ,2019-07-22 01:43:28,33
CARO ,2019-07-22 02:43:28,33
CARO ,2019-07-22 03:43:28,33
CARO ,2019-07-22 04:43:28,33
CARO ,2019-07-22 05:43:31,33
CARO ,2019-07-22 06:43:36,33
CARO ,2019-07-22 07:43:27,33
CARO ,2019-07-22 08:43:28,33
CARO ,2019-07-22 09:43:27,33
CARO ,2019-07-22 10:43:27,33
CARO ,2019-07-22 11:43:39,33
CARO ,2019-07-22 12:43:33,33
CARO ,2019-07-22 13:43:28,33
CARO ,2019-07-22 14:43:29,33
CARO ,2019-07-22 15:43:28,33
CARO ,2019-07-22 16:43:30,33
CARO ,2019-07-22 17:43:29,33
CARO ,2019-07-22 18:43:35,33
CARO ,2019-07-22 19:43:31,33
CARO ,2019-07-22 20:43:31,33
CARO ,2019-07-22 21:43:32,33
CARO ,2019-07-22 22:43:28,33
CARO ,2019-07-22 23:43:28,33
CARO ,2019-07-23 00:43:27,33
CARO ,2019-07-23 01:43:27,33
CARO ,2019-07-23 02:43:32,33
CARO ,2019-07-23 03:43:30,33
CARO ,2019-07-23 04:43:30,33
CARO ,2019-07-23 05:43:32,33
CARO ,2019-07-23 06:43:34,33
CARO ,2019-07-23 07:43:31,33
CARO ,2019-07-23 08:43:27,33
CARO ,2019-07-23 09:43:30,33
CARO ,2019-07-23 10:43:29,33
CARO ,2019-07-23 11:43:29,33
CARO ,2019-07-23 13:06:34,33
CARO ,2019-07-23 13:43:29,33
CARO ,2019-07-23 14:43:30,33
CARO ,2019-07-23 15:43:34,33
CARO ,2019-07-23 16:43:30,33
CARO ,2019-07-23 17:43:27,33
CARO ,2019-07-23 18:43:29,33
CARO ,2019-07-23 19:43:28,33
CARO ,2019-07-23 20:43:29,33
CARO ,2019-07-23 21:43:29,33
CARO ,2019-07-23 22:43:33,33
CARO ,2019-07-23 23:43:29,33
CARO ,2019-07-24 00:43:29,33
CARO ,2019-07-24 01:43:29,33
CARO ,2019-07-24 02:43:34,33
CARO ,2019-07-24 03:43:29,33
CARO ,2019-07-24 04:43:28,33
CARO ,2019-07-24 05:43:30,33
CARO ,2019-07-24 06:43:27,33
CARO ,2019-07-24 07:43:27,33
CARO ,2019-07-24 08:43:30,33
CARO ,2019-07-24 09:43:30,33
CARO ,2019-07-24 10:43:30,33
CARO ,2019-07-24 11:43:27,33
CARO ,2019-07-24 13:06:03,33
CARO ,2019-07-24 13:43:31,33
CARO ,2019-07-24 14:43:28,33
CARO ,2019-07-24 15:43:31,33
CARO ,2019-07-24 16:43:30,33
CARO ,2019-07-24 17:43:28,33
CARO ,2019-07-24 18:43:34,33
CARO ,2019-07-24 19:43:29,33
CARO ,2019-07-24 20:43:30,33
CARO ,2019-07-24 21:43:30,33
CARO ,2019-07-24 22:43:29,33
CARO ,2019-07-24 23:43:30,33
CARO ,2019-07-25 00:43:29,33
CARO ,2019-07-25 01:43:34,33
CARO ,2019-07-25 02:43:43,33
CARO ,2019-07-25 03:43:29,33
CARO ,2019-07-25 04:43:29,33
CARO ,2019-07-25 05:43:35,33
CARO ,2019-07-25 06:43:34,33
CARO ,2019-07-25 07:43:30,33
CARO ,2019-07-25 08:43:32,33
CARO ,2019-07-25 09:43:29,33
CARO ,2019-07-25 10:43:39,33
CARO ,2019-07-25 11:43:29,33
CARO ,2019-07-25 13:06:35,33
CARO ,2019-07-25 13:43:33,33
CARO ,2019-07-25 14:43:31,34
CARO ,2019-07-25 15:43:29,34
CARO ,2019-07-25 16:43:32,34
CARO ,2019-07-25 17:43:31,34
CARO ,2019-07-25 18:43:37,34
CARO ,2019-07-25 19:44:06,34
CARO ,2019-07-25 20:43:35,37
CARO ,2019-07-25 21:43:34,37
CARO ,2019-07-25 22:43:30,37
CARO ,2019-07-25 23:43:30,37
CARO ,2019-07-26 00:43:44,37
CARO ,2019-07-26 01:43:31,37
CARO ,2019-07-26 02:43:33,37
CARO ,2019-07-26 03:43:33,37
CARO ,2019-07-26 04:43:34,37
CARO ,2019-07-26 05:43:39,37
CARO ,2019-07-26 06:43:48,37
CARO ,2019-07-26 07:43:37,37
CARO ,2019-07-26 08:43:28,37
CARO ,2019-07-26 09:43:29,37
CARO ,2019-07-26 10:43:32,37
CARO ,2019-07-26 11:43:34,37
CARO ,2019-07-26 13:08:34,37
CARO ,2019-07-26 13:43:31,37
CARO ,2019-07-26 14:43:31,37
CARO ,2019-07-26 15:43:30,36
CARO ,2019-07-26 16:43:33,37
CARO ,2019-07-26 17:43:32,37
CARO ,2019-07-26 18:43:33,37
CARO ,2019-07-26 19:43:30,36
CARO ,2019-07-26 20:43:29,34
CARO ,2019-07-26 22:43:29,34
CARO ,2019-07-26 23:43:28,34
CARO ,2019-07-27 00:43:29,34
CARO ,2019-07-27 01:43:29,34
CARO ,2019-07-27 02:43:32,34
CARO ,2019-07-27 03:43:29,34
CARO ,2019-07-27 04:43:29,34
CARO ,2019-07-27 05:43:30,34
CARO ,2019-07-27 06:43:30,34
CARO ,2019-07-27 07:43:28,34
CARO ,2019-07-27 08:43:29,34
CARO ,2019-07-27 09:43:28,34
CARO ,2019-07-27 10:43:30,34
CARO ,2019-07-27 11:43:28,34
CARO ,2019-07-27 12:43:30,34
CARO ,2019-07-27 13:43:28,34
CARO ,2019-07-27 14:43:29,34
CARO ,2019-07-27 15:43:32,34
CARO ,2019-07-27 16:43:37,34
CARO ,2019-07-27 17:43:34,34
CARO ,2019-07-27 18:43:31,34
CARO ,2019-07-27 19:43:30,34
CARO ,2019-07-27 20:43:32,34
CARO ,2019-07-27 21:43:30,34
CARO ,2019-07-27 22:43:30,34
CARO ,2019-07-27 23:43:29,34
CARO ,2019-07-28 00:43:29,34
CARO ,2019-07-28 01:43:28,34
CARO ,2019-07-28 02:43:28,34
CARO ,2019-07-28 03:43:27,34
CARO ,2019-07-28 04:43:29,34
CARO ,2019-07-28 05:43:28,34
CARO ,2019-07-28 06:43:28,34
CARO ,2019-07-28 07:43:29,34
CARO ,2019-07-28 08:43:27,34
CARO ,2019-07-28 09:43:27,34
CARO ,2019-07-28 10:43:26,34
CARO ,2019-07-28 11:43:27,34
CARO ,2019-07-28 12:43:28,34
CARO ,2019-07-28 13:43:28,34
CARO ,2019-07-28 14:43:28,34
CARO ,2019-07-28 15:43:27,34
CARO ,2019-07-28 16:43:30,34
CARO ,2019-07-28 17:43:29,34
CARO ,2019-07-28 18:43:28,34
CARO ,2019-07-28 19:43:28,34
CARO ,2019-07-28 20:43:27,34
CARO ,2019-07-28 21:43:28,34
CARO ,2019-07-28 22:43:30,34
CARO ,2019-07-28 23:43:30,34
CARO ,2019-07-29 00:43:29,34
CARO ,2019-07-29 01:43:28,34
CARO ,2019-07-29 02:43:29,34
CARO ,2019-07-29 03:43:30,34
CARO ,2019-07-29 04:43:30,34
CARO ,2019-07-29 05:43:33,34
CARO ,2019-07-29 06:43:41,34
CARO ,2019-07-29 07:43:30,34
CARO ,2019-07-29 08:43:28,34
CARO ,2019-07-29 09:43:29,34
CARO ,2019-07-29 10:43:29,34
CARO ,2019-07-29 11:43:29,34
CARO ,2019-07-29 13:07:32,34
CARO ,2019-07-29 13:43:32,34
CARO ,2019-07-29 14:43:29,34
CARO ,2019-07-29 15:43:29,34
CARO ,2019-07-29 16:43:29,34
CARO ,2019-07-29 17:43:29,34
CARO ,2019-07-29 18:43:30,34
CARO ,2019-07-29 19:43:29,34
CARO ,2019-07-29 20:43:29,34
CARO ,2019-07-29 21:43:28,34
CARO ,2019-07-29 22:43:30,34
CARO ,2019-07-29 23:43:28,34
CARO ,2019-07-30 00:43:29,34
CARO ,2019-07-30 01:43:29,34
CARO ,2019-07-30 02:43:30,34
CARO ,2019-07-30 03:43:28,34
CARO ,2019-07-30 04:43:28,34
CARO ,2019-07-30 05:43:29,34
CARO ,2019-07-30 06:43:29,34
CARO ,2019-07-30 07:43:36,34
CARO ,2019-07-30 08:43:30,34
CARO ,2019-07-30 09:43:28,34
CARO ,2019-07-30 10:43:27,34
CARO ,2019-07-30 11:43:31,34
CARO ,2019-07-30 12:43:29,34
CARO ,2019-07-30 13:43:30,34
CARO ,2019-07-30 14:43:31,34
CARO ,2019-07-30 15:43:31,34
CARO ,2019-07-30 16:43:31,34
CARO ,2019-07-30 17:43:35,34
CARO ,2019-07-30 18:43:33,34
CARO ,2019-07-30 19:43:33,34
CARO ,2019-07-30 20:43:31,34
CARO ,2019-07-30 21:43:31,34
CARO ,2019-07-30 22:43:32,34
CARO ,2019-07-30 23:43:30,34
CARO ,2019-07-31 00:43:30,34
CARO ,2019-07-31 01:43:30,34
CARO ,2019-07-31 02:43:30,34
CARO ,2019-07-31 03:43:31,34
CARO ,2019-07-31 04:43:31,34
CARO ,2019-07-31 05:43:39,34
CARO ,2019-07-31 06:43:31,34
CARO ,2019-07-31 07:43:30,34
CARO ,2019-07-31 08:43:31,34
CARO ,2019-07-31 09:43:31,34
CARO ,2019-07-31 10:43:29,34
CARO ,2019-07-31 11:43:28,34
CARO ,2019-07-31 13:07:36,34
CARO ,2019-07-31 13:43:30,34
CARO ,2019-07-31 14:43:31,34
CARO ,2019-07-31 15:43:31,34
CARO ,2019-07-31 16:43:35,34
CARO ,2019-07-31 17:43:30,34
CARO ,2019-07-31 18:43:29,33
CARO ,2019-07-31 19:43:30,33
CARO ,2019-07-31 20:43:32,33
CARO ,2019-07-31 21:43:31,33
CARO ,2019-07-31 22:43:30,33
CARO ,2019-07-31 23:43:30,33
CARO ,2019-08-01 00:43:31,33
CARO ,2019-08-01 01:43:43,33
CARO ,2019-08-01 02:43:32,33
CARO ,2019-08-01 03:43:31,33
CARO ,2019-08-01 04:43:29,33
CARO ,2019-08-01 05:43:34,33
CARO ,2019-08-01 06:43:31,33
CARO ,2019-08-01 07:43:36,33
CARO ,2019-08-01 08:43:29,33
CARO ,2019-08-01 09:43:32,33
CARO ,2019-08-01 10:43:30,33
CARO ,2019-08-01 11:43:28,33
CARO ,2019-08-01 13:06:04,33
CARO ,2019-08-01 13:43:32,33
CARO ,2019-08-01 14:43:32,33
CARO ,2019-08-01 15:43:38,33
CARO ,2019-08-01 16:43:36,33
CARO ,2019-08-01 17:43:34,33
CARO ,2019-08-01 18:43:30,33
CARO ,2019-08-01 19:43:31,33
CARO ,2019-08-01 20:43:31,33
CARO ,2019-08-01 21:43:31,33
CARO ,2019-08-01 22:43:29,33
CARO ,2019-08-01 23:43:32,33
CARO ,2019-08-02 00:43:30,33
CARO ,2019-08-02 01:43:31,33
CARO ,2019-08-02 02:43:30,33
CARO ,2019-08-02 03:43:30,33
CARO ,2019-08-02 04:43:31,33
CARO ,2019-08-02 05:43:33,33
CARO ,2019-08-02 06:43:31,33
CARO ,2019-08-02 07:43:28,33
CARO ,2019-08-02 08:43:31,33
CARO ,2019-08-02 09:43:32,33
CARO ,2019-08-02 10:43:41,33
CARO ,2019-08-02 11:43:30,33
CARO ,2019-08-02 13:07:37,33
CARO ,2019-08-02 13:43:33,33
CARO ,2019-08-02 14:43:32,33
CARO ,2019-08-02 15:43:32,33
CARO ,2019-08-02 16:43:35,33
CARO ,2019-08-02 17:43:30,33
CARO ,2019-08-02 18:43:32,33
CARO ,2019-08-02 19:43:32,33
CARO ,2019-08-02 20:43:32,33
CARO ,2019-08-02 21:43:31,33
CARO ,2019-08-02 22:43:30,33
CARO ,2019-08-02 23:43:30,33
CARO ,2019-08-03 00:43:31,33
CARO ,2019-08-03 01:43:30,33
CARO ,2019-08-03 02:43:37,33
CARO ,2019-08-03 03:43:31,33
CARO ,2019-08-03 04:43:29,33
CARO ,2019-08-03 05:43:38,33
CARO ,2019-08-03 06:43:31,33
CARO ,2019-08-03 07:43:28,33
CARO ,2019-08-03 08:43:32,33
CARO ,2019-08-03 09:43:30,33
CARO ,2019-08-03 10:43:31,33
CARO ,2019-08-03 11:43:30,33
CARO ,2019-08-03 12:43:31,33
CARO ,2019-08-03 13:43:31,33
CARO ,2019-08-03 14:43:31,33
CARO ,2019-08-03 15:43:29,33
CARO ,2019-08-03 16:43:31,33
CARO ,2019-08-03 17:43:31,33
CARO ,2019-08-03 18:43:31,33
CARO ,2019-08-03 19:43:30,33
CARO ,2019-08-03 20:43:29,33
CARO ,2019-08-03 21:43:29,33
CARO ,2019-08-03 22:43:29,33
CARO ,2019-08-03 23:43:29,33
CARO ,2019-08-04 00:43:30,33
CARO ,2019-08-04 01:43:29,33
CARO ,2019-08-04 02:43:36,33
CARO ,2019-08-04 03:43:31,33
CARO ,2019-08-04 04:43:29,33
CARO ,2019-08-04 05:43:35,33
CARO ,2019-08-04 06:43:30,33
CARO ,2019-08-04 07:43:30,33
CARO ,2019-08-04 08:43:32,33
CARO ,2019-08-04 09:43:30,33
CARO ,2019-08-04 10:43:30,33
CARO ,2019-08-04 11:43:27,33
CARO ,2019-08-04 12:43:30,33
CARO ,2019-08-04 13:43:30,33
CARO ,2019-08-04 14:43:29,33
CARO ,2019-08-04 15:43:30,33
CARO ,2019-08-04 16:43:31,33
CARO ,2019-08-04 17:43:30,33
CARO ,2019-08-04 18:43:31,33
CARO ,2019-08-04 19:43:30,33
CARO ,2019-08-04 20:43:30,33
CARO ,2019-08-04 21:43:30,33
CARO ,2019-08-04 22:43:31,33
CARO ,2019-08-04 23:43:30,33
CARO ,2019-08-05 00:43:30,33
CARO ,2019-08-05 01:43:32,33
CARO ,2019-08-05 02:43:32,33
CARO ,2019-08-05 03:43:30,33
CARO ,2019-08-05 04:43:31,33
CARO ,2019-08-05 05:43:33,33
CARO ,2019-08-05 06:43:30,33
CARO ,2019-08-05 07:43:34,33
CARO ,2019-08-05 08:43:32,33
CARO ,2019-08-05 09:43:32,33
CARO ,2019-08-05 10:43:30,33
CARO ,2019-08-05 11:43:30,33
CARO ,2019-08-05 13:08:06,33
CARO ,2019-08-05 13:43:33,33
CARO ,2019-08-05 14:43:33,33
CARO ,2019-08-05 15:43:30,33
CARO ,2019-08-05 16:43:32,33
CARO ,2019-08-05 17:43:33,33
CARO ,2019-08-05 18:43:34,33
CARO ,2019-08-05 19:43:32,33
CARO ,2019-08-05 20:43:30,33
CARO ,2019-08-05 21:43:31,33
CARO ,2019-08-05 22:43:32,33
CARO ,2019-08-05 23:43:32,33
CARO ,2019-08-06 00:43:42,33
CARO ,2019-08-06 01:43:36,33
CARO ,2019-08-06 02:43:31,33
CARO ,2019-08-06 03:43:30,33
CARO ,2019-08-06 04:43:32,33
CARO ,2019-08-06 05:43:33,33
CARO ,2019-08-06 06:43:30,33
CARO ,2019-08-06 07:43:31,33
CARO ,2019-08-06 08:43:30,33
CARO ,2019-08-06 09:43:36,33
CARO ,2019-08-06 10:43:29,33
CARO ,2019-08-06 11:43:29,33
CARO ,2019-08-06 12:43:31,33
CARO ,2019-08-06 13:43:33,33
CARO ,2019-08-06 14:43:30,33
CARO ,2019-08-06 15:43:31,33
CARO ,2019-08-06 16:43:33,33
CARO ,2019-08-06 17:43:31,33
CARO ,2019-08-06 18:43:29,33
CARO ,2019-08-06 19:43:31,33
CARO ,2019-08-06 20:43:32,33
CARO ,2019-08-06 21:43:30,33
CARO ,2019-08-06 22:43:30,33
CARO ,2019-08-06 23:43:31,33
CARO ,2019-08-07 00:43:32,33
CARO ,2019-08-07 01:43:32,33
CARO ,2019-08-07 02:43:34,33
CARO ,2019-08-07 03:43:31,33
CARO ,2019-08-07 04:43:30,33
CARO ,2019-08-07 05:43:33,33
CARO ,2019-08-07 06:43:36,33
CARO ,2019-08-07 07:43:29,33
CARO ,2019-08-07 08:43:31,33
CARO ,2019-08-07 09:43:30,33
CARO ,2019-08-07 10:43:38,33
CARO ,2019-08-07 11:43:30,33
CARO ,2019-08-07 12:43:33,33
CARO ,2019-08-07 13:43:33,33
CARO ,2019-08-07 14:43:32,33
CARO ,2019-08-07 15:43:31,33
CARO ,2019-08-07 16:43:32,33
CARO ,2019-08-07 17:43:31,33
CARO ,2019-08-07 18:43:31,33
CARO ,2019-08-07 19:43:31,33
CARO ,2019-08-07 20:43:30,33
CARO ,2019-08-07 21:43:31,33
CARO ,2019-08-07 22:43:30,33
CARO ,2019-08-07 23:43:32,33
CARO ,2019-08-08 00:43:32,33
CARO ,2019-08-08 01:43:31,33
CARO ,2019-08-08 02:43:37,33
CARO ,2019-08-08 03:43:30,33
CARO ,2019-08-08 04:43:30,33
CARO ,2019-08-08 05:43:31,33
CARO ,2019-08-08 06:43:34,33
CARO ,2019-08-08 07:43:30,33
CARO ,2019-08-08 08:43:30,33
CARO ,2019-08-08 09:43:30,33
CARO ,2019-08-08 10:43:34,33
CARO ,2019-08-08 11:43:29,33
CARO ,2019-08-08 12:43:32,33
CARO ,2019-08-08 13:43:32,33
CARO ,2019-08-08 14:43:31,33
CARO ,2019-08-08 15:43:32,33
CARO ,2019-08-08 16:43:33,33
CARO ,2019-08-08 17:43:32,33
CARO ,2019-08-08 18:43:31,33
CARO ,2019-08-08 19:43:32,33
CARO ,2019-08-08 20:43:33,33
CARO ,2019-08-08 21:43:34,33
CARO ,2019-08-08 22:43:33,33
CARO ,2019-08-08 23:43:33,33
CARO ,2019-08-09 00:43:34,33
CARO ,2019-08-09 01:43:35,33
CARO ,2019-08-09 02:43:35,33
CARO ,2019-08-09 03:43:34,33
CARO ,2019-08-09 04:43:35,33
CARO ,2019-08-09 05:43:38,33
CARO ,2019-08-09 06:43:35,33
CARO ,2019-08-09 07:43:41,33
CARO ,2019-08-09 08:43:35,33
CARO ,2019-08-09 09:43:41,33
CARO ,2019-08-09 10:43:35,33
CARO ,2019-08-09 11:43:35,33
CARO ,2019-08-09 13:07:39,33
CARO ,2019-08-09 13:43:35,33
CARO ,2019-08-09 14:43:40,33
CARO ,2019-08-09 15:43:34,33
CARO ,2019-08-09 16:43:41,33
CARO ,2019-08-09 17:43:33,33
CARO ,2019-08-09 18:43:34,33
CARO ,2019-08-09 19:43:34,33
CARO ,2019-08-09 20:43:33,33
CARO ,2019-08-09 21:43:35,33
CARO ,2019-08-09 22:43:34,33
CARO ,2019-08-09 23:43:35,33
CARO ,2019-08-10 00:43:35,33
CARO ,2019-08-10 01:43:34,33
CARO ,2019-08-10 02:43:48,33
CARO ,2019-08-10 03:43:33,33
CARO ,2019-08-10 04:43:35,33
CARO ,2019-08-10 05:43:38,33
CARO ,2019-08-10 06:43:34,33
CARO ,2019-08-10 07:43:33,33
CARO ,2019-08-10 08:43:33,33
CARO ,2019-08-10 09:43:34,33
CARO ,2019-08-10 10:43:35,33
CARO ,2019-08-10 11:43:33,33
CARO ,2019-08-10 12:43:36,33
CARO ,2019-08-10 13:43:36,33
CARO ,2019-08-10 14:43:33,33
CARO ,2019-08-10 15:43:33,33
CARO ,2019-08-10 16:43:41,33
CARO ,2019-08-10 17:43:33,33
CARO ,2019-08-10 18:43:34,33
CARO ,2019-08-10 19:43:34,33
CARO ,2019-08-10 20:43:34,33
CARO ,2019-08-10 21:43:31,33
CARO ,2019-08-10 22:43:33,33
CARO ,2019-08-10 23:43:33,33
CARO ,2019-08-11 00:43:31,33
CARO ,2019-08-11 01:43:33,33
CARO ,2019-08-11 02:43:42,33
CARO ,2019-08-11 03:43:35,33
CARO ,2019-08-11 04:43:33,33
CARO ,2019-08-11 05:43:42,33
CARO ,2019-08-11 06:43:33,33
CARO ,2019-08-11 07:43:34,33
CARO ,2019-08-11 08:43:32,33
CARO ,2019-08-11 09:43:32,33
CARO ,2019-08-11 10:43:32,33
CARO ,2019-08-11 11:43:33,33
CARO ,2019-08-11 12:43:33,33
CARO ,2019-08-11 13:43:35,33
CARO ,2019-08-11 14:43:33,33
CARO ,2019-08-11 15:43:33,33
CARO ,2019-08-11 16:43:34,33
CARO ,2019-08-11 17:43:33,33
CARO ,2019-08-11 18:43:34,33
CARO ,2019-08-11 19:43:35,33
CARO ,2019-08-11 20:43:36,33
CARO ,2019-08-11 21:43:36,33
CARO ,2019-08-11 22:43:35,33
CARO ,2019-08-11 23:43:36,33
CARO ,2019-08-12 00:43:36,33
CARO ,2019-08-12 01:43:35,33
CARO ,2019-08-12 02:43:42,33
CARO ,2019-08-12 03:43:36,33
CARO ,2019-08-12 04:43:35,33
CARO ,2019-08-12 05:43:40,33
CARO ,2019-08-12 06:43:43,33
CARO ,2019-08-12 07:43:34,33
CARO ,2019-08-12 08:43:36,33
CARO ,2019-08-12 09:43:34,33
CARO ,2019-08-12 10:43:38,33
CARO ,2019-08-12 11:43:34,33
CARO ,2019-08-12 12:43:39,33
CARO ,2019-08-12 13:43:47,33
CARO ,2019-08-12 14:43:35,33
CARO ,2019-08-12 15:43:36,33
CARO ,2019-08-12 16:43:46,33
CARO ,2019-08-12 17:43:35,33
CARO ,2019-08-12 18:43:33,33
CARO ,2019-08-12 19:43:33,33
CARO ,2019-08-12 20:43:35,33
CARO ,2019-08-12 21:43:33,33
CARO ,2019-08-12 22:43:34,33
CARO ,2019-08-12 23:43:35,33
CARO ,2019-08-13 00:43:33,33
CARO ,2019-08-13 01:43:35,33
CARO ,2019-08-13 02:43:39,33
CARO ,2019-08-13 03:43:35,33
CARO ,2019-08-13 04:43:31,33
CARO ,2019-08-13 05:43:36,33
CARO ,2019-08-13 06:43:33,33
CARO ,2019-08-13 07:43:33,33
CARO ,2019-08-13 08:43:31,33
CARO ,2019-08-13 09:43:34,33
CARO ,2019-08-13 10:43:38,33
CARO ,2019-08-13 11:43:35,33
CARO ,2019-08-13 12:43:36,33
CARO ,2019-08-13 13:43:36,33
CARO ,2019-08-13 14:43:34,33
CARO ,2019-08-13 15:43:38,33
CARO ,2019-08-13 16:43:36,33
CARO ,2019-08-13 17:43:34,33
CARO ,2019-08-13 18:43:34,33
CARO ,2019-08-13 19:43:34,33
CARO ,2019-08-13 20:43:33,33
CARO ,2019-08-13 21:43:36,33
CARO ,2019-08-13 22:43:42,33
CARO ,2019-08-13 23:43:34,33
CARO ,2019-08-14 00:43:36,33
CARO ,2019-08-14 01:43:36,33
CARO ,2019-08-14 02:43:37,33
CARO ,2019-08-14 03:43:34,33
CARO ,2019-08-14 04:43:33,33
CARO ,2019-08-14 05:43:52,33
CARO ,2019-08-14 06:43:35,33
CARO ,2019-08-14 07:43:33,33
CARO ,2019-08-14 08:43:33,33
CARO ,2019-08-14 09:43:37,33
CARO ,2019-08-14 10:43:31,33
CARO ,2019-08-14 11:43:32,33
CARO ,2019-08-14 13:06:41,33
CARO ,2019-08-14 13:43:36,33
CARO ,2019-08-14 14:43:36,33
CARO ,2019-08-14 15:43:37,33
CARO ,2019-08-14 16:43:35,33
CARO ,2019-08-14 17:43:33,33
CARO ,2019-08-14 18:43:36,33
CARO ,2019-08-14 19:43:37,33
CARO ,2019-08-14 20:43:34,33
CARO ,2019-08-14 21:43:40,33
CARO ,2019-08-14 22:43:34,33
CARO ,2019-08-14 23:43:33,33
CARO ,2019-08-15 00:43:34,33
CARO ,2019-08-15 01:43:35,33
CARO ,2019-08-15 02:43:38,33
CARO ,2019-08-15 03:43:35,33
CARO ,2019-08-15 04:43:36,33
CARO ,2019-08-15 05:43:40,33
CARO ,2019-08-15 06:43:33,33
CARO ,2019-08-15 07:43:33,33
CARO ,2019-08-15 08:43:48,33
CARO ,2019-08-15 09:43:34,33
CARO ,2019-08-15 10:43:33,33
CARO ,2019-08-15 11:43:33,33
CARO ,2019-08-15 13:06:39,33
CARO ,2019-08-15 13:43:41,33
CARO ,2019-08-15 14:43:36,33
CARO ,2019-08-15 15:43:32,33
CARO ,2019-08-15 16:43:51,33
CARO ,2019-08-15 17:43:31,33
CARO ,2019-08-15 18:43:34,33
CARO ,2019-08-15 19:43:33,33
CARO ,2019-08-15 20:43:34,33
CARO ,2019-08-15 21:43:31,33
CARO ,2019-08-15 22:43:31,33
CARO ,2019-08-15 23:43:41,33
CARO ,2019-08-16 00:43:37,33
CARO ,2019-08-16 01:43:46,33
CARO ,2019-08-16 02:43:34,33
CARO ,2019-08-16 03:43:35,33
CARO ,2019-08-16 04:43:31,33
CARO ,2019-08-16 05:43:50,33
CARO ,2019-08-16 06:43:31,33
CARO ,2019-08-16 07:43:32,33
CARO ,2019-08-16 08:43:33,33
CARO ,2019-08-16 09:43:33,33
CARO ,2019-08-16 10:43:31,33
CARO ,2019-08-16 11:43:31,33
CARO ,2019-08-16 12:43:33,33
CARO ,2019-08-16 13:43:36,33
CARO ,2019-08-16 14:43:33,33
CARO ,2019-08-16 15:43:35,33
CARO ,2019-08-16 16:43:44,33
CARO ,2019-08-16 18:44:19,33
CARO ,2019-08-16 19:43:37,33
CARO ,2019-08-16 20:43:39,33
CARO ,2019-08-16 21:43:36,33
CARO ,2019-08-16 22:43:38,33
CARO ,2019-08-16 23:43:37,33
CARO ,2019-08-17 00:43:38,33
CARO ,2019-08-17 01:43:41,33
CARO ,2019-08-17 02:43:51,33
CARO ,2019-08-17 03:43:37,33
CARO ,2019-08-17 04:43:38,33
CARO ,2019-08-17 05:43:38,33
CARO ,2019-08-17 06:43:37,33
CARO ,2019-08-17 07:43:36,33
CARO ,2019-08-17 08:43:37,33
CARO ,2019-08-17 09:43:37,33
CARO ,2019-08-17 10:43:35,33
CARO ,2019-08-17 11:43:35,33
CARO ,2019-08-17 12:43:35,33
CARO ,2019-08-17 13:43:37,33
CARO ,2019-08-17 14:44:03,33
CARO ,2019-08-17 15:43:36,33
CARO ,2019-08-17 16:43:36,33
CARO ,2019-08-17 17:43:34,33
CARO ,2019-08-17 18:43:35,33
CARO ,2019-08-17 19:43:35,33
CARO ,2019-08-17 20:43:37,33
CARO ,2019-08-17 21:43:35,33
CARO ,2019-08-17 22:43:34,33
CARO ,2019-08-17 23:43:34,33
CARO ,2019-08-18 00:43:35,33
CARO ,2019-08-18 01:43:34,33
CARO ,2019-08-18 02:43:37,33
CARO ,2019-08-18 03:43:35,33
CARO ,2019-08-18 04:43:34,33
CARO ,2019-08-18 05:43:52,33
CARO ,2019-08-18 06:43:55,33
CARO ,2019-08-18 07:43:37,33
CARO ,2019-08-18 08:43:39,33
CARO ,2019-08-18 09:43:38,33
CARO ,2019-08-18 10:43:35,33
CARO ,2019-08-18 11:43:36,33
CARO ,2019-08-18 12:43:37,33
CARO ,2019-08-18 13:43:37,33
CARO ,2019-08-18 14:43:36,33
CARO ,2019-08-18 15:43:38,33
CARO ,2019-08-18 16:43:41,33
CARO ,2019-08-18 17:43:36,33
CARO ,2019-08-18 18:43:36,33
CARO ,2019-08-18 19:43:37,33
CARO ,2019-08-18 20:43:38,33
CARO ,2019-08-18 21:43:44,33
CARO ,2019-08-18 22:43:38,33
CARO ,2019-08-18 23:43:36,33
CARO ,2019-08-19 00:43:37,33
CARO ,2019-08-19 01:43:40,33
CARO ,2019-08-19 02:43:38,33
CARO ,2019-08-19 03:43:35,33
CARO ,2019-08-19 04:43:36,33
CARO ,2019-08-19 05:43:41,33
CARO ,2019-08-19 06:43:39,33
CARO ,2019-08-19 07:43:48,33
CARO ,2019-08-19 08:43:37,33
CARO ,2019-08-19 09:43:43,33
CARO ,2019-08-19 10:43:37,33
CARO ,2019-08-19 11:43:36,33
CARO ,2019-08-19 12:43:42,33
CARO ,2019-08-19 13:43:38,33
CARO ,2019-08-19 14:43:33,33
CARO ,2019-08-19 15:43:34,33
CARO ,2019-08-19 16:43:33,33
CARO ,2019-08-19 17:43:33,33
CARO ,2019-08-19 18:43:35,33
CARO ,2019-08-19 19:43:33,33
CARO ,2019-08-19 20:43:33,33
CARO ,2019-08-19 21:43:34,33
CARO ,2019-08-19 22:43:32,33
CARO ,2019-08-19 23:43:34,33
CARO ,2019-08-20 00:43:36,33
CARO ,2019-08-20 01:43:33,33
CARO ,2019-08-20 02:43:37,33
CARO ,2019-08-20 03:43:33,33
CARO ,2019-08-20 04:43:33,33
CARO ,2019-08-20 05:43:47,33
CARO ,2019-08-20 06:43:38,33
CARO ,2019-08-20 07:43:32,33
CARO ,2019-08-20 08:43:33,33
CARO ,2019-08-20 09:43:32,33
CARO ,2019-08-20 10:43:54,33
CARO ,2019-08-20 11:43:32,33
CARO ,2019-08-20 13:05:39,33
CARO ,2019-08-20 13:43:42,33
CARO ,2019-08-20 14:43:35,33
CARO ,2019-08-20 15:43:33,33
CARO ,2019-08-20 16:43:35,33
CARO ,2019-08-20 17:43:35,33
CARO ,2019-08-20 18:43:35,33
CARO ,2019-08-20 19:43:34,33
CARO ,2019-08-20 20:43:35,33
CARO ,2019-08-20 21:43:37,33
CARO ,2019-08-20 22:43:35,33
CARO ,2019-08-20 23:43:34,33
CARO ,2019-08-21 00:43:36,33
CARO ,2019-08-21 01:43:37,33
CARO ,2019-08-21 02:43:40,33
CARO ,2019-08-21 03:43:39,33
CARO ,2019-08-21 04:43:35,33
CARO ,2019-08-21 05:43:37,33
CARO ,2019-08-21 06:43:41,33
CARO ,2019-08-21 07:43:35,33
CARO ,2019-08-21 08:43:35,33
CARO ,2019-08-21 09:43:35,33
CARO ,2019-08-21 10:43:33,33
CARO ,2019-08-21 11:43:34,33
CARO ,2019-08-21 12:43:34,33
CARO ,2019-08-21 13:43:37,33
CARO ,2019-08-21 14:43:36,33
CARO ,2019-08-21 15:43:38,33
CARO ,2019-08-21 16:43:50,33
CARO ,2019-08-21 17:43:35,33
CARO ,2019-08-21 18:43:37,33
CARO ,2019-08-21 19:43:36,33
CARO ,2019-08-21 20:43:36,33
CARO ,2019-08-21 21:43:37,33
CARO ,2019-08-21 22:43:38,33
CARO ,2019-08-21 23:43:36,33
CARO ,2019-08-22 00:43:38,33
CARO ,2019-08-22 01:43:35,33
CARO ,2019-08-22 02:43:40,33
CARO ,2019-08-22 03:43:35,33
CARO ,2019-08-22 04:43:34,33
CARO ,2019-08-22 05:43:38,33
CARO ,2019-08-22 06:43:35,33
CARO ,2019-08-22 07:43:36,33
CARO ,2019-08-22 08:43:36,33
CARO ,2019-08-22 09:43:35,33
CARO ,2019-08-22 10:43:37,33
CARO ,2019-08-22 11:43:37,33
CARO ,2019-08-22 12:43:36,33
CARO ,2019-08-22 13:43:37,33
CARO ,2019-08-22 14:43:40,33
CARO ,2019-08-22 15:43:39,33
CARO ,2019-08-22 16:43:44,33
CARO ,2019-08-22 17:43:39,33
CARO ,2019-08-22 18:43:40,33
CARO ,2019-08-22 19:43:38,33
CARO ,2019-08-22 20:43:39,33
CARO ,2019-08-22 21:43:41,33
CARO ,2019-08-22 22:43:38,33
CARO ,2019-08-22 23:43:39,33
CARO ,2019-08-23 00:43:41,33
CARO ,2019-08-23 01:43:43,33
CARO ,2019-08-23 02:43:44,33
CARO ,2019-08-23 03:43:37,33
CARO ,2019-08-23 04:43:37,33
CARO ,2019-08-23 05:43:39,33
CARO ,2019-08-23 06:43:38,33
CARO ,2019-08-23 07:43:36,33
CARO ,2019-08-23 08:43:38,33
CARO ,2019-08-23 09:43:36,33
CARO ,2019-08-23 10:43:42,33
CARO ,2019-08-23 11:43:35,33
CARO ,2019-08-23 12:43:40,33
CARO ,2019-08-23 13:43:41,33
CARO ,2019-08-23 14:43:38,34
CARO ,2019-08-23 15:43:39,34
CARO ,2019-08-23 16:43:40,34
CARO ,2019-08-23 17:43:36,34
CARO ,2019-08-23 18:43:40,34
CARO ,2019-08-23 19:43:38,34
CARO ,2019-08-23 20:43:35,34
CARO ,2019-08-23 21:43:37,34
CARO ,2019-08-23 22:44:16,34
CARO ,2019-08-23 23:43:36,34
CARO ,2019-08-24 00:43:36,34
CARO ,2019-08-24 01:43:35,34
CARO ,2019-08-24 02:43:56,34
CARO ,2019-08-24 03:43:35,34
CARO ,2019-08-24 04:43:34,34
CARO ,2019-08-24 05:43:38,34
CARO ,2019-08-24 06:43:38,34
CARO ,2019-08-24 07:43:40,34
CARO ,2019-08-24 08:43:38,34
CARO ,2019-08-24 09:43:37,34
CARO ,2019-08-24 10:43:36,34
CARO ,2019-08-24 11:43:35,34
CARO ,2019-08-24 12:43:38,34
CARO ,2019-08-24 13:43:36,34
CARO ,2019-08-24 14:43:37,34
CARO ,2019-08-24 15:43:37,34
CARO ,2019-08-24 16:43:50,34
CARO ,2019-08-24 17:43:36,34
CARO ,2019-08-24 18:43:40,34
CARO ,2019-08-24 19:43:37,34
CARO ,2019-08-24 20:43:36,34
CARO ,2019-08-24 21:43:36,34
CARO ,2019-08-24 22:43:37,34
CARO ,2019-08-24 23:43:36,34
CARO ,2019-08-25 00:43:34,34
CARO ,2019-08-25 01:43:40,34
CARO ,2019-08-25 02:43:49,34
CARO ,2019-08-25 03:43:35,34
CARO ,2019-08-25 04:43:35,34
CARO ,2019-08-25 05:43:35,34
CARO ,2019-08-25 06:43:35,34
CARO ,2019-08-25 07:43:36,34
CARO ,2019-08-25 08:43:38,34
CARO ,2019-08-25 09:43:34,34
CARO ,2019-08-25 10:43:35,34
CARO ,2019-08-25 11:43:39,34
CARO ,2019-08-25 12:43:36,34
CARO ,2019-08-25 13:43:37,34
CARO ,2019-08-25 14:43:35,34
CARO ,2019-08-25 15:43:38,34
CARO ,2019-08-25 16:43:41,34
CARO ,2019-08-25 17:43:34,34
CARO ,2019-08-25 18:43:34,34
CARO ,2019-08-25 19:43:37,34
CARO ,2019-08-25 20:43:36,34
CARO ,2019-08-25 21:43:37,34
CARO ,2019-08-25 22:43:35,34
CARO ,2019-08-25 23:43:37,34
CARO ,2019-08-26 00:43:35,34
CARO ,2019-08-26 01:43:33,34
CARO ,2019-08-26 02:43:40,34
CARO ,2019-08-26 03:43:34,34
CARO ,2019-08-26 04:43:36,34
CARO ,2019-08-26 05:43:39,34
CARO ,2019-08-26 06:43:35,34
CARO ,2019-08-26 07:43:37,34
CARO ,2019-08-26 08:43:35,34
CARO ,2019-08-26 09:43:34,34
CARO ,2019-08-26 10:43:37,34
CARO ,2019-08-26 11:43:35,34
CARO ,2019-08-26 12:43:38,34
CARO ,2019-08-26 13:43:36,34
CARO ,2019-08-26 14:43:36,34
CARO ,2019-08-26 15:43:38,34
CARO ,2019-08-26 16:43:45,34
CARO ,2019-08-26 17:43:36,34
CARO ,2019-08-26 18:43:36,34
CARO ,2019-08-26 19:43:39,34
CARO ,2019-08-26 20:43:37,34
CARO ,2019-08-26 21:43:37,34
CARO ,2019-08-26 22:43:35,34
CARO ,2019-08-26 23:43:36,34
CARO ,2019-08-27 00:43:37,34
CARO ,2019-08-27 01:43:37,34
CARO ,2019-08-27 02:43:42,34
CARO ,2019-08-27 03:43:36,34
CARO ,2019-08-27 04:43:36,34
CARO ,2019-08-27 05:43:41,34
CARO ,2019-08-27 06:43:42,34
CARO ,2019-08-27 07:43:35,34
CARO ,2019-08-27 08:43:39,34
CARO ,2019-08-27 09:43:35,34
CARO ,2019-08-27 10:43:34,34
CARO ,2019-08-27 11:43:40,34
CARO ,2019-08-27 12:43:40,34
CARO ,2019-08-27 13:43:52,34
CARO ,2019-08-27 14:43:36,34
CARO ,2019-08-27 15:43:39,34
CARO ,2019-08-27 16:43:41,34
CARO ,2019-08-27 17:43:35,34
CARO ,2019-08-27 18:43:36,34
CARO ,2019-08-27 19:43:38,34
CARO ,2019-08-27 20:43:36,34
CARO ,2019-08-27 21:43:38,34
CARO ,2019-08-27 22:43:37,34
CARO ,2019-08-27 23:43:40,34
CARO ,2019-08-28 00:43:41,34
CARO ,2019-08-28 01:43:39,34
CARO ,2019-08-28 02:43:44,34
CARO ,2019-08-28 03:43:46,34
CARO ,2019-08-28 04:43:39,34
CARO ,2019-08-28 05:43:40,34
CARO ,2019-08-28 06:43:40,34
CARO ,2019-08-28 07:43:41,34
CARO ,2019-08-28 08:43:35,34
CARO ,2019-08-28 09:43:39,34
CARO ,2019-08-28 10:43:38,34
CARO ,2019-08-28 11:43:41,34
CARO ,2019-08-28 12:43:38,34
CARO ,2019-08-28 13:43:36,34
CARO ,2019-08-28 14:43:34,33
CARO ,2019-08-28 15:43:35,33
CARO ,2019-08-28 16:43:50,33
CARO ,2019-08-28 17:43:35,33
CARO ,2019-08-28 18:43:36,33
CARO ,2019-08-28 19:43:36,33
CARO ,2019-08-28 20:43:37,33
CARO ,2019-08-28 21:43:37,33
CARO ,2019-08-28 22:43:36,33
CARO ,2019-08-28 23:43:40,33
CARO ,2019-08-29 00:43:34,33
CARO ,2019-08-29 01:43:37,33
CARO ,2019-08-29 02:43:38,33
CARO ,2019-08-29 03:43:35,33
CARO ,2019-08-29 04:43:36,33
CARO ,2019-08-29 05:43:49,33
CARO ,2019-08-29 06:43:33,33
CARO ,2019-08-29 07:43:37,33
CARO ,2019-08-29 08:43:36,33
CARO ,2019-08-29 09:43:36,33
CARO ,2019-08-29 10:43:33,33
CARO ,2019-08-29 11:43:33,33
CARO ,2019-08-29 12:43:37,33
CARO ,2019-08-29 13:43:36,33
CARO ,2019-08-29 14:43:34,33
CARO ,2019-08-29 15:43:34,33
CARO ,2019-08-29 16:43:41,33
CARO ,2019-08-29 17:43:34,33
CARO ,2019-08-29 18:43:34,33
CARO ,2019-08-29 19:43:32,33
CARO ,2019-08-29 20:43:34,32
CARO ,2019-08-29 21:43:34,32
CARO ,2019-08-29 22:43:32,32
CARO ,2019-08-29 23:43:34,32
CARO ,2019-08-30 00:43:37,32
CARO ,2019-08-30 01:43:40,32
CARO ,2019-08-30 02:43:35,32
CARO ,2019-08-30 03:43:36,32
CARO ,2019-08-30 04:43:35,32
CARO ,2019-08-30 05:43:44,32
CARO ,2019-08-30 06:43:32,32
CARO ,2019-08-30 07:43:32,32
CARO ,2019-08-30 08:43:32,32
CARO ,2019-08-30 09:43:33,32
CARO ,2019-08-30 10:43:31,32
CARO ,2019-08-30 11:43:31,32
CARO ,2019-08-30 12:43:34,32
CARO ,2019-08-30 13:43:33,32
CARO ,2019-08-30 14:43:33,33
CARO ,2019-08-30 15:43:33,33
CARO ,2019-08-30 16:43:35,33
CARO ,2019-08-30 17:43:34,33
CARO ,2019-08-30 18:43:32,33
CARO ,2019-08-30 19:43:31,33
CARO ,2019-08-30 20:43:49,33
CARO ,2019-08-30 21:43:43,33
CARO ,2019-08-30 22:43:46,33
CARO ,2019-08-30 23:43:44,33
CARO ,2019-08-31 00:43:44,33
CARO ,2019-08-31 01:43:47,33
CARO ,2019-08-31 02:43:44,33
CARO ,2019-08-31 03:43:45,33
CARO ,2019-08-31 04:43:44,33
CARO ,2019-08-31 23:44:02,33
CARO ,2019-09-01 00:43:48,33
CARO ,2019-09-01 01:43:44,33
CARO ,2019-09-01 02:43:46,33
CARO ,2019-09-01 03:43:45,33
CARO ,2019-09-01 04:43:44,33
CARO ,2019-09-01 05:43:44,33
CARO ,2019-09-01 06:43:44,33
CARO ,2019-09-01 07:43:42,33
CARO ,2019-09-01 08:43:44,33
CARO ,2019-09-01 09:43:43,33
CARO ,2019-09-01 10:43:44,33
CARO ,2019-09-01 11:43:43,33
CARO ,2019-09-01 12:43:46,33
CARO ,2019-09-01 13:43:44,33
CARO ,2019-09-01 14:43:44,33
CARO ,2019-09-01 15:43:44,33
CARO ,2019-09-01 16:43:50,33
CARO ,2019-09-01 17:43:47,33
CARO ,2019-09-01 18:43:44,33
CARO ,2019-09-01 19:43:43,33
CARO ,2019-09-01 20:43:44,33
CARO ,2019-09-01 21:43:44,33
CARO ,2019-09-01 22:43:45,33
CARO ,2019-09-01 23:43:46,33
CARO ,2019-09-02 00:43:43,33
CARO ,2019-09-02 01:43:41,33
CARO ,2019-09-02 02:43:42,33
CARO ,2019-09-02 03:43:45,33
CARO ,2019-09-02 04:43:46,33
CARO ,2019-09-02 05:43:55,33
CARO ,2019-09-02 06:43:46,33
CARO ,2019-09-02 07:43:47,33
CARO ,2019-09-02 08:43:45,33
CARO ,2019-09-02 09:43:48,33
CARO ,2019-09-02 10:43:51,33
CARO ,2019-09-02 11:43:45,33
CARO ,2019-09-02 12:43:42,33
CARO ,2019-09-02 13:43:45,33
CARO ,2019-09-02 14:43:44,33
CARO ,2019-09-02 15:43:44,33
CARO ,2019-09-02 16:43:55,33
CARO ,2019-09-02 17:43:44,33
CARO ,2019-09-02 18:43:46,33
CARO ,2019-09-02 19:43:45,33
CARO ,2019-09-02 20:43:44,33
CARO ,2019-09-02 21:43:45,33
CARO ,2019-09-02 22:43:45,33
CARO ,2019-09-02 23:43:46,33
CARO ,2019-09-03 00:43:45,33
CARO ,2019-09-03 01:43:47,33
CARO ,2019-09-03 02:43:48,33
CARO ,2019-09-03 03:43:44,33
CARO ,2019-09-03 04:43:43,33
CARO ,2019-09-03 05:43:52,33
CARO ,2019-09-03 06:43:48,33
CARO ,2019-09-03 07:43:44,33
CARO ,2019-09-03 08:43:51,33
CARO ,2019-09-03 09:43:44,33
CARO ,2019-09-03 10:43:48,33
CARO ,2019-09-03 11:43:43,33
CARO ,2019-09-03 13:07:54,33
CARO ,2019-09-03 13:43:52,33
CARO ,2019-09-03 14:43:46,33
CARO ,2019-09-03 15:43:46,33
CARO ,2019-09-03 16:43:49,33
CARO ,2019-09-03 17:43:46,33
CARO ,2019-09-03 18:43:44,33
CARO ,2019-09-03 19:43:43,33
CARO ,2019-09-03 20:43:45,33
CARO ,2019-09-03 21:43:44,33
CARO ,2019-09-03 22:43:51,33
CARO ,2019-09-03 23:43:44,33
CARO ,2019-09-04 00:43:47,33
CARO ,2019-09-04 01:43:46,33
CARO ,2019-09-04 02:43:45,33
CARO ,2019-09-04 03:43:44,33
CARO ,2019-09-04 04:43:43,33
CARO ,2019-09-04 05:43:54,33
CARO ,2019-09-04 06:43:46,33
CARO ,2019-09-04 07:43:44,33
CARO ,2019-09-04 08:43:44,33
CARO ,2019-09-04 09:43:46,33
CARO ,2019-09-04 10:43:45,33
CARO ,2019-09-04 11:43:44,33
CARO ,2019-09-04 13:06:52,33
CARO ,2019-09-04 13:43:46,33
CARO ,2019-09-04 14:43:45,33
CARO ,2019-09-04 15:43:45,33
CARO ,2019-09-04 16:43:54,33
CARO ,2019-09-04 17:43:44,33
CARO ,2019-09-04 18:43:46,33
CARO ,2019-09-04 19:43:45,33
CARO ,2019-09-04 20:43:45,33
CARO ,2019-09-04 21:43:43,33
CARO ,2019-09-04 22:43:44,33
CARO ,2019-09-04 23:43:48,33
CARO ,2019-09-05 01:43:45,33
CARO ,2019-09-05 02:43:50,33
CARO ,2019-09-05 03:43:43,33
CARO ,2019-09-05 04:43:44,33
CARO ,2019-09-05 05:43:55,33
CARO ,2019-09-05 06:43:43,33
CARO ,2019-09-05 07:43:48,33
CARO ,2019-09-05 08:43:45,33
CARO ,2019-09-05 09:43:42,33
CARO ,2019-09-05 10:43:50,33
CARO ,2019-09-05 11:43:44,33
CARO ,2019-09-05 13:07:48,33
CARO ,2019-09-05 13:43:45,33
CARO ,2019-09-05 14:43:48,32
CARO ,2019-09-05 15:43:45,32
CARO ,2019-09-05 16:43:57,32
CARO ,2019-09-05 17:43:46,32
CARO ,2019-09-05 18:43:43,32
CARO ,2019-09-05 19:43:43,32
CARO ,2019-09-05 20:43:46,32
CARO ,2019-09-05 21:43:44,32
CARO ,2019-09-05 22:43:46,32
CARO ,2019-09-05 23:43:47,32
CARO ,2019-09-06 00:43:46,32
CARO ,2019-09-06 01:43:46,32
CARO ,2019-09-06 02:43:44,32
CARO ,2019-09-06 03:43:42,32
CARO ,2019-09-06 04:43:44,32
CARO ,2019-09-06 05:43:56,32
CARO ,2019-09-06 06:43:45,32
CARO ,2019-09-06 07:43:47,32
CARO ,2019-09-06 08:43:44,32
CARO ,2019-09-06 09:43:45,32
CARO ,2019-09-06 10:43:45,32
CARO ,2019-09-06 11:43:57,32
CARO ,2019-09-06 13:06:49,32
CARO ,2019-09-06 13:43:46,32
CARO ,2019-09-06 14:43:43,32
CARO ,2019-09-06 15:43:43,32
CARO ,2019-09-06 16:43:55,32
CARO ,2019-09-06 17:43:45,32
CARO ,2019-09-06 18:43:48,32
CARO ,2019-09-06 19:43:44,32
CARO ,2019-09-06 20:43:45,32
CARO ,2019-09-06 21:43:45,32
CARO ,2019-09-06 22:43:45,32
CARO ,2019-09-06 23:43:44,32
CARO ,2019-09-07 00:43:44,32
CARO ,2019-09-07 01:43:46,32
CARO ,2019-09-07 02:43:46,32
CARO ,2019-09-07 03:43:47,32
CARO ,2019-09-07 04:43:45,32
CARO ,2019-09-07 05:44:09,32
CARO ,2019-09-07 06:43:45,32
CARO ,2019-09-07 07:43:43,32
CARO ,2019-09-07 08:43:43,32
CARO ,2019-09-07 09:43:44,32
CARO ,2019-09-07 10:43:46,32
CARO ,2019-09-07 11:43:44,32
CARO ,2019-09-07 12:43:43,32
CARO ,2019-09-07 13:43:46,32
CARO ,2019-09-07 14:43:46,32
CARO ,2019-09-07 15:43:45,32
CARO ,2019-09-07 16:43:45,32
CARO ,2019-09-07 17:43:45,32
CARO ,2019-09-07 18:43:44,32
CARO ,2019-09-07 19:43:43,32
CARO ,2019-09-07 20:43:44,32
CARO ,2019-09-07 22:43:42,32
CARO ,2019-09-07 23:43:46,32
CARO ,2019-09-08 00:43:45,32
CARO ,2019-09-08 01:43:48,32
CARO ,2019-09-08 02:43:50,32
CARO ,2019-09-08 03:43:46,32
CARO ,2019-09-08 04:43:44,32
CARO ,2019-09-08 05:43:50,32
CARO ,2019-09-08 06:43:45,32
CARO ,2019-09-08 07:43:43,32
CARO ,2019-09-08 08:43:45,32
CARO ,2019-09-08 09:43:43,32
CARO ,2019-09-08 10:43:47,32
CARO ,2019-09-08 11:43:43,32
CARO ,2019-09-08 12:43:44,32
CARO ,2019-09-08 13:43:46,32
CARO ,2019-09-08 14:43:45,32
CARO ,2019-09-08 15:43:43,32
CARO ,2019-09-08 16:43:52,32
CARO ,2019-09-08 17:43:45,32
CARO ,2019-09-08 18:43:44,32
CARO ,2019-09-08 19:43:50,32
CARO ,2019-09-08 20:43:47,32
CARO ,2019-09-08 21:43:45,32
CARO ,2019-09-08 22:43:43,32
CARO ,2019-09-08 23:43:44,32
CARO ,2019-09-09 00:43:44,32
CARO ,2019-09-09 01:43:45,32
CARO ,2019-09-09 02:43:45,32
CARO ,2019-09-09 03:43:45,32
CARO ,2019-09-09 04:43:44,32
CARO ,2019-09-09 05:43:58,32
CARO ,2019-09-09 06:43:43,32
CARO ,2019-09-09 07:43:44,32
CARO ,2019-09-09 08:43:44,32
CARO ,2019-09-09 09:43:42,32
CARO ,2019-09-09 10:43:43,32
CARO ,2019-09-09 11:43:45,32
CARO ,2019-09-09 13:06:50,32
CARO ,2019-09-09 13:43:48,32
CARO ,2019-09-09 14:43:52,32
CARO ,2019-09-09 15:43:46,32
CARO ,2019-09-09 16:44:00,32
CARO ,2019-09-09 17:43:44,32
CARO ,2019-09-09 18:43:45,32
CARO ,2019-09-09 19:43:44,32
CARO ,2019-09-09 20:43:44,32
CARO ,2019-09-09 21:43:44,32
CARO ,2019-09-09 22:43:43,32
CARO ,2019-09-09 23:43:45,32
CARO ,2019-09-10 00:43:45,32
CARO ,2019-09-10 01:43:44,32
CARO ,2019-09-10 02:43:50,32
CARO ,2019-09-10 03:43:46,32
CARO ,2019-09-10 04:43:46,32
CARO ,2019-09-10 05:43:50,32
CARO ,2019-09-10 06:43:45,32
CARO ,2019-09-10 07:43:43,32
CARO ,2019-09-10 08:43:46,32
CARO ,2019-09-10 09:43:55,32
CARO ,2019-09-10 10:43:45,32
CARO ,2019-09-10 11:43:43,32
CARO ,2019-09-10 12:43:46,32
CARO ,2019-09-10 13:43:45,32
CARO ,2019-09-10 14:43:44,32
CARO ,2019-09-10 15:43:43,32
CARO ,2019-09-10 16:43:50,31
CARO ,2019-09-10 17:43:44,31
CARO ,2019-09-10 18:43:45,31
CARO ,2019-09-10 19:43:51,31
CARO ,2019-09-10 20:43:42,31
CARO ,2019-09-10 21:43:45,31
CARO ,2019-09-10 22:43:43,31
CARO ,2019-09-10 23:43:45,31
CARO ,2019-09-11 00:43:44,31
CARO ,2019-09-11 01:43:45,31
CARO ,2019-09-11 02:43:43,31
CARO ,2019-09-11 03:43:42,31
CARO ,2019-09-11 04:43:43,31
CARO ,2019-09-11 05:43:52,31
CARO ,2019-09-11 06:43:46,31
CARO ,2019-09-11 07:43:42,31
CARO ,2019-09-11 08:43:43,31
CARO ,2019-09-11 09:43:48,31
CARO ,2019-09-11 10:43:57,31
CARO ,2019-09-11 11:43:51,31
CARO ,2019-09-11 12:43:44,31
CARO ,2019-09-11 13:43:48,31
CARO ,2019-09-11 14:43:44,31
CARO ,2019-09-11 15:43:44,31
CARO ,2019-09-11 16:43:47,31
CARO ,2019-09-11 17:43:43,31
CARO ,2019-09-11 18:43:44,31
CARO ,2019-09-11 19:43:44,31
CARO ,2019-09-11 20:43:44,31
CARO ,2019-09-11 21:43:49,31
CARO ,2019-09-11 22:43:44,31
CARO ,2019-09-11 23:43:43,31
CARO ,2019-09-12 00:43:45,31
CARO ,2019-09-12 01:43:44,31
CARO ,2019-09-12 02:43:51,31
CARO ,2019-09-12 03:43:44,31
CARO ,2019-09-12 04:43:43,31
CARO ,2019-09-12 05:43:55,31
CARO ,2019-09-12 06:43:45,31
CARO ,2019-09-12 07:43:44,31
CARO ,2019-09-12 08:43:42,31
CARO ,2019-09-12 09:43:43,31
CARO ,2019-09-12 10:43:56,31
CARO ,2019-09-12 11:43:46,31
CARO ,2019-09-12 13:07:51,31
CARO ,2019-09-12 13:43:46,31
CARO ,2019-09-12 14:43:49,32
CARO ,2019-09-12 15:43:46,32
CARO ,2019-09-12 16:43:46,32
CARO ,2019-09-12 17:43:44,32
CARO ,2019-09-12 18:43:44,32
CARO ,2019-09-12 19:43:44,32
CARO ,2019-09-12 20:43:42,32
CARO ,2019-09-12 21:43:41,32
CARO ,2019-09-12 22:43:44,32
CARO ,2019-09-12 23:43:44,32
CARO ,2019-09-13 00:43:43,32
CARO ,2019-09-13 01:43:46,32
CARO ,2019-09-13 02:43:44,32
CARO ,2019-09-13 03:43:44,32
CARO ,2019-09-13 04:43:42,32
CARO ,2019-09-13 05:43:44,32
CARO ,2019-09-13 06:43:45,32
CARO ,2019-09-13 07:43:42,32
CARO ,2019-09-13 08:43:44,32
CARO ,2019-09-13 09:43:43,32
CARO ,2019-09-13 10:43:44,32
CARO ,2019-09-13 11:43:43,32
CARO ,2019-09-13 13:07:46,32
CARO ,2019-09-13 14:08:48,32
CARO ,2019-09-13 14:43:44,32
CARO ,2019-09-13 15:43:43,32
CARO ,2019-09-13 16:43:44,32
CARO ,2019-09-13 17:43:43,31
CARO ,2019-09-13 18:43:42,31
CARO ,2019-09-13 19:43:43,31
CARO ,2019-09-13 20:43:40,31
CARO ,2019-09-13 21:43:46,31
CARO ,2019-09-13 22:43:41,31
CARO ,2019-09-13 23:43:43,31
CARO ,2019-09-14 00:43:46,31
CARO ,2019-09-14 01:43:40,31
CARO ,2019-09-14 02:43:43,31
CARO ,2019-09-14 03:43:44,31
CARO ,2019-09-14 04:43:41,31
CARO ,2019-09-14 05:43:43,31
CARO ,2019-09-14 06:43:42,31
CARO ,2019-09-14 07:43:42,31
CARO ,2019-09-14 08:43:42,31
CARO ,2019-09-14 09:43:41,31
CARO ,2019-09-14 10:43:43,31
CARO ,2019-09-14 11:43:39,31
CARO ,2019-09-14 12:43:43,31
CARO ,2019-09-14 13:43:40,31
CARO ,2019-09-14 14:43:42,31
CARO ,2019-09-14 15:43:40,31
CARO ,2019-09-14 16:43:44,31
CARO ,2019-09-14 17:43:43,31
CARO ,2019-09-14 18:43:40,31
CARO ,2019-09-14 19:43:41,31
CARO ,2019-09-14 20:43:40,31
CARO ,2019-09-14 21:43:44,31
CARO ,2019-09-14 22:43:41,31
CARO ,2019-09-14 23:43:43,31
CARO ,2019-09-15 00:43:43,31
CARO ,2019-09-15 01:43:40,31
CARO ,2019-09-15 02:43:45,31
CARO ,2019-09-15 03:43:44,31
CARO ,2019-09-15 04:43:42,31
CARO ,2019-09-15 05:43:40,31
CARO ,2019-09-15 06:43:45,31
CARO ,2019-09-15 07:43:44,31
CARO ,2019-09-15 08:43:44,31
CARO ,2019-09-15 09:43:41,31
CARO ,2019-09-15 10:43:42,31
CARO ,2019-09-15 11:43:43,31
CARO ,2019-09-15 12:43:44,31
CARO ,2019-09-15 13:43:44,31
CARO ,2019-09-15 14:43:42,31
CARO ,2019-09-15 15:43:40,31
CARO ,2019-09-15 16:43:44,31
CARO ,2019-09-15 17:43:39,31
CARO ,2019-09-15 18:43:41,31
CARO ,2019-09-15 19:43:42,31
CARO ,2019-09-15 20:43:41,31
CARO ,2019-09-15 21:43:44,31
CARO ,2019-09-15 22:43:41,31
CARO ,2019-09-15 23:43:41,31
CARO ,2019-09-16 00:43:43,31
CARO ,2019-09-16 01:43:42,31
CARO ,2019-09-16 02:43:44,31
CARO ,2019-09-16 03:43:45,31
CARO ,2019-09-16 04:43:41,31
CARO ,2019-09-16 05:43:44,31
CARO ,2019-09-16 06:43:44,31
CARO ,2019-09-16 07:43:41,31
CARO ,2019-09-16 08:43:43,31
CARO ,2019-09-16 09:43:43,31
CARO ,2019-09-16 10:43:42,31
CARO ,2019-09-16 11:43:39,31
CARO ,2019-09-16 13:07:18,31
CARO ,2019-09-16 13:43:44,31
CARO ,2019-09-16 14:43:47,31
CARO ,2019-09-16 15:43:44,31
CARO ,2019-09-16 16:43:47,31
CARO ,2019-09-16 17:43:43,31
CARO ,2019-09-16 18:43:45,31
CARO ,2019-09-16 19:43:51,31
CARO ,2019-09-16 20:43:49,31
CARO ,2019-09-16 21:43:45,31
CARO ,2019-09-16 22:43:47,31
CARO ,2019-09-16 23:43:46,31
CARO ,2019-09-17 00:43:46,31
CARO ,2019-09-17 01:43:43,31
CARO ,2019-09-17 02:43:45,31
CARO ,2019-09-17 03:43:47,31
CARO ,2019-09-17 04:43:43,31
CARO ,2019-09-17 05:43:44,31
CARO ,2019-09-17 06:43:42,31
CARO ,2019-09-17 07:43:45,31
CARO ,2019-09-17 08:43:42,31
CARO ,2019-09-17 09:43:47,31
CARO ,2019-09-17 10:43:46,31
CARO ,2019-09-17 11:43:44,31
CARO ,2019-09-17 12:43:44,31
CARO ,2019-09-17 13:43:47,31
CARO ,2019-09-17 14:43:45,32
CARO ,2019-09-17 15:43:45,32
CARO ,2019-09-17 16:43:47,32
CARO ,2019-09-17 17:43:43,32
CARO ,2019-09-17 18:43:44,32
CARO ,2019-09-17 19:43:43,32
CARO ,2019-09-17 20:43:44,32
CARO ,2019-09-17 21:43:44,32
CARO ,2019-09-17 22:43:46,32
CARO ,2019-09-17 23:43:44,32
CARO ,2019-09-18 00:43:44,32
CARO ,2019-09-18 01:43:44,32
CARO ,2019-09-18 02:43:42,32
CARO ,2019-09-18 03:43:43,32
CARO ,2019-09-18 04:43:51,32
CARO ,2019-09-18 05:43:44,32
CARO ,2019-09-18 06:43:46,32
CARO ,2019-09-18 07:43:43,32
CARO ,2019-09-18 08:43:45,32
CARO ,2019-09-18 09:43:45,32
CARO ,2019-09-18 10:43:44,32
CARO ,2019-09-18 11:43:43,32
CARO ,2019-09-18 13:38:53,32
CARO ,2019-09-18 13:46:08,32
CARO ,2019-09-18 14:43:45,32
CARO ,2019-09-18 15:43:47,32
CARO ,2019-09-18 16:43:48,32
CARO ,2019-09-18 17:43:43,32
CARO ,2019-09-18 18:43:42,32
CARO ,2019-09-18 19:43:46,32
CARO ,2019-09-18 20:43:44,32
CARO ,2019-09-18 21:43:43,32
CARO ,2019-09-18 22:43:45,32
CARO ,2019-09-18 23:43:47,32
CARO ,2019-09-19 00:43:41,32
CARO ,2019-09-19 01:43:44,32
CARO ,2019-09-19 02:43:47,32
CARO ,2019-09-19 03:43:45,32
CARO ,2019-09-19 04:43:42,32
CARO ,2019-09-19 05:43:45,32
CARO ,2019-09-19 06:43:46,32
CARO ,2019-09-19 07:43:41,32
CARO ,2019-09-19 08:43:44,32
CARO ,2019-09-19 09:43:43,32
CARO ,2019-09-19 10:43:44,32
CARO ,2019-09-19 11:43:41,32
CARO ,2019-09-19 13:07:19,32
CARO ,2019-09-19 13:43:47,32
CARO ,2019-09-19 14:43:42,32
CARO ,2019-09-19 15:43:45,32
CARO ,2019-09-19 16:43:50,32
CARO ,2019-09-19 17:43:45,32
CARO ,2019-09-19 18:43:45,32
CARO ,2019-09-19 19:43:41,32
CARO ,2019-09-19 20:43:46,32
CARO ,2019-09-19 21:43:42,32
CARO ,2019-09-19 22:43:46,32
CARO ,2019-09-19 23:43:42,32
CARO ,2019-09-20 00:43:47,32
CARO ,2019-09-20 01:43:51,32
CARO ,2019-09-20 02:43:42,32
CARO ,2019-09-20 03:43:46,32
CARO ,2019-09-20 04:43:44,32
CARO ,2019-09-20 05:43:46,32
CARO ,2019-09-20 06:43:43,32
CARO ,2019-09-20 07:43:43,32
CARO ,2019-09-20 08:43:46,32
CARO ,2019-09-20 09:43:41,32
CARO ,2019-09-20 10:43:42,32
CARO ,2019-09-20 11:43:46,32
CARO ,2019-09-20 12:43:46,32
CARO ,2019-09-20 13:43:40,32
CARO ,2019-09-20 14:43:45,32
CARO ,2019-09-20 15:43:46,32
CARO ,2019-09-20 16:43:45,32
CARO ,2019-09-20 17:43:49,32
CARO ,2019-09-20 18:43:43,32
CARO ,2019-09-20 19:43:47,32
CARO ,2019-09-20 20:43:41,32
CARO ,2019-09-20 21:43:43,32
CARO ,2019-09-20 22:43:46,32
CARO ,2019-09-20 23:43:41,32
CARO ,2019-09-21 00:43:41,32
CARO ,2019-09-21 01:43:41,32
CARO ,2019-09-21 02:43:44,32
CARO ,2019-09-21 03:43:46,32
CARO ,2019-09-21 04:43:40,32
CARO ,2019-09-21 05:43:45,32
CARO ,2019-09-21 06:43:45,32
CARO ,2019-09-21 07:43:41,32
CARO ,2019-09-21 08:43:41,32
CARO ,2019-09-21 09:43:43,32
CARO ,2019-09-21 10:43:40,32
CARO ,2019-09-21 11:43:43,32
CARO ,2019-09-21 12:43:45,32
CARO ,2019-09-21 13:43:45,32
CARO ,2019-09-21 14:43:42,32
CARO ,2019-09-21 15:43:41,32
CARO ,2019-09-21 16:43:45,32
CARO ,2019-09-21 17:43:43,32
CARO ,2019-09-21 18:43:42,32
CARO ,2019-09-21 19:43:42,32
CARO ,2019-09-21 20:43:41,32
CARO ,2019-09-21 21:43:42,32
CARO ,2019-09-21 22:43:42,32
CARO ,2019-09-21 23:43:44,32
CARO ,2019-09-22 00:43:41,32
CARO ,2019-09-22 01:43:42,32
CARO ,2019-09-22 02:43:43,32
CARO ,2019-09-22 03:43:42,32
CARO ,2019-09-22 04:43:44,32
CARO ,2019-09-22 05:43:42,32
CARO ,2019-09-22 06:43:45,32
CARO ,2019-09-22 07:43:45,32
CARO ,2019-09-22 08:43:42,32
CARO ,2019-09-22 09:43:44,32
CARO ,2019-09-22 10:43:42,32
CARO ,2019-09-22 11:43:41,32
CARO ,2019-09-22 12:43:43,32
CARO ,2019-09-22 13:43:41,32
CARO ,2019-09-22 14:43:45,32
CARO ,2019-09-22 15:43:41,32
CARO ,2019-09-22 16:43:45,32
CARO ,2019-09-22 17:43:42,32
CARO ,2019-09-22 18:43:42,32
CARO ,2019-09-22 19:43:45,32
CARO ,2019-09-22 20:43:41,32
CARO ,2019-09-22 21:43:42,32
CARO ,2019-09-22 22:43:41,32
CARO ,2019-09-22 23:43:42,32
CARO ,2019-09-23 00:43:44,32
CARO ,2019-09-23 01:43:41,32
CARO ,2019-09-23 02:43:41,32
CARO ,2019-09-23 03:43:44,32
CARO ,2019-09-23 04:43:42,32
CARO ,2019-09-23 05:43:41,32
CARO ,2019-09-23 06:43:44,32
CARO ,2019-09-23 07:43:42,32
CARO ,2019-09-23 08:43:44,32
CARO ,2019-09-23 09:43:43,32
CARO ,2019-09-23 10:43:43,32
CARO ,2019-09-23 11:43:46,32
CARO ,2019-09-23 12:43:45,32
CARO ,2019-09-23 13:43:42,32
CARO ,2019-09-23 14:43:45,32
CARO ,2019-09-23 15:43:41,32
CARO ,2019-09-23 16:43:45,32
CARO ,2019-09-23 17:43:42,32
CARO ,2019-09-23 18:43:46,32
CARO ,2019-09-23 19:43:42,32
CARO ,2019-09-23 20:43:42,31
CARO ,2019-09-23 21:43:43,31
CARO ,2019-09-23 22:43:45,31
CARO ,2019-09-23 23:43:41,31
CARO ,2019-09-24 00:43:44,31
CARO ,2019-09-24 01:43:42,31
CARO ,2019-09-24 03:43:45,31
CARO ,2019-09-24 04:43:42,31
CARO ,2019-09-24 05:43:48,31
CARO ,2019-09-24 06:43:42,31
CARO ,2019-09-24 07:43:43,31
CARO ,2019-09-24 08:43:44,31
CARO ,2019-09-24 09:43:41,31
CARO ,2019-09-24 10:43:43,31
CARO ,2019-09-24 11:43:45,31
CARO ,2019-09-24 12:43:45,31
CARO ,2019-09-24 13:43:42,31
CARO ,2019-09-24 14:43:44,31
CARO ,2019-09-24 15:43:46,31
CARO ,2019-09-24 16:43:44,31
CARO ,2019-09-24 17:43:44,31
CARO ,2019-09-24 18:43:45,31
CARO ,2019-09-24 19:43:41,31
CARO ,2019-09-24 20:43:43,31
CARO ,2019-09-24 21:43:45,31
CARO ,2019-09-24 22:43:42,31
CARO ,2019-09-24 23:43:41,31
CARO ,2019-09-25 00:43:44,31
CARO ,2019-09-25 01:43:47,31
CARO ,2019-09-25 02:43:40,31
CARO ,2019-09-25 03:43:47,31
CARO ,2019-09-25 04:43:45,31
CARO ,2019-09-25 05:43:41,31
CARO ,2019-09-25 06:43:44,31
CARO ,2019-09-25 07:43:47,31
CARO ,2019-09-25 08:43:44,31
CARO ,2019-09-25 09:43:45,31
CARO ,2019-09-25 10:43:45,31
CARO ,2019-09-25 11:43:43,31
CARO ,2019-09-25 12:43:46,31
CARO ,2019-09-25 13:43:47,31
CARO ,2019-09-25 14:43:47,31
CARO ,2019-09-25 15:43:47,31
CARO ,2019-09-25 16:43:45,31
CARO ,2019-09-25 17:43:44,31
CARO ,2019-09-25 18:43:44,31
CARO ,2019-09-25 19:43:47,31
CARO ,2019-09-25 20:43:42,31
CARO ,2019-09-25 21:43:44,31
CARO ,2019-09-25 22:43:42,31
CARO ,2019-09-25 23:43:46,31
CARO ,2019-09-26 00:43:43,31
CARO ,2019-09-26 01:43:43,31
CARO ,2019-09-26 02:43:46,31
CARO ,2019-09-26 03:43:44,31
CARO ,2019-09-26 04:43:48,31
CARO ,2019-09-26 05:43:45,31
CARO ,2019-09-26 06:43:44,31
CARO ,2019-09-26 07:43:42,31
CARO ,2019-09-26 08:43:45,31
CARO ,2019-09-26 09:43:44,31
CARO ,2019-09-26 10:43:42,31
CARO ,2019-09-26 11:43:42,31
CARO ,2019-09-26 13:06:50,31
CARO ,2019-09-26 13:43:50,31
CARO ,2019-09-26 14:43:46,31
CARO ,2019-09-26 15:43:47,31
CARO ,2019-09-26 16:43:47,31
CARO ,2019-09-26 17:43:47,31
CARO ,2019-09-26 18:43:50,31
CARO ,2019-09-26 19:43:45,31
CARO ,2019-09-26 20:43:43,31
CARO ,2019-09-26 21:43:47,31
CARO ,2019-09-26 22:43:46,31
CARO ,2019-09-26 23:43:45,31
CARO ,2019-09-27 00:43:45,31
CARO ,2019-09-27 01:43:41,31
CARO ,2019-09-27 02:43:54,31
CARO ,2019-09-27 03:43:45,31
CARO ,2019-09-27 04:43:43,31
CARO ,2019-09-27 05:43:45,31
CARO ,2019-09-27 06:43:45,31
CARO ,2019-09-27 07:43:50,31
CARO ,2019-09-27 08:43:43,31
CARO ,2019-09-27 09:43:44,31
CARO ,2019-09-27 10:43:46,31
CARO ,2019-09-27 11:43:43,31
CARO ,2019-09-27 13:07:49,31
CARO ,2019-09-27 13:43:48,31
CARO ,2019-09-27 14:43:46,31
CARO ,2019-09-27 15:43:46,31
CARO ,2019-09-27 16:43:46,31
CARO ,2019-09-27 17:43:45,31
CARO ,2019-09-27 18:43:41,31
CARO ,2019-09-27 19:43:45,31
CARO ,2019-09-27 20:43:40,31
CARO ,2019-09-27 21:43:42,31
CARO ,2019-09-27 22:43:47,31
CARO ,2019-09-27 23:43:43,31
CARO ,2019-09-28 00:43:43,31
CARO ,2019-09-28 01:43:46,31
CARO ,2019-09-28 02:43:44,31
CARO ,2019-09-28 03:43:45,31
CARO ,2019-09-28 04:43:44,31
CARO ,2019-09-28 05:43:47,31
CARO ,2019-09-28 06:43:41,31
CARO ,2019-09-28 07:43:46,31
CARO ,2019-09-28 08:43:43,31
CARO ,2019-09-28 09:43:44,31
CARO ,2019-09-28 10:43:40,31
CARO ,2019-09-28 11:43:44,31
CARO ,2019-09-28 12:43:45,31
CARO ,2019-09-28 13:43:47,31
CARO ,2019-09-28 14:43:42,31
CARO ,2019-09-28 15:43:41,31
CARO ,2019-09-28 16:43:46,31
CARO ,2019-09-28 17:43:45,31
CARO ,2019-09-28 18:43:41,31
CARO ,2019-09-28 19:43:42,31
CARO ,2019-09-28 20:43:45,31
CARO ,2019-09-28 21:43:42,31
CARO ,2019-09-28 22:43:44,31
CARO ,2019-09-28 23:43:41,31
CARO ,2019-09-29 00:43:42,31
CARO ,2019-09-29 01:43:45,31
CARO ,2019-09-29 02:43:45,31
CARO ,2019-09-29 03:43:45,31
CARO ,2019-09-29 04:43:42,31
CARO ,2019-09-29 05:43:45,31
CARO ,2019-09-29 06:43:41,31
CARO ,2019-09-29 07:43:44,31
CARO ,2019-09-29 08:43:42,31
CARO ,2019-09-29 09:43:44,31
CARO ,2019-09-29 10:43:41,31
CARO ,2019-09-29 11:43:43,31
CARO ,2019-09-29 12:43:42,31
CARO ,2019-09-29 13:43:41,31
CARO ,2019-09-29 14:43:44,31
CARO ,2019-09-29 15:43:41,31
CARO ,2019-09-29 16:43:44,31
CARO ,2019-09-29 17:43:48,31
CARO ,2019-09-29 18:43:42,31
CARO ,2019-09-29 19:43:48,31
CARO ,2019-09-29 20:43:45,31
CARO ,2019-09-29 21:43:42,31
CARO ,2019-09-29 22:43:44,31
CARO ,2019-09-29 23:43:46,31
CARO ,2019-09-30 00:43:40,31
CARO ,2019-09-30 01:43:44,31
CARO ,2019-09-30 02:43:41,31
CARO ,2019-09-30 03:43:45,31
CARO ,2019-09-30 04:43:43,31
CARO ,2019-09-30 05:43:44,31
CARO ,2019-09-30 06:43:42,31
CARO ,2019-09-30 07:43:46,31
CARO ,2019-09-30 08:43:43,31
CARO ,2019-09-30 09:43:44,31
CARO ,2019-09-30 10:43:41,31
CARO ,2019-09-30 11:43:42,31
CARO ,2019-09-30 12:43:45,31
CARO ,2019-09-30 13:43:42,31
CARO ,2019-09-30 14:43:48,31
CARO ,2019-09-30 15:43:45,31
CARO ,2019-09-30 16:43:51,31
CARO ,2019-09-30 17:43:45,31
CARO ,2019-09-30 18:43:48,31
CARO ,2019-09-30 19:43:43,31
CARO ,2019-09-30 20:43:42,31
CARO ,2019-09-30 21:43:44,31
CARO ,2019-09-30 22:43:42,31
CARO ,2019-09-30 23:43:45,31
CARO ,2019-10-01 00:43:44,31
CARO ,2019-10-01 01:43:42,31
CARO ,2019-10-01 02:43:44,31
CARO ,2019-10-01 03:43:45,31
CARO ,2019-10-01 04:43:41,31
CARO ,2019-10-01 05:43:42,31
CARO ,2019-10-01 06:43:43,31
CARO ,2019-10-01 07:43:46,31
CARO ,2019-10-01 08:43:42,31
CARO ,2019-10-01 09:43:48,31
CARO ,2019-10-01 10:43:43,31
CARO ,2019-10-01 11:43:42,31
CARO ,2019-10-01 13:06:47,31
CARO ,2019-10-01 13:43:45,31
CARO ,2019-10-01 14:43:42,31
CARO ,2019-10-01 15:43:42,31
CARO ,2019-10-01 16:43:46,31
CARO ,2019-10-01 17:43:40,31
CARO ,2019-10-01 18:43:44,31
CARO ,2019-10-01 19:43:44,31
CARO ,2019-10-01 20:43:41,31
CARO ,2019-10-01 21:43:42,31
CARO ,2019-10-01 22:43:43,31
CARO ,2019-10-01 23:43:42,31
CARO ,2019-10-02 00:43:56,31
CARO ,2019-10-02 01:43:42,31
CARO ,2019-10-02 02:43:41,31
CARO ,2019-10-02 03:43:42,31
CARO ,2019-10-02 04:43:46,31
CARO ,2019-10-02 05:43:45,31
CARO ,2019-10-02 06:43:41,31
CARO ,2019-10-02 07:43:41,31
CARO ,2019-10-02 08:43:41,31
CARO ,2019-10-02 09:43:44,31
CARO ,2019-10-02 10:43:40,31
CARO ,2019-10-02 11:43:40,31
CARO ,2019-10-02 13:07:17,31
CARO ,2019-10-02 13:43:43,31
CARO ,2019-10-02 14:43:42,31
CARO ,2019-10-02 15:43:44,31
CARO ,2019-10-02 16:43:40,31
CARO ,2019-10-02 17:43:41,31
CARO ,2019-10-02 18:43:42,31
CARO ,2019-10-02 19:43:42,31
CARO ,2019-10-02 20:43:42,31
CARO ,2019-10-02 21:43:42,31
CARO ,2019-10-02 22:43:44,31
CARO ,2019-10-02 23:43:40,31
CARO ,2019-10-03 00:43:40,31
CARO ,2019-10-03 01:43:41,31
CARO ,2019-10-03 02:43:41,31
CARO ,2019-10-03 03:43:43,31
CARO ,2019-10-03 04:43:42,31
CARO ,2019-10-03 06:43:41,31
CARO ,2019-10-03 07:43:42,31
CARO ,2019-10-03 08:43:42,31
CARO ,2019-10-03 09:43:41,31
CARO ,2019-10-03 10:43:44,31
CARO ,2019-10-03 11:43:40,31
CARO ,2019-10-03 13:07:14,31
CARO ,2019-10-03 13:44:38,31
CARO ,2019-10-03 14:43:45,31
CARO ,2019-10-03 15:43:41,31
CARO ,2019-10-03 16:43:42,31
CARO ,2019-10-03 17:43:43,31
CARO ,2019-10-03 18:43:44,31
CARO ,2019-10-03 19:43:43,31
CARO ,2019-10-03 20:43:42,31
CARO ,2019-10-03 21:43:42,31
CARO ,2019-10-03 22:43:42,31
CARO ,2019-10-03 23:43:45,31
CARO ,2019-10-04 00:43:42,31
CARO ,2019-10-04 01:43:42,31
CARO ,2019-10-04 02:43:41,31
CARO ,2019-10-04 03:43:42,31
CARO ,2019-10-04 04:43:42,31
CARO ,2019-10-04 05:43:47,31
CARO ,2019-10-04 06:43:45,31
CARO ,2019-10-04 07:43:42,31
CARO ,2019-10-04 08:43:43,31
CARO ,2019-10-04 09:43:42,31
CARO ,2019-10-04 10:43:44,31
CARO ,2019-10-04 11:43:42,31
CARO ,2019-10-04 12:43:43,31
CARO ,2019-10-04 13:43:46,31
CARO ,2019-10-04 14:43:41,31
CARO ,2019-10-04 15:43:42,31
CARO ,2019-10-04 16:43:45,31
CARO ,2019-10-04 17:43:41,31
CARO ,2019-10-04 18:43:43,31
CARO ,2019-10-04 19:43:43,31
CARO ,2019-10-04 20:43:43,31
CARO ,2019-10-04 21:43:44,31
CARO ,2019-10-04 22:43:41,31
CARO ,2019-10-04 23:43:41,31
CARO ,2019-10-05 00:43:45,31
CARO ,2019-10-05 01:43:42,31
CARO ,2019-10-05 02:43:42,31
CARO ,2019-10-05 03:43:41,31
CARO ,2019-10-05 04:43:41,31
CARO ,2019-10-05 05:43:46,31
CARO ,2019-10-05 06:43:41,31
CARO ,2019-10-05 07:43:42,31
CARO ,2019-10-05 08:43:44,31
CARO ,2019-10-05 09:43:41,31
CARO ,2019-10-05 10:43:41,31
CARO ,2019-10-05 11:43:42,31
CARO ,2019-10-05 12:43:43,31
CARO ,2019-10-05 13:43:44,31
CARO ,2019-10-05 14:43:42,31
CARO ,2019-10-05 15:43:41,31
CARO ,2019-10-05 16:43:42,31
CARO ,2019-10-05 17:43:47,31
CARO ,2019-10-05 18:43:42,31
CARO ,2019-10-05 19:43:42,31
CARO ,2019-10-05 20:43:44,31
CARO ,2019-10-05 21:43:42,31
CARO ,2019-10-05 22:43:42,31
CARO ,2019-10-05 23:43:43,31
CARO ,2019-10-06 00:43:42,31
CARO ,2019-10-06 01:43:43,31
CARO ,2019-10-06 02:43:48,31
CARO ,2019-10-06 03:43:44,31
CARO ,2019-10-06 04:43:42,31
CARO ,2019-10-06 05:43:42,31
CARO ,2019-10-06 06:43:46,31
CARO ,2019-10-06 07:43:42,31
CARO ,2019-10-06 08:43:45,31
CARO ,2019-10-06 09:43:43,31
CARO ,2019-10-06 10:43:42,31
CARO ,2019-10-06 11:43:43,31
CARO ,2019-10-06 12:43:44,31
CARO ,2019-10-06 13:43:41,31
CARO ,2019-10-06 14:43:43,31
CARO ,2019-10-06 15:43:41,31
CARO ,2019-10-06 16:43:42,31
CARO ,2019-10-06 17:43:42,31
CARO ,2019-10-06 18:43:45,31
CARO ,2019-10-06 19:43:45,31
CARO ,2019-10-06 20:43:41,31
CARO ,2019-10-06 21:43:41,31
CARO ,2019-10-06 22:43:40,31
CARO ,2019-10-06 23:43:41,31
CARO ,2019-10-07 00:43:42,31
CARO ,2019-10-07 01:43:43,31
CARO ,2019-10-07 02:43:44,31
CARO ,2019-10-07 03:43:42,31
CARO ,2019-10-07 04:43:42,31
CARO ,2019-10-07 05:43:42,31
CARO ,2019-10-07 06:43:43,31
CARO ,2019-10-07 07:43:42,31
CARO ,2019-10-07 08:43:42,31
CARO ,2019-10-07 09:43:48,31
CARO ,2019-10-07 10:43:42,31
CARO ,2019-10-07 11:43:42,31
CARO ,2019-10-07 12:43:50,31
CARO ,2019-10-07 13:43:44,31
CARO ,2019-10-07 14:43:42,31
CARO ,2019-10-07 15:43:43,31
CARO ,2019-10-07 16:43:44,31
CARO ,2019-10-07 17:43:42,31
CARO ,2019-10-07 18:43:42,31
CARO ,2019-10-07 19:43:44,31
CARO ,2019-10-07 20:43:41,31
CARO ,2019-10-07 21:43:41,31
CARO ,2019-10-07 22:43:41,31
CARO ,2019-10-07 23:43:45,31
CARO ,2019-10-08 00:43:41,31
CARO ,2019-10-08 01:43:41,31
CARO ,2019-10-08 02:43:41,31
CARO ,2019-10-08 03:43:45,31
CARO ,2019-10-08 04:43:42,31
CARO ,2019-10-08 05:43:41,31
CARO ,2019-10-08 06:43:43,31
CARO ,2019-10-08 07:43:42,31
CARO ,2019-10-08 08:43:42,31
CARO ,2019-10-08 09:43:43,31
CARO ,2019-10-08 10:43:44,31
CARO ,2019-10-08 11:43:41,31
CARO ,2019-10-08 12:43:43,31
CARO ,2019-10-08 13:43:43,31
CARO ,2019-10-08 14:43:41,31
CARO ,2019-10-08 15:43:42,31
CARO ,2019-10-08 16:43:46,31
CARO ,2019-10-08 17:43:45,31
CARO ,2019-10-08 18:43:44,31
CARO ,2019-10-08 19:43:44,31
CARO ,2019-10-08 20:43:42,32
CARO ,2019-10-08 21:43:42,32
CARO ,2019-10-08 22:43:43,32
CARO ,2019-10-08 23:43:43,32
CARO ,2019-10-09 00:43:42,32
CARO ,2019-10-09 01:43:42,32
CARO ,2019-10-09 02:43:43,32
CARO ,2019-10-09 03:43:41,32
CARO ,2019-10-09 04:43:44,32
CARO ,2019-10-09 05:43:42,32
CARO ,2019-10-09 06:43:42,32
CARO ,2019-10-09 07:43:47,32
CARO ,2019-10-09 08:43:43,32
CARO ,2019-10-09 09:43:41,32
CARO ,2019-10-09 10:43:43,32
CARO ,2019-10-09 11:43:41,32
CARO ,2019-10-09 12:43:47,32
CARO ,2019-10-09 13:43:43,32
CARO ,2019-10-09 14:43:43,32
CARO ,2019-10-09 15:43:48,32
CARO ,2019-10-09 16:43:44,32
CARO ,2019-10-09 17:43:50,32
CARO ,2019-10-09 18:43:46,32
CARO ,2019-10-09 19:43:47,32
CARO ,2019-10-09 20:43:42,32
CARO ,2019-10-09 21:43:41,32
CARO ,2019-10-09 22:43:43,32
CARO ,2019-10-09 23:43:43,32
CARO ,2019-10-10 00:43:45,32
CARO ,2019-10-10 01:43:41,32
CARO ,2019-10-10 02:43:44,32
CARO ,2019-10-10 03:43:42,32
CARO ,2019-10-10 04:43:42,32
CARO ,2019-10-10 05:43:48,32
CARO ,2019-10-10 06:43:43,32
CARO ,2019-10-10 07:43:45,32
CARO ,2019-10-10 08:43:43,32
CARO ,2019-10-10 09:43:41,32
CARO ,2019-10-10 10:43:41,32
CARO ,2019-10-10 11:43:44,32
CARO ,2019-10-10 13:06:50,32
CARO ,2019-10-10 13:43:45,32
CARO ,2019-10-10 14:43:43,32
CARO ,2019-10-10 15:43:44,32
CARO ,2019-10-10 16:43:43,32
CARO ,2019-10-10 17:43:43,32
CARO ,2019-10-10 18:43:42,32
CARO ,2019-10-10 19:43:44,32
CARO ,2019-10-10 20:43:43,32
CARO ,2019-10-10 21:43:44,32
CARO ,2019-10-10 22:43:43,32
CARO ,2019-10-10 23:43:56,32
CARO ,2019-10-11 00:43:43,32
CARO ,2019-10-11 01:43:44,32
CARO ,2019-10-11 02:43:44,32
CARO ,2019-10-11 03:43:48,32
CARO ,2019-10-11 04:43:43,32
CARO ,2019-10-11 05:43:42,32
CARO ,2019-10-11 06:43:46,32
CARO ,2019-10-11 07:43:44,32
CARO ,2019-10-11 08:43:43,32
CARO ,2019-10-11 09:43:47,32
CARO ,2019-10-11 10:43:43,32
CARO ,2019-10-11 11:43:43,32
CARO ,2019-10-11 13:07:19,32
CARO ,2019-10-11 13:43:46,32
CARO ,2019-10-11 14:43:42,32
CARO ,2019-10-11 15:43:51,32
CARO ,2019-10-11 16:43:45,32
CARO ,2019-10-11 17:43:44,32
CARO ,2019-10-11 18:43:45,32
CARO ,2019-10-11 19:43:45,32
CARO ,2019-10-11 20:43:42,32
CARO ,2019-10-11 21:43:42,32
CARO ,2019-10-11 22:43:43,32
CARO ,2019-10-11 23:43:42,32
CARO ,2019-10-12 00:43:46,32
CARO ,2019-10-12 01:43:42,32
CARO ,2019-10-12 02:43:44,32
CARO ,2019-10-12 03:43:46,32
CARO ,2019-10-12 04:43:42,32
CARO ,2019-10-12 05:43:46,32
CARO ,2019-10-12 06:43:48,32
CARO ,2019-10-12 07:43:42,32
CARO ,2019-10-12 08:43:42,32
CARO ,2019-10-12 09:43:46,32
CARO ,2019-10-12 10:43:42,32
CARO ,2019-10-12 11:43:42,32
CARO ,2019-10-12 12:43:47,32
CARO ,2019-10-12 13:43:43,32
CARO ,2019-10-12 14:43:43,32
CARO ,2019-10-12 15:43:43,32
CARO ,2019-10-12 16:43:46,32
CARO ,2019-10-12 17:43:46,32
CARO ,2019-10-12 18:43:43,32
CARO ,2019-10-12 19:43:44,32
CARO ,2019-10-12 20:43:44,32
CARO ,2019-10-12 21:43:42,32
CARO ,2019-10-12 22:43:44,32
CARO ,2019-10-12 23:43:43,32
CARO ,2019-10-13 00:43:47,32
CARO ,2019-10-13 01:43:43,32
CARO ,2019-10-13 02:43:43,32
CARO ,2019-10-13 03:43:46,32
CARO ,2019-10-13 04:43:42,32
CARO ,2019-10-13 05:43:42,32
CARO ,2019-10-13 06:43:45,32
CARO ,2019-10-13 07:43:43,32
CARO ,2019-10-13 08:43:47,32
CARO ,2019-10-13 09:43:45,32
CARO ,2019-10-13 10:43:41,32
CARO ,2019-10-13 11:43:46,32
CARO ,2019-10-13 12:43:42,32
CARO ,2019-10-13 13:43:46,32
CARO ,2019-10-13 14:43:45,32
CARO ,2019-10-13 15:43:43,32
CARO ,2019-10-13 16:43:49,32
CARO ,2019-10-13 17:43:43,32
CARO ,2019-10-13 18:43:45,32
CARO ,2019-10-13 19:43:45,32
CARO ,2019-10-13 20:43:47,32
CARO ,2019-10-13 21:43:46,32
CARO ,2019-10-13 22:43:45,32
CARO ,2019-10-13 23:43:49,32
CARO ,2019-10-14 00:43:43,32
CARO ,2019-10-14 01:43:45,32
CARO ,2019-10-14 02:43:43,32
CARO ,2019-10-14 03:43:45,32
CARO ,2019-10-14 04:43:45,32
CARO ,2019-10-14 05:43:43,32
CARO ,2019-10-14 06:43:46,32
CARO ,2019-10-14 07:43:43,32
CARO ,2019-10-14 08:43:43,32
CARO ,2019-10-14 09:43:46,32
CARO ,2019-10-14 10:43:44,32
CARO ,2019-10-14 11:43:46,32
CARO ,2019-10-14 12:43:47,32
CARO ,2019-10-14 13:43:45,32
CARO ,2019-10-14 14:43:44,32
CARO ,2019-10-14 15:43:44,32
CARO ,2019-10-14 16:43:49,32
CARO ,2019-10-14 17:43:43,32
CARO ,2019-10-14 18:43:47,32
CARO ,2019-10-14 19:43:43,32
CARO ,2019-10-14 20:43:45,32
CARO ,2019-10-14 21:43:45,32
CARO ,2019-10-14 22:43:46,32
CARO ,2019-10-14 23:43:52,32
CARO ,2019-10-15 00:43:43,32
CARO ,2019-10-15 02:43:49,32
CARO ,2019-10-15 03:43:43,32
CARO ,2019-10-15 04:43:43,32
CARO ,2019-10-15 05:43:46,32
CARO ,2019-10-15 06:43:46,32
CARO ,2019-10-15 07:43:49,32
CARO ,2019-10-15 08:43:45,32
CARO ,2019-10-15 09:43:44,32
CARO ,2019-10-15 10:43:44,32
CARO ,2019-10-15 11:43:47,32
CARO ,2019-10-15 12:43:44,32
CARO ,2019-10-15 13:43:49,32
CARO ,2019-10-15 14:43:43,32
CARO ,2019-10-15 15:43:42,32
CARO ,2019-10-15 16:43:45,32
CARO ,2019-10-15 17:43:46,32
CARO ,2019-10-15 18:43:48,32
CARO ,2019-10-15 19:43:47,32
CARO ,2019-10-15 20:43:51,32
CARO ,2019-10-15 21:43:45,32
CARO ,2019-10-15 22:43:42,32
CARO ,2019-10-15 23:43:43,32
CARO ,2019-10-16 00:43:44,32
CARO ,2019-10-16 01:43:43,32
CARO ,2019-10-16 02:43:44,32
CARO ,2019-10-16 03:43:49,32
CARO ,2019-10-16 04:43:44,32
CARO ,2019-10-16 05:43:44,32
CARO ,2019-10-16 06:43:44,32
CARO ,2019-10-16 07:43:50,32
CARO ,2019-10-16 08:43:51,32
CARO ,2019-10-16 09:43:44,32
CARO ,2019-10-16 10:43:46,32
CARO ,2019-10-16 11:43:42,32
CARO ,2019-10-16 12:43:44,32
CARO ,2019-10-16 13:43:49,32
CARO ,2019-10-16 14:43:44,32
CARO ,2019-10-16 15:43:50,32
CARO ,2019-10-16 16:43:44,32
CARO ,2019-10-16 17:43:43,32
CARO ,2019-10-16 18:43:45,32
CARO ,2019-10-16 19:43:42,32
CARO ,2019-10-16 20:43:44,32
CARO ,2019-10-16 21:43:45,32
CARO ,2019-10-16 22:43:42,32
CARO ,2019-10-16 23:43:43,32
CARO ,2019-10-17 00:43:43,32
CARO ,2019-10-17 01:43:45,32
CARO ,2019-10-17 02:43:44,32
CARO ,2019-10-17 04:43:46,32
CARO ,2019-10-17 05:43:42,32
CARO ,2019-10-17 06:43:42,32
CARO ,2019-10-17 07:43:46,32
CARO ,2019-10-17 08:43:44,32
CARO ,2019-10-17 09:43:42,32
CARO ,2019-10-17 10:43:41,32
CARO ,2019-10-17 11:43:46,32
CARO ,2019-10-17 12:43:44,32
CARO ,2019-10-17 13:43:46,32
CARO ,2019-10-17 14:43:48,32
CARO ,2019-10-17 15:43:42,32
CARO ,2019-10-17 16:43:42,32
CARO ,2019-10-17 17:43:44,32
CARO ,2019-10-17 18:43:43,32
CARO ,2019-10-17 19:43:47,32
CARO ,2019-10-17 20:43:44,32
CARO ,2019-10-17 21:43:43,32
CARO ,2019-10-17 22:43:43,32
CARO ,2019-10-17 23:43:44,32
CARO ,2019-10-18 00:43:43,32
CARO ,2019-10-18 01:43:44,32
CARO ,2019-10-18 02:43:42,32
CARO ,2019-10-18 03:43:48,32
CARO ,2019-10-18 04:43:43,32
CARO ,2019-10-18 05:43:44,32
CARO ,2019-10-18 06:43:48,32
CARO ,2019-10-18 07:43:44,32
CARO ,2019-10-18 08:43:45,32
CARO ,2019-10-18 09:43:45,32
CARO ,2019-10-18 10:43:47,32
CARO ,2019-10-18 11:43:44,32
CARO ,2019-10-18 13:06:20,32
CARO ,2019-10-18 13:43:43,32
CARO ,2019-10-18 14:43:44,32
CARO ,2019-10-18 15:43:48,32
CARO ,2019-10-18 16:43:43,32
CARO ,2019-10-18 17:43:46,32
CARO ,2019-10-18 18:43:43,32
CARO ,2019-10-18 19:43:45,32
CARO ,2019-10-18 20:43:47,32
CARO ,2019-10-18 21:43:43,32
CARO ,2019-10-18 22:43:43,32
CARO ,2019-10-18 23:43:45,32
CARO ,2019-10-19 00:43:43,32
CARO ,2019-10-19 01:43:48,32
CARO ,2019-10-19 02:43:44,32
CARO ,2019-10-19 03:43:43,32
CARO ,2019-10-19 04:43:46,32
CARO ,2019-10-19 05:43:43,32
CARO ,2019-10-19 06:43:47,32
CARO ,2019-10-19 07:43:45,32
CARO ,2019-10-19 08:43:45,32
CARO ,2019-10-19 09:43:45,32
CARO ,2019-10-19 10:43:47,32
CARO ,2019-10-19 11:43:43,32
CARO ,2019-10-19 12:43:48,32
CARO ,2019-10-19 13:43:43,32
CARO ,2019-10-19 14:43:45,32
CARO ,2019-10-19 15:43:45,32
CARO ,2019-10-19 16:43:48,32
CARO ,2019-10-19 17:43:44,32
CARO ,2019-10-19 18:43:43,32
CARO ,2019-10-19 19:43:47,32
CARO ,2019-10-19 20:43:44,32
CARO ,2019-10-19 21:43:43,32
CARO ,2019-10-19 22:43:44,32
CARO ,2019-10-19 23:43:43,32
CARO ,2019-10-20 00:43:44,32
CARO ,2019-10-20 01:43:43,32
CARO ,2019-10-20 02:43:47,32
CARO ,2019-10-20 03:43:43,32
CARO ,2019-10-20 04:43:45,32
CARO ,2019-10-20 05:43:47,32
CARO ,2019-10-20 06:43:45,32
CARO ,2019-10-20 07:43:47,32
CARO ,2019-10-20 08:43:44,32
CARO ,2019-10-20 09:43:44,32
CARO ,2019-10-20 10:43:47,32
CARO ,2019-10-20 11:43:44,32
CARO ,2019-10-20 12:43:47,32
CARO ,2019-10-20 13:43:44,32
CARO ,2019-10-20 14:43:43,32
CARO ,2019-10-20 16:43:47,32
CARO ,2019-10-20 17:43:43,32
CARO ,2019-10-20 18:43:44,32
CARO ,2019-10-20 19:43:42,32
CARO ,2019-10-20 20:43:42,32
CARO ,2019-10-20 21:43:43,32
CARO ,2019-10-20 22:43:43,32
CARO ,2019-10-20 23:43:44,32
CARO ,2019-10-21 00:43:45,32
CARO ,2019-10-21 01:43:47,32
CARO ,2019-10-21 02:43:44,32
CARO ,2019-10-21 03:43:44,32
CARO ,2019-10-21 04:43:43,32
CARO ,2019-10-21 05:43:48,32
CARO ,2019-10-21 06:43:44,32
CARO ,2019-10-21 07:43:46,32
CARO ,2019-10-21 08:43:46,32
CARO ,2019-10-21 09:43:45,32
CARO ,2019-10-21 10:43:44,32
CARO ,2019-10-21 11:43:47,32
CARO ,2019-10-21 13:07:17,32
CARO ,2019-10-21 13:43:50,32
CARO ,2019-10-21 14:43:45,32
CARO ,2019-10-21 15:43:46,32
CARO ,2019-10-21 16:43:46,32
CARO ,2019-10-21 17:43:43,32
CARO ,2019-10-21 18:43:45,32
CARO ,2019-10-21 19:43:45,32
CARO ,2019-10-21 20:43:44,32
CARO ,2019-10-21 22:43:48,32
CARO ,2019-10-21 23:43:44,32
CARO ,2019-10-22 00:43:44,32
CARO ,2019-10-22 01:43:45,32
CARO ,2019-10-22 02:43:47,32
CARO ,2019-10-22 03:43:49,32
CARO ,2019-10-22 04:43:47,32
CARO ,2019-10-22 05:43:45,32
CARO ,2019-10-22 06:43:44,32
CARO ,2019-10-22 07:43:49,32
CARO ,2019-10-22 08:43:45,32
CARO ,2019-10-22 09:43:47,32
CARO ,2019-10-22 10:43:44,32
CARO ,2019-10-22 11:43:43,32
CARO ,2019-10-22 12:43:52,32
CARO ,2019-10-22 13:43:45,32
CARO ,2019-10-22 14:43:44,32
CARO ,2019-10-22 15:43:50,32
CARO ,2019-10-22 16:43:46,32
CARO ,2019-10-22 17:43:49,32
CARO ,2019-10-22 18:43:47,32
CARO ,2019-10-22 19:43:44,32
CARO ,2019-10-22 20:43:46,32
CARO ,2019-10-22 21:43:45,32
CARO ,2019-10-22 22:43:47,32
CARO ,2019-10-22 23:43:46,32
CARO ,2019-10-23 00:43:52,32
CARO ,2019-10-23 01:43:48,32
CARO ,2019-10-23 02:43:45,32
CARO ,2019-10-23 03:43:44,32
CARO ,2019-10-23 04:43:49,32
CARO ,2019-10-23 05:43:46,32
CARO ,2019-10-23 06:43:54,32
CARO ,2019-10-23 07:43:47,32
CARO ,2019-10-23 08:43:45,32
CARO ,2019-10-23 09:43:48,32
CARO ,2019-10-23 10:43:47,32
CARO ,2019-10-23 11:43:44,32
CARO ,2019-10-23 12:43:50,32
CARO ,2019-10-23 13:43:50,32
CARO ,2019-10-23 14:43:45,32
CARO ,2019-10-23 15:43:44,32
CARO ,2019-10-23 16:43:47,32
CARO ,2019-10-23 17:43:44,32
CARO ,2019-10-23 18:43:43,32
CARO ,2019-10-23 19:43:44,32
CARO ,2019-10-23 20:43:47,32
CARO ,2019-10-23 21:43:44,32
CARO ,2019-10-23 22:43:45,32
CARO ,2019-10-23 23:43:45,32
CARO ,2019-10-24 01:43:46,32
CARO ,2019-10-24 02:43:47,32
CARO ,2019-10-24 03:43:49,32
CARO ,2019-10-24 04:43:45,32
CARO ,2019-10-24 05:43:48,32
CARO ,2019-10-24 06:43:52,32
CARO ,2019-10-24 07:43:45,32
CARO ,2019-10-24 08:43:45,32
CARO ,2019-10-24 09:43:49,32
CARO ,2019-10-24 10:43:44,32
CARO ,2019-10-24 11:43:44,32
CARO ,2019-10-24 13:07:21,32
CARO ,2019-10-24 13:43:45,32
CARO ,2019-10-24 14:43:44,33
CARO ,2019-10-24 15:43:48,33
CARO ,2019-10-24 16:43:45,33
CARO ,2019-10-24 17:43:46,33
CARO ,2019-10-24 18:43:45,33
CARO ,2019-10-24 19:43:48,33
CARO ,2019-10-24 20:43:44,33
CARO ,2019-10-24 21:43:45,33
CARO ,2019-10-24 22:43:45,33
CARO ,2019-10-24 23:43:46,33
CARO ,2019-10-25 00:43:45,33
CARO ,2019-10-25 01:43:46,33
CARO ,2019-10-25 02:43:49,33
CARO ,2019-10-25 03:43:45,33
CARO ,2019-10-25 04:43:43,33
CARO ,2019-10-25 05:43:47,33
CARO ,2019-10-25 06:43:46,33
CARO ,2019-10-25 07:43:47,33
CARO ,2019-10-25 08:43:48,33
CARO ,2019-10-25 09:43:44,33
CARO ,2019-10-25 10:43:44,33
CARO ,2019-10-25 11:43:51,33
CARO ,2019-10-25 13:07:18,33
CARO ,2019-10-25 13:43:48,33
CARO ,2019-10-25 14:43:51,33
CARO ,2019-10-25 15:43:45,32
CARO ,2019-10-25 16:43:50,32
CARO ,2019-10-25 17:43:45,32
CARO ,2019-10-25 18:43:45,32
CARO ,2019-10-25 19:43:44,32
CARO ,2019-10-25 20:43:44,32
CARO ,2019-10-25 21:43:44,32
CARO ,2019-10-25 22:43:45,32
CARO ,2019-10-25 23:43:45,32
CARO ,2019-10-26 00:43:46,32
CARO ,2019-10-26 01:43:49,32
CARO ,2019-10-26 02:43:45,32
CARO ,2019-10-26 03:43:46,32
CARO ,2019-10-26 04:43:49,32
CARO ,2019-10-26 05:43:45,32
CARO ,2019-10-26 06:43:43,32
CARO ,2019-10-26 07:43:49,32
CARO ,2019-10-26 08:43:44,32
CARO ,2019-10-26 09:43:44,32
CARO ,2019-10-26 10:43:43,32
CARO ,2019-10-26 11:43:47,32
CARO ,2019-10-26 12:43:44,32
CARO ,2019-10-26 13:43:47,32
CARO ,2019-10-26 14:43:47,32
CARO ,2019-10-26 15:43:48,32
CARO ,2019-10-26 16:43:46,32
CARO ,2019-10-26 17:43:47,32
CARO ,2019-10-26 18:43:48,32
CARO ,2019-10-26 19:43:47,32
CARO ,2019-10-26 20:43:46,32
CARO ,2019-10-26 21:43:47,32
CARO ,2019-10-26 22:43:46,32
CARO ,2019-10-26 23:43:46,32
CARO ,2019-10-27 00:43:47,32
CARO ,2019-10-27 01:43:45,32
CARO ,2019-10-27 02:43:48,32
CARO ,2019-10-27 03:43:47,32
CARO ,2019-10-27 04:43:44,32
CARO ,2019-10-27 05:43:49,32
CARO ,2019-10-27 06:43:46,32
CARO ,2019-10-27 07:43:44,32
CARO ,2019-10-27 08:43:45,32
CARO ,2019-10-27 09:43:44,32
CARO ,2019-10-27 10:43:43,32
CARO ,2019-10-27 11:43:43,32
CARO ,2019-10-27 12:43:47,32
CARO ,2019-10-27 13:43:45,32
CARO ,2019-10-27 14:43:44,32
CARO ,2019-10-27 15:43:51,32
CARO ,2019-10-27 16:43:44,32
CARO ,2019-10-27 17:43:45,32
CARO ,2019-10-27 18:43:48,32
CARO ,2019-10-27 19:43:47,32
CARO ,2019-10-27 20:43:49,32
CARO ,2019-10-27 21:43:45,32
CARO ,2019-10-27 22:43:43,32
CARO ,2019-10-27 23:43:44,32
CARO ,2019-10-28 00:43:43,32
CARO ,2019-10-28 01:43:45,32
CARO ,2019-10-28 02:43:44,32
CARO ,2019-10-28 03:43:48,32
CARO ,2019-10-28 04:43:44,32
CARO ,2019-10-28 05:43:44,32
CARO ,2019-10-28 06:43:47,32
CARO ,2019-10-28 07:43:46,32
CARO ,2019-10-28 08:43:45,32
CARO ,2019-10-28 09:43:44,32
CARO ,2019-10-28 10:43:49,32
CARO ,2019-10-28 11:43:42,32
CARO ,2019-10-28 12:43:49,32
CARO ,2019-10-28 14:43:49,32
CARO ,2019-10-28 15:43:54,32
CARO ,2019-10-28 16:43:53,32
CARO ,2019-10-28 17:43:49,32
CARO ,2019-10-28 18:43:49,32
CARO ,2019-10-28 19:43:49,32
CARO ,2019-10-28 23:43:47,32
CARO ,2019-10-29 00:43:46,32
CARO ,2019-10-29 01:43:50,32
CARO ,2019-10-29 02:43:48,32
CARO ,2019-10-29 03:43:50,32
CARO ,2019-10-29 04:43:46,32
CARO ,2019-10-29 05:43:49,32
CARO ,2019-10-29 06:43:49,32
CARO ,2019-10-29 07:43:47,32
CARO ,2019-10-29 08:43:47,32
CARO ,2019-10-29 09:43:45,32
CARO ,2019-10-29 10:43:49,32
CARO ,2019-10-29 11:43:46,32
CARO ,2019-10-29 12:43:46,32
CARO ,2019-10-29 13:43:53,32
CARO ,2019-10-29 14:43:46,32
CARO ,2019-10-29 15:43:48,32
CARO ,2019-10-29 16:43:50,32
CARO ,2019-10-29 17:43:45,32
CARO ,2019-10-29 18:43:48,32
CARO ,2019-10-29 19:43:48,32
CARO ,2019-10-29 20:43:46,32
CARO ,2019-10-29 21:43:49,32
CARO ,2019-10-29 22:43:47,32
CARO ,2019-10-29 23:43:47,32
CARO ,2019-10-30 00:43:52,32
CARO ,2019-10-30 01:43:47,32
CARO ,2019-10-30 02:43:46,32
CARO ,2019-10-30 03:43:47,32
CARO ,2019-10-30 04:43:50,32
CARO ,2019-10-30 05:43:52,32
CARO ,2019-10-30 06:43:47,32
CARO ,2019-10-30 07:43:55,32
CARO ,2019-10-30 08:43:47,32
CARO ,2019-10-30 09:43:48,32
CARO ,2019-10-30 10:43:49,32
CARO ,2019-10-30 11:43:44,32
CARO ,2019-10-30 13:43:49,32
CARO ,2019-10-30 14:43:45,32
CARO ,2019-10-30 15:43:44,32
CARO ,2019-10-30 16:43:47,32
CARO ,2019-10-30 17:43:47,32
CARO ,2019-10-30 18:43:45,32
CARO ,2019-10-30 19:43:45,32
CARO ,2019-10-30 20:43:47,32
CARO ,2019-10-30 21:43:46,32
CARO ,2019-10-30 22:43:45,32
CARO ,2019-10-30 23:43:45,32
CARO ,2019-10-31 00:43:45,32
CARO ,2019-10-31 01:43:47,32
CARO ,2019-10-31 02:43:45,32
CARO ,2019-10-31 03:43:48,32
CARO ,2019-10-31 04:43:45,32
CARO ,2019-10-31 05:43:46,32
CARO ,2019-10-31 06:43:49,32
CARO ,2019-10-31 07:43:47,32
CARO ,2019-10-31 08:43:47,32
CARO ,2019-10-31 09:43:49,32
CARO ,2019-10-31 10:43:46,32
CARO ,2019-10-31 11:43:47,32
CARO ,2019-10-31 13:08:51,32
CARO ,2019-10-31 13:43:48,32
CARO ,2019-10-31 14:43:46,32
CARO ,2019-10-31 15:43:49,32
CARO ,2019-10-31 16:43:48,32
CARO ,2019-10-31 17:43:47,32
CARO ,2019-10-31 18:43:46,32
CARO ,2019-10-31 19:43:45,32
CARO ,2019-10-31 20:43:48,32
CARO ,2019-10-31 22:06:50,32
CARO ,2019-10-31 22:43:51,32
CARO ,2019-10-31 23:43:46,32
CARO ,2019-11-01 00:43:46,32
CARO ,2019-11-01 01:43:46,32
CARO ,2019-11-01 02:43:46,32
CARO ,2019-11-01 03:43:49,32
CARO ,2019-11-01 04:43:46,32
CARO ,2019-11-01 05:43:50,32
CARO ,2019-11-01 06:43:45,32
CARO ,2019-11-01 07:43:51,32
CARO ,2019-11-01 08:43:47,32
CARO ,2019-11-01 09:43:49,32
CARO ,2019-11-01 10:43:48,32
CARO ,2019-11-01 11:43:51,32
CARO ,2019-11-01 13:39:56,32
CARO ,2019-11-01 13:49:13,32
CARO ,2019-11-01 14:43:46,32
CARO ,2019-11-01 15:43:45,31
CARO ,2019-11-01 16:43:50,31
CARO ,2019-11-01 17:43:48,31
CARO ,2019-11-01 18:43:51,31
CARO ,2019-11-01 19:43:46,31
CARO ,2019-11-01 20:43:46,31
CARO ,2019-11-01 21:43:45,31
CARO ,2019-11-01 22:43:45,31
CARO ,2019-11-01 23:43:45,31
CARO ,2019-11-02 00:43:49,31
CARO ,2019-11-02 01:43:46,31
CARO ,2019-11-02 02:43:46,31
CARO ,2019-11-02 03:43:50,31
CARO ,2019-11-02 04:43:46,31
CARO ,2019-11-02 05:43:46,31
CARO ,2019-11-02 06:43:48,31
CARO ,2019-11-02 07:43:45,31
CARO ,2019-11-02 08:43:46,31
CARO ,2019-11-02 09:43:44,31
CARO ,2019-11-02 10:43:49,31
CARO ,2019-11-02 11:43:45,31
CARO ,2019-11-02 12:43:50,31
CARO ,2019-11-02 13:43:46,31
CARO ,2019-11-02 14:43:47,31
CARO ,2019-11-02 15:43:49,31
CARO ,2019-11-02 16:43:45,31
CARO ,2019-11-02 17:43:46,31
CARO ,2019-11-02 18:43:47,31
CARO ,2019-11-02 19:43:45,31
CARO ,2019-11-02 20:43:46,31
CARO ,2019-11-02 23:43:47,31
CARO ,2019-11-03 00:43:45,31
CARO ,2019-11-03 01:43:46,31
CARO ,2019-11-03 03:43:47,31
CARO ,2019-11-03 05:43:48,31
CARO ,2019-11-03 06:43:45,31
CARO ,2019-11-03 07:43:46,31
CARO ,2019-11-03 21:43:48,31
CARO ,2019-11-03 22:43:45,31
CARO ,2019-11-03 23:43:49,31
CARO ,2019-11-04 00:43:45,31
CARO ,2019-11-04 01:43:46,31
CARO ,2019-11-04 02:43:45,31
CARO ,2019-11-04 03:43:45,31
CARO ,2019-11-04 04:43:44,31
CARO ,2019-11-04 05:43:48,31
CARO ,2019-11-04 06:43:46,31
CARO ,2019-11-04 07:43:44,31
CARO ,2019-11-04 08:43:45,31
CARO ,2019-11-04 09:43:47,31
CARO ,2019-11-04 10:43:45,31
CARO ,2019-11-04 11:43:44,31
CARO ,2019-11-04 12:43:44,31
CARO ,2019-11-04 14:09:18,31
CARO ,2019-11-04 15:43:45,31
CARO ,2019-11-04 16:43:46,31
CARO ,2019-11-04 17:43:46,31
CARO ,2019-11-04 18:43:46,31
CARO ,2019-11-04 19:43:48,31
CARO ,2019-11-04 20:43:45,31
CARO ,2019-11-04 21:43:46,31
CARO ,2019-11-04 22:43:46,31
CARO ,2019-11-04 23:43:45,31
CARO ,2019-11-05 00:43:46,31
CARO ,2019-11-05 01:43:46,31
CARO ,2019-11-05 02:43:49,31
CARO ,2019-11-05 03:43:46,31
CARO ,2019-11-05 04:43:44,31
CARO ,2019-11-05 05:43:48,31
CARO ,2019-11-05 06:43:47,31
CARO ,2019-11-05 07:43:46,31
CARO ,2019-11-05 08:43:46,31
CARO ,2019-11-05 09:43:48,31
CARO ,2019-11-05 10:43:45,31
CARO ,2019-11-05 11:43:46,31
CARO ,2019-11-05 12:43:45,31
CARO ,2019-11-05 14:09:19,31
CARO ,2019-11-05 14:43:50,31
CARO ,2019-11-05 15:43:46,31
CARO ,2019-11-05 16:43:46,31
CARO ,2019-11-05 17:43:46,31
CARO ,2019-11-05 18:43:45,31
CARO ,2019-11-05 19:43:47,31
CARO ,2019-11-05 20:43:48,31
CARO ,2019-11-05 21:43:46,31
CARO ,2019-11-05 22:43:46,31
CARO ,2019-11-05 23:43:45,31
CARO ,2019-11-06 00:43:45,31
CARO ,2019-11-06 01:43:46,31
CARO ,2019-11-06 02:43:47,31
CARO ,2019-11-06 03:43:47,31
CARO ,2019-11-06 04:43:50,31
CARO ,2019-11-06 05:43:46,31
CARO ,2019-11-06 06:43:50,31
CARO ,2019-11-06 07:43:45,31
CARO ,2019-11-06 08:43:46,31
CARO ,2019-11-06 09:43:48,31
CARO ,2019-11-06 10:43:48,31
CARO ,2019-11-06 11:43:45,31
CARO ,2019-11-06 12:43:45,31
CARO ,2019-11-06 13:43:46,31
CARO ,2019-11-06 14:43:50,31
CARO ,2019-11-06 15:43:47,31
CARO ,2019-11-06 16:43:48,31
CARO ,2019-11-06 17:43:48,31
CARO ,2019-11-06 18:43:48,31
CARO ,2019-11-06 19:43:47,31
CARO ,2019-11-06 20:43:50,31
CARO ,2019-11-06 21:43:48,31
CARO ,2019-11-06 22:43:47,31
CARO ,2019-11-06 23:43:47,31
CARO ,2019-11-07 00:43:47,31
CARO ,2019-11-07 01:43:46,31
CARO ,2019-11-07 02:43:48,31
CARO ,2019-11-07 03:43:47,31
CARO ,2019-11-07 04:43:49,31
CARO ,2019-11-07 05:43:48,31
CARO ,2019-11-07 06:43:46,31
CARO ,2019-11-07 07:43:48,31
CARO ,2019-11-07 08:43:47,31
CARO ,2019-11-07 09:43:48,31
CARO ,2019-11-07 10:43:45,31
CARO ,2019-11-07 11:43:45,31
CARO ,2019-11-07 12:43:46,31
CARO ,2019-11-07 14:07:49,31
CARO ,2019-11-07 14:44:20,31
CARO ,2019-11-07 15:43:50,31
CARO ,2019-11-07 16:43:50,31
CARO ,2019-11-07 17:43:50,31
CARO ,2019-11-07 18:43:49,30
CARO ,2019-11-07 19:43:49,30
CARO ,2019-11-07 21:08:23,30
CARO ,2019-11-07 21:43:52,30
CARO ,2019-11-07 22:43:54,30
CARO ,2019-11-07 23:43:54,30
CARO ,2019-11-08 00:43:56,30
CARO ,2019-11-08 01:43:53,30
CARO ,2019-11-08 02:43:57,30
CARO ,2019-11-08 03:43:54,30
CARO ,2019-11-08 04:43:54,30
CARO ,2019-11-08 05:43:55,30
CARO ,2019-11-08 06:43:51,30
CARO ,2019-11-08 07:43:51,30
CARO ,2019-11-08 08:43:56,30
CARO ,2019-11-08 09:43:53,30
CARO ,2019-11-08 10:43:52,30
CARO ,2019-11-08 11:43:50,30
CARO ,2019-11-08 12:43:51,30
CARO ,2019-11-08 14:09:27,30
CARO ,2019-11-08 14:44:28,30
CARO ,2019-11-08 15:43:53,30
CARO ,2019-11-08 16:43:53,30
CARO ,2019-11-08 17:43:54,30
CARO ,2019-11-08 18:43:53,30
CARO ,2019-11-08 19:43:56,30
CARO ,2019-11-08 20:43:52,30
CARO ,2019-11-08 21:43:54,30
CARO ,2019-11-08 22:43:54,30
CARO ,2019-11-08 23:43:54,30
CARO ,2019-11-09 00:43:55,30
CARO ,2019-11-09 01:43:54,30
CARO ,2019-11-09 02:43:54,30
CARO ,2019-11-09 03:43:53,30
CARO ,2019-11-09 04:43:55,30
CARO ,2019-11-09 05:43:52,30
CARO ,2019-11-09 06:43:53,30
CARO ,2019-11-09 07:43:54,30
CARO ,2019-11-09 08:43:55,30
CARO ,2019-11-09 09:43:53,30
CARO ,2019-11-09 10:43:52,30
CARO ,2019-11-09 11:43:56,30
CARO ,2019-11-09 12:43:53,30
CARO ,2019-11-09 13:43:52,30
CARO ,2019-11-09 14:43:55,30
CARO ,2019-11-09 15:43:56,30
CARO ,2019-11-09 16:43:53,30
CARO ,2019-11-09 17:43:54,30
CARO ,2019-11-09 18:43:52,30
CARO ,2019-11-09 19:43:54,30
CARO ,2019-11-09 20:43:56,30
CARO ,2019-11-09 21:43:53,30
CARO ,2019-11-09 22:43:56,30
CARO ,2019-11-09 23:43:53,30
CARO ,2019-11-10 00:43:52,30
CARO ,2019-11-10 01:43:54,30
CARO ,2019-11-10 02:43:56,30
CARO ,2019-11-10 03:43:52,30
CARO ,2019-11-10 04:43:53,30
CARO ,2019-11-10 05:43:53,30
CARO ,2019-11-10 06:43:52,30
CARO ,2019-11-10 07:43:51,30
CARO ,2019-11-10 08:43:55,30
CARO ,2019-11-10 09:43:55,30
CARO ,2019-11-10 10:43:52,30
CARO ,2019-11-10 11:43:52,30
CARO ,2019-11-10 12:43:53,30
CARO ,2019-11-10 13:43:51,30
CARO ,2019-11-10 14:43:51,30
CARO ,2019-11-10 15:43:55,30
CARO ,2019-11-10 16:43:52,30
CARO ,2019-11-10 17:43:53,30
CARO ,2019-11-10 18:43:55,30
CARO ,2019-11-10 19:43:52,30
CARO ,2019-11-10 20:43:52,30
CARO ,2019-11-10 21:43:51,30
CARO ,2019-11-10 22:43:54,30
CARO ,2019-11-10 23:43:55,30
CARO ,2019-11-11 00:43:53,30
CARO ,2019-11-11 01:43:55,30
CARO ,2019-11-11 02:43:54,30
CARO ,2019-11-11 03:43:54,30
CARO ,2019-11-11 04:43:53,30
CARO ,2019-11-11 05:43:55,30
CARO ,2019-11-11 06:43:53,30
CARO ,2019-11-11 07:43:54,30
CARO ,2019-11-11 08:43:57,30
CARO ,2019-11-11 09:43:55,30
CARO ,2019-11-11 10:43:55,30
CARO ,2019-11-11 11:43:53,30
CARO ,2019-11-11 12:43:55,30
CARO ,2019-11-11 13:43:55,30
CARO ,2019-11-11 14:43:57,30
CARO ,2019-11-11 15:43:58,30
CARO ,2019-11-11 16:43:55,30
CARO ,2019-11-11 17:43:57,30
CARO ,2019-11-11 18:43:58,30
CARO ,2019-11-11 19:43:55,30
CARO ,2019-11-11 21:43:55,30
CARO ,2019-11-11 22:43:53,30
CARO ,2019-11-11 23:43:53,30
CARO ,2019-11-12 00:43:51,30
CARO ,2019-11-12 01:43:52,30
CARO ,2019-11-12 02:43:57,30
CARO ,2019-11-12 03:43:54,30
CARO ,2019-11-12 04:43:52,30
CARO ,2019-11-12 05:43:55,30
CARO ,2019-11-12 06:43:52,30
CARO ,2019-11-12 07:43:55,30
CARO ,2019-11-12 08:43:52,30
CARO ,2019-11-12 09:43:52,30
CARO ,2019-11-12 10:43:51,30
CARO ,2019-11-12 11:43:55,30
CARO ,2019-11-12 12:43:57,30
CARO ,2019-11-12 14:07:56,30
CARO ,2019-11-12 14:43:56,30
CARO ,2019-11-12 15:43:52,30
CARO ,2019-11-12 16:43:54,30
CARO ,2019-11-12 17:43:54,30
CARO ,2019-11-12 18:43:57,30
CARO ,2019-11-12 19:43:52,30
CARO ,2019-11-12 20:43:51,30
CARO ,2019-11-12 21:43:53,30
CARO ,2019-11-12 22:43:56,30
CARO ,2019-11-12 23:43:53,30
CARO ,2019-11-13 00:43:58,30
CARO ,2019-11-13 01:43:53,30
CARO ,2019-11-13 02:43:54,30
CARO ,2019-11-13 03:43:56,30
CARO ,2019-11-13 04:43:53,30
CARO ,2019-11-13 05:44:00,30
CARO ,2019-11-13 06:43:53,30
CARO ,2019-11-13 07:43:59,30
CARO ,2019-11-13 08:43:56,30
CARO ,2019-11-13 09:43:54,30
CARO ,2019-11-13 10:43:53,30
CARO ,2019-11-13 11:43:58,30
CARO ,2019-11-13 12:43:52,30
CARO ,2019-11-13 13:43:53,30
CARO ,2019-11-13 15:43:58,30
CARO ,2019-11-13 16:43:53,30
CARO ,2019-11-13 17:43:55,30
CARO ,2019-11-13 18:43:57,30
CARO ,2019-11-13 19:43:53,30
CARO ,2019-11-13 20:43:53,30
CARO ,2019-11-13 21:43:52,31
CARO ,2019-11-13 22:43:54,31
CARO ,2019-11-13 23:43:55,31
CARO ,2019-11-14 00:43:54,31
CARO ,2019-11-14 01:43:52,31
CARO ,2019-11-14 02:43:58,31
CARO ,2019-11-14 03:43:52,31
CARO ,2019-11-14 04:43:52,31
CARO ,2019-11-14 05:43:58,31
CARO ,2019-11-14 06:43:51,31
CARO ,2019-11-14 07:43:58,31
CARO ,2019-11-14 08:43:56,31
CARO ,2019-11-14 09:43:57,31
CARO ,2019-11-14 10:43:55,31
CARO ,2019-11-14 11:43:58,31
CARO ,2019-11-14 12:43:51,31
CARO ,2019-11-14 14:07:31,31
CARO ,2019-11-14 14:43:55,31
CARO ,2019-11-14 15:43:54,31
CARO ,2019-11-14 17:43:54,31
CARO ,2019-11-14 18:43:52,31
CARO ,2019-11-14 19:43:53,31
CARO ,2019-11-14 20:43:54,31
CARO ,2019-11-14 21:43:58,31
CARO ,2019-11-14 22:43:52,31
CARO ,2019-11-14 23:43:54,31
CARO ,2019-11-15 00:43:54,31
CARO ,2019-11-15 01:43:53,31
CARO ,2019-11-15 02:43:52,31
CARO ,2019-11-15 03:43:54,31
CARO ,2019-11-15 04:43:54,31
CARO ,2019-11-15 05:43:55,31
CARO ,2019-11-15 06:43:55,31
CARO ,2019-11-15 07:43:52,31
CARO ,2019-11-15 08:44:01,31
CARO ,2019-11-15 09:43:52,31
CARO ,2019-11-15 10:43:53,31
CARO ,2019-11-15 11:43:52,31
CARO ,2019-11-15 12:43:56,31
CARO ,2019-11-15 14:10:26,31
CARO ,2019-11-15 15:43:59,31
CARO ,2019-11-15 16:43:52,31
CARO ,2019-11-15 17:43:54,31
CARO ,2019-11-15 18:44:00,31
CARO ,2019-11-15 19:43:56,31
CARO ,2019-11-15 20:43:56,31
CARO ,2019-11-15 21:43:51,31
CARO ,2019-11-15 22:43:54,31
CARO ,2019-11-15 23:43:54,31
CARO ,2019-11-16 00:43:55,31
CARO ,2019-11-16 01:43:52,31
CARO ,2019-11-16 02:43:54,31
CARO ,2019-11-16 03:43:52,31
CARO ,2019-11-16 04:43:55,31
CARO ,2019-11-16 05:43:53,31
CARO ,2019-11-16 06:43:54,31
CARO ,2019-11-16 07:43:53,31
CARO ,2019-11-16 08:43:54,31
CARO ,2019-11-16 09:43:56,31
CARO ,2019-11-16 10:43:51,31
CARO ,2019-11-16 11:43:52,31
CARO ,2019-11-16 12:43:56,31
CARO ,2019-11-16 13:43:55,31
CARO ,2019-11-16 14:43:54,31
CARO ,2019-11-16 15:43:53,31
CARO ,2019-11-16 16:43:53,31
CARO ,2019-11-16 17:43:55,31
CARO ,2019-11-16 18:43:52,31
CARO ,2019-11-16 19:43:52,31
CARO ,2019-11-16 20:43:51,31
CARO ,2019-11-16 21:43:51,31
CARO ,2019-11-16 22:43:52,31
CARO ,2019-11-16 23:43:51,31
CARO ,2019-11-17 00:43:51,31
CARO ,2019-11-17 01:43:50,31
CARO ,2019-11-17 02:43:54,31
CARO ,2019-11-17 03:43:51,31
CARO ,2019-11-17 04:43:53,31
CARO ,2019-11-17 05:43:53,31
CARO ,2019-11-17 06:43:54,31
CARO ,2019-11-17 07:43:55,31
CARO ,2019-11-17 08:43:52,31
CARO ,2019-11-17 10:43:57,31
CARO ,2019-11-17 11:43:56,31
CARO ,2019-11-17 12:43:52,31
CARO ,2019-11-17 13:43:53,31
CARO ,2019-11-17 14:43:51,31
CARO ,2019-11-17 15:43:51,31
CARO ,2019-11-17 16:43:53,31
CARO ,2019-11-17 17:43:50,31
CARO ,2019-11-17 18:43:50,31
CARO ,2019-11-17 19:43:51,31
CARO ,2019-11-17 20:43:54,31
CARO ,2019-11-17 21:43:55,31
CARO ,2019-11-17 22:43:53,31
CARO ,2019-11-17 23:43:55,31
CARO ,2019-11-18 00:43:51,31
CARO ,2019-11-18 01:43:51,31
CARO ,2019-11-18 02:43:53,31
CARO ,2019-11-18 03:43:52,31
CARO ,2019-11-18 04:43:50,31
CARO ,2019-11-18 05:43:54,31
CARO ,2019-11-18 06:43:50,31
CARO ,2019-11-18 07:43:52,31
CARO ,2019-11-18 08:43:57,31
CARO ,2019-11-18 09:43:57,31
CARO ,2019-11-18 10:43:54,31
CARO ,2019-11-18 11:43:51,31
CARO ,2019-11-18 12:43:54,31
CARO ,2019-11-18 14:08:58,31
CARO ,2019-11-18 14:43:52,31
CARO ,2019-11-18 15:43:57,31
CARO ,2019-11-18 16:43:54,35
CARO ,2019-11-18 17:43:56,34
CARO ,2019-11-18 18:43:56,35
CARO ,2019-11-18 19:43:53,35
CARO ,2019-11-18 20:43:55,35
CARO ,2019-11-18 21:43:54,36
CARO ,2019-11-18 22:43:51,36
CARO ,2019-11-18 23:43:54,36
CARO ,2019-11-19 00:43:52,36
CARO ,2019-11-19 01:43:53,36
CARO ,2019-11-19 02:43:52,36
CARO ,2019-11-19 03:43:52,36
CARO ,2019-11-19 04:43:54,36
CARO ,2019-11-19 05:43:51,36
CARO ,2019-11-19 06:43:54,36
CARO ,2019-11-19 07:43:52,36
CARO ,2019-11-19 08:43:53,36
CARO ,2019-11-19 09:43:57,36
CARO ,2019-11-19 10:43:52,36
CARO ,2019-11-19 11:43:51,36
CARO ,2019-11-19 12:43:53,36
CARO ,2019-11-19 14:08:58,36
CARO ,2019-11-19 14:43:54,36
CARO ,2019-11-19 15:43:55,34
CARO ,2019-11-19 16:43:53,35
CARO ,2019-11-19 17:43:59,35
CARO ,2019-11-19 18:43:51,35
CARO ,2019-11-19 19:43:54,35
CARO ,2019-11-19 20:43:54,35
CARO ,2019-11-19 21:43:57,35
CARO ,2019-11-19 22:43:54,35
CARO ,2019-11-19 23:43:53,35
CARO ,2019-11-20 00:43:54,35
CARO ,2019-11-20 01:43:54,35
CARO ,2019-11-20 02:43:55,35
CARO ,2019-11-20 03:43:55,35
CARO ,2019-11-20 04:43:53,35
CARO ,2019-11-20 05:43:54,35
CARO ,2019-11-20 06:43:54,35
CARO ,2019-11-20 07:43:55,35
CARO ,2019-11-20 08:43:57,35
CARO ,2019-11-20 09:44:00,35
CARO ,2019-11-20 10:44:01,35
CARO ,2019-11-20 11:43:59,35
CARO ,2019-11-20 12:43:58,35
CARO ,2019-11-20 14:08:30,35
CARO ,2019-11-20 14:44:00,35
CARO ,2019-11-20 15:43:57,37
CARO ,2019-11-20 16:43:58,37
CARO ,2019-11-20 22:43:56,37
CARO ,2019-11-20 23:43:52,37
CARO ,2019-11-21 00:43:52,37
CARO ,2019-11-21 01:43:52,37
CARO ,2019-11-21 02:43:55,37
CARO ,2019-11-21 03:43:53,37
CARO ,2019-11-21 04:43:51,37
CARO ,2019-11-21 05:43:54,37
CARO ,2019-11-21 06:43:56,37
CARO ,2019-11-21 07:43:51,37
CARO ,2019-11-21 08:43:51,37
CARO ,2019-11-21 09:43:53,37
CARO ,2019-11-21 10:43:53,37
CARO ,2019-11-21 11:43:52,37
CARO ,2019-11-21 12:43:52,37
CARO ,2019-11-21 14:07:55,37
CARO ,2019-11-21 14:43:57,37
CARO ,2019-11-21 15:43:52,37
CARO ,2019-11-21 16:43:53,37
CARO ,2019-11-21 17:43:54,37
CARO ,2019-11-21 18:43:51,37
CARO ,2019-11-21 19:43:51,37
CARO ,2019-11-21 20:43:51,37
CARO ,2019-11-21 21:43:52,37
CARO ,2019-11-21 22:43:52,37
CARO ,2019-11-21 23:43:53,37
CARO ,2019-11-22 00:43:53,37
CARO ,2019-11-22 01:43:56,37
CARO ,2019-11-22 02:43:52,37
CARO ,2019-11-22 03:43:52,37
CARO ,2019-11-22 04:43:51,37
CARO ,2019-11-22 05:43:56,37
CARO ,2019-11-22 06:43:53,37
CARO ,2019-11-22 07:43:55,37
CARO ,2019-11-22 08:43:57,37
CARO ,2019-11-22 09:43:56,37
CARO ,2019-11-22 10:43:56,37
CARO ,2019-11-22 11:43:53,37
CARO ,2019-11-22 12:43:52,37
CARO ,2019-11-22 13:43:51,37
CARO ,2019-11-22 14:43:54,37
CARO ,2019-11-22 15:43:49,36
CARO ,2019-11-22 16:43:51,36
CARO ,2019-11-22 17:43:56,36
CARO ,2019-11-22 18:43:54,36
CARO ,2019-11-22 19:43:50,36
CARO ,2019-11-22 20:43:52,36
CARO ,2019-11-22 21:43:51,36
CARO ,2019-11-22 22:43:50,36
CARO ,2019-11-22 23:43:53,36
CARO ,2019-11-23 00:43:58,36
CARO ,2019-11-23 01:43:51,36
CARO ,2019-11-23 02:43:51,36
CARO ,2019-11-23 03:43:51,36
CARO ,2019-11-23 04:43:55,36
CARO ,2019-11-23 05:43:51,36
CARO ,2019-11-23 06:43:52,36
CARO ,2019-11-23 07:43:53,36
CARO ,2019-11-23 08:43:53,36
CARO ,2019-11-23 09:43:54,36
CARO ,2019-11-23 10:43:53,36
CARO ,2019-11-23 11:43:50,36
CARO ,2019-11-23 12:43:50,36
CARO ,2019-11-23 13:43:50,36
CARO ,2019-11-23 14:43:51,36
CARO ,2019-11-23 15:43:51,36
CARO ,2019-11-23 16:43:51,36
CARO ,2019-11-23 17:43:52,36
CARO ,2019-11-23 18:43:51,36
CARO ,2019-11-23 19:43:52,36
CARO ,2019-11-23 20:43:49,36
CARO ,2019-11-23 21:43:52,36
CARO ,2019-11-23 22:43:49,36
CARO ,2019-11-23 23:43:49,36
CARO ,2019-11-24 00:43:53,36
CARO ,2019-11-24 01:43:49,36
CARO ,2019-11-24 02:43:50,36
CARO ,2019-11-24 03:43:50,36
CARO ,2019-11-24 04:43:49,36
CARO ,2019-11-24 05:43:49,36
CARO ,2019-11-24 06:43:50,36
CARO ,2019-11-24 07:43:48,36
CARO ,2019-11-24 08:43:51,36
CARO ,2019-11-24 09:43:53,36
CARO ,2019-11-24 10:43:53,36
CARO ,2019-11-24 11:43:51,36
CARO ,2019-11-24 12:43:49,36
CARO ,2019-11-24 13:43:48,36
CARO ,2019-11-24 14:43:50,36
CARO ,2019-11-24 15:43:51,36
CARO ,2019-11-24 16:43:50,36
CARO ,2019-11-24 17:43:50,36
CARO ,2019-11-24 18:43:52,36
CARO ,2019-11-24 19:43:50,36
CARO ,2019-11-24 20:43:52,36
CARO ,2019-11-24 21:43:50,36
CARO ,2019-11-24 22:43:54,36
CARO ,2019-11-24 23:43:50,36
CARO ,2019-11-25 00:43:51,36
CARO ,2019-11-25 01:43:54,36
CARO ,2019-11-25 02:43:52,36
CARO ,2019-11-25 04:43:49,36
CARO ,2019-11-25 05:43:51,36
CARO ,2019-11-25 06:43:51,36
CARO ,2019-11-25 07:43:51,36
CARO ,2019-11-25 08:43:56,36
CARO ,2019-11-25 09:43:56,36
CARO ,2019-11-25 10:43:55,36
CARO ,2019-11-25 11:43:54,36
CARO ,2019-11-25 12:43:55,36
CARO ,2019-11-25 13:43:50,36
CARO ,2019-11-25 14:43:52,36
CARO ,2019-11-25 15:43:54,36
CARO ,2019-11-25 16:43:51,36
CARO ,2019-11-25 17:43:51,36
CARO ,2019-11-25 18:43:50,36
CARO ,2019-11-25 19:43:53,36
CARO ,2019-11-25 20:43:52,36
CARO ,2019-11-25 21:43:50,36
CARO ,2019-11-25 22:43:56,36
CARO ,2019-11-25 23:43:52,36
CARO ,2019-11-26 00:43:53,36
CARO ,2019-11-26 01:43:52,36
CARO ,2019-11-26 02:43:53,36
CARO ,2019-11-26 03:43:52,36
CARO ,2019-11-26 04:43:51,36
CARO ,2019-11-26 05:43:56,36
CARO ,2019-11-26 06:43:59,36
CARO ,2019-11-26 07:43:53,36
CARO ,2019-11-26 08:43:54,36
CARO ,2019-11-26 09:43:59,36
CARO ,2019-11-26 20:43:56,35
CARO ,2019-11-26 21:43:53,35
CARO ,2019-11-26 22:43:57,35
CARO ,2019-11-26 23:43:53,35
CARO ,2019-11-27 00:43:56,35
CARO ,2019-11-27 01:43:52,35
CARO ,2019-11-27 02:43:52,35
CARO ,2019-11-27 03:43:54,35
CARO ,2019-11-27 04:43:52,35
CARO ,2019-11-27 05:43:54,35
CARO ,2019-11-27 06:43:54,35
CARO ,2019-11-27 07:43:54,35
CARO ,2019-11-27 08:43:59,35
CARO ,2019-11-27 09:44:00,35
CARO ,2019-11-27 10:43:52,35
CARO ,2019-11-27 11:43:50,35
CARO ,2019-11-27 12:44:00,35
CARO ,2019-11-27 13:43:53,35
CARO ,2019-11-27 14:43:55,35
CARO ,2019-11-27 15:43:59,35
CARO ,2019-11-27 16:43:55,35
CARO ,2019-11-27 17:43:53,35
CARO ,2019-11-27 18:43:55,35
CARO ,2019-11-27 19:43:55,35
CARO ,2019-11-27 20:43:53,35
CARO ,2019-11-27 21:43:53,35
CARO ,2019-11-27 22:43:55,35
CARO ,2019-11-27 23:43:54,35
CARO ,2019-11-28 00:43:54,35
CARO ,2019-11-28 01:43:55,35
CARO ,2019-11-28 02:43:58,35
CARO ,2019-11-28 03:43:56,35
CARO ,2019-11-28 04:43:55,35
CARO ,2019-11-28 05:43:53,35
CARO ,2019-11-28 06:43:54,35
CARO ,2019-11-28 07:43:56,35
CARO ,2019-11-28 08:43:55,35
CARO ,2019-11-28 09:44:00,35
CARO ,2019-11-28 10:43:57,35
CARO ,2019-11-28 11:43:54,35
CARO ,2019-11-28 12:43:52,35
CARO ,2019-11-28 13:43:52,35
CARO ,2019-11-28 14:43:53,35
CARO ,2019-11-28 15:43:54,35
CARO ,2019-11-28 16:43:53,35
CARO ,2019-11-28 17:43:54,35
CARO ,2019-11-28 18:43:54,35
CARO ,2019-11-28 19:43:53,35
CARO ,2019-11-28 20:43:52,35
CARO ,2019-11-28 21:43:53,35
CARO ,2019-11-28 22:43:52,35
CARO ,2019-11-28 23:43:54,35
CARO ,2019-11-29 00:43:53,35
CARO ,2019-11-29 01:43:53,35
CARO ,2019-11-29 02:43:53,35
CARO ,2019-11-29 03:43:52,35
CARO ,2019-11-29 04:43:55,35
CARO ,2019-11-29 05:43:54,35
CARO ,2019-11-29 06:43:52,35
CARO ,2019-11-29 07:43:54,35
CARO ,2019-11-29 08:44:01,35
CARO ,2019-11-29 09:44:04,35
CARO ,2019-11-29 10:44:11,35
CARO ,2019-11-29 11:43:57,35
CARO ,2019-11-29 12:43:56,35
CARO ,2019-11-29 13:44:01,35
CARO ,2019-11-29 14:44:01,35
CARO ,2019-11-29 15:43:58,35
CARO ,2019-11-29 16:44:02,35
CARO ,2019-11-29 17:44:02,35
CARO ,2019-11-29 18:43:58,34
CARO ,2019-11-29 20:43:58,34
CARO ,2019-11-29 21:43:51,34
CARO ,2019-11-29 22:43:59,34
CARO ,2019-11-29 23:43:57,34
CARO ,2019-11-30 00:43:54,34
CARO ,2019-11-30 01:43:52,34
CARO ,2019-11-30 02:43:55,34
CARO ,2019-11-30 03:43:56,34
CARO ,2019-11-30 04:43:54,34
CARO ,2019-11-30 05:43:59,34
CARO ,2019-11-30 06:43:56,34
CARO ,2019-11-30 07:43:57,34
CARO ,2019-11-30 08:43:55,34
CARO ,2019-11-30 21:44:14,34
CARO ,2019-11-30 22:44:00,34
CARO ,2019-11-30 23:43:56,34
CARO ,2019-12-01 00:43:56,34
CARO ,2019-12-01 01:43:53,34
CARO ,2019-12-01 02:43:59,34
CARO ,2019-12-01 22:44:03,34
CARO ,2019-12-01 23:43:53,34
CARO ,2019-12-02 00:43:51,34
CARO ,2019-12-02 01:43:56,34
CARO ,2019-12-02 02:43:55,34
CARO ,2019-12-02 06:17:00,34
CARO ,2019-12-02 06:45:37,34
CARO ,2019-12-02 07:45:45,34
CARO ,2019-12-02 08:45:35,34
CARO ,2019-12-02 09:45:35,34
CARO ,2019-12-02 10:45:36,34
CARO ,2019-12-02 11:45:37,34
CARO ,2019-12-02 12:45:33,34
CARO ,2019-12-02 14:08:35,34
CARO ,2019-12-02 14:45:41,34
CARO ,2019-12-02 15:45:44,34
CARO ,2019-12-02 16:45:38,34
CARO ,2019-12-02 17:45:55,34
CARO ,2019-12-02 18:45:54,34
CARO ,2019-12-02 19:45:56,34
CARO ,2019-12-02 20:45:51,34
CARO ,2019-12-02 21:45:53,33
CARO ,2019-12-02 22:46:04,33
CARO ,2019-12-02 23:45:55,33
CARO ,2019-12-03 00:45:46,33
CARO ,2019-12-03 01:45:54,33
CARO ,2019-12-03 02:45:54,33
CARO ,2019-12-03 03:45:53,33
CARO ,2019-12-03 04:45:53,33
CARO ,2019-12-03 05:45:54,33
CARO ,2019-12-03 06:45:37,33
CARO ,2019-12-03 07:45:36,33
CARO ,2019-12-03 08:45:36,33
CARO ,2019-12-03 09:45:48,33
CARO ,2019-12-03 10:45:52,33
CARO ,2019-12-03 11:45:47,33
CARO ,2019-12-03 12:45:33,33
CARO ,2019-12-03 13:45:33,33
CARO ,2019-12-03 14:45:53,33
CARO ,2019-12-03 15:45:36,33
CARO ,2019-12-03 16:45:53,33
CARO ,2019-12-03 17:45:51,33
CARO ,2019-12-03 18:45:51,33
CARO ,2019-12-03 19:45:50,33
CARO ,2019-12-03 20:45:50,33
CARO ,2019-12-03 21:46:12,33
CARO ,2019-12-03 22:45:53,33
CARO ,2019-12-03 23:46:01,33
CARO ,2019-12-04 00:46:17,33
CARO ,2019-12-04 01:46:23,33
CARO ,2019-12-04 02:46:12,33
CARO ,2019-12-04 03:45:59,33
CARO ,2019-12-04 04:45:57,33
CARO ,2019-12-04 05:45:58,33
CARO ,2019-12-04 06:45:58,33
CARO ,2019-12-04 07:45:57,33
CARO ,2019-12-04 08:45:43,33
CARO ,2019-12-04 09:45:43,33
CARO ,2019-12-04 10:45:41,33
CARO ,2019-12-04 11:45:44,33
CARO ,2019-12-04 12:45:42,33
CARO ,2019-12-04 14:08:06,33
CARO ,2019-12-04 14:46:05,33
CARO ,2019-12-04 15:46:03,33
CARO ,2019-12-04 16:45:57,33
CARO ,2019-12-04 17:45:57,34
CARO ,2019-12-04 18:45:57,34
CARO ,2019-12-04 19:45:58,34
CARO ,2019-12-04 20:45:55,34
CARO ,2019-12-04 21:45:51,35
CARO ,2019-12-04 22:45:52,35
CARO ,2019-12-04 23:45:53,35
CARO ,2019-12-05 00:45:55,35
CARO ,2019-12-05 01:45:56,35
CARO ,2019-12-05 02:45:55,35
CARO ,2019-12-05 03:45:55,35
CARO ,2019-12-05 04:45:54,35
CARO ,2019-12-05 06:45:56,35
CARO ,2019-12-05 07:45:39,35
CARO ,2019-12-05 08:45:53,35
CARO ,2019-12-05 09:45:36,35
CARO ,2019-12-05 10:45:36,35
CARO ,2019-12-05 11:45:37,35
CARO ,2019-12-05 12:45:35,35
CARO ,2019-12-05 13:45:53,35
CARO ,2019-12-05 14:45:57,35
CARO ,2019-12-05 15:45:54,35
CARO ,2019-12-05 16:45:53,35
CARO ,2019-12-05 17:45:53,35
CARO ,2019-12-05 18:45:54,35
CARO ,2019-12-05 20:08:36,35
CARO ,2019-12-05 20:46:05,35
CARO ,2019-12-05 21:45:52,35
CARO ,2019-12-05 22:45:53,35
CARO ,2019-12-05 23:45:41,35
CARO ,2019-12-06 00:45:53,35
CARO ,2019-12-06 01:45:52,35
CARO ,2019-12-06 02:45:57,35
CARO ,2019-12-06 03:45:54,35
CARO ,2019-12-06 04:45:52,35
CARO ,2019-12-06 05:46:03,35
CARO ,2019-12-06 06:45:54,35
CARO ,2019-12-06 07:45:57,35
CARO ,2019-12-06 08:45:55,35
CARO ,2019-12-06 09:45:53,35
CARO ,2019-12-06 10:45:54,35
CARO ,2019-12-06 11:45:55,35
CARO ,2019-12-06 12:45:37,35
CARO ,2019-12-06 13:46:33,35
CARO ,2019-12-06 14:46:00,35
CARO ,2019-12-06 15:46:16,35
CARO ,2019-12-06 16:45:56,35
CARO ,2019-12-06 17:45:52,35
CARO ,2019-12-06 18:45:54,35
CARO ,2019-12-06 19:45:55,35
CARO ,2019-12-06 20:45:53,34
CARO ,2019-12-06 21:45:36,34
CARO ,2019-12-06 22:45:37,34
CARO ,2019-12-06 23:45:39,34
CARO ,2019-12-07 00:45:42,34
CARO ,2019-12-07 01:46:06,34
CARO ,2019-12-07 02:45:56,34
CARO ,2019-12-07 03:45:53,34
CARO ,2019-12-07 04:45:46,34
CARO ,2019-12-07 05:46:16,34
CARO ,2019-12-07 06:45:39,34
CARO ,2019-12-07 07:45:41,34
CARO ,2019-12-07 08:45:38,34
CARO ,2019-12-07 09:45:36,34
CARO ,2019-12-07 10:45:37,34
CARO ,2019-12-07 11:45:36,34
CARO ,2019-12-07 12:45:53,34
CARO ,2019-12-07 13:46:07,34
CARO ,2019-12-07 14:45:56,34
CARO ,2019-12-07 15:45:57,34
CARO ,2019-12-07 16:45:54,34
CARO ,2019-12-07 17:45:57,34
CARO ,2019-12-07 18:45:54,34
CARO ,2019-12-07 19:45:38,34
CARO ,2019-12-07 20:45:54,34
CARO ,2019-12-07 21:45:59,34
CARO ,2019-12-07 22:45:40,34
CARO ,2019-12-07 23:45:38,34
CARO ,2019-12-08 00:45:47,34
CARO ,2019-12-08 01:45:37,34
CARO ,2019-12-08 02:45:56,34
CARO ,2019-12-08 03:45:55,34
CARO ,2019-12-08 04:45:51,34
CARO ,2019-12-08 05:45:58,34
CARO ,2019-12-08 06:45:55,34
CARO ,2019-12-08 07:45:54,34
CARO ,2019-12-08 08:45:53,34
CARO ,2019-12-08 09:45:53,34
CARO ,2019-12-08 10:45:53,34
CARO ,2019-12-08 11:45:36,34
CARO ,2019-12-08 12:45:39,34
CARO ,2019-12-08 13:45:52,34
CARO ,2019-12-08 14:45:47,34
CARO ,2019-12-08 15:45:40,34
CARO ,2019-12-08 16:45:53,34
CARO ,2019-12-08 17:45:57,34
CARO ,2019-12-08 18:45:37,34
CARO ,2019-12-08 19:45:50,34
CARO ,2019-12-08 20:45:51,34
CARO ,2019-12-08 21:45:58,34
CARO ,2019-12-08 22:45:56,34
CARO ,2019-12-08 23:45:54,34
CARO ,2019-12-09 00:45:53,34
CARO ,2019-12-09 01:45:37,34
CARO ,2019-12-09 02:45:40,34
CARO ,2019-12-09 03:45:56,34
CARO ,2019-12-09 04:45:40,34
CARO ,2019-12-09 05:45:44,34
CARO ,2019-12-09 06:45:58,34
CARO ,2019-12-09 07:45:40,34
CARO ,2019-12-09 08:45:40,34
CARO ,2019-12-09 09:45:36,34
CARO ,2019-12-09 10:45:38,34
CARO ,2019-12-09 11:45:34,34
CARO ,2019-12-09 12:45:35,34
CARO ,2019-12-09 14:09:06,34
CARO ,2019-12-09 14:45:46,34
CARO ,2019-12-09 15:45:46,34
CARO ,2019-12-09 16:46:02,34
CARO ,2019-12-09 17:46:14,34
CARO ,2019-12-09 18:45:47,34
CARO ,2019-12-09 19:45:37,34
CARO ,2019-12-09 20:45:58,34
CARO ,2019-12-09 21:45:57,34
CARO ,2019-12-09 22:45:38,34
CARO ,2019-12-09 23:45:52,34
CARO ,2019-12-10 00:45:59,34
CARO ,2019-12-10 01:45:53,34
CARO ,2019-12-10 02:45:56,34
CARO ,2019-12-10 03:46:02,34
CARO ,2019-12-10 04:45:54,34
CARO ,2019-12-10 05:46:03,34
CARO ,2019-12-10 06:45:58,34
CARO ,2019-12-10 07:45:55,34
CARO ,2019-12-10 08:45:59,34
CARO ,2019-12-10 09:45:39,34
CARO ,2019-12-10 10:45:39,34
CARO ,2019-12-10 11:45:38,34
CARO ,2019-12-10 12:45:59,34
CARO ,2019-12-10 13:45:37,34
CARO ,2019-12-10 14:45:42,34
CARO ,2019-12-10 15:45:39,34
CARO ,2019-12-10 16:46:01,34
CARO ,2019-12-10 17:45:52,34
CARO ,2019-12-10 18:45:52,34
CARO ,2019-12-10 19:45:41,34
CARO ,2019-12-10 20:45:53,34
CARO ,2019-12-10 21:45:52,34
CARO ,2019-12-10 22:45:58,34
CARO ,2019-12-10 23:46:03,34
CARO ,2019-12-11 00:46:01,34
CARO ,2019-12-11 01:46:06,34
CARO ,2019-12-11 02:46:13,34
CARO ,2019-12-11 03:45:56,34
CARO ,2019-12-11 04:46:04,34
CARO ,2019-12-11 05:46:04,34
CARO ,2019-12-11 06:45:46,34
CARO ,2019-12-11 07:45:42,33
CARO ,2019-12-11 08:45:55,33
CARO ,2019-12-11 09:45:40,33
CARO ,2019-12-11 10:45:47,33
CARO ,2019-12-11 11:45:44,33
CARO ,2019-12-11 12:46:00,33
CARO ,2019-12-11 13:45:50,33
CARO ,2019-12-11 14:46:20,33
CARO ,2019-12-11 15:45:51,33
CARO ,2019-12-11 16:46:07,33
CARO ,2019-12-11 17:46:11,33
CARO ,2019-12-11 18:46:00,33
CARO ,2019-12-11 19:46:08,33
CARO ,2019-12-11 20:45:54,33
CARO ,2019-12-11 21:45:56,33
CARO ,2019-12-11 22:45:58,33
CARO ,2019-12-11 23:46:01,33
CARO ,2019-12-12 00:45:49,33
CARO ,2019-12-12 01:46:07,33
CARO ,2019-12-12 02:46:03,33
CARO ,2019-12-12 03:45:48,33
CARO ,2019-12-12 04:46:00,33
CARO ,2019-12-12 05:46:00,33
CARO ,2019-12-12 06:46:04,33
CARO ,2019-12-12 07:46:00,33
CARO ,2019-12-12 08:45:47,33
CARO ,2019-12-12 09:45:55,33
CARO ,2019-12-12 10:45:57,33
CARO ,2019-12-12 11:45:45,33
CARO ,2019-12-12 12:45:39,33
CARO ,2019-12-12 14:07:37,33
CARO ,2019-12-12 14:46:19,33
CARO ,2019-12-12 15:45:51,33
CARO ,2019-12-12 16:46:10,33
CARO ,2019-12-12 17:45:51,33
CARO ,2019-12-12 18:45:53,33
CARO ,2019-12-12 19:45:52,33
CARO ,2019-12-12 20:45:54,33
CARO ,2019-12-12 21:45:52,33
CARO ,2019-12-12 22:45:47,33
CARO ,2019-12-12 23:45:49,33
CARO ,2019-12-13 00:46:36,33
CARO ,2019-12-13 01:46:33,33
CARO ,2019-12-13 02:46:33,33
CARO ,2019-12-13 03:46:38,33
CARO ,2019-12-13 04:46:30,33
CARO ,2019-12-13 05:46:47,33
CARO ,2019-12-13 06:46:55,33
CARO ,2019-12-13 07:46:33,33
CARO ,2019-12-13 08:46:26,33
CARO ,2019-12-13 09:46:35,33
CARO ,2019-12-13 10:46:23,33
CARO ,2019-12-13 11:46:22,33
CARO ,2019-12-13 12:46:24,33
CARO ,2019-12-13 14:39:44,33
CARO ,2019-12-13 14:47:26,33
CARO ,2019-12-13 15:46:41,33
CARO ,2019-12-13 16:46:26,33
CARO ,2019-12-13 17:46:38,33
CARO ,2019-12-13 18:46:35,33
CARO ,2019-12-13 19:46:30,34
CARO ,2019-12-13 20:47:11,33
CARO ,2019-12-13 21:46:29,33
CARO ,2019-12-13 22:46:31,33
CARO ,2019-12-13 23:46:21,33
CARO ,2019-12-14 00:46:30,33
CARO ,2019-12-14 01:46:22,33
CARO ,2019-12-14 02:46:33,33
CARO ,2019-12-14 03:46:24,33
CARO ,2019-12-14 04:46:27,33
CARO ,2019-12-14 05:46:33,33
CARO ,2019-12-14 06:46:30,33
CARO ,2019-12-14 07:46:10,33
CARO ,2019-12-14 08:46:19,33
CARO ,2019-12-14 09:46:23,33
CARO ,2019-12-14 10:46:14,33
CARO ,2019-12-14 11:46:16,33
CARO ,2019-12-14 12:46:11,33
CARO ,2019-12-14 13:46:33,33
CARO ,2019-12-14 14:46:24,33
CARO ,2019-12-14 15:46:41,33
CARO ,2019-12-14 16:46:38,33
CARO ,2019-12-14 17:46:16,33
CARO ,2019-12-14 18:46:49,33
CARO ,2019-12-14 19:46:21,33
CARO ,2019-12-14 20:46:31,33
CARO ,2019-12-14 22:46:39,33
CARO ,2019-12-14 23:46:29,33
CARO ,2019-12-15 00:46:33,33
CARO ,2019-12-15 01:46:40,33
CARO ,2019-12-15 02:46:35,33
CARO ,2019-12-15 03:46:30,33
CARO ,2019-12-15 04:46:35,33
CARO ,2019-12-15 05:46:20,33
CARO ,2019-12-15 06:46:32,33
CARO ,2019-12-15 07:46:22,33
CARO ,2019-12-15 08:46:21,33
CARO ,2019-12-15 09:46:04,33
CARO ,2019-12-15 10:46:12,33
CARO ,2019-12-15 11:46:28,33
CARO ,2019-12-15 13:46:24,33
CARO ,2019-12-15 14:46:05,33
CARO ,2019-12-15 15:46:29,33
CARO ,2019-12-15 16:46:27,33
CARO ,2019-12-15 17:46:28,33
CARO ,2019-12-15 19:46:28,33
CARO ,2019-12-15 20:46:27,33
CARO ,2019-12-15 21:46:21,33
CARO ,2019-12-15 22:46:23,33
CARO ,2019-12-15 23:46:27,33
CARO ,2019-12-16 00:46:30,33
CARO ,2019-12-16 01:46:46,33
CARO ,2019-12-16 02:46:19,33
CARO ,2019-12-16 04:46:55,33
CARO ,2019-12-16 05:46:36,33
CARO ,2019-12-16 06:46:31,33
CARO ,2019-12-16 07:46:11,33
CARO ,2019-12-16 08:46:23,33
CARO ,2019-12-16 09:46:14,33
CARO ,2019-12-16 10:46:15,33
CARO ,2019-12-16 11:46:32,33
CARO ,2019-12-16 12:46:28,33
CARO ,2019-12-16 13:46:30,33
CARO ,2019-12-16 14:47:56,33
CARO ,2019-12-16 16:07:07,33
CARO ,2019-12-16 16:46:49,33
CARO ,2019-12-16 17:46:38,34
CARO ,2019-12-16 18:46:39,34
CARO ,2019-12-16 19:46:33,34
CARO ,2019-12-16 20:46:34,34
CARO ,2019-12-16 21:46:25,34
CARO ,2019-12-16 22:46:28,34
CARO ,2019-12-16 23:46:24,34
CARO ,2019-12-17 00:46:14,34
CARO ,2019-12-17 01:46:18,34
CARO ,2019-12-17 02:46:47,34
CARO ,2019-12-17 03:46:34,34
CARO ,2019-12-17 04:46:36,34
CARO ,2019-12-17 05:46:29,34
CARO ,2019-12-17 06:46:35,34
CARO ,2019-12-17 07:46:26,34
CARO ,2019-12-17 08:46:40,34
CARO ,2019-12-17 09:46:03,34
CARO ,2019-12-17 10:46:20,34
CARO ,2019-12-17 11:46:08,34
CARO ,2019-12-17 12:46:05,34
CARO ,2019-12-17 14:08:36,34
CARO ,2019-12-17 14:47:08,34
CARO ,2019-12-17 15:46:53,34
CARO ,2019-12-17 16:46:34,34
CARO ,2019-12-17 17:46:38,34
CARO ,2019-12-17 18:46:25,34
CARO ,2019-12-17 19:46:51,34
CARO ,2019-12-17 20:46:36,34
CARO ,2019-12-17 21:46:16,33
CARO ,2019-12-17 22:46:24,33
CARO ,2019-12-17 23:46:30,33
CARO ,2019-12-18 01:46:45,33
CARO ,2019-12-18 02:46:45,33
CARO ,2019-12-18 03:46:25,33
CARO ,2019-12-18 04:46:09,33
CARO ,2019-12-18 05:46:31,33
CARO ,2019-12-18 06:46:21,33
CARO ,2019-12-18 07:46:08,33
CARO ,2019-12-18 08:46:30,33
CARO ,2019-12-18 09:46:16,33
CARO ,2019-12-18 10:46:16,33
CARO ,2019-12-18 11:46:13,33
CARO ,2019-12-18 12:46:16,33
CARO ,2019-12-18 14:07:36,33
CARO ,2019-12-18 14:47:02,33
CARO ,2019-12-18 15:46:31,33
CARO ,2019-12-18 16:46:41,33
CARO ,2019-12-18 17:46:33,33
CARO ,2019-12-18 18:46:30,33
CARO ,2019-12-18 19:46:24,33
CARO ,2019-12-18 20:46:36,33
CARO ,2019-12-18 21:46:24,33
CARO ,2019-12-18 22:46:18,33
CARO ,2019-12-18 23:46:24,33
CARO ,2019-12-19 00:46:30,33
CARO ,2019-12-19 01:46:33,33
CARO ,2019-12-19 02:46:42,33
CARO ,2019-12-19 03:46:28,33
CARO ,2019-12-19 04:46:33,33
CARO ,2019-12-19 05:46:15,33
CARO ,2019-12-19 06:46:30,33
CARO ,2019-12-19 07:46:25,33
CARO ,2019-12-19 08:46:11,33
CARO ,2019-12-19 09:46:13,33
CARO ,2019-12-19 10:46:07,33
CARO ,2019-12-19 11:46:06,33
CARO ,2019-12-19 12:46:18,33
CARO ,2019-12-19 14:09:08,33
CARO ,2019-12-19 14:46:52,33
CARO ,2019-12-19 15:47:12,33
CARO ,2019-12-19 16:46:49,33
CARO ,2019-12-19 17:46:49,33
CARO ,2019-12-19 18:46:39,33
CARO ,2019-12-19 19:46:42,33
CARO ,2019-12-19 21:09:11,33
CARO ,2019-12-19 21:46:37,33
CARO ,2019-12-19 22:46:45,33
CARO ,2019-12-19 23:46:41,33
CARO ,2019-12-20 00:46:42,33
CARO ,2019-12-20 01:46:31,33
CARO ,2019-12-20 02:46:42,33
CARO ,2019-12-20 03:46:39,33
CARO ,2019-12-20 04:46:50,33
CARO ,2019-12-20 05:46:44,33
CARO ,2019-12-20 06:46:52,33
CARO ,2019-12-20 07:46:44,33
CARO ,2019-12-20 08:46:49,33
CARO ,2019-12-20 09:46:39,33
CARO ,2019-12-20 10:46:01,33
CARO ,2019-12-20 11:46:33,33
CARO ,2019-12-20 12:46:42,33
CARO ,2019-12-20 14:08:08,33
CARO ,2019-12-20 14:47:26,33
CARO ,2019-12-20 15:47:22,33
CARO ,2019-12-20 16:47:04,33
CARO ,2019-12-20 17:47:06,33
CARO ,2019-12-20 18:46:53,33
CARO ,2019-12-20 19:47:09,33
CARO ,2019-12-20 20:47:05,33
CARO ,2019-12-20 21:46:47,33
CARO ,2019-12-20 22:46:38,33
CARO ,2019-12-20 23:46:50,33
CARO ,2019-12-21 00:46:56,33
CARO ,2019-12-21 01:46:45,33
CARO ,2019-12-21 02:46:50,33
CARO ,2019-12-21 03:46:33,33
CARO ,2019-12-21 04:46:47,33
CARO ,2019-12-21 05:46:28,33
CARO ,2019-12-21 06:46:22,33
CARO ,2019-12-21 07:46:37,33
CARO ,2019-12-21 08:46:32,33
CARO ,2019-12-21 09:46:10,33
CARO ,2019-12-21 10:46:17,33
CARO ,2019-12-21 11:46:08,33
CARO ,2019-12-21 12:46:19,33
CARO ,2019-12-21 13:46:19,33
CARO ,2019-12-21 14:46:32,33
CARO ,2019-12-21 15:46:22,33
CARO ,2019-12-21 16:46:44,33
CARO ,2019-12-21 17:46:24,33
CARO ,2019-12-21 18:46:28,33
CARO ,2019-12-21 19:46:18,33
CARO ,2019-12-21 20:46:22,33
CARO ,2019-12-21 22:46:47,33
CARO ,2019-12-21 23:46:15,33
CARO ,2019-12-22 00:46:17,33
CARO ,2019-12-22 01:46:29,33
CARO ,2019-12-22 02:46:20,33
CARO ,2019-12-22 04:46:28,33
CARO ,2019-12-22 05:46:14,33
CARO ,2019-12-22 06:46:17,33
CARO ,2019-12-22 07:46:21,33
CARO ,2019-12-22 08:46:15,33
CARO ,2019-12-22 09:46:08,33
CARO ,2019-12-22 10:46:20,33
CARO ,2019-12-22 11:46:12,33
CARO ,2019-12-22 12:46:23,33
CARO ,2019-12-22 13:46:11,33
CARO ,2019-12-22 14:46:24,33
CARO ,2019-12-22 15:46:43,33
CARO ,2019-12-22 16:46:18,33
CARO ,2019-12-22 17:46:20,33
CARO ,2019-12-22 18:46:21,33
CARO ,2019-12-22 19:46:30,33
CARO ,2019-12-22 20:46:43,33
CARO ,2019-12-22 22:46:24,33
CARO ,2019-12-22 23:46:34,33
CARO ,2019-12-23 00:46:34,33
CARO ,2019-12-23 01:46:42,33
CARO ,2019-12-23 02:46:34,33
CARO ,2019-12-23 03:46:35,33
CARO ,2019-12-23 04:46:42,33
CARO ,2019-12-23 05:46:39,33
CARO ,2019-12-23 06:46:38,33
CARO ,2019-12-23 07:46:15,33
CARO ,2019-12-23 08:46:17,33
CARO ,2019-12-23 09:46:09,33
CARO ,2019-12-23 10:46:12,33
CARO ,2019-12-23 11:46:15,33
CARO ,2019-12-23 12:46:14,33
CARO ,2019-12-23 14:09:11,33
CARO ,2019-12-23 14:47:26,33
CARO ,2019-12-23 15:46:40,33
CARO ,2019-12-23 16:46:31,33
CARO ,2019-12-23 17:46:52,32
CARO ,2019-12-23 18:46:49,32
CARO ,2019-12-23 19:46:48,32
CARO ,2019-12-23 20:46:57,32
CARO ,2019-12-23 21:46:37,32
CARO ,2019-12-23 22:46:20,32
CARO ,2019-12-23 23:46:42,32
CARO ,2019-12-24 00:46:31,32
CARO ,2019-12-24 01:46:26,32
CARO ,2019-12-24 02:46:47,32
CARO ,2019-12-24 03:46:53,32
CARO ,2019-12-24 04:46:55,32
CARO ,2019-12-24 05:46:22,32
CARO ,2019-12-24 06:46:53,32
CARO ,2019-12-24 07:46:18,32
CARO ,2019-12-24 08:46:19,32
CARO ,2019-12-24 09:46:19,32
CARO ,2019-12-24 10:46:02,32
CARO ,2019-12-24 11:46:21,32
CARO ,2019-12-24 12:46:08,32
CARO ,2019-12-24 13:46:11,32
CARO ,2019-12-24 14:47:05,32
CARO ,2019-12-24 15:46:37,32
CARO ,2019-12-24 16:46:24,32
CARO ,2019-12-24 17:46:31,32
CARO ,2019-12-24 18:46:24,32
CARO ,2019-12-24 19:46:36,32
CARO ,2019-12-24 20:46:14,32
CARO ,2019-12-24 21:46:12,32
CARO ,2019-12-24 22:46:42,32
CARO ,2019-12-24 23:46:32,32
CARO ,2019-12-25 00:46:40,32
CARO ,2019-12-25 01:46:18,32
CARO ,2019-12-25 02:46:03,32
CARO ,2019-12-25 03:46:30,32
CARO ,2019-12-25 04:46:35,32
CARO ,2019-12-25 05:46:37,32
CARO ,2019-12-25 06:46:18,32
CARO ,2019-12-25 07:46:23,32
CARO ,2019-12-25 08:46:43,32
CARO ,2019-12-25 09:46:24,32
CARO ,2019-12-25 10:46:17,32
CARO ,2019-12-25 11:46:06,32
CARO ,2019-12-25 12:46:11,32
CARO ,2019-12-25 13:46:11,32
CARO ,2019-12-25 14:46:27,32
CARO ,2019-12-25 15:46:43,32
CARO ,2019-12-25 16:46:25,32
CARO ,2019-12-25 17:46:34,32
CARO ,2019-12-25 18:46:14,32
CARO ,2019-12-25 19:46:14,32
CARO ,2019-12-25 20:46:23,32
CARO ,2019-12-25 21:46:23,32
CARO ,2019-12-25 22:46:24,32
CARO ,2019-12-25 23:46:20,32
CARO ,2019-12-26 00:46:34,32
CARO ,2019-12-26 01:46:35,32
CARO ,2019-12-26 02:46:45,32
CARO ,2019-12-26 03:46:43,32
CARO ,2019-12-26 04:46:53,32
CARO ,2019-12-26 05:46:23,32
CARO ,2019-12-26 06:46:34,32
CARO ,2019-12-26 07:46:28,32
CARO ,2019-12-26 08:46:12,32
CARO ,2019-12-26 09:46:18,32
CARO ,2019-12-26 10:46:12,32
CARO ,2019-12-26 11:46:06,32
CARO ,2019-12-26 12:46:08,32
CARO ,2019-12-26 13:46:23,32
CARO ,2019-12-26 14:47:01,32
CARO ,2019-12-26 15:46:53,32
CARO ,2019-12-26 16:46:41,32
CARO ,2019-12-26 17:46:56,32
CARO ,2019-12-26 18:46:38,32
CARO ,2019-12-26 19:46:29,32
CARO ,2019-12-26 20:47:04,32
CARO ,2019-12-26 21:46:44,32
CARO ,2019-12-26 22:47:05,32
CARO ,2019-12-26 23:46:39,32
CARO ,2019-12-27 00:46:22,32
CARO ,2019-12-27 01:46:43,32
CARO ,2019-12-27 02:46:56,32
CARO ,2019-12-27 03:46:31,32
CARO ,2019-12-27 04:46:51,32
CARO ,2019-12-27 05:46:41,32
CARO ,2019-12-27 06:46:50,32
CARO ,2019-12-27 07:46:18,32
CARO ,2019-12-27 08:46:37,32
CARO ,2019-12-27 09:46:20,32
CARO ,2019-12-27 10:46:04,32
CARO ,2019-12-27 11:46:16,32
CARO ,2019-12-27 12:46:22,32
CARO ,2019-12-27 14:09:09,32
CARO ,2019-12-27 14:46:58,32
CARO ,2019-12-27 15:46:43,32
CARO ,2019-12-27 16:46:40,32
CARO ,2019-12-27 17:46:35,32
CARO ,2019-12-27 18:46:44,32
CARO ,2019-12-27 19:47:10,32
CARO ,2019-12-27 20:46:38,32
CARO ,2019-12-27 21:46:58,32
CARO ,2019-12-27 22:46:44,32
CARO ,2019-12-27 23:46:21,32
CARO ,2019-12-28 00:46:41,32
CARO ,2019-12-28 01:46:30,32
CARO ,2019-12-28 02:46:43,32
CARO ,2019-12-28 03:46:30,32
CARO ,2019-12-28 04:46:50,32
CARO ,2019-12-28 05:46:49,32
CARO ,2019-12-28 06:46:43,32
CARO ,2019-12-28 07:46:23,32
CARO ,2019-12-28 08:46:44,32
CARO ,2019-12-28 09:46:25,32
CARO ,2019-12-28 10:46:28,32
CARO ,2019-12-28 11:46:11,32
CARO ,2019-12-28 12:46:08,32
CARO ,2019-12-28 13:46:22,32
CARO ,2019-12-28 14:46:43,32
CARO ,2019-12-28 15:46:54,32
CARO ,2019-12-28 16:46:32,32
CARO ,2019-12-28 17:46:52,32
CARO ,2019-12-28 18:46:37,32
CARO ,2019-12-28 19:46:26,32
CARO ,2019-12-28 20:46:46,32
CARO ,2019-12-28 21:46:25,32
CARO ,2019-12-28 22:46:42,32
CARO ,2019-12-28 23:46:42,32
CARO ,2019-12-29 00:46:28,32
CARO ,2019-12-29 01:46:58,32
CARO ,2019-12-29 02:46:40,32
CARO ,2019-12-29 03:46:56,32
CARO ,2019-12-29 04:46:38,32
CARO ,2019-12-29 05:46:53,32
CARO ,2019-12-29 06:46:58,32
CARO ,2019-12-29 07:46:32,32
CARO ,2019-12-29 08:46:48,32
CARO ,2019-12-29 09:46:27,32
CARO ,2019-12-29 10:46:29,32
CARO ,2019-12-29 11:46:23,32
CARO ,2019-12-29 12:46:23,32
CARO ,2019-12-29 13:46:26,32
CARO ,2019-12-29 14:46:36,32
CARO ,2019-12-29 15:46:29,32
CARO ,2019-12-29 16:46:44,32
CARO ,2019-12-29 17:46:29,32
CARO ,2019-12-29 18:46:38,32
CARO ,2019-12-29 19:46:45,32
CARO ,2019-12-29 20:46:22,32
CARO ,2019-12-29 21:47:05,32
CARO ,2019-12-29 22:46:36,32
CARO ,2019-12-29 23:46:24,32
CARO ,2019-12-30 00:46:29,32
CARO ,2019-12-30 01:46:55,32
CARO ,2019-12-30 02:47:00,32
CARO ,2019-12-30 03:46:28,32
CARO ,2019-12-30 04:47:05,32
CARO ,2019-12-30 05:46:33,32
CARO ,2019-12-30 06:46:13,32
CARO ,2019-12-30 07:46:10,32
CARO ,2019-12-30 08:46:26,32
CARO ,2019-12-30 09:46:32,32
CARO ,2019-12-30 10:46:03,32
CARO ,2019-12-30 11:46:32,32
CARO ,2019-12-30 12:46:21,32
CARO ,2019-12-30 14:09:08,32
CARO ,2019-12-30 14:47:35,32
CARO ,2019-12-30 15:46:46,32
CARO ,2019-12-30 16:46:44,32
CARO ,2019-12-30 17:46:47,32
CARO ,2019-12-30 18:46:55,32
CARO ,2019-12-30 19:46:49,32
CARO ,2019-12-30 20:46:33,32
CARO ,2019-12-30 21:46:29,32
CARO ,2019-12-30 22:46:21,32
CARO ,2019-12-30 23:46:33,32
CARO ,2019-12-31 00:46:31,32
CARO ,2019-12-31 01:46:21,32
CARO ,2019-12-31 02:46:43,32
CARO ,2019-12-31 03:46:47,32
CARO ,2019-12-31 04:46:34,32
CARO ,2019-12-31 05:46:17,32
CARO ,2019-12-31 06:46:31,32
CARO ,2019-12-31 07:46:23,32
CARO ,2019-12-31 08:46:43,32
CARO ,2019-12-31 09:46:33,32
CARO ,2019-12-31 10:46:45,32
CARO ,2019-12-31 11:46:37,32
CARO ,2019-12-31 12:46:25,32
CARO ,2019-12-31 14:10:09,32
CARO ,2019-12-31 14:47:20,32
CARO ,2019-12-31 15:46:56,32
CARO ,2019-12-31 16:46:40,32
CARO ,2019-12-31 17:46:22,32
CARO ,2019-12-31 18:46:30,32
CARO ,2019-12-31 19:46:35,32
CARO ,2019-12-31 20:46:38,32
CARO ,2019-12-31 21:46:20,32
CARO ,2019-12-31 22:46:24,32
CARO ,2019-12-31 23:46:23,32
CARO ,2020-01-01 00:46:26,32
CARO ,2020-01-01 01:46:27,32
CARO ,2020-01-01 02:46:24,32
CARO ,2020-01-01 03:46:25,32
CARO ,2020-01-01 04:46:09,32
CARO ,2020-01-01 05:46:46,32
CARO ,2020-01-01 06:46:48,32
CARO ,2020-01-01 07:46:26,32
CARO ,2020-01-01 08:46:22,32
CARO ,2020-01-01 09:46:15,32
CARO ,2020-01-01 10:46:08,32
CARO ,2020-01-01 11:46:10,32
CARO ,2020-01-01 12:46:22,32
CARO ,2020-01-01 13:46:13,32
CARO ,2020-01-01 14:46:16,32
CARO ,2020-01-01 15:46:23,32
CARO ,2020-01-01 16:46:31,32
CARO ,2020-01-01 17:46:29,32
CARO ,2020-01-01 18:46:26,32
CARO ,2020-01-01 19:46:07,32
CARO ,2020-01-01 20:46:34,32
CARO ,2020-01-01 21:46:21,32
CARO ,2020-01-01 22:46:33,32
CARO ,2020-01-01 23:47:00,32
CARO ,2020-01-02 00:46:46,32
CARO ,2020-01-02 01:46:37,32
CARO ,2020-01-02 02:47:09,32
CARO ,2020-01-02 03:46:38,32
CARO ,2020-01-02 04:46:35,32
CARO ,2020-01-02 05:46:31,32
CARO ,2020-01-02 06:46:22,32
CARO ,2020-01-02 07:46:21,32
CARO ,2020-01-02 08:46:23,32
CARO ,2020-01-02 09:46:15,32
CARO ,2020-01-02 10:46:19,32
CARO ,2020-01-02 11:46:21,32
CARO ,2020-01-02 12:46:21,32
CARO ,2020-01-02 14:10:38,32
CARO ,2020-01-02 14:48:04,32
CARO ,2020-01-02 15:46:55,32
CARO ,2020-01-02 16:46:41,32
CARO ,2020-01-02 17:46:44,32
CARO ,2020-01-02 18:46:52,32
CARO ,2020-01-02 19:46:37,32
CARO ,2020-01-02 20:46:50,32
CARO ,2020-01-02 21:46:29,32
CARO ,2020-01-02 22:47:19,32
CARO ,2020-01-02 23:46:19,32
CARO ,2020-01-03 00:46:42,32
CARO ,2020-01-03 01:46:45,32
CARO ,2020-01-03 02:46:55,32
CARO ,2020-01-03 03:46:35,32
CARO ,2020-01-03 04:46:40,32
CARO ,2020-01-03 05:46:44,32
CARO ,2020-01-03 06:46:36,32
CARO ,2020-01-03 07:46:29,32
CARO ,2020-01-03 08:46:33,32
CARO ,2020-01-03 09:46:26,32
CARO ,2020-01-03 10:46:25,32
CARO ,2020-01-03 11:46:21,32
CARO ,2020-01-03 12:46:20,32
CARO ,2020-01-03 14:10:39,32
CARO ,2020-01-03 14:50:50,32
CARO ,2020-01-03 15:46:38,32
CARO ,2020-01-03 16:46:50,32
CARO ,2020-01-03 17:47:31,32
CARO ,2020-01-03 18:46:50,32
CARO ,2020-01-03 19:46:40,32
CARO ,2020-01-03 20:46:51,32
CARO ,2020-01-03 21:46:25,32
CARO ,2020-01-03 22:46:35,32
CARO ,2020-01-03 23:46:29,32
CARO ,2020-01-04 00:46:38,32
CARO ,2020-01-04 01:46:30,32
CARO ,2020-01-04 02:46:31,32
CARO ,2020-01-04 03:46:48,32
CARO ,2020-01-04 04:46:41,32
CARO ,2020-01-04 05:46:33,32
CARO ,2020-01-04 06:46:35,32
CARO ,2020-01-04 07:46:17,32
CARO ,2020-01-04 08:46:24,32
CARO ,2020-01-04 09:46:27,32
CARO ,2020-01-04 10:46:20,32
CARO ,2020-01-04 11:46:14,32
CARO ,2020-01-04 12:46:28,32
CARO ,2020-01-04 13:46:23,32
CARO ,2020-01-04 14:46:22,32
CARO ,2020-01-04 15:46:38,32
CARO ,2020-01-04 16:46:40,32
CARO ,2020-01-04 17:46:40,32
CARO ,2020-01-04 18:46:28,32
CARO ,2020-01-04 19:46:34,32
CARO ,2020-01-04 20:46:40,32
CARO ,2020-01-04 21:47:16,32
CARO ,2020-01-04 22:46:42,32
CARO ,2020-01-04 23:46:45,32
CARO ,2020-01-05 00:46:29,32
CARO ,2020-01-05 01:47:08,32
CARO ,2020-01-05 02:46:56,32
CARO ,2020-01-05 03:46:42,32
CARO ,2020-01-05 04:46:24,32
CARO ,2020-01-05 05:46:25,32
CARO ,2020-01-05 06:46:21,32
CARO ,2020-01-05 07:46:11,32
CARO ,2020-01-05 08:46:12,32
CARO ,2020-01-05 09:46:08,32
CARO ,2020-01-05 10:46:07,32
CARO ,2020-01-05 11:46:33,32
CARO ,2020-01-05 12:46:11,32
CARO ,2020-01-05 13:46:31,32
CARO ,2020-01-05 14:46:19,32
CARO ,2020-01-05 15:46:17,32
CARO ,2020-01-05 16:46:34,32
CARO ,2020-01-05 17:47:25,32
CARO ,2020-01-05 18:46:45,32
CARO ,2020-01-05 20:46:37,32
CARO ,2020-01-05 21:46:55,32
CARO ,2020-01-05 22:46:28,32
CARO ,2020-01-05 23:46:37,32
CARO ,2020-01-06 00:46:40,32
CARO ,2020-01-06 01:46:43,32
CARO ,2020-01-06 02:47:00,32
CARO ,2020-01-06 03:47:03,32
CARO ,2020-01-06 04:47:00,32
CARO ,2020-01-06 05:46:43,32
CARO ,2020-01-06 06:46:30,32
CARO ,2020-01-06 07:46:27,32
CARO ,2020-01-06 08:46:36,32
CARO ,2020-01-16 06:46:20,31
CARO ,2020-01-16 07:46:14,31
CARO ,2020-01-16 08:46:19,31
CARO ,2020-01-16 09:46:08,31
CARO ,2020-01-16 10:46:08,31
CARO ,2020-01-16 11:46:12,31
CARO ,2020-01-16 12:46:15,31
CARO ,2020-01-16 14:10:39,31
CARO ,2020-01-16 15:46:21,31
CARO ,2020-01-16 16:46:30,30
CARO ,2020-01-16 17:46:30,30
CARO ,2020-01-16 18:46:15,30
CARO ,2020-01-16 19:46:21,30
CARO ,2020-01-16 20:46:23,30
CARO ,2020-01-16 21:46:16,30
CARO ,2020-01-16 22:46:20,30
CARO ,2020-01-16 23:46:12,30
CARO ,2020-01-17 00:46:44,30
CARO ,2020-01-17 01:46:48,30
CARO ,2020-01-17 02:46:12,30
CARO ,2020-01-17 03:46:06,30
CARO ,2020-01-17 04:46:07,30
CARO ,2020-01-17 05:46:07,30
CARO ,2020-01-17 06:46:14,30
CARO ,2020-01-17 07:45:58,30
CARO ,2020-01-17 08:45:56,30
CARO ,2020-01-17 09:46:46,30
CARO ,2020-01-17 10:45:52,30
CARO ,2020-01-17 11:45:51,30
CARO ,2020-01-17 12:46:03,30
CARO ,2020-01-17 14:08:41,30
CARO ,2020-01-17 14:46:23,30
CARO ,2020-01-17 15:46:18,30
CARO ,2020-01-17 16:46:18,30
CARO ,2020-01-17 17:46:12,30
CARO ,2020-01-17 18:46:13,30
CARO ,2020-01-17 19:46:12,30
CARO ,2020-01-17 20:46:10,30
CARO ,2020-01-17 21:45:58,30
CARO ,2020-01-17 22:46:10,30
CARO ,2020-01-17 23:46:04,30
CARO ,2020-01-18 00:46:38,30
CARO ,2020-01-18 01:46:04,30
CARO ,2020-01-18 02:46:03,30
CARO ,2020-01-18 03:46:09,30
CARO ,2020-01-18 04:46:10,30
CARO ,2020-01-18 05:46:13,30
CARO ,2020-01-18 06:45:53,30
CARO ,2020-01-18 07:46:05,30
CARO ,2020-01-18 08:46:04,30
CARO ,2020-01-18 09:45:55,30
CARO ,2020-01-18 10:45:59,30
CARO ,2020-01-18 11:45:53,30
CARO ,2020-01-18 12:46:01,30
CARO ,2020-01-18 13:46:04,30
CARO ,2020-01-18 14:46:06,30
CARO ,2020-01-18 15:46:10,30
CARO ,2020-01-18 16:45:49,30
CARO ,2020-01-18 17:46:21,30
CARO ,2020-01-18 18:46:07,30
CARO ,2020-01-18 19:46:39,30
CARO ,2020-01-18 20:46:08,30
CARO ,2020-01-18 21:46:17,30
CARO ,2020-01-18 22:46:03,30
CARO ,2020-01-18 23:46:06,30
CARO ,2020-01-19 00:45:52,30
CARO ,2020-01-19 01:46:09,30
CARO ,2020-01-19 02:46:10,30
CARO ,2020-01-19 03:46:15,30
CARO ,2020-01-19 04:46:05,30
CARO ,2020-01-19 05:46:02,30
CARO ,2020-01-19 06:46:02,30
CARO ,2020-01-19 07:45:56,30
CARO ,2020-01-19 08:46:25,30
CARO ,2020-01-19 09:46:02,30
CARO ,2020-01-19 10:45:50,30
CARO ,2020-01-19 11:45:52,30
CARO ,2020-01-19 12:46:07,30
CARO ,2020-01-19 13:45:59,30
CARO ,2020-01-19 14:46:28,30
CARO ,2020-01-19 15:46:42,30
CARO ,2020-01-19 16:45:54,30
CARO ,2020-01-19 17:46:05,30
CARO ,2020-01-19 18:45:55,30
CARO ,2020-01-19 19:46:49,30
CARO ,2020-01-19 20:46:09,30
CARO ,2020-01-19 21:46:08,30
CARO ,2020-01-19 22:46:07,30
CARO ,2020-01-19 23:47:00,30
CARO ,2020-01-20 00:46:48,30
CARO ,2020-01-20 01:46:42,30
CARO ,2020-01-20 02:46:20,30
CARO ,2020-01-20 03:46:41,30
CARO ,2020-01-20 04:46:35,30
CARO ,2020-01-20 05:45:58,30
CARO ,2020-01-20 06:46:47,30
CARO ,2020-01-20 07:45:53,30
CARO ,2020-01-20 08:46:43,30
CARO ,2020-01-20 09:53:32,30
CARO ,2020-01-20 10:46:21,30
CARO ,2020-01-20 11:45:51,30
CARO ,2020-01-20 12:45:57,30
CARO ,2020-01-20 13:46:33,30
CARO ,2020-01-20 14:46:27,30
CARO ,2020-01-20 15:46:36,30
CARO ,2020-01-20 16:46:05,30
CARO ,2020-01-20 17:46:34,30
CARO ,2020-01-20 18:46:08,30
CARO ,2020-01-20 19:46:35,30
CARO ,2020-01-20 21:46:51,30
CARO ,2020-01-20 22:46:42,30
CARO ,2020-01-20 23:46:42,30
CARO ,2020-01-21 00:46:45,30
CARO ,2020-01-21 01:46:35,30
CARO ,2020-01-21 02:46:42,30
CARO ,2020-01-21 03:46:00,30
CARO ,2020-01-21 04:46:07,30
CARO ,2020-01-21 05:46:02,30
CARO ,2020-01-21 06:46:03,30
CARO ,2020-01-21 07:45:53,30
CARO ,2020-01-21 08:46:08,30
CARO ,2020-01-21 10:02:03,30
CARO ,2020-01-21 10:46:41,30
CARO ,2020-01-21 11:45:58,30
CARO ,2020-01-21 12:45:59,30
CARO ,2020-01-21 13:46:08,30
CARO ,2020-01-21 15:47:05,30
CARO ,2020-01-21 16:46:20,30
CARO ,2020-01-21 17:46:49,30
CARO ,2020-01-21 18:46:20,30
CARO ,2020-01-21 19:46:45,30
CARO ,2020-01-21 20:46:17,30
CARO ,2020-01-21 21:46:50,30
CARO ,2020-01-21 22:46:39,30
CARO ,2020-01-21 23:46:11,30
CARO ,2020-01-22 00:46:11,30
CARO ,2020-01-22 01:46:19,30
CARO ,2020-01-22 02:46:39,30
CARO ,2020-01-22 03:46:13,30
CARO ,2020-01-22 04:46:20,30
CARO ,2020-01-22 05:46:13,30
CARO ,2020-01-22 06:46:04,30
CARO ,2020-01-22 07:46:02,30
CARO ,2020-01-22 08:46:15,30
CARO ,2020-01-22 09:58:13,30
CARO ,2020-01-22 10:45:50,30
CARO ,2020-01-22 11:45:55,30
CARO ,2020-01-22 12:46:29,30
CARO ,2020-01-22 13:46:37,30
CARO ,2020-01-22 14:46:46,30
CARO ,2020-01-22 15:46:19,29
CARO ,2020-01-22 16:46:52,29
CARO ,2020-01-22 17:46:43,29
CARO ,2020-01-22 18:46:33,29
CARO ,2020-01-22 19:46:57,29
CARO ,2020-01-22 20:46:48,29
CARO ,2020-01-22 21:46:57,29
CARO ,2020-01-22 22:46:31,29
CARO ,2020-01-22 23:46:45,29
CARO ,2020-01-23 00:46:54,29
CARO ,2020-01-23 01:46:54,29
CARO ,2020-01-23 02:46:18,29
CARO ,2020-01-23 03:46:21,29
CARO ,2020-01-23 04:46:23,29
CARO ,2020-01-23 05:45:56,29
CARO ,2020-01-23 06:46:08,29
CARO ,2020-01-23 07:46:05,29
CARO ,2020-01-23 08:46:04,29
CARO ,2020-01-23 10:45:56,29
CARO ,2020-01-23 11:46:04,29
CARO ,2020-01-23 12:46:03,29
CARO ,2020-01-23 14:10:12,29
CARO ,2020-01-23 14:46:39,29
CARO ,2020-01-23 15:46:25,29
CARO ,2020-01-23 16:46:14,29
CARO ,2020-01-23 17:46:13,29
CARO ,2020-01-23 18:46:27,29
CARO ,2020-01-23 19:46:11,29
CARO ,2020-01-23 20:46:25,29
CARO ,2020-01-23 21:46:27,29
CARO ,2020-01-23 22:46:08,29
CARO ,2020-01-23 23:46:15,29
CARO ,2020-01-24 00:46:10,29
CARO ,2020-01-24 01:46:17,29
CARO ,2020-01-24 02:46:46,29
CARO ,2020-01-24 03:46:05,29
CARO ,2020-01-24 04:46:08,29
CARO ,2020-01-24 05:46:21,29
CARO ,2020-01-24 06:45:56,29
CARO ,2020-01-24 07:46:21,29
CARO ,2020-01-24 08:45:57,29
CARO ,2020-01-24 09:56:19,29
CARO ,2020-01-24 10:46:03,29
CARO ,2020-01-24 11:45:58,29
CARO ,2020-01-24 12:46:06,29
CARO ,2020-01-24 14:09:11,29
CARO ,2020-01-24 14:46:28,29
CARO ,2020-01-24 15:46:22,29
CARO ,2020-01-24 16:46:20,29
CARO ,2020-01-24 17:46:15,29
CARO ,2020-01-24 18:46:12,29
CARO ,2020-01-24 19:46:25,29
CARO ,2020-01-24 20:46:20,29
CARO ,2020-01-24 21:46:09,28
CARO ,2020-01-24 22:46:04,28
CARO ,2020-01-24 23:46:13,28
CARO ,2020-01-25 00:46:05,28
CARO ,2020-01-25 01:46:15,28
CARO ,2020-01-25 02:46:24,28
CARO ,2020-01-25 03:46:21,28
CARO ,2020-01-25 04:46:11,28
CARO ,2020-01-25 05:46:16,28
CARO ,2020-01-25 06:46:07,28
CARO ,2020-01-25 07:46:14,28
CARO ,2020-01-25 08:46:10,28
CARO ,2020-01-25 09:56:45,28
CARO ,2020-01-25 10:45:57,28
CARO ,2020-01-25 11:46:03,28
CARO ,2020-01-25 12:46:13,28
CARO ,2020-01-25 14:46:02,28
CARO ,2020-01-25 15:46:01,28
CARO ,2020-01-25 16:46:09,28
CARO ,2020-01-25 17:46:13,28
CARO ,2020-01-25 18:46:12,28
CARO ,2020-01-25 19:46:10,28
CARO ,2020-01-25 20:46:10,28
CARO ,2020-01-25 21:46:08,28
CARO ,2020-01-25 22:46:09,28
CARO ,2020-01-25 23:46:05,28
CARO ,2020-01-26 00:46:13,28
CARO ,2020-01-26 01:46:12,28
CARO ,2020-01-26 02:46:15,28
CARO ,2020-01-26 03:46:08,28
CARO ,2020-01-26 04:46:03,28
CARO ,2020-01-26 06:45:57,28
CARO ,2020-01-26 07:46:01,28
CARO ,2020-01-27 02:46:17,28
CARO ,2020-01-27 03:46:11,28
CARO ,2020-01-27 04:46:16,28
CARO ,2020-01-27 05:46:16,28
CARO ,2020-01-27 06:46:21,28
CARO ,2020-01-27 07:46:05,28
CARO ,2020-01-27 08:46:08,28
CARO ,2020-01-27 09:46:23,28
CARO ,2020-01-27 10:46:07,28
CARO ,2020-01-27 11:46:13,28
CARO ,2020-01-27 12:45:51,28
CARO ,2020-01-27 13:46:15,28
CARO ,2020-01-27 14:47:18,28
CARO ,2020-01-27 15:46:44,27
CARO ,2020-01-27 16:46:25,27
CARO ,2020-01-27 17:46:31,27
CARO ,2020-01-27 18:46:28,27
CARO ,2020-01-27 19:46:38,27
CARO ,2020-01-27 20:46:22,27
CARO ,2020-01-27 21:46:30,27
CARO ,2020-01-27 22:46:58,27
CARO ,2020-01-27 23:46:35,27
CARO ,2020-01-28 00:46:06,27
CARO ,2020-01-28 01:46:32,27
CARO ,2020-01-28 02:46:31,27
CARO ,2020-01-28 03:46:18,27
CARO ,2020-01-28 04:46:21,27
CARO ,2020-01-28 05:46:16,27
CARO ,2020-01-28 06:46:00,27
CARO ,2020-01-28 07:46:07,27
CARO ,2020-01-28 08:46:18,27
CARO ,2020-01-28 09:46:37,27
CARO ,2020-01-28 10:46:03,27
CARO ,2020-01-28 11:46:04,27
CARO ,2020-01-28 12:46:06,27
CARO ,2020-01-28 14:09:44,27
CARO ,2020-01-28 14:46:54,27
CARO ,2020-01-28 15:46:29,27
CARO ,2020-01-28 16:46:37,27
CARO ,2020-01-28 17:46:25,27
CARO ,2020-01-28 18:46:30,27
CARO ,2020-01-28 19:46:29,27
CARO ,2020-01-28 21:46:52,27
CARO ,2020-01-28 22:46:29,27
CARO ,2020-01-28 23:46:12,27
CARO ,2020-01-29 00:46:17,27
CARO ,2020-01-29 01:46:30,27
CARO ,2020-01-29 02:46:41,27
CARO ,2020-01-29 03:46:32,27
CARO ,2020-01-29 04:46:27,27
CARO ,2020-01-29 05:46:20,27
CARO ,2020-01-29 06:46:08,27
CARO ,2020-01-29 07:45:58,27
CARO ,2020-01-29 08:46:12,27
CARO ,2020-01-29 09:46:22,27
CARO ,2020-01-29 10:46:02,27
CARO ,2020-01-29 11:46:06,27
CARO ,2020-01-29 12:46:15,27
CARO ,2020-01-29 13:46:30,27
CARO ,2020-01-29 14:46:49,27
CARO ,2020-01-29 15:46:40,27
CARO ,2020-01-29 16:46:24,27
CARO ,2020-01-29 17:46:49,27
CARO ,2020-01-29 18:46:35,27
CARO ,2020-01-29 19:46:42,27
CARO ,2020-01-29 20:46:38,27
CARO ,2020-01-29 21:46:26,27
CARO ,2020-01-29 22:46:21,27
CARO ,2020-01-29 23:46:13,27
CARO ,2020-01-30 00:46:24,27
CARO ,2020-01-30 01:46:40,27
CARO ,2020-01-30 02:46:36,27
CARO ,2020-01-30 03:46:14,27
CARO ,2020-01-30 04:46:48,27
CARO ,2020-01-30 05:46:48,27
CARO ,2020-01-30 06:46:31,27
CARO ,2020-01-30 07:46:04,27
CARO ,2020-01-30 08:46:12,27
CARO ,2020-01-30 09:46:22,27
CARO ,2020-01-30 10:45:53,27
CARO ,2020-01-30 11:46:07,27
CARO ,2020-01-30 12:46:14,27
CARO ,2020-01-30 13:46:10,27
CARO ,2020-01-30 14:46:51,27
CARO ,2020-01-30 15:46:42,27
CARO ,2020-01-30 16:46:40,27
CARO ,2020-01-30 17:46:37,27
CARO ,2020-01-30 18:46:31,27
CARO ,2020-01-30 19:46:40,27
CARO ,2020-01-30 20:46:15,28
CARO ,2020-01-30 21:46:36,28
CARO ,2020-01-30 22:46:01,28
CARO ,2020-01-30 23:46:06,28
CARO ,2020-01-31 00:46:12,28
CARO ,2020-01-31 01:46:35,28
CARO ,2020-01-31 02:46:22,28
CARO ,2020-01-31 03:46:30,28
CARO ,2020-01-31 04:46:19,28
CARO ,2020-01-31 05:46:11,28
CARO ,2020-01-31 06:45:58,28
CARO ,2020-01-31 07:46:13,28
CARO ,2020-01-31 08:46:30,28
CARO ,2020-01-31 09:46:29,28
CARO ,2020-01-31 10:46:11,28
CARO ,2020-01-31 11:46:03,28
CARO ,2020-01-31 12:46:03,28
CARO ,2020-01-31 13:46:23,28
CARO ,2020-01-31 14:46:34,28
CARO ,2020-01-31 15:46:27,30
CARO ,2020-01-31 16:46:19,33
CARO ,2020-01-31 17:46:19,33
CARO ,2020-01-31 18:46:19,34
CARO ,2020-01-31 19:46:24,37
CARO ,2020-01-31 20:46:21,38
CARO ,2020-01-31 21:46:02,40
CARO ,2020-01-31 22:46:08,39
CARO ,2020-01-31 23:46:16,39
CARO ,2020-02-01 00:46:06,39
CARO ,2020-02-01 01:46:34,39
CARO ,2020-02-01 02:46:10,39
CARO ,2020-02-01 03:46:08,39
CARO ,2020-02-01 04:46:24,39
CARO ,2020-02-01 05:46:27,39
CARO ,2020-02-01 06:46:24,39
CARO ,2020-02-01 07:46:09,39
CARO ,2020-02-01 08:46:07,39
CARO ,2020-02-01 09:46:22,39
CARO ,2020-02-01 10:45:58,39
CARO ,2020-02-01 11:46:07,39
CARO ,2020-02-01 12:45:59,39
CARO ,2020-02-01 13:46:12,39
CARO ,2020-02-01 14:46:26,39
CARO ,2020-02-01 15:46:16,39
CARO ,2020-02-01 16:46:13,39
CARO ,2020-02-01 17:46:24,39
CARO ,2020-02-01 18:46:12,39
CARO ,2020-02-01 19:46:17,39
CARO ,2020-02-01 20:46:19,39
CARO ,2020-02-01 21:46:37,39
CARO ,2020-02-01 22:46:21,39
CARO ,2020-02-01 23:46:29,39
CARO ,2020-02-02 00:46:30,39
CARO ,2020-02-02 01:46:38,39
CARO ,2020-02-02 02:46:24,39
CARO ,2020-02-02 03:46:23,39
CARO ,2020-02-02 04:46:23,39
CARO ,2020-02-02 05:46:21,39
CARO ,2020-02-02 06:46:20,39
CARO ,2020-02-02 07:46:19,39
CARO ,2020-02-02 08:46:26,39
CARO ,2020-02-02 09:46:19,39
CARO ,2020-02-02 10:46:12,39
CARO ,2020-02-02 11:46:18,39
CARO ,2020-02-02 12:46:22,39
CARO ,2020-02-02 13:46:27,39
CARO ,2020-02-02 14:46:22,39
CARO ,2020-02-02 15:46:19,39
CARO ,2020-02-02 16:46:23,39
CARO ,2020-02-02 17:46:37,39
CARO ,2020-02-02 18:46:17,39
CARO ,2020-02-02 19:46:30,39
CARO ,2020-02-02 20:46:33,39
CARO ,2020-02-02 21:46:24,39
CARO ,2020-02-02 22:46:24,39
CARO ,2020-02-02 23:46:43,39
CARO ,2020-02-03 00:46:56,39
CARO ,2020-02-03 01:46:44,39
CARO ,2020-02-03 02:46:25,39
CARO ,2020-02-03 03:46:26,39
CARO ,2020-02-03 04:46:33,39
CARO ,2020-02-03 05:46:33,39
CARO ,2020-02-03 06:46:22,39
CARO ,2020-02-03 07:46:22,39
CARO ,2020-02-03 08:46:29,39
CARO ,2020-02-03 09:46:29,39
CARO ,2020-02-03 10:46:17,39
CARO ,2020-02-03 11:46:18,39
CARO ,2020-02-03 12:46:07,39
CARO ,2020-02-03 14:46:23,38
CARO ,2020-02-03 14:54:09,38
CARO ,2020-02-03 15:46:45,34
CARO ,2020-02-03 16:46:38,32
CARO ,2020-02-03 17:46:36,30
CARO ,2020-02-03 18:46:47,30
CARO ,2020-02-03 19:46:39,30
CARO ,2020-02-03 20:46:36,30
CARO ,2020-02-03 21:46:32,30
CARO ,2020-02-03 22:46:25,30
CARO ,2020-02-03 23:46:32,30
CARO ,2020-02-04 00:46:31,30
CARO ,2020-02-04 01:46:35,30
CARO ,2020-02-04 02:46:43,30
CARO ,2020-02-04 03:46:38,30
CARO ,2020-02-04 04:46:36,30
CARO ,2020-02-04 05:46:44,30
CARO ,2020-02-04 06:46:32,30
CARO ,2020-02-04 07:46:31,30
CARO ,2020-02-04 08:46:08,30
CARO ,2020-02-04 09:46:33,30
CARO ,2020-02-04 10:46:16,30
CARO ,2020-02-04 11:46:31,30
CARO ,2020-02-04 12:46:26,30
CARO ,2020-02-04 14:13:17,30
CARO ,2020-02-04 15:46:39,30
CARO ,2020-02-04 16:46:31,30
CARO ,2020-02-04 17:46:43,30
CARO ,2020-02-04 18:46:32,30
CARO ,2020-02-04 19:46:27,28
CARO ,2020-02-04 20:46:27,28
CARO ,2020-02-04 21:46:36,28
CARO ,2020-02-04 22:46:30,28
CARO ,2020-02-04 23:46:31,28
CARO ,2020-02-05 00:46:33,28
CARO ,2020-02-05 01:46:29,28
CARO ,2020-02-05 02:46:36,28
CARO ,2020-02-05 03:46:38,28
CARO ,2020-02-05 04:47:04,28
CARO ,2020-02-05 05:46:28,28
CARO ,2020-02-05 06:46:42,28
CARO ,2020-02-05 07:46:33,28
CARO ,2020-02-05 08:46:29,28
CARO ,2020-02-05 09:46:26,28
CARO ,2020-02-05 10:46:31,28
CARO ,2020-02-05 11:46:23,28
CARO ,2020-02-05 12:46:35,28
CARO ,2020-02-05 14:07:18,28
CARO ,2020-02-05 14:46:52,28
CARO ,2020-02-05 15:46:51,28
CARO ,2020-02-05 16:46:44,28
CARO ,2020-02-05 17:46:32,28
CARO ,2020-02-05 18:46:33,28
CARO ,2020-02-05 19:46:40,28
CARO ,2020-02-05 20:46:47,28
CARO ,2020-02-05 21:46:29,28
CARO ,2020-02-05 22:46:32,28
CARO ,2020-02-05 23:46:29,28
CARO ,2020-02-06 00:46:42,28
CARO ,2020-02-06 01:46:43,28
CARO ,2020-02-06 02:46:40,28
CARO ,2020-02-06 03:46:57,28
CARO ,2020-02-06 04:46:51,28
CARO ,2020-02-06 05:46:41,28
CARO ,2020-02-06 06:46:30,28
CARO ,2020-02-06 07:46:31,28
CARO ,2020-02-06 08:46:29,28
CARO ,2020-02-06 09:46:29,28
CARO ,2020-02-06 10:46:14,28
CARO ,2020-02-06 11:46:22,28
CARO ,2020-02-06 12:46:24,28
CARO ,2020-02-06 13:46:21,28
CARO ,2020-02-06 14:46:43,28
CARO ,2020-02-06 15:46:49,28
CARO ,2020-02-06 16:46:34,28
CARO ,2020-02-06 17:46:35,28
CARO ,2020-02-06 18:46:35,28
CARO ,2020-02-06 19:46:41,28
CARO ,2020-02-06 20:46:44,28
CARO ,2020-02-06 21:46:33,28
CARO ,2020-02-06 22:46:39,28
CARO ,2020-02-06 23:46:28,28
CARO ,2020-02-07 00:46:34,28
CARO ,2020-02-07 01:46:47,28
CARO ,2020-02-07 02:46:31,28
CARO ,2020-02-07 03:46:35,28
CARO ,2020-02-07 04:46:39,28
CARO ,2020-02-07 05:46:46,28
CARO ,2020-02-07 06:46:56,28
CARO ,2020-02-07 07:46:40,28
CARO ,2020-02-07 08:46:37,28
CARO ,2020-02-07 09:46:37,28
CARO ,2020-02-07 10:46:25,28
CARO ,2020-02-07 11:46:31,28
CARO ,2020-02-07 12:46:25,28
CARO ,2020-02-07 14:08:47,28
CARO ,2020-02-07 14:46:52,28
CARO ,2020-02-07 15:46:41,28
CARO ,2020-02-07 16:46:46,28
CARO ,2020-02-07 17:46:50,28
CARO ,2020-02-07 18:46:34,28
CARO ,2020-02-07 19:46:46,28
CARO ,2020-02-07 20:46:42,29
CARO ,2020-02-07 21:46:32,29
CARO ,2020-02-07 22:46:37,29
CARO ,2020-02-07 23:46:22,29
CARO ,2020-02-08 00:46:28,29
CARO ,2020-02-08 01:46:27,29
CARO ,2020-02-08 02:46:34,29
CARO ,2020-02-08 03:46:37,29
CARO ,2020-02-08 04:46:36,29
CARO ,2020-02-08 05:46:29,29
CARO ,2020-02-08 06:46:25,29
CARO ,2020-02-08 07:46:33,29
CARO ,2020-02-08 08:46:20,29
CARO ,2020-02-08 09:46:26,29
CARO ,2020-02-08 10:46:15,29
CARO ,2020-02-08 11:46:20,29
CARO ,2020-02-08 12:46:21,29
CARO ,2020-02-08 13:46:22,29
CARO ,2020-02-08 14:46:42,29
CARO ,2020-02-08 15:46:34,29
CARO ,2020-02-08 16:46:35,29
CARO ,2020-02-08 17:46:34,29
CARO ,2020-02-08 18:49:15,29
CARO ,2020-02-08 19:46:24,29
CARO ,2020-02-08 20:46:37,29
CARO ,2020-02-08 21:46:34,29
CARO ,2020-02-08 22:46:35,29
CARO ,2020-02-08 23:46:30,29
CARO ,2020-02-09 00:46:27,29
CARO ,2020-02-09 01:46:36,29
CARO ,2020-02-09 02:46:39,29
CARO ,2020-02-09 03:46:32,29
CARO ,2020-02-09 04:46:22,29
CARO ,2020-02-09 05:46:28,29
CARO ,2020-02-09 06:46:24,29
CARO ,2020-02-09 07:46:22,29
CARO ,2020-02-09 08:46:25,29
CARO ,2020-02-09 09:46:29,29
CARO ,2020-02-09 10:46:33,29
CARO ,2020-02-09 11:46:33,29
CARO ,2020-02-09 12:46:23,29
CARO ,2020-02-09 13:46:25,29
CARO ,2020-02-09 14:46:26,29
CARO ,2020-02-09 15:46:35,29
CARO ,2020-02-09 16:46:30,29
CARO ,2020-02-09 17:46:36,29
CARO ,2020-02-09 18:46:30,29
CARO ,2020-02-09 19:46:33,29
CARO ,2020-02-09 20:46:28,29
CARO ,2020-02-09 21:46:44,29
CARO ,2020-02-09 22:46:31,29
CARO ,2020-02-09 23:47:09,29
CARO ,2020-02-10 00:46:42,29
CARO ,2020-02-10 01:46:28,29
CARO ,2020-02-10 02:46:34,29
CARO ,2020-02-10 03:46:33,29
CARO ,2020-02-10 04:46:31,29
CARO ,2020-02-10 05:46:45,29
CARO ,2020-02-10 06:46:36,29
CARO ,2020-02-10 07:46:32,29
CARO ,2020-02-10 08:46:28,29
CARO ,2020-02-10 09:46:39,29
CARO ,2020-02-10 10:46:28,29
CARO ,2020-02-10 11:46:25,29
CARO ,2020-02-10 12:46:18,29
CARO ,2020-02-10 13:46:26,29
CARO ,2020-02-10 14:46:44,29
CARO ,2020-02-10 15:46:49,29
CARO ,2020-02-10 16:46:43,29
CARO ,2020-02-10 17:46:33,29
CARO ,2020-02-10 18:46:37,29
CARO ,2020-02-10 19:46:39,29
CARO ,2020-02-10 20:46:46,29
CARO ,2020-02-10 21:46:37,29
CARO ,2020-02-10 22:46:39,29
CARO ,2020-02-10 23:46:31,29
CARO ,2020-02-11 00:46:36,29
CARO ,2020-02-11 01:46:57,29
CARO ,2020-02-11 02:46:36,29
CARO ,2020-02-11 03:46:36,29
CARO ,2020-02-11 04:46:31,29
CARO ,2020-02-11 05:46:35,29
CARO ,2020-02-11 06:46:36,29
CARO ,2020-02-11 07:46:32,29
CARO ,2020-02-11 08:46:30,29
CARO ,2020-02-11 09:46:36,29
CARO ,2020-02-11 10:46:16,29
CARO ,2020-02-11 11:46:21,29
CARO ,2020-02-11 12:46:15,29
CARO ,2020-02-11 14:09:16,29
CARO ,2020-02-11 14:46:54,29
CARO ,2020-02-11 15:46:49,29
CARO ,2020-02-11 16:46:47,29
CARO ,2020-02-11 17:46:36,29
CARO ,2020-02-11 18:46:39,29
CARO ,2020-02-11 19:46:41,29
CARO ,2020-02-11 20:46:43,29
CARO ,2020-02-11 21:49:29,29
CARO ,2020-02-11 22:46:59,29
CARO ,2020-02-11 23:46:26,29
CARO ,2020-02-12 00:46:58,29
CARO ,2020-02-12 01:46:38,29
CARO ,2020-02-12 02:47:09,29
CARO ,2020-02-12 03:46:33,29
CARO ,2020-02-12 04:46:41,29
CARO ,2020-02-12 05:46:30,29
CARO ,2020-02-12 06:46:37,29
CARO ,2020-02-12 07:46:26,29
CARO ,2020-02-12 08:46:27,29
CARO ,2020-02-12 09:46:38,29
CARO ,2020-02-12 10:46:22,29
CARO ,2020-02-12 11:46:26,29
CARO ,2020-02-12 12:46:26,29
CARO ,2020-02-12 14:09:17,29
CARO ,2020-02-12 14:46:57,29
CARO ,2020-02-12 15:46:40,29
CARO ,2020-02-12 16:46:39,29
CARO ,2020-02-12 17:46:38,29
CARO ,2020-02-12 18:46:42,29
CARO ,2020-02-12 19:46:36,29
CARO ,2020-02-12 20:46:51,29
CARO ,2020-02-12 21:46:38,29
CARO ,2020-02-12 22:46:16,29
CARO ,2020-02-12 23:46:04,29
CARO ,2020-02-13 00:46:34,29
CARO ,2020-02-13 01:46:19,29
CARO ,2020-02-13 02:46:53,29
CARO ,2020-02-13 03:46:44,29
CARO ,2020-02-13 04:46:35,29
CARO ,2020-02-13 05:46:34,29
CARO ,2020-02-13 06:46:35,29
CARO ,2020-02-13 07:46:16,29
CARO ,2020-02-13 08:46:30,29
CARO ,2020-02-13 09:46:17,29
CARO ,2020-02-13 10:46:11,29
CARO ,2020-02-13 11:46:30,29
CARO ,2020-02-13 12:46:17,29
CARO ,2020-02-13 14:09:14,29
CARO ,2020-02-13 14:46:33,29
CARO ,2020-02-13 15:46:35,29
CARO ,2020-02-13 16:46:30,29
CARO ,2020-02-13 17:46:48,29
CARO ,2020-02-13 18:46:49,29
CARO ,2020-02-13 19:46:34,29
CARO ,2020-02-13 20:46:27,29
CARO ,2020-02-13 21:46:37,29
CARO ,2020-02-13 22:46:15,29
CARO ,2020-02-13 23:46:18,29
CARO ,2020-02-14 00:46:11,29
CARO ,2020-02-14 01:46:37,29
CARO ,2020-02-14 02:46:34,29
CARO ,2020-02-14 03:46:17,29
CARO ,2020-02-14 04:46:30,29
CARO ,2020-02-14 05:46:26,29
CARO ,2020-02-14 06:46:03,29
CARO ,2020-02-14 07:46:02,29
CARO ,2020-02-14 08:46:21,29
CARO ,2020-02-14 09:46:16,29
CARO ,2020-02-14 10:46:17,29
CARO ,2020-02-14 11:46:09,29
CARO ,2020-02-14 12:46:17,29
CARO ,2020-02-14 13:46:25,29
CARO ,2020-02-14 14:46:41,29
CARO ,2020-02-14 15:46:50,29
CARO ,2020-02-14 16:46:28,29
CARO ,2020-02-14 17:46:28,29
CARO ,2020-02-14 18:46:19,29
CARO ,2020-02-14 19:46:24,29
CARO ,2020-02-14 20:46:41,29
CARO ,2020-02-14 21:46:23,29
CARO ,2020-02-14 22:46:15,29
CARO ,2020-02-14 23:46:33,29
CARO ,2020-02-15 00:46:15,29
CARO ,2020-02-15 01:46:29,29
CARO ,2020-02-15 02:46:31,29
CARO ,2020-02-15 03:46:25,29
CARO ,2020-02-15 04:46:23,29
CARO ,2020-02-15 05:45:45,29
CARO ,2020-02-15 06:46:00,29
CARO ,2020-02-15 07:45:49,29
CARO ,2020-02-15 08:45:46,29
CARO ,2020-02-15 09:45:51,29
CARO ,2020-02-15 10:45:42,29
CARO ,2020-02-15 11:45:46,29
CARO ,2020-02-15 12:45:56,29
CARO ,2020-02-15 13:45:46,29
CARO ,2020-02-15 14:45:50,29
CARO ,2020-02-15 15:45:50,29
CARO ,2020-02-15 16:45:46,29
CARO ,2020-02-15 17:45:46,29
CARO ,2020-02-15 18:46:06,29
CARO ,2020-02-15 19:45:46,29
CARO ,2020-02-15 20:45:47,29
CARO ,2020-02-15 21:45:46,29
CARO ,2020-02-15 22:45:48,29
CARO ,2020-02-15 23:45:47,29
CARO ,2020-02-16 00:45:46,29
CARO ,2020-02-16 01:45:47,29
CARO ,2020-02-16 02:45:45,29
CARO ,2020-02-16 03:45:46,29
CARO ,2020-02-16 04:45:49,29
CARO ,2020-02-16 05:45:49,29
CARO ,2020-02-16 06:45:46,29
CARO ,2020-02-16 07:45:44,29
CARO ,2020-02-16 08:45:46,29
CARO ,2020-02-16 09:45:48,29
CARO ,2020-02-16 10:45:45,29
CARO ,2020-02-16 11:45:46,29
CARO ,2020-02-16 12:45:49,29
CARO ,2020-02-16 13:45:45,29
CARO ,2020-02-16 14:45:48,29
CARO ,2020-02-16 15:46:06,29
CARO ,2020-02-16 16:46:00,29
CARO ,2020-02-16 17:45:48,29
CARO ,2020-02-16 18:45:50,29
CARO ,2020-02-16 19:45:46,29
CARO ,2020-02-16 20:45:48,29
CARO ,2020-02-16 21:45:47,29
CARO ,2020-02-16 22:45:48,29
CARO ,2020-02-16 23:45:48,29
CARO ,2020-02-17 00:45:47,29
CARO ,2020-02-17 01:45:44,29
CARO ,2020-02-17 02:45:52,29
CARO ,2020-02-17 03:45:47,29
CARO ,2020-02-17 04:45:48,29
CARO ,2020-02-17 05:45:48,29
CARO ,2020-02-17 06:45:50,29
CARO ,2020-02-17 07:45:45,29
CARO ,2020-02-17 08:45:49,29
CARO ,2020-02-17 09:45:50,29
CARO ,2020-02-17 10:45:45,29
CARO ,2020-02-17 11:45:44,29
CARO ,2020-02-17 12:45:59,29
CARO ,2020-02-17 13:45:43,29
CARO ,2020-02-17 14:45:41,29
CARO ,2020-02-17 15:45:46,29
CARO ,2020-02-17 16:45:59,29
CARO ,2020-02-17 17:45:45,29
CARO ,2020-02-17 18:45:47,29
CARO ,2020-02-17 19:45:44,29
CARO ,2020-02-17 20:45:45,29
CARO ,2020-02-17 22:45:58,29
CARO ,2020-02-17 23:46:02,29
CARO ,2020-02-18 00:45:44,29
CARO ,2020-02-18 01:45:47,29
CARO ,2020-02-18 02:45:51,29
CARO ,2020-02-18 03:45:48,29
CARO ,2020-02-18 04:45:48,29
CARO ,2020-02-18 05:46:27,29
CARO ,2020-02-18 06:46:06,29
CARO ,2020-02-18 07:46:11,29
CARO ,2020-02-18 08:46:23,29
CARO ,2020-02-18 09:46:20,29
CARO ,2020-02-18 10:46:09,29
CARO ,2020-02-18 11:46:10,29
CARO ,2020-02-18 12:46:32,29
CARO ,2020-02-18 14:09:44,29
CARO ,2020-02-18 14:46:44,29
CARO ,2020-02-18 15:46:37,29
CARO ,2020-02-18 16:46:34,29
CARO ,2020-02-18 18:46:26,29
CARO ,2020-02-18 19:46:26,29
CARO ,2020-02-18 20:46:28,29
CARO ,2020-02-18 21:46:18,29
CARO ,2020-02-18 22:46:11,29
CARO ,2020-02-18 23:46:20,29
CARO ,2020-02-19 01:46:16,29
CARO ,2020-02-19 02:46:23,29
CARO ,2020-02-19 03:46:33,29
CARO ,2020-02-19 04:46:24,29
CARO ,2020-02-19 05:46:07,29
CARO ,2020-02-19 06:46:34,29
CARO ,2020-02-19 07:46:19,29
CARO ,2020-02-19 08:46:14,29
CARO ,2020-02-19 09:46:27,29
CARO ,2020-02-19 10:46:03,29
CARO ,2020-02-19 11:46:04,29
CARO ,2020-02-19 12:46:16,29
CARO ,2020-02-19 14:11:15,29
CARO ,2020-02-19 14:46:40,29
CARO ,2020-02-19 15:46:41,29
CARO ,2020-02-19 16:46:16,29
CARO ,2020-02-19 17:46:29,29
CARO ,2020-02-19 18:46:29,29
CARO ,2020-02-19 19:46:17,29
CARO ,2020-02-19 20:46:18,29
CARO ,2020-02-19 21:46:44,29
CARO ,2020-02-19 22:46:25,29
CARO ,2020-02-19 23:46:16,29
CARO ,2020-02-20 00:46:21,29
CARO ,2020-02-20 01:46:28,29
CARO ,2020-02-20 02:46:34,29
CARO ,2020-02-20 03:46:24,29
CARO ,2020-02-20 04:46:31,29
CARO ,2020-02-20 05:46:24,29
CARO ,2020-02-20 06:46:43,29
CARO ,2020-02-20 07:46:35,29
CARO ,2020-02-20 08:46:34,29
CARO ,2020-02-20 09:46:21,29
CARO ,2020-02-20 10:46:20,29
CARO ,2020-02-20 11:46:32,29
CARO ,2020-02-20 12:46:30,29
CARO ,2020-02-20 13:46:39,29
CARO ,2020-02-20 14:46:04,29
CARO ,2020-02-20 15:46:13,29
CARO ,2020-02-20 16:46:08,29
CARO ,2020-02-20 17:46:22,29
CARO ,2020-02-20 18:46:43,29
CARO ,2020-02-20 19:47:02,29
CARO ,2020-02-20 20:46:50,29
CARO ,2020-02-20 21:46:49,29
CARO ,2020-02-20 22:46:52,29
CARO ,2020-02-20 23:46:37,29
CARO ,2020-02-21 00:46:45,29
CARO ,2020-02-21 01:46:45,29
CARO ,2020-02-21 02:46:59,29
CARO ,2020-02-21 03:47:22,29
CARO ,2020-02-21 04:47:20,29
CARO ,2020-02-21 05:46:52,29
CARO ,2020-02-21 06:46:55,29
CARO ,2020-02-21 07:47:02,29
CARO ,2020-02-21 08:46:44,29
CARO ,2020-02-21 09:47:23,29
CARO ,2020-02-21 10:47:58,29
CARO ,2020-02-21 11:47:16,29
CARO ,2020-02-21 12:47:13,29
CARO ,2020-02-21 13:47:21,29
CARO ,2020-02-21 14:47:16,29
CARO ,2020-02-21 15:47:34,29
CARO ,2020-02-21 16:47:59,29
CARO ,2020-02-21 17:47:56,29
CARO ,2020-02-21 18:47:26,29
CARO ,2020-02-21 19:46:54,29
CARO ,2020-02-21 20:46:49,29
CARO ,2020-02-21 21:47:24,29
CARO ,2020-02-21 22:47:00,29
CARO ,2020-02-21 23:49:02,29
CARO ,2020-02-22 00:47:42,29
CARO ,2020-02-22 01:47:05,29
CARO ,2020-02-22 02:47:04,29
CARO ,2020-02-22 03:47:36,29
CARO ,2020-02-22 04:47:18,29
CARO ,2020-02-22 05:46:42,29
CARO ,2020-02-22 06:46:10,29
CARO ,2020-02-22 07:46:36,29
CARO ,2020-02-22 08:47:07,29
CARO ,2020-02-22 09:46:09,29
CARO ,2020-02-22 10:46:29,29
CARO ,2020-02-22 11:46:09,29
CARO ,2020-02-22 12:46:47,29
CARO ,2020-02-22 13:48:22,29
CARO ,2020-02-22 14:46:10,29
CARO ,2020-02-22 15:46:23,29
CARO ,2020-02-22 16:47:37,29
CARO ,2020-02-22 17:46:57,29
CARO ,2020-02-22 18:46:17,29
CARO ,2020-02-22 19:46:14,29
CARO ,2020-02-22 20:46:46,29
CARO ,2020-02-22 21:47:54,29
CARO ,2020-02-22 22:47:06,29
CARO ,2020-02-22 23:46:09,29
CARO ,2020-02-23 00:46:19,29
CARO ,2020-02-23 01:46:26,29
CARO ,2020-02-23 02:46:39,29
CARO ,2020-02-23 03:46:19,29
CARO ,2020-02-23 04:46:47,29
CARO ,2020-02-23 05:46:46,29
CARO ,2020-02-23 06:46:19,29
CARO ,2020-02-23 07:46:26,29
CARO ,2020-02-23 08:47:08,29
CARO ,2020-02-23 09:46:19,29
CARO ,2020-02-23 10:46:21,29
CARO ,2020-02-23 11:46:25,29
CARO ,2020-02-23 12:46:22,29
CARO ,2020-02-23 13:46:21,29
CARO ,2020-02-23 14:46:51,29
CARO ,2020-02-23 15:46:20,29
CARO ,2020-02-23 16:46:25,29
CARO ,2020-02-23 17:46:12,29
CARO ,2020-02-23 18:46:23,29
CARO ,2020-02-23 19:46:22,29
CARO ,2020-02-23 20:46:19,29
CARO ,2020-02-23 21:46:49,29
CARO ,2020-02-23 22:46:06,29
CARO ,2020-02-23 23:46:25,29
CARO ,2020-02-24 00:47:01,29
CARO ,2020-02-24 01:46:16,29
CARO ,2020-02-24 02:46:56,29
CARO ,2020-02-24 03:46:21,29
CARO ,2020-02-24 04:46:30,29
CARO ,2020-02-24 05:47:33,29
CARO ,2020-02-24 06:46:58,29
CARO ,2020-02-24 07:46:46,29
CARO ,2020-02-24 08:46:56,29
CARO ,2020-02-24 09:57:38,29
CARO ,2020-02-24 10:46:38,29
CARO ,2020-02-24 11:47:21,29
CARO ,2020-02-24 12:46:43,29
CARO ,2020-02-24 13:47:10,29
CARO ,2020-02-24 14:48:01,29
CARO ,2020-02-24 15:46:53,28
CARO ,2020-02-24 16:47:32,28
CARO ,2020-02-24 17:47:04,28
CARO ,2020-02-24 18:47:10,28
CARO ,2020-02-24 19:47:36,28
CARO ,2020-02-24 20:47:39,28
CARO ,2020-02-24 21:47:27,28
CARO ,2020-02-24 22:47:26,28
CARO ,2020-02-24 23:46:47,28
CARO ,2020-02-25 00:46:51,28
CARO ,2020-02-25 01:46:46,28
CARO ,2020-02-25 02:47:13,28
CARO ,2020-02-25 03:47:00,28
CARO ,2020-02-25 04:47:03,28
CARO ,2020-02-25 05:47:54,28
CARO ,2020-02-25 06:47:07,28
CARO ,2020-02-25 07:47:11,27
CARO ,2020-02-25 08:47:19,27
CARO ,2020-02-25 09:58:23,27
CARO ,2020-02-25 10:47:14,27
CARO ,2020-02-25 11:46:54,27
CARO ,2020-02-25 12:47:08,27
CARO ,2020-02-25 14:10:40,27
CARO ,2020-02-25 14:47:12,27
CARO ,2020-02-25 15:47:07,27
CARO ,2020-02-25 16:47:05,27
CARO ,2020-02-25 17:47:01,27
CARO ,2020-02-25 18:47:28,27
CARO ,2020-02-25 19:46:52,27
CARO ,2020-02-25 20:47:39,26
CARO ,2020-02-25 21:47:34,27
CARO ,2020-02-25 22:46:57,27
CARO ,2020-02-25 23:47:03,27
CARO ,2020-02-26 00:46:54,27
CARO ,2020-02-26 01:47:01,27
CARO ,2020-02-26 02:47:08,27
CARO ,2020-02-26 03:46:56,27
CARO ,2020-02-26 04:47:46,27
CARO ,2020-02-26 05:47:32,27
CARO ,2020-02-26 06:47:27,27
CARO ,2020-02-26 07:48:01,27
CARO ,2020-02-26 08:47:19,27
CARO ,2020-02-26 09:47:10,27
CARO ,2020-02-26 10:46:55,27
CARO ,2020-02-26 11:47:18,27
CARO ,2020-02-26 12:46:52,27
CARO ,2020-02-26 13:47:32,27
CARO ,2020-02-26 14:47:57,27
CARO ,2020-02-26 15:47:37,27
CARO ,2020-02-26 16:47:02,27
CARO ,2020-02-26 17:47:06,27
CARO ,2020-02-26 18:47:06,27
CARO ,2020-02-26 19:47:27,27
CARO ,2020-02-26 20:47:27,27
CARO ,2020-02-26 21:47:26,27
CARO ,2020-02-26 22:47:22,27
CARO ,2020-02-26 23:47:25,27
CARO ,2020-02-27 00:46:57,27
CARO ,2020-02-27 01:47:06,27
CARO ,2020-02-27 02:46:45,27
CARO ,2020-02-27 03:47:45,27
CARO ,2020-02-27 04:46:59,27
CARO ,2020-02-27 05:47:01,27
CARO ,2020-02-27 06:46:56,27
CARO ,2020-02-27 07:46:46,27
CARO ,2020-02-27 08:47:16,27
CARO ,2020-02-27 09:46:59,27
CARO ,2020-02-27 10:47:32,27
CARO ,2020-02-27 11:47:06,27
CARO ,2020-02-27 12:47:28,27
CARO ,2020-02-27 14:09:12,27
CARO ,2020-02-27 14:48:03,27
CARO ,2020-02-27 15:47:32,27
CARO ,2020-02-27 16:47:34,27
CARO ,2020-02-27 17:47:14,27
CARO ,2020-02-27 18:47:26,27
CARO ,2020-02-27 19:46:50,27
CARO ,2020-02-27 20:47:16,27
CARO ,2020-02-27 21:46:57,27
CARO ,2020-02-27 22:47:26,27
CARO ,2020-02-27 23:47:00,27
CARO ,2020-02-28 00:47:42,27
CARO ,2020-02-28 01:46:53,27
CARO ,2020-02-28 02:46:54,27
CARO ,2020-02-28 03:47:38,27
CARO ,2020-02-28 04:47:50,27
CARO ,2020-02-28 05:47:31,27
CARO ,2020-02-28 06:47:19,27
CARO ,2020-02-28 07:47:33,27
CARO ,2020-02-28 08:47:41,27
CARO ,2020-02-28 09:47:34,27
CARO ,2020-02-28 10:46:50,27
CARO ,2020-02-28 11:47:07,27
CARO ,2020-02-28 12:47:25,27
CARO ,2020-02-28 14:09:47,27
CARO ,2020-02-28 14:47:13,27
CARO ,2020-02-28 15:47:05,27
CARO ,2020-02-28 16:47:11,27
CARO ,2020-02-28 17:47:09,27
CARO ,2020-02-28 18:47:08,27
CARO ,2020-02-28 19:47:44,26
CARO ,2020-02-28 20:47:01,26
CARO ,2020-02-28 21:46:54,26
CARO ,2020-02-28 22:47:27,26
CARO ,2020-02-28 23:47:00,26
CARO ,2020-02-29 00:47:05,26
CARO ,2020-02-29 01:47:00,26
CARO ,2020-02-29 02:47:01,26
CARO ,2020-02-29 03:46:51,26
CARO ,2020-02-29 04:47:13,26
CARO ,2020-02-29 05:47:06,26
CARO ,2020-02-29 06:46:47,26
CARO ,2020-02-29 07:47:55,26
CARO ,2020-02-29 08:48:30,26
CARO ,2020-02-29 09:47:55,26
CARO ,2020-02-29 10:46:19,26
CARO ,2020-02-29 11:46:14,26
CARO ,2020-02-29 12:47:59,26
CARO ,2020-02-29 13:47:55,26
CARO ,2020-02-29 14:46:25,26
CARO ,2020-02-29 15:46:24,26
CARO ,2020-02-29 16:47:00,26
CARO ,2020-02-29 17:46:50,26
CARO ,2020-02-29 18:46:25,26
CARO ,2020-02-29 19:46:22,26
CARO ,2020-02-29 20:46:16,26
CARO ,2020-02-29 21:46:38,26
CARO ,2020-02-29 22:48:31,26
CARO ,2020-02-29 23:47:51,26
CARO ,2020-03-01 00:47:52,26
CARO ,2020-03-01 01:47:55,26
CARO ,2020-03-01 02:46:26,26
CARO ,2020-03-01 03:47:54,26
CARO ,2020-03-01 04:46:19,26
CARO ,2020-03-01 05:46:52,26
CARO ,2020-03-01 06:46:22,26
CARO ,2020-03-01 07:46:44,26
CARO ,2020-03-01 08:46:15,26
CARO ,2020-03-01 09:47:54,26
CARO ,2020-03-01 10:47:48,26
CARO ,2020-03-01 11:46:42,26
CARO ,2020-03-01 12:46:51,26
CARO ,2020-03-01 13:46:17,26
CARO ,2020-03-01 14:46:12,26
CARO ,2020-03-01 15:47:59,26
CARO ,2020-03-01 16:46:56,26
CARO ,2020-03-01 17:47:49,26
CARO ,2020-03-01 18:47:59,26
CARO ,2020-03-01 19:48:01,26
CARO ,2020-03-01 20:47:59,26
CARO ,2020-03-01 21:46:21,26
CARO ,2020-03-01 22:46:21,26
CARO ,2020-03-01 23:47:57,26
CARO ,2020-03-02 00:46:09,26
CARO ,2020-03-02 01:46:55,26
CARO ,2020-03-02 02:47:52,26
CARO ,2020-03-02 03:48:31,26
CARO ,2020-03-02 04:46:57,26
CARO ,2020-03-02 05:48:39,26
CARO ,2020-03-02 07:47:02,26
CARO ,2020-03-02 08:48:39,26
CARO ,2020-03-02 09:48:23,26
CARO ,2020-03-02 10:47:17,26
CARO ,2020-03-02 11:46:53,26
CARO ,2020-03-02 12:47:26,26
CARO ,2020-03-02 13:48:37,26
CARO ,2020-03-02 18:48:04,26
CARO ,2020-03-03 00:47:24,27
CARO ,2020-03-03 01:47:47,27
CARO ,2020-03-03 02:47:32,27
CARO ,2020-03-03 03:48:05,27
CARO ,2020-03-03 04:48:38,27
CARO ,2020-03-03 06:49:06,27
CARO ,2020-03-03 07:47:27,27
CARO ,2020-03-03 08:49:08,27
CARO ,2020-03-03 09:49:23,27
CARO ,2020-03-03 10:47:27,27
CARO ,2020-03-03 11:49:46,27
CARO ,2020-03-03 12:47:26,27
CARO ,2020-03-03 13:49:22,27
CARO ,2020-03-03 14:48:52,27
CARO ,2020-03-03 16:49:56,27
CARO ,2020-03-03 17:49:26,27
CARO ,2020-03-03 18:46:59,27
CARO ,2020-03-03 19:46:57,27
CARO ,2020-03-03 20:47:40,27
CARO ,2020-03-03 21:47:30,27
CARO ,2020-03-03 22:50:06,27
CARO ,2020-03-03 23:48:32,27
CARO ,2020-03-04 00:49:01,27
CARO ,2020-03-04 01:48:38,27
CARO ,2020-03-04 02:47:05,27
CARO ,2020-03-04 03:47:25,27
CARO ,2020-03-04 04:49:07,27
CARO ,2020-03-04 05:47:08,27
CARO ,2020-03-04 06:49:06,27
CARO ,2020-03-04 07:47:24,27
CARO ,2020-03-04 08:48:37,27
CARO ,2020-03-04 09:47:25,27
CARO ,2020-03-04 10:46:46,27
CARO ,2020-03-04 11:49:06,27
CARO ,2020-03-04 12:48:54,27
CARO ,2020-03-04 13:49:01,27
CARO ,2020-03-04 14:47:01,27
CARO ,2020-03-04 15:49:18,27
CARO ,2020-03-04 16:47:06,27
CARO ,2020-03-04 17:47:26,27
CARO ,2020-03-04 18:48:33,26
CARO ,2020-03-04 19:54:03,26
CARO ,2020-03-04 20:48:47,26
CARO ,2020-03-04 21:46:48,27
CARO ,2020-03-04 22:48:37,27
CARO ,2020-03-04 23:47:08,27
CARO ,2020-03-05 00:47:20,27
CARO ,2020-03-05 01:47:29,27
CARO ,2020-03-05 02:47:08,27
CARO ,2020-03-05 03:47:10,27
CARO ,2020-03-05 04:47:32,27
CARO ,2020-03-05 05:47:31,27
CARO ,2020-03-05 06:47:14,27
CARO ,2020-03-05 07:46:57,27
CARO ,2020-03-05 08:48:35,27
CARO ,2020-03-05 09:47:35,27
CARO ,2020-03-05 10:46:58,27
CARO ,2020-03-05 11:48:41,27
CARO ,2020-03-05 12:47:22,27
CARO ,2020-03-05 13:47:30,27
CARO ,2020-03-05 14:48:46,27
CARO ,2020-03-05 15:47:34,27
CARO ,2020-03-05 16:48:40,27
CARO ,2020-03-05 17:47:04,27
CARO ,2020-03-05 18:47:14,27
CARO ,2020-03-05 19:47:03,27
CARO ,2020-03-05 20:47:02,27
CARO ,2020-03-05 21:46:56,27
CARO ,2020-03-05 22:48:35,27
CARO ,2020-03-05 23:48:41,27
CARO ,2020-03-06 00:46:54,27
CARO ,2020-03-06 01:47:03,27
CARO ,2020-03-06 02:49:11,27
CARO ,2020-03-06 03:48:41,27
CARO ,2020-03-06 04:48:45,27
CARO ,2020-03-06 05:48:46,27
CARO ,2020-03-06 06:49:16,27
CARO ,2020-03-06 07:48:32,27
CARO ,2020-03-06 08:47:17,27
CARO ,2020-03-06 09:48:50,27
CARO ,2020-03-06 10:46:58,27
CARO ,2020-03-06 11:49:06,27
CARO ,2020-03-06 12:47:04,27
CARO ,2020-03-06 13:46:45,27
CARO ,2020-03-06 14:49:29,27
CARO ,2020-03-06 15:47:40,26
CARO ,2020-03-06 16:47:35,27
CARO ,2020-03-06 17:47:16,27
CARO ,2020-03-06 18:46:57,27
CARO ,2020-03-06 19:47:24,27
CARO ,2020-03-06 20:47:05,27
CARO ,2020-03-06 21:46:56,27
CARO ,2020-03-06 22:47:00,27
CARO ,2020-03-06 23:47:33,27
CARO ,2020-03-07 00:46:48,27
CARO ,2020-03-07 01:47:27,27
CARO ,2020-03-07 02:46:59,27
CARO ,2020-03-07 03:49:06,27
CARO ,2020-03-07 04:49:19,27
CARO ,2020-03-07 05:48:46,27
CARO ,2020-03-07 06:48:38,27
CARO ,2020-03-07 07:47:35,27
CARO ,2020-03-07 08:48:34,27
CARO ,2020-03-07 09:47:17,27
CARO ,2020-03-07 10:47:33,27
CARO ,2020-03-07 11:48:32,27
CARO ,2020-03-07 12:47:26,27
CARO ,2020-03-07 13:46:55,27
CARO ,2020-03-07 14:47:11,27
CARO ,2020-03-07 15:47:00,27
CARO ,2020-03-07 16:47:04,27
CARO ,2020-03-07 17:47:29,27
CARO ,2020-03-07 18:47:11,27
CARO ,2020-03-07 19:47:09,27
CARO ,2020-03-07 20:48:43,27
CARO ,2020-03-07 21:49:17,27
CARO ,2020-03-07 22:48:41,27
CARO ,2020-03-07 23:48:42,27
CARO ,2020-03-08 00:47:09,27
CARO ,2020-03-08 01:47:30,27
CARO ,2020-03-08 02:47:33,27
CARO ,2020-03-08 03:48:45,27
CARO ,2020-03-08 04:48:41,27
CARO ,2020-03-08 05:48:43,27
CARO ,2020-03-08 06:47:57,27
CARO ,2020-03-08 07:48:36,27
CARO ,2020-03-08 08:48:44,27
CARO ,2020-03-08 09:47:32,27
CARO ,2020-03-08 10:48:46,27
CARO ,2020-03-08 11:47:29,27
CARO ,2020-03-08 12:49:06,27
CARO ,2020-03-08 13:49:16,27
CARO ,2020-03-08 14:47:03,27
CARO ,2020-03-08 15:48:48,27
CARO ,2020-03-08 16:47:01,27
CARO ,2020-03-08 17:47:05,27
CARO ,2020-03-08 18:49:19,27
CARO ,2020-03-08 19:47:56,27
CARO ,2020-03-08 20:47:41,27
CARO ,2020-03-08 21:46:51,27
CARO ,2020-03-08 22:48:34,27
CARO ,2020-03-08 23:47:06,27
CARO ,2020-03-09 00:49:02,27
CARO ,2020-03-09 01:47:05,27
CARO ,2020-03-09 02:48:57,27
CARO ,2020-03-09 03:48:55,27
CARO ,2020-03-09 04:48:43,27
CARO ,2020-03-09 05:46:59,27
CARO ,2020-03-09 06:46:54,27
CARO ,2020-03-09 07:47:07,27
CARO ,2020-03-09 08:46:55,27
CARO ,2020-03-09 09:47:26,27
CARO ,2020-03-09 10:48:31,27
CARO ,2020-03-09 11:48:34,27
CARO ,2020-03-09 12:47:55,27
CARO ,2020-03-09 13:46:40,27
CARO ,2020-03-09 14:48:32,27
CARO ,2020-03-09 15:47:26,26
CARO ,2020-03-09 16:47:02,26
CARO ,2020-03-09 17:46:24,27
CARO ,2020-03-09 18:46:34,27
CARO ,2020-03-09 19:47:00,27
CARO ,2020-03-09 20:47:05,27
CARO ,2020-03-09 21:48:37,27
CARO ,2020-03-09 22:48:29,27
CARO ,2020-03-09 23:49:12,27
CARO ,2020-03-10 00:46:48,27
CARO ,2020-03-10 01:48:39,27
CARO ,2020-03-10 02:47:25,27
CARO ,2020-03-10 03:49:05,27
CARO ,2020-03-10 04:47:24,27
CARO ,2020-03-10 06:49:05,27
CARO ,2020-03-10 07:48:57,27
CARO ,2020-03-10 08:47:10,27
CARO ,2020-03-10 09:48:30,27
CARO ,2020-03-10 10:48:15,27
CARO ,2020-03-10 11:48:31,27
CARO ,2020-03-10 12:47:23,27
CARO ,2020-03-10 13:47:46,27
CARO ,2020-03-10 14:49:13,27
CARO ,2020-03-10 15:49:17,27
CARO ,2020-03-10 16:46:53,27
CARO ,2020-03-10 17:48:46,27
CARO ,2020-03-10 18:48:44,27
CARO ,2020-03-10 19:48:49,27
CARO ,2020-03-10 20:50:33,27
CARO ,2020-03-10 21:49:08,27
CARO ,2020-03-10 22:48:40,27
CARO ,2020-03-10 23:47:25,27
CARO ,2020-03-11 00:48:54,27
CARO ,2020-03-11 01:48:58,27
CARO ,2020-03-11 02:49:11,27
CARO ,2020-03-11 03:47:32,27
CARO ,2020-03-11 04:47:35,27
CARO ,2020-03-11 05:49:04,27
CARO ,2020-03-11 06:48:37,27
CARO ,2020-03-11 07:46:59,27
CARO ,2020-03-11 08:47:37,27
CARO ,2020-03-11 09:46:45,27
CARO ,2020-03-11 10:46:55,27
CARO ,2020-03-11 11:48:46,27
CARO ,2020-03-11 12:49:04,27
CARO ,2020-03-11 13:48:45,27
CARO ,2020-03-11 14:47:31,27
CARO ,2020-03-11 15:47:05,27
CARO ,2020-03-11 16:49:07,27
CARO ,2020-03-11 17:47:30,27
CARO ,2020-03-11 18:47:02,27
CARO ,2020-03-11 19:49:10,27
CARO ,2020-03-11 20:49:15,26
CARO ,2020-03-11 21:47:29,26
CARO ,2020-03-11 22:47:34,26
CARO ,2020-03-11 23:47:50,26
CARO ,2020-03-12 00:46:55,26
CARO ,2020-03-12 01:48:44,26
CARO ,2020-03-12 02:47:25,26
CARO ,2020-03-12 03:48:44,26
CARO ,2020-03-12 04:49:07,26
CARO ,2020-03-12 05:47:37,26
CARO ,2020-03-12 06:47:19,26
CARO ,2020-03-12 07:47:27,26
CARO ,2020-03-12 08:48:50,26
CARO ,2020-03-12 09:48:00,26
CARO ,2020-03-12 10:48:37,26
CARO ,2020-03-12 11:48:40,26
CARO ,2020-03-12 12:48:39,26
CARO ,2020-03-12 13:49:22,26
CARO ,2020-03-12 14:46:52,26
CARO ,2020-03-12 15:46:53,26
CARO ,2020-03-12 16:47:10,27
CARO ,2020-03-12 17:47:03,27
CARO ,2020-03-12 18:49:11,27
CARO ,2020-03-12 19:47:38,27
CARO ,2020-03-12 20:47:09,27
CARO ,2020-03-12 21:49:22,27
CARO ,2020-03-12 22:46:56,27
CARO ,2020-03-12 23:49:15,27
CARO ,2020-03-13 00:49:18,27
CARO ,2020-03-13 01:46:56,27
CARO ,2020-03-13 02:48:42,27
CARO ,2020-03-13 03:48:50,27
CARO ,2020-03-13 04:47:28,27
CARO ,2020-03-13 05:47:51,27
CARO ,2020-03-13 06:49:44,27
CARO ,2020-03-13 07:49:32,27
CARO ,2020-03-13 08:49:40,27
CARO ,2020-03-13 09:49:47,27
CARO ,2020-03-13 10:47:34,27
CARO ,2020-03-13 11:48:33,27
CARO ,2020-03-13 13:09:18,27
CARO ,2020-03-13 13:47:50,27
CARO ,2020-03-13 14:47:46,28
CARO ,2020-03-13 15:47:39,28
CARO ,2020-03-13 16:48:51,28
CARO ,2020-03-13 17:48:43,28
CARO ,2020-03-13 18:49:17,28
CARO ,2020-03-13 19:48:45,28
CARO ,2020-03-13 20:47:10,28
CARO ,2020-03-13 21:47:36,28
CARO ,2020-03-13 22:47:08,28
CARO ,2020-03-13 23:48:39,28
CARO ,2020-03-14 00:47:34,28
CARO ,2020-03-14 01:49:09,28
CARO ,2020-03-14 02:48:50,28
CARO ,2020-03-14 03:47:26,28
CARO ,2020-03-14 04:49:14,28
CARO ,2020-03-14 05:48:48,28
CARO ,2020-03-14 06:47:40,28
CARO ,2020-03-14 07:49:08,28
CARO ,2020-03-14 08:48:40,28
CARO ,2020-03-14 09:48:45,28
CARO ,2020-03-14 10:47:14,28
CARO ,2020-03-14 11:47:14,28
CARO ,2020-03-14 12:47:22,28
CARO ,2020-03-14 13:47:05,28
CARO ,2020-03-14 14:48:46,28
CARO ,2020-03-14 15:47:02,28
CARO ,2020-03-14 16:48:36,28
CARO ,2020-03-14 17:47:29,28
CARO ,2020-03-14 18:48:47,28
CARO ,2020-03-14 19:47:33,28
CARO ,2020-03-14 20:49:00,28
CARO ,2020-03-14 21:48:39,28
CARO ,2020-03-14 22:49:20,28
CARO ,2020-03-14 23:48:34,28
CARO ,2020-03-15 00:47:21,28
CARO ,2020-03-15 01:47:25,28
CARO ,2020-03-15 02:49:06,28
CARO ,2020-03-15 03:49:12,28
CARO ,2020-03-15 04:47:09,28
CARO ,2020-03-15 05:49:10,28
CARO ,2020-03-15 06:47:40,28
CARO ,2020-03-15 07:49:20,28
CARO ,2020-03-15 09:02:08,28
CARO ,2020-03-15 09:48:00,28
CARO ,2020-03-15 10:48:31,28
CARO ,2020-03-15 11:49:13,28
CARO ,2020-03-15 12:48:40,28
CARO ,2020-03-15 13:47:10,28
CARO ,2020-03-15 14:47:58,28
CARO ,2020-03-15 15:47:24,28
CARO ,2020-03-15 16:48:35,28
CARO ,2020-03-15 17:47:40,28
CARO ,2020-03-15 18:49:09,28
CARO ,2020-03-15 19:48:42,28
CARO ,2020-03-15 20:47:33,28
CARO ,2020-03-15 21:47:38,28
CARO ,2020-03-15 22:48:43,28
CARO ,2020-03-15 23:48:36,28
CARO ,2020-03-16 00:47:07,28
CARO ,2020-03-16 01:47:03,28
CARO ,2020-03-16 02:46:58,28
CARO ,2020-03-16 03:48:16,28
CARO ,2020-03-16 04:48:49,28
CARO ,2020-03-16 05:49:18,28
CARO ,2020-03-16 06:47:31,28
CARO ,2020-03-16 07:49:11,28
CARO ,2020-03-16 09:00:44,28
CARO ,2020-03-16 09:48:40,28
CARO ,2020-03-16 10:47:36,28
CARO ,2020-03-16 11:48:34,28
CARO ,2020-03-16 13:10:53,28
CARO ,2020-03-16 13:48:55,28
CARO ,2020-03-16 14:47:20,28
CARO ,2020-03-16 15:48:34,27
CARO ,2020-03-16 16:47:08,27
CARO ,2020-03-16 17:47:38,27
CARO ,2020-03-16 18:47:08,27
CARO ,2020-03-16 19:49:10,27
CARO ,2020-03-16 20:46:56,27
CARO ,2020-03-16 21:47:40,27
CARO ,2020-03-16 22:47:13,27
CARO ,2020-03-16 23:48:50,27
CARO ,2020-03-17 00:48:47,27
CARO ,2020-03-17 01:47:14,27
CARO ,2020-03-17 02:48:45,27
CARO ,2020-03-17 20:12:42,26
CARO ,2020-03-17 20:20:29,26
CARO ,2020-03-17 20:47:37,26
CARO ,2020-03-17 21:47:18,26
CARO ,2020-03-17 22:47:08,26
CARO ,2020-03-17 23:47:20,26
CARO ,2020-03-18 00:47:30,26
CARO ,2020-03-18 01:47:42,26
CARO ,2020-03-18 02:47:38,26
CARO ,2020-03-18 03:47:48,26
CARO ,2020-03-18 04:47:38,26
CARO ,2020-03-18 05:47:51,26
CARO ,2020-03-18 06:47:19,26
CARO ,2020-03-18 07:47:47,26
CARO ,2020-03-18 08:46:53,26
CARO ,2020-03-18 09:47:28,26
CARO ,2020-03-18 10:47:05,26
CARO ,2020-03-18 11:47:03,26
CARO ,2020-03-18 13:10:49,26
CARO ,2020-03-18 13:47:58,26
CARO ,2020-03-18 14:47:23,26
CARO ,2020-03-18 15:47:29,26
CARO ,2020-03-18 16:47:24,26
CARO ,2020-03-18 17:47:53,26
CARO ,2020-03-18 18:47:18,25
CARO ,2020-03-18 19:47:39,25
CARO ,2020-03-18 20:47:14,25
CARO ,2020-03-18 21:47:17,25
CARO ,2020-03-18 22:47:06,25
CARO ,2020-03-18 23:47:30,25
CARO ,2020-03-19 00:47:24,25
CARO ,2020-03-19 01:47:34,25
CARO ,2020-03-19 02:47:08,25
CARO ,2020-03-19 03:47:03,25
CARO ,2020-03-19 04:47:11,25
CARO ,2020-03-19 05:49:20,25
CARO ,2020-03-19 06:47:23,25
CARO ,2020-03-19 07:47:23,25
CARO ,2020-03-19 08:47:15,25
CARO ,2020-03-19 09:47:31,25
CARO ,2020-03-19 10:46:55,25
CARO ,2020-03-19 11:47:05,25
CARO ,2020-03-19 12:47:03,25
CARO ,2020-03-19 13:47:17,25
CARO ,2020-03-19 14:47:23,25
CARO ,2020-03-19 15:47:23,25
CARO ,2020-03-19 16:47:24,25
CARO ,2020-03-19 17:47:20,25
CARO ,2020-03-19 18:47:03,25
CARO ,2020-03-19 19:47:32,25
CARO ,2020-03-19 20:47:53,25
CARO ,2020-03-19 21:47:36,25
CARO ,2020-03-19 22:47:09,25
CARO ,2020-03-19 23:48:10,25
CARO ,2020-03-20 00:47:11,25
CARO ,2020-03-20 01:47:08,25
CARO ,2020-03-20 02:48:13,25
CARO ,2020-03-20 03:47:22,25
CARO ,2020-03-20 04:47:20,25
CARO ,2020-03-20 06:47:47,25
CARO ,2020-03-20 07:47:22,25
CARO ,2020-03-20 08:48:14,25
CARO ,2020-03-20 09:47:39,25
CARO ,2020-03-20 10:47:18,25
CARO ,2020-03-20 11:47:10,25
CARO ,2020-03-20 13:09:44,25
CARO ,2020-03-20 13:47:54,25
CARO ,2020-03-20 14:47:20,25
CARO ,2020-03-20 15:47:10,25
CARO ,2020-03-20 16:47:16,25
CARO ,2020-03-20 17:47:18,25
CARO ,2020-03-20 18:47:08,25
CARO ,2020-03-20 19:47:21,25
CARO ,2020-03-20 20:47:16,25
CARO ,2020-03-20 21:47:08,25
CARO ,2020-03-20 22:47:47,25
CARO ,2020-03-20 23:47:48,25
CARO ,2020-03-21 00:47:21,25
CARO ,2020-03-21 01:47:18,25
CARO ,2020-03-21 02:47:37,25
CARO ,2020-03-21 03:47:48,25
CARO ,2020-03-21 04:47:08,25
CARO ,2020-03-21 05:47:05,25
CARO ,2020-03-21 06:47:15,25
CARO ,2020-03-21 07:47:35,25
CARO ,2020-03-21 09:12:11,25
CARO ,2020-03-21 09:47:13,25
CARO ,2020-03-21 10:47:21,25
CARO ,2020-03-21 11:47:24,25
CARO ,2020-03-21 12:47:03,25
CARO ,2020-03-21 13:47:11,25
CARO ,2020-03-21 14:48:06,25
CARO ,2020-03-21 15:47:40,25
CARO ,2020-03-21 16:47:31,25
CARO ,2020-03-21 17:47:51,25
CARO ,2020-03-21 18:47:21,25
CARO ,2020-03-21 19:47:21,25
CARO ,2020-03-21 20:46:56,25
CARO ,2020-03-21 21:47:26,25
CARO ,2020-03-21 22:47:04,25
CARO ,2020-03-21 23:47:13,25
CARO ,2020-03-22 00:47:04,25
CARO ,2020-03-22 01:47:37,25
CARO ,2020-03-22 02:47:09,25
CARO ,2020-03-22 03:47:56,25
CARO ,2020-03-22 04:47:21,25
CARO ,2020-03-22 05:47:23,25
CARO ,2020-03-22 06:47:44,25
CARO ,2020-03-22 07:47:40,25
CARO ,2020-03-22 09:16:26,25
CARO ,2020-03-22 09:47:18,25
CARO ,2020-03-22 10:47:35,25
CARO ,2020-03-22 11:47:08,25
CARO ,2020-03-22 12:47:32,25
CARO ,2020-03-22 21:57:11,25
CARO ,2020-03-22 22:47:39,25
CARO ,2020-03-22 23:47:16,25
CARO ,2020-03-23 00:48:03,25
CARO ,2020-03-23 01:47:36,25
CARO ,2020-03-23 02:47:07,25
CARO ,2020-03-23 03:47:13,25
CARO ,2020-03-23 04:47:50,25
CARO ,2020-03-23 05:47:42,25
CARO ,2020-03-23 06:47:34,25
CARO ,2020-03-23 07:47:11,25
CARO ,2020-03-23 08:47:21,25
CARO ,2020-03-23 09:47:44,25
CARO ,2020-03-23 10:47:15,25
CARO ,2020-03-23 11:47:40,25
CARO ,2020-03-23 13:09:13,25
CARO ,2020-03-23 13:47:20,25
CARO ,2020-03-23 14:47:45,25
CARO ,2020-03-23 15:47:28,25
CARO ,2020-03-23 16:47:52,25
CARO ,2020-03-23 17:47:18,25
CARO ,2020-03-23 18:47:13,25
CARO ,2020-03-23 19:47:38,25
CARO ,2020-03-23 20:47:39,24
CARO ,2020-03-23 21:47:21,24
CARO ,2020-03-23 22:47:13,24
CARO ,2020-03-23 23:47:12,24
CARO ,2020-03-24 00:47:11,24
CARO ,2020-03-24 01:47:14,24
CARO ,2020-03-24 02:47:07,24
CARO ,2020-03-24 03:47:21,24
CARO ,2020-03-24 04:47:43,24
CARO ,2020-03-24 05:49:20,24
CARO ,2020-03-24 06:47:50,24
CARO ,2020-03-24 07:48:00,24
CARO ,2020-03-24 09:10:45,24
CARO ,2020-03-24 09:46:57,24
CARO ,2020-03-24 10:47:00,24
CARO ,2020-03-24 11:47:07,24
CARO ,2020-03-24 12:46:49,24
CARO ,2020-03-24 13:48:22,24
CARO ,2020-03-24 14:48:38,23
CARO ,2020-03-24 15:48:07,23
CARO ,2020-03-24 16:48:19,23
CARO ,2020-03-24 17:47:46,23
CARO ,2020-03-24 18:47:42,23
CARO ,2020-03-24 19:47:26,23
CARO ,2020-03-24 20:47:05,23
CARO ,2020-03-24 21:47:00,23
CARO ,2020-03-24 22:47:39,23
CARO ,2020-03-24 23:47:36,23
CARO ,2020-03-25 00:47:13,23
CARO ,2020-03-25 01:47:16,23
CARO ,2020-03-25 02:47:08,23
CARO ,2020-03-25 03:47:06,23
CARO ,2020-03-25 04:46:56,23
CARO ,2020-03-25 06:47:52,23
CARO ,2020-03-25 07:47:11,23
CARO ,2020-03-25 09:48:31,23
CARO ,2020-03-25 10:47:16,23
CARO ,2020-03-25 11:47:36,23
CARO ,2020-03-25 12:47:41,23
CARO ,2020-03-25 13:47:54,23
CARO ,2020-03-25 14:47:59,23
CARO ,2020-03-25 15:48:15,23
CARO ,2020-03-25 16:47:52,23
CARO ,2020-03-25 17:48:43,24
CARO ,2020-03-25 18:47:13,24
CARO ,2020-03-25 19:47:17,24
CARO ,2020-03-25 20:47:28,24
CARO ,2020-03-25 21:47:05,24
CARO ,2020-03-25 22:47:09,24
CARO ,2020-03-25 23:47:18,24
CARO ,2020-03-26 02:07:36,24
CARO ,2020-03-26 02:47:17,24
CARO ,2020-03-26 03:47:36,24
CARO ,2020-03-26 04:48:20,24
CARO ,2020-03-26 05:47:26,24
CARO ,2020-03-26 06:47:28,24
CARO ,2020-03-26 07:47:27,24
CARO ,2020-03-26 08:47:07,24
CARO ,2020-03-26 09:47:39,24
CARO ,2020-03-26 10:47:01,24
CARO ,2020-03-26 11:47:20,24
CARO ,2020-03-26 12:47:20,24
CARO ,2020-03-26 13:47:26,24
CARO ,2020-03-26 14:47:37,25
CARO ,2020-03-26 15:47:30,24
CARO ,2020-03-26 16:47:21,24
CARO ,2020-03-26 17:47:41,24
CARO ,2020-03-26 18:47:14,24
CARO ,2020-03-26 19:47:18,24
CARO ,2020-03-26 20:47:18,24
CARO ,2020-03-26 21:47:31,24
CARO ,2020-03-26 22:47:07,24
CARO ,2020-03-26 23:47:44,24
CARO ,2020-03-27 00:47:24,24
CARO ,2020-03-27 01:47:30,24
CARO ,2020-03-27 02:47:44,24
CARO ,2020-03-27 03:47:20,24
CARO ,2020-03-27 04:47:30,24
CARO ,2020-03-27 05:47:13,24
CARO ,2020-03-27 06:47:42,24
CARO ,2020-03-27 07:47:47,24
CARO ,2020-03-27 08:49:34,24
CARO ,2020-03-27 09:48:05,24
CARO ,2020-03-27 10:47:25,24
CARO ,2020-03-27 11:47:09,24
CARO ,2020-03-27 12:47:06,24
CARO ,2020-03-27 13:47:42,24
CARO ,2020-03-27 14:47:18,24
CARO ,2020-03-27 15:47:20,24
CARO ,2020-03-27 16:47:34,24
CARO ,2020-03-27 17:47:18,24
CARO ,2020-03-27 18:47:53,24
CARO ,2020-03-27 19:47:19,24
CARO ,2020-03-27 20:47:14,24
CARO ,2020-03-27 21:47:49,24
CARO ,2020-03-27 22:47:18,24
CARO ,2020-03-27 23:47:33,24
CARO ,2020-03-28 00:47:38,24
CARO ,2020-03-28 01:46:59,24
CARO ,2020-03-28 02:47:05,24
CARO ,2020-03-28 03:47:20,24
CARO ,2020-03-28 04:47:10,24
CARO ,2020-03-28 05:48:10,24
CARO ,2020-03-28 06:47:21,24
CARO ,2020-03-28 07:47:00,24
CARO ,2020-03-28 08:47:15,24
CARO ,2020-03-28 09:47:32,24
CARO ,2020-03-28 10:47:49,24
CARO ,2020-03-28 11:47:11,24
CARO ,2020-03-28 12:47:39,24
CARO ,2020-03-28 13:47:38,24
CARO ,2020-03-28 14:47:18,24
CARO ,2020-03-28 15:47:12,24
CARO ,2020-03-28 16:47:07,24
CARO ,2020-03-28 17:47:20,24
CARO ,2020-03-28 18:47:22,24
CARO ,2020-03-28 19:47:05,24
CARO ,2020-03-28 20:47:20,24
CARO ,2020-03-28 21:47:05,24
CARO ,2020-03-28 22:48:07,24
CARO ,2020-03-28 23:47:21,24
CARO ,2020-03-29 00:47:32,24
CARO ,2020-03-29 01:47:40,24
CARO ,2020-03-29 02:48:08,24
CARO ,2020-03-29 03:48:18,24
CARO ,2020-03-29 04:47:38,24
CARO ,2020-03-29 05:47:31,24
CARO ,2020-03-29 06:48:21,24
CARO ,2020-03-29 07:47:36,24
CARO ,2020-03-29 08:47:20,24
CARO ,2020-03-29 09:47:17,24
CARO ,2020-03-29 10:47:57,24
CARO ,2020-03-29 11:47:16,24
CARO ,2020-03-29 12:47:09,24
CARO ,2020-03-29 13:47:12,24
CARO ,2020-03-29 14:47:10,24
CARO ,2020-03-29 15:47:14,24
CARO ,2020-03-29 16:47:20,24
CARO ,2020-03-29 17:47:41,24
CARO ,2020-03-29 18:47:11,24
CARO ,2020-03-29 19:47:13,24
CARO ,2020-03-29 20:47:10,24
CARO ,2020-03-29 21:48:04,24
CARO ,2020-03-29 22:47:21,24
CARO ,2020-03-29 23:47:23,24
CARO ,2020-03-30 00:47:20,24
CARO ,2020-03-30 01:47:17,24
CARO ,2020-03-30 02:47:55,24
CARO ,2020-03-30 03:47:21,24
CARO ,2020-03-30 04:47:51,24
CARO ,2020-03-30 05:47:08,24
CARO ,2020-03-30 06:47:28,24
CARO ,2020-03-30 07:47:40,24
CARO ,2020-03-30 08:47:15,24
CARO ,2020-03-30 09:47:02,24
CARO ,2020-03-30 10:47:06,24
CARO ,2020-03-30 11:46:54,24
CARO ,2020-03-30 12:47:04,24
CARO ,2020-03-30 13:47:54,24
CARO ,2020-03-30 14:47:12,23
CARO ,2020-03-30 15:47:44,23
CARO ,2020-03-30 16:47:19,23
CARO ,2020-03-30 17:47:39,23
CARO ,2020-03-30 18:47:24,23
CARO ,2020-03-30 19:47:45,23
CARO ,2020-03-30 20:47:17,23
CARO ,2020-03-30 21:47:37,23
CARO ,2020-03-30 22:47:07,23
CARO ,2020-03-30 23:47:01,23
CARO ,2020-03-31 00:46:55,23
CARO ,2020-03-31 01:47:14,23
CARO ,2020-03-31 02:47:10,23
CARO ,2020-03-31 03:47:31,23
CARO ,2020-03-31 04:47:07,23
CARO ,2020-03-31 05:47:14,23
CARO ,2020-03-31 06:47:03,23
CARO ,2020-03-31 07:47:18,23
CARO ,2020-03-31 08:47:16,23
CARO ,2020-03-31 09:47:15,23
CARO ,2020-03-31 10:47:10,23
CARO ,2020-03-31 11:47:39,23
CARO ,2020-03-31 13:08:16,23
CARO ,2020-03-31 13:47:19,23
CARO ,2020-03-31 14:47:58,23
CARO ,2020-03-31 15:47:13,23
CARO ,2020-03-31 16:47:59,23
CARO ,2020-03-31 17:47:20,23
CARO ,2020-03-31 18:47:40,23
CARO ,2020-03-31 19:47:13,23
CARO ,2020-03-31 20:47:42,23
CARO ,2020-03-31 21:47:10,23
CARO ,2020-03-31 22:47:19,23
CARO ,2020-03-31 23:46:54,23
CARO ,2020-04-01 00:46:32,23
CARO ,2020-04-01 01:46:33,23
CARO ,2020-04-01 02:46:30,23
CARO ,2020-04-01 03:46:36,23
CARO ,2020-04-01 04:46:52,23
CARO ,2020-04-01 05:47:10,23
CARO ,2020-04-01 06:46:41,23
CARO ,2020-04-01 07:47:03,23
CARO ,2020-04-01 08:46:29,23
CARO ,2020-04-01 09:46:44,23
CARO ,2020-04-01 10:46:17,23
CARO ,2020-04-01 11:47:19,23
CARO ,2020-04-01 13:11:17,23
CARO ,2020-04-01 13:46:34,23
CARO ,2020-04-01 14:47:20,23
CARO ,2020-04-01 15:46:56,23
CARO ,2020-04-01 16:46:22,23
CARO ,2020-04-01 17:46:19,23
CARO ,2020-04-01 18:46:23,23
CARO ,2020-04-01 19:46:30,23
CARO ,2020-04-01 20:46:34,23
CARO ,2020-04-01 21:46:23,23
CARO ,2020-04-01 22:46:23,23
CARO ,2020-04-01 23:47:02,23
CARO ,2020-04-02 00:46:30,23
CARO ,2020-04-02 01:47:00,23
CARO ,2020-04-02 02:46:30,23
CARO ,2020-04-02 03:46:58,23
CARO ,2020-04-02 04:46:33,23
CARO ,2020-04-02 05:46:40,23
CARO ,2020-04-02 06:46:14,23
CARO ,2020-04-02 07:46:59,23
CARO ,2020-04-02 08:47:36,23
CARO ,2020-04-02 09:46:57,23
CARO ,2020-04-02 10:46:34,23
CARO ,2020-04-02 11:46:27,23
CARO ,2020-04-02 13:12:19,23
CARO ,2020-04-02 13:47:07,23
CARO ,2020-04-02 14:46:20,23
CARO ,2020-04-02 15:46:39,22
CARO ,2020-04-02 16:46:16,22
CARO ,2020-04-02 17:46:23,22
CARO ,2020-04-02 18:47:41,22
CARO ,2020-04-02 19:46:25,22
CARO ,2020-04-02 20:46:51,22
CARO ,2020-04-02 21:47:27,22
CARO ,2020-04-02 22:47:06,22
CARO ,2020-04-02 23:46:23,22
CARO ,2020-04-03 00:46:38,22
CARO ,2020-04-03 01:46:57,22
CARO ,2020-04-03 02:46:31,22
CARO ,2020-04-03 03:46:23,22
CARO ,2020-04-03 04:46:50,22
CARO ,2020-04-03 05:47:00,22
CARO ,2020-04-03 06:46:31,22
CARO ,2020-04-03 08:46:33,22
CARO ,2020-04-03 09:46:32,22
CARO ,2020-04-03 10:46:56,22
CARO ,2020-04-03 11:46:24,22
CARO ,2020-04-03 13:13:19,22
CARO ,2020-04-03 13:46:40,22
CARO ,2020-04-03 14:46:43,22
CARO ,2020-04-03 15:47:02,22
CARO ,2020-04-03 16:46:59,22
CARO ,2020-04-03 17:47:01,22
CARO ,2020-04-03 18:47:01,22
CARO ,2020-04-03 19:46:27,22
CARO ,2020-04-03 20:46:26,22
CARO ,2020-04-03 21:46:37,22
CARO ,2020-04-03 22:47:22,22
CARO ,2020-04-03 23:46:33,22
CARO ,2020-04-04 00:46:21,22
CARO ,2020-04-04 01:46:55,22
CARO ,2020-04-04 02:46:35,22
CARO ,2020-04-04 03:46:39,22
CARO ,2020-04-04 04:46:47,22
CARO ,2020-04-04 05:46:55,22
CARO ,2020-04-04 06:46:22,22
CARO ,2020-04-04 07:47:03,22
CARO ,2020-04-04 08:46:51,22
CARO ,2020-04-04 09:46:47,22
CARO ,2020-04-04 10:46:28,22
CARO ,2020-04-04 11:46:29,22
CARO ,2020-04-04 12:46:28,22
CARO ,2020-04-04 13:46:25,22
CARO ,2020-04-04 14:46:44,22
CARO ,2020-04-04 15:46:19,22
CARO ,2020-04-04 16:46:29,22
CARO ,2020-04-04 17:46:29,22
CARO ,2020-04-04 18:46:25,22
CARO ,2020-04-04 19:46:29,22
CARO ,2020-04-04 20:46:22,22
CARO ,2020-04-04 21:46:24,22
CARO ,2020-04-04 22:47:03,22
CARO ,2020-04-04 23:46:23,22
CARO ,2020-04-05 00:47:15,22
CARO ,2020-04-05 01:46:54,22
CARO ,2020-04-05 02:46:21,22
CARO ,2020-04-05 03:46:30,22
CARO ,2020-04-05 04:46:54,22
CARO ,2020-04-05 05:46:46,22
CARO ,2020-04-05 06:46:51,22
CARO ,2020-04-05 07:46:31,22
CARO ,2020-04-05 08:46:36,22
CARO ,2020-04-05 09:46:26,22
CARO ,2020-04-05 10:47:03,22
CARO ,2020-04-05 11:46:54,22
CARO ,2020-04-05 12:46:22,22
CARO ,2020-04-05 13:46:58,22
CARO ,2020-04-05 14:46:28,22
CARO ,2020-04-05 15:46:19,22
CARO ,2020-04-05 16:46:57,22
CARO ,2020-04-05 17:46:16,22
CARO ,2020-04-05 18:46:31,22
CARO ,2020-04-05 19:46:22,22
CARO ,2020-04-05 20:46:30,22
CARO ,2020-04-05 21:46:33,22
CARO ,2020-04-05 22:46:50,22
CARO ,2020-04-05 23:46:22,22
CARO ,2020-04-06 00:46:20,22
CARO ,2020-04-06 01:46:32,22
CARO ,2020-04-06 02:46:51,22
CARO ,2020-04-06 03:47:26,22
CARO ,2020-04-06 04:46:14,22
CARO ,2020-04-06 05:46:42,22
CARO ,2020-04-06 06:46:44,22
CARO ,2020-04-06 07:46:29,22
CARO ,2020-04-06 08:46:56,22
CARO ,2020-04-06 09:46:25,22
CARO ,2020-04-06 10:46:42,22
CARO ,2020-04-06 11:46:16,22
CARO ,2020-04-06 12:46:40,22
CARO ,2020-04-06 13:46:34,22
CARO ,2020-04-06 14:46:30,22
CARO ,2020-04-06 15:46:31,22
CARO ,2020-04-06 16:46:22,21
CARO ,2020-04-06 17:46:22,21
CARO ,2020-04-06 18:49:16,21
CARO ,2020-04-06 19:46:54,22
CARO ,2020-04-06 20:46:25,23
CARO ,2020-04-06 21:46:18,23
CARO ,2020-04-06 22:46:31,23
CARO ,2020-04-06 23:46:44,23
CARO ,2020-04-07 00:46:31,23
CARO ,2020-04-07 01:46:42,23
CARO ,2020-04-07 02:46:32,23
CARO ,2020-04-07 03:46:24,23
CARO ,2020-04-07 04:46:22,23
CARO ,2020-04-07 05:46:16,23
CARO ,2020-04-07 06:46:37,23
CARO ,2020-04-07 07:46:31,23
CARO ,2020-04-07 08:46:51,23
CARO ,2020-04-07 09:46:23,23
CARO ,2020-04-07 10:46:12,23
CARO ,2020-04-07 11:46:21,23
CARO ,2020-04-07 12:46:23,23
CARO ,2020-04-07 13:46:29,23
CARO ,2020-04-07 14:46:10,24
CARO ,2020-04-07 15:46:19,24
CARO ,2020-04-07 16:46:34,24
CARO ,2020-04-07 17:46:14,23
CARO ,2020-04-07 18:46:18,23
CARO ,2020-04-07 19:46:18,23
CARO ,2020-04-07 20:46:27,23
CARO ,2020-04-07 21:46:34,23
CARO ,2020-04-07 22:46:19,23
CARO ,2020-04-07 23:46:25,23
CARO ,2020-04-08 00:46:33,23
CARO ,2020-04-08 01:46:18,23
CARO ,2020-04-08 02:46:07,23
CARO ,2020-04-08 03:46:34,23
CARO ,2020-04-08 04:46:12,23
CARO ,2020-04-08 06:46:28,23
CARO ,2020-04-08 07:46:37,23
CARO ,2020-04-08 08:46:44,23
CARO ,2020-04-08 09:46:26,23
CARO ,2020-04-08 10:46:19,23
CARO ,2020-04-08 11:46:16,23
CARO ,2020-04-08 12:46:16,23
CARO ,2020-04-08 13:46:23,23
CARO ,2020-04-08 14:46:11,23
CARO ,2020-04-08 15:46:27,23
CARO ,2020-04-08 16:46:17,23
CARO ,2020-04-08 17:46:39,23
CARO ,2020-04-08 18:46:16,23
CARO ,2020-04-08 19:46:37,23
CARO ,2020-04-08 20:46:24,23
CARO ,2020-04-08 21:46:18,23
CARO ,2020-04-08 22:46:12,23
CARO ,2020-04-08 23:46:21,23
CARO ,2020-04-09 00:46:16,23
CARO ,2020-04-09 02:46:21,23
CARO ,2020-04-09 03:46:16,23
CARO ,2020-04-09 04:46:42,23
CARO ,2020-04-09 05:46:27,23
CARO ,2020-04-09 06:46:44,23
CARO ,2020-04-09 07:46:09,23
CARO ,2020-04-09 08:46:13,23
CARO ,2020-04-09 09:46:10,23
CARO ,2020-04-09 10:46:18,23
CARO ,2020-04-09 11:46:16,23
CARO ,2020-04-09 12:46:13,23
CARO ,2020-04-09 13:46:30,23
CARO ,2020-04-09 14:46:27,23
CARO ,2020-04-09 15:46:03,23
CARO ,2020-04-09 16:46:17,23
CARO ,2020-04-09 17:46:16,23
CARO ,2020-04-09 18:46:02,24
CARO ,2020-04-09 19:46:36,24
CARO ,2020-04-09 20:46:16,24
CARO ,2020-04-09 21:46:15,24
CARO ,2020-04-09 22:46:13,24
CARO ,2020-04-09 23:46:11,24
CARO ,2020-04-10 00:46:17,24
CARO ,2020-04-10 01:46:09,24
CARO ,2020-04-10 02:46:23,24
CARO ,2020-04-10 03:46:20,24
CARO ,2020-04-10 04:46:12,24
CARO ,2020-04-10 05:46:25,24
CARO ,2020-04-10 06:46:12,24
CARO ,2020-04-10 07:46:15,24
CARO ,2020-04-10 08:46:24,24
CARO ,2020-04-10 09:46:15,24
CARO ,2020-04-10 10:46:20,24
CARO ,2020-04-10 11:46:18,24
CARO ,2020-04-10 12:46:16,24
CARO ,2020-04-10 13:46:20,24
CARO ,2020-04-10 14:46:31,24
CARO ,2020-04-10 15:46:17,24
CARO ,2020-04-10 16:46:09,24
CARO ,2020-04-10 17:46:16,24
CARO ,2020-04-10 18:46:16,24
CARO ,2020-04-10 19:46:15,24
CARO ,2020-04-10 20:46:41,24
CARO ,2020-04-10 21:45:58,24
CARO ,2020-04-10 22:45:54,24
CARO ,2020-04-10 23:45:56,24
CARO ,2020-04-11 00:46:02,24
CARO ,2020-04-11 01:45:51,24
CARO ,2020-04-11 02:45:56,24
CARO ,2020-04-11 03:45:56,24
CARO ,2020-04-11 04:46:02,24
CARO ,2020-04-11 05:45:53,24
CARO ,2020-04-11 06:45:56,24
CARO ,2020-04-11 07:45:54,24
CARO ,2020-04-11 08:45:48,24
CARO ,2020-04-11 09:45:49,24
CARO ,2020-04-11 10:46:02,24
CARO ,2020-04-11 11:45:49,24
CARO ,2020-04-11 12:45:54,24
CARO ,2020-04-11 13:46:02,24
CARO ,2020-04-11 14:45:48,24
CARO ,2020-04-11 15:46:03,24
CARO ,2020-04-11 16:46:00,24
CARO ,2020-04-11 17:45:59,24
CARO ,2020-04-11 18:45:58,24
CARO ,2020-04-11 19:45:54,24
CARO ,2020-04-11 20:45:48,24
CARO ,2020-04-11 21:45:55,24
CARO ,2020-04-11 22:45:54,24
CARO ,2020-04-11 23:45:55,24
CARO ,2020-04-12 00:46:03,24
CARO ,2020-04-12 01:45:53,24
CARO ,2020-04-12 02:45:53,24
CARO ,2020-04-12 03:45:51,24
CARO ,2020-04-12 04:46:08,24
CARO ,2020-04-12 05:45:59,24
CARO ,2020-04-12 06:45:57,24
CARO ,2020-04-12 07:45:52,24
CARO ,2020-04-12 08:45:53,24
CARO ,2020-04-12 09:45:57,24
CARO ,2020-04-12 10:45:57,24
CARO ,2020-04-12 11:45:51,24
CARO ,2020-04-12 12:45:55,24
CARO ,2020-04-12 13:46:02,24
CARO ,2020-04-12 14:45:58,24
CARO ,2020-04-12 15:45:56,24
CARO ,2020-04-12 16:45:54,24
CARO ,2020-04-12 17:45:49,24
CARO ,2020-04-12 18:45:57,24
CARO ,2020-04-12 19:45:54,24
CARO ,2020-04-12 20:46:12,24
CARO ,2020-04-12 21:45:59,24
CARO ,2020-04-12 22:46:05,24
CARO ,2020-04-12 23:46:10,24
CARO ,2020-04-13 00:46:20,24
CARO ,2020-04-13 01:46:06,24
CARO ,2020-04-13 02:46:09,24
CARO ,2020-04-13 03:46:25,24
CARO ,2020-04-13 04:46:13,24
CARO ,2020-04-13 05:46:16,24
CARO ,2020-04-13 06:45:56,24
CARO ,2020-04-13 07:45:49,24
CARO ,2020-04-13 08:45:59,24
CARO ,2020-04-13 09:45:53,24
CARO ,2020-04-13 10:45:53,24
CARO ,2020-04-13 11:46:02,24
CARO ,2020-04-13 13:10:13,24
CARO ,2020-04-13 13:45:52,24
CARO ,2020-04-13 14:45:51,24
CARO ,2020-04-13 15:45:56,24
CARO ,2020-04-13 16:45:58,24
CARO ,2020-04-13 17:46:08,24
CARO ,2020-04-13 18:45:50,24
CARO ,2020-04-13 19:45:52,24
CARO ,2020-04-13 20:45:57,24
CARO ,2020-04-13 21:46:03,24
CARO ,2020-04-13 22:45:52,24
CARO ,2020-04-13 23:45:58,24
CARO ,2020-04-14 00:46:24,24
CARO ,2020-04-14 01:46:18,24
CARO ,2020-04-14 02:46:13,24
CARO ,2020-04-14 03:46:13,24
CARO ,2020-04-14 04:46:13,24
CARO ,2020-04-14 05:46:19,24
CARO ,2020-04-14 06:46:03,24
CARO ,2020-04-14 07:45:57,24
CARO ,2020-04-14 08:46:00,24
CARO ,2020-04-14 09:45:59,24
CARO ,2020-04-14 10:45:58,24
CARO ,2020-04-14 11:45:59,24
CARO ,2020-04-14 12:45:55,24
CARO ,2020-04-14 13:46:00,24
CARO ,2020-04-14 14:46:09,24
CARO ,2020-04-14 15:46:10,24
CARO ,2020-04-14 16:46:17,24
CARO ,2020-04-14 17:45:49,24
CARO ,2020-04-14 18:46:17,24
CARO ,2020-04-14 19:45:58,24
CARO ,2020-04-14 20:45:56,24
CARO ,2020-04-14 21:45:58,24
CARO ,2020-04-14 22:45:56,24
CARO ,2020-04-14 23:46:13,24
CARO ,2020-04-15 00:46:10,24
CARO ,2020-04-15 01:46:11,24
CARO ,2020-04-15 02:46:05,24
CARO ,2020-04-15 03:46:10,24
CARO ,2020-04-15 04:46:13,24
CARO ,2020-04-15 05:45:54,24
CARO ,2020-04-15 06:45:53,24
CARO ,2020-04-15 07:45:59,24
CARO ,2020-04-15 08:46:02,24
CARO ,2020-04-15 09:45:58,24
CARO ,2020-04-15 10:45:53,24
CARO ,2020-04-15 11:45:51,24
CARO ,2020-04-15 13:13:16,24
CARO ,2020-04-15 14:45:56,24
CARO ,2020-04-15 15:45:51,24
CARO ,2020-04-15 16:46:08,24
CARO ,2020-04-15 17:45:53,24
CARO ,2020-04-15 18:45:54,24
CARO ,2020-04-15 19:46:04,24
CARO ,2020-04-15 20:45:53,24
CARO ,2020-04-15 21:46:02,24
CARO ,2020-04-15 22:46:03,24
CARO ,2020-04-15 23:46:02,24
CARO ,2020-04-16 00:46:09,24
CARO ,2020-04-16 01:46:14,24
CARO ,2020-04-16 02:46:20,24
CARO ,2020-04-16 03:46:18,24
CARO ,2020-04-16 04:46:21,24
CARO ,2020-04-16 05:46:04,24
CARO ,2020-04-16 06:46:17,24
CARO ,2020-04-16 07:46:01,24
CARO ,2020-04-16 08:46:00,24
CARO ,2020-04-16 09:45:55,24
CARO ,2020-04-16 10:46:00,24
CARO ,2020-04-16 11:46:00,24
CARO ,2020-04-16 12:46:01,24
CARO ,2020-04-16 13:46:02,24
CARO ,2020-04-16 14:45:57,24
CARO ,2020-04-16 15:46:19,24
CARO ,2020-04-16 16:46:20,24
CARO ,2020-04-16 17:46:02,24
CARO ,2020-04-16 18:46:15,24
CARO ,2020-04-16 19:45:57,24
CARO ,2020-04-16 20:46:00,24
CARO ,2020-04-16 21:46:20,24
CARO ,2020-04-16 22:45:59,24
CARO ,2020-04-16 23:46:18,24
CARO ,2020-04-17 00:46:12,24
CARO ,2020-04-17 01:46:11,24
CARO ,2020-04-17 02:46:19,24
CARO ,2020-04-17 03:46:06,24
CARO ,2020-04-17 04:45:59,24
CARO ,2020-04-17 05:46:03,24
CARO ,2020-04-17 06:46:04,24
CARO ,2020-04-17 07:46:18,24
CARO ,2020-04-17 08:46:03,24
CARO ,2020-04-17 09:45:58,24
CARO ,2020-04-17 10:46:00,24
CARO ,2020-04-17 11:45:52,24
CARO ,2020-04-17 13:10:15,24
CARO ,2020-04-17 13:46:12,24
CARO ,2020-04-17 14:46:00,24
CARO ,2020-04-17 15:46:05,24
CARO ,2020-04-17 16:45:52,24
CARO ,2020-04-17 17:45:57,24
CARO ,2020-04-17 18:46:17,24
CARO ,2020-04-17 19:46:10,24
CARO ,2020-04-17 20:46:15,24
CARO ,2020-04-17 21:46:12,24
CARO ,2020-04-17 22:46:05,24
CARO ,2020-04-17 23:46:13,24
CARO ,2020-04-18 00:46:11,24
CARO ,2020-04-18 01:46:07,24
CARO ,2020-04-18 02:46:05,24
CARO ,2020-04-18 03:46:05,24
CARO ,2020-04-18 04:46:15,24
CARO ,2020-04-18 05:46:14,24
CARO ,2020-04-18 06:46:00,24
CARO ,2020-04-18 07:45:54,24
CARO ,2020-04-18 08:46:13,24
CARO ,2020-04-18 09:45:48,24
CARO ,2020-04-18 10:45:57,24
CARO ,2020-04-18 11:46:01,24
CARO ,2020-04-18 12:45:49,24
CARO ,2020-04-18 13:46:08,24
CARO ,2020-04-18 14:45:58,24
CARO ,2020-04-18 15:45:58,24
CARO ,2020-04-18 16:45:49,24
CARO ,2020-04-18 17:46:04,24
CARO ,2020-04-18 18:46:01,24
CARO ,2020-04-18 19:45:50,24
CARO ,2020-04-18 20:46:04,24
CARO ,2020-04-18 21:45:55,24
CARO ,2020-04-18 22:46:05,24
CARO ,2020-04-18 23:46:21,24
CARO ,2020-04-19 00:46:20,24
CARO ,2020-04-19 01:46:30,24
CARO ,2020-04-19 02:46:14,24
CARO ,2020-04-19 03:46:15,24
CARO ,2020-04-19 04:46:31,24
CARO ,2020-04-19 05:46:10,24
CARO ,2020-04-19 06:46:13,24
CARO ,2020-04-19 07:46:08,24
CARO ,2020-04-19 08:45:58,24
CARO ,2020-04-19 09:45:58,24
CARO ,2020-04-19 10:45:57,24
CARO ,2020-04-19 11:45:50,24
CARO ,2020-04-19 12:45:53,24
CARO ,2020-04-19 13:46:11,24
CARO ,2020-04-19 14:45:50,24
CARO ,2020-04-19 15:46:01,24
CARO ,2020-04-19 16:46:03,24
CARO ,2020-04-19 17:46:24,24
CARO ,2020-04-19 18:46:00,24
CARO ,2020-04-19 19:45:56,24
CARO ,2020-04-19 20:45:51,24
CARO ,2020-04-19 21:46:26,24
CARO ,2020-04-19 22:46:18,24
CARO ,2020-04-19 23:46:10,24
CARO ,2020-04-20 00:46:25,24
CARO ,2020-04-20 01:46:18,24
CARO ,2020-04-20 02:46:29,24
CARO ,2020-04-20 03:46:29,24
CARO ,2020-04-20 04:46:19,24
CARO ,2020-04-20 05:46:28,24
CARO ,2020-04-20 06:46:15,24
CARO ,2020-04-20 07:45:57,24
CARO ,2020-04-20 08:45:55,24
CARO ,2020-04-20 09:45:57,24
CARO ,2020-04-20 10:45:56,24
CARO ,2020-04-20 11:45:55,24
CARO ,2020-04-20 12:45:59,24
CARO ,2020-04-20 13:45:55,24
CARO ,2020-04-20 14:46:21,24
CARO ,2020-04-20 15:46:01,25
CARO ,2020-04-20 16:46:07,25
CARO ,2020-04-20 17:46:04,25
CARO ,2020-04-20 18:46:14,26
CARO ,2020-04-20 20:46:50,26
CARO ,2020-04-20 21:46:41,26
CARO ,2020-04-20 22:46:57,26
CARO ,2020-04-20 23:46:18,26
CARO ,2020-04-21 00:46:26,26
CARO ,2020-04-21 01:46:18,26
CARO ,2020-04-21 02:46:17,26
CARO ,2020-04-21 03:47:47,26
CARO ,2020-04-21 04:48:08,26
CARO ,2020-04-21 05:48:08,26
CARO ,2020-04-21 06:46:17,26
CARO ,2020-04-21 07:46:08,26
CARO ,2020-04-21 08:46:05,26
CARO ,2020-04-21 09:46:02,26
CARO ,2020-04-21 10:46:01,26
CARO ,2020-04-21 11:46:00,26
CARO ,2020-04-21 12:46:02,26
CARO ,2020-04-21 13:46:25,26
CARO ,2020-04-21 14:46:19,26
CARO ,2020-04-21 15:45:52,26
CARO ,2020-04-21 16:45:52,26
CARO ,2020-04-21 17:46:17,26
CARO ,2020-04-21 18:45:53,26
CARO ,2020-04-21 19:45:59,26
CARO ,2020-04-21 20:46:23,26
CARO ,2020-04-21 21:46:27,26
CARO ,2020-04-21 22:46:25,26
CARO ,2020-04-21 23:45:58,26
CARO ,2020-04-22 00:46:13,26
CARO ,2020-04-22 01:46:22,26
CARO ,2020-04-22 02:46:23,26
CARO ,2020-04-22 03:46:11,26
CARO ,2020-04-22 04:45:57,26
CARO ,2020-04-22 05:45:59,26
CARO ,2020-04-22 06:46:14,26
CARO ,2020-04-22 07:46:08,26
CARO ,2020-04-22 08:45:55,26
CARO ,2020-04-22 09:46:05,26
CARO ,2020-04-22 10:46:28,26
CARO ,2020-04-22 11:45:55,26
CARO ,2020-04-22 12:46:00,26
CARO ,2020-04-22 13:45:52,26
CARO ,2020-04-22 14:46:07,26
CARO ,2020-04-22 15:45:57,26
CARO ,2020-04-22 16:46:21,26
CARO ,2020-04-22 17:46:29,26
CARO ,2020-04-22 18:46:14,25
CARO ,2020-04-22 19:45:58,26
CARO ,2020-04-22 20:46:00,26
CARO ,2020-04-22 21:46:17,26
CARO ,2020-04-22 22:46:08,26
CARO ,2020-04-22 23:46:16,26
CARO ,2020-04-23 00:45:59,26
CARO ,2020-04-23 01:46:13,26
CARO ,2020-04-23 02:46:20,26
CARO ,2020-04-23 03:46:20,26
CARO ,2020-04-23 04:46:12,26
CARO ,2020-04-23 05:45:51,26
CARO ,2020-04-23 06:45:58,26
CARO ,2020-04-23 07:46:03,26
CARO ,2020-04-23 08:45:58,26
CARO ,2020-04-23 09:45:49,26
CARO ,2020-04-23 10:45:57,26
CARO ,2020-04-23 11:46:12,26
CARO ,2020-04-23 12:45:51,26
CARO ,2020-04-23 13:45:52,26
CARO ,2020-04-23 14:45:55,26
CARO ,2020-04-23 15:45:59,26
CARO ,2020-04-23 16:46:14,26
CARO ,2020-04-23 17:45:54,26
CARO ,2020-04-23 18:46:03,26
CARO ,2020-04-23 19:45:52,26
CARO ,2020-04-23 20:46:21,25
CARO ,2020-04-23 21:46:03,25
CARO ,2020-04-23 22:45:56,25
CARO ,2020-04-23 23:46:02,25
CARO ,2020-04-24 00:46:13,25
CARO ,2020-04-24 01:46:41,25
CARO ,2020-04-24 02:45:51,25
CARO ,2020-04-24 03:46:20,25
CARO ,2020-04-24 04:46:05,25
CARO ,2020-04-24 05:45:55,25
CARO ,2020-04-24 06:45:56,25
CARO ,2020-04-24 07:45:50,25
CARO ,2020-04-24 08:46:08,25
CARO ,2020-04-24 09:45:57,25
CARO ,2020-04-24 10:45:56,25
CARO ,2020-04-24 11:45:51,25
CARO ,2020-04-24 13:11:17,25
CARO ,2020-04-24 13:46:25,25
CARO ,2020-04-24 14:46:05,25
CARO ,2020-04-24 15:45:56,25
CARO ,2020-04-24 16:45:57,25
CARO ,2020-04-24 17:46:01,25
CARO ,2020-04-24 18:46:15,25
CARO ,2020-04-24 19:45:57,25
CARO ,2020-04-24 20:46:05,27
CARO ,2020-04-24 21:46:24,27
CARO ,2020-04-24 22:46:27,27
CARO ,2020-04-24 23:46:05,27
CARO ,2020-04-25 00:46:27,27
CARO ,2020-04-25 01:46:24,27
CARO ,2020-04-25 02:46:19,27
CARO ,2020-04-25 03:46:16,27
CARO ,2020-04-25 04:46:20,27
CARO ,2020-04-25 05:46:28,27
CARO ,2020-04-25 06:46:07,27
CARO ,2020-04-25 07:45:58,27
CARO ,2020-04-25 08:46:06,27
CARO ,2020-04-25 09:46:02,27
CARO ,2020-04-25 10:45:55,27
CARO ,2020-04-25 11:46:01,27
CARO ,2020-04-25 12:45:58,27
CARO ,2020-04-25 13:46:12,27
CARO ,2020-04-25 14:46:02,27
CARO ,2020-04-25 15:46:07,27
CARO ,2020-04-25 16:46:10,27
CARO ,2020-04-25 17:46:07,27
CARO ,2020-04-25 18:45:58,27
CARO ,2020-04-25 19:46:07,27
CARO ,2020-04-25 20:46:00,27
CARO ,2020-04-25 21:45:58,27
CARO ,2020-04-25 22:46:04,27
CARO ,2020-04-25 23:46:09,27
CARO ,2020-04-26 00:46:01,27
CARO ,2020-04-26 01:46:15,27
CARO ,2020-04-26 02:46:15,27
CARO ,2020-04-26 03:46:22,27
CARO ,2020-04-26 04:45:55,27
CARO ,2020-04-26 05:46:31,27
CARO ,2020-04-26 06:46:08,27
CARO ,2020-04-26 07:46:03,27
CARO ,2020-04-26 08:46:01,27
CARO ,2020-04-26 09:46:01,27
CARO ,2020-04-26 10:45:55,27
CARO ,2020-04-26 11:46:06,27
CARO ,2020-04-26 12:46:00,27
CARO ,2020-04-26 13:45:52,27
CARO ,2020-04-26 14:45:57,27
CARO ,2020-04-26 15:46:04,27
CARO ,2020-04-26 16:46:02,27
CARO ,2020-04-26 17:46:00,27
CARO ,2020-04-26 18:46:00,27
CARO ,2020-04-26 19:45:55,27
CARO ,2020-04-26 20:45:57,27
CARO ,2020-04-26 21:45:59,27
CARO ,2020-04-26 22:46:15,27
CARO ,2020-04-26 23:46:30,27
CARO ,2020-04-27 00:46:28,27
CARO ,2020-04-27 01:46:28,27
CARO ,2020-04-27 02:46:20,27
CARO ,2020-04-27 03:46:22,27
CARO ,2020-04-27 04:46:25,27
CARO ,2020-04-27 05:46:07,27
CARO ,2020-04-27 06:46:04,27
CARO ,2020-04-27 07:45:56,27
CARO ,2020-04-27 08:46:05,27
CARO ,2020-04-27 09:46:06,27
CARO ,2020-04-27 10:46:05,27
CARO ,2020-04-27 11:45:50,27
CARO ,2020-04-27 12:45:59,27
CARO ,2020-04-27 13:46:30,27
CARO ,2020-04-27 14:46:09,27
CARO ,2020-04-27 15:46:02,27
CARO ,2020-04-27 16:45:52,27
CARO ,2020-04-27 17:46:01,28
CARO ,2020-04-27 18:45:58,28
CARO ,2020-04-27 19:45:58,28
CARO ,2020-04-27 20:45:59,29
CARO ,2020-04-27 21:46:13,29
CARO ,2020-04-27 22:45:59,29
CARO ,2020-04-27 23:46:18,29
CARO ,2020-04-28 00:46:48,29
CARO ,2020-04-28 01:46:05,29
CARO ,2020-04-28 02:46:31,29
CARO ,2020-04-28 03:46:25,29
CARO ,2020-04-28 04:46:22,29
CARO ,2020-04-28 05:46:00,29
CARO ,2020-04-28 06:45:58,29
CARO ,2020-04-28 07:46:29,29
CARO ,2020-04-28 08:46:21,29
CARO ,2020-04-28 09:46:04,29
CARO ,2020-04-28 10:45:51,29
CARO ,2020-04-28 11:46:03,29
CARO ,2020-04-28 12:46:06,29
CARO ,2020-04-28 13:46:02,29
CARO ,2020-04-28 14:46:31,29
CARO ,2020-04-28 15:46:23,29
CARO ,2020-04-28 16:45:57,29
CARO ,2020-04-28 17:46:04,29
CARO ,2020-04-28 18:46:02,29
CARO ,2020-04-28 19:45:59,29
CARO ,2020-04-28 20:46:02,29
CARO ,2020-04-28 21:46:06,29
CARO ,2020-04-28 22:45:55,29
CARO ,2020-04-28 23:45:56,29
CARO ,2020-04-29 00:46:34,29
CARO ,2020-04-29 01:46:36,29
CARO ,2020-04-29 02:46:26,29
CARO ,2020-04-29 03:45:59,29
CARO ,2020-04-29 04:46:07,29
CARO ,2020-04-29 05:45:56,29
CARO ,2020-04-29 06:46:07,29
CARO ,2020-04-29 07:46:06,29
CARO ,2020-04-29 08:46:02,29
CARO ,2020-04-29 09:46:18,29
CARO ,2020-04-29 10:46:06,29
CARO ,2020-04-29 11:45:52,29
CARO ,2020-04-29 13:09:13,29
CARO ,2020-04-29 13:46:06,29
CARO ,2020-04-29 14:45:56,29
CARO ,2020-04-29 15:45:53,30
CARO ,2020-04-29 16:46:07,30
CARO ,2020-04-29 17:46:08,30
CARO ,2020-04-29 18:46:30,30
CARO ,2020-04-29 19:46:30,30
CARO ,2020-04-29 20:46:02,30
CARO ,2020-04-29 21:46:31,30
CARO ,2020-04-29 22:46:29,30
CARO ,2020-04-29 23:46:13,30
CARO ,2020-04-30 00:46:29,30
CARO ,2020-04-30 01:46:30,30
CARO ,2020-04-30 02:46:57,30
CARO ,2020-04-30 03:46:50,30
CARO ,2020-04-30 04:46:18,30
CARO ,2020-04-30 05:46:13,30
CARO ,2020-04-30 06:46:05,30
CARO ,2020-04-30 07:46:03,30
CARO ,2020-04-30 08:46:06,30
CARO ,2020-04-30 09:46:01,30
CARO ,2020-04-30 10:45:53,30
CARO ,2020-04-30 11:46:18,30
CARO ,2020-04-30 12:45:58,30
CARO ,2020-04-30 13:46:00,30
CARO ,2020-04-30 14:46:20,28
CARO ,2020-04-30 15:46:03,28
CARO ,2020-04-30 16:45:58,28
CARO ,2020-04-30 17:49:33,28
CARO ,2020-04-30 18:46:12,28
CARO ,2020-04-30 20:46:03,28
CARO ,2020-04-30 21:46:06,28
CARO ,2020-04-30 22:46:09,28
CARO ,2020-04-30 23:46:05,28
CARO ,2020-05-01 00:46:29,28
CARO ,2020-05-01 01:46:27,28
CARO ,2020-05-01 02:46:03,28
CARO ,2020-05-01 03:45:57,28
CARO ,2020-05-01 04:46:06,28
CARO ,2020-05-01 05:46:11,28
CARO ,2020-05-01 06:46:06,28
CARO ,2020-05-01 07:46:07,28
CARO ,2020-05-01 08:46:01,28
CARO ,2020-05-01 09:46:03,28
CARO ,2020-05-01 10:45:57,28
CARO ,2020-05-01 11:45:59,28
CARO ,2020-05-01 13:10:16,28
CARO ,2020-05-01 13:46:35,28
CARO ,2020-05-01 14:45:58,28
CARO ,2020-05-01 15:45:58,28
CARO ,2020-05-01 16:45:58,28
CARO ,2020-05-01 17:46:00,28
CARO ,2020-05-01 18:45:58,28
CARO ,2020-05-01 19:46:08,28
CARO ,2020-05-01 20:45:55,28
CARO ,2020-05-01 21:46:27,28
CARO ,2020-05-01 22:45:59,28
CARO ,2020-05-01 23:45:59,28
CARO ,2020-05-02 00:46:00,28
CARO ,2020-05-02 01:46:20,28
CARO ,2020-05-02 02:46:15,28
CARO ,2020-05-02 03:46:15,28
CARO ,2020-05-02 04:46:02,28
CARO ,2020-05-02 05:46:16,28
CARO ,2020-05-02 06:46:04,28
CARO ,2020-05-02 07:46:12,28
CARO ,2020-05-02 08:46:07,28
CARO ,2020-05-02 09:46:03,28
CARO ,2020-05-02 10:45:55,28
CARO ,2020-05-02 11:46:04,28
CARO ,2020-05-02 12:45:55,28
CARO ,2020-05-02 13:46:06,28
CARO ,2020-05-02 14:46:06,28
CARO ,2020-05-02 15:46:10,28
CARO ,2020-05-02 16:46:05,28
CARO ,2020-05-02 17:46:03,28
CARO ,2020-05-02 18:46:18,28
CARO ,2020-05-02 19:46:06,28
CARO ,2020-05-02 20:46:09,28
CARO ,2020-05-02 21:46:04,28
CARO ,2020-05-02 22:45:54,28
CARO ,2020-05-02 23:46:22,28
CARO ,2020-05-03 00:46:04,28
CARO ,2020-05-03 01:46:25,28
CARO ,2020-05-03 02:46:22,28
CARO ,2020-05-03 03:46:21,28
CARO ,2020-05-03 04:46:12,28
CARO ,2020-05-03 05:46:01,28
CARO ,2020-05-03 06:46:00,28
CARO ,2020-05-03 07:46:08,28
CARO ,2020-05-03 08:46:05,28
CARO ,2020-05-03 09:46:34,28
CARO ,2020-05-03 10:46:05,28
CARO ,2020-05-03 11:46:04,28
CARO ,2020-05-03 12:46:01,28
CARO ,2020-05-03 13:46:04,28
CARO ,2020-05-03 14:46:10,28
CARO ,2020-05-03 15:46:06,28
CARO ,2020-05-03 16:46:25,28
CARO ,2020-05-03 17:46:30,28
CARO ,2020-05-03 18:45:58,28
CARO ,2020-05-03 19:46:48,28
CARO ,2020-05-03 20:46:27,28
CARO ,2020-05-03 21:46:19,28
CARO ,2020-05-03 22:46:26,28
CARO ,2020-05-03 23:46:28,28
CARO ,2020-05-04 00:46:25,28
CARO ,2020-05-04 01:46:26,28
CARO ,2020-05-04 02:46:26,28
CARO ,2020-05-04 03:46:27,28
