Ticker,timestamp,users_holding
INFY ,2018-05-02 04:52:39,1587
INFY ,2018-05-02 06:37:51,1587
INFY ,2018-05-03 00:34:02,1576
INFY ,2018-05-03 06:32:40,1576
INFY ,2018-05-03 06:47:39,1576
INFY ,2018-05-03 07:05:46,1576
INFY ,2018-05-03 07:33:04,1576
INFY ,2018-05-03 07:42:15,1576
INFY ,2018-05-03 11:18:37,1576
INFY ,2018-05-03 12:42:01,1576
INFY ,2018-05-03 13:42:01,1576
INFY ,2018-05-03 14:42:02,1578
INFY ,2018-05-03 15:42:02,1578
INFY ,2018-05-03 16:42:02,1579
INFY ,2018-05-03 17:42:02,1578
INFY ,2018-05-03 18:42:01,1576
INFY ,2018-05-03 19:42:02,1576
INFY ,2018-05-03 20:42:02,1577
INFY ,2018-05-03 21:42:01,1577
INFY ,2018-05-03 22:42:02,1577
INFY ,2018-05-03 23:42:01,1577
INFY ,2018-05-04 00:42:01,1577
INFY ,2018-05-04 01:42:02,1577
INFY ,2018-05-04 02:42:02,1577
INFY ,2018-05-04 03:42:01,1577
INFY ,2018-05-04 04:42:02,1577
INFY ,2018-05-04 05:42:01,1577
INFY ,2018-05-04 06:42:01,1577
INFY ,2018-05-04 07:42:02,1577
INFY ,2018-05-04 08:42:03,1577
INFY ,2018-05-04 09:42:02,1577
INFY ,2018-05-04 10:42:02,1577
INFY ,2018-05-04 11:42:02,1577
INFY ,2018-05-04 12:42:01,1577
INFY ,2018-05-04 20:46:45,1567
INFY ,2018-05-04 20:52:45,1567
INFY ,2018-05-04 20:58:45,1567
INFY ,2018-05-04 21:04:44,1567
INFY ,2018-05-04 21:10:44,1567
INFY ,2018-05-04 21:16:44,1567
INFY ,2018-05-04 21:22:43,1567
INFY ,2018-05-04 21:28:43,1567
INFY ,2018-05-04 21:42:01,1567
INFY ,2018-05-04 22:42:02,1567
INFY ,2018-05-04 23:42:02,1567
INFY ,2018-05-05 00:42:01,1567
INFY ,2018-05-05 01:42:02,1567
INFY ,2018-05-05 02:42:01,1567
INFY ,2018-05-05 03:42:01,1567
INFY ,2018-05-05 04:42:01,1567
INFY ,2018-05-05 05:42:01,1567
INFY ,2018-05-05 06:42:02,1567
INFY ,2018-05-05 07:42:02,1567
INFY ,2018-05-05 08:42:02,1567
INFY ,2018-05-05 09:42:01,1567
INFY ,2018-05-05 10:42:02,1567
INFY ,2018-05-05 11:42:01,1567
INFY ,2018-05-05 12:42:02,1567
INFY ,2018-05-05 13:42:03,1567
INFY ,2018-05-05 14:42:02,1567
INFY ,2018-05-05 15:42:02,1567
INFY ,2018-05-05 16:42:02,1567
INFY ,2018-05-05 17:42:02,1567
INFY ,2018-05-05 18:42:02,1567
INFY ,2018-05-05 19:42:01,1567
INFY ,2018-05-05 20:42:02,1567
INFY ,2018-05-05 21:42:01,1567
INFY ,2018-05-05 22:42:02,1567
INFY ,2018-05-05 23:42:01,1567
INFY ,2018-05-06 00:42:01,1567
INFY ,2018-05-06 01:42:01,1567
INFY ,2018-05-06 02:42:02,1567
INFY ,2018-05-06 03:42:01,1567
INFY ,2018-05-06 04:42:01,1567
INFY ,2018-05-06 05:42:02,1567
INFY ,2018-05-06 06:42:01,1567
INFY ,2018-05-06 07:42:06,1567
INFY ,2018-05-06 08:42:01,1567
INFY ,2018-05-06 09:42:01,1567
INFY ,2018-05-06 10:42:01,1567
INFY ,2018-05-06 11:42:02,1567
INFY ,2018-05-06 12:42:01,1567
INFY ,2018-05-06 13:42:02,1567
INFY ,2018-05-06 14:42:02,1567
INFY ,2018-05-06 15:42:02,1567
INFY ,2018-05-06 16:42:02,1567
INFY ,2018-05-06 17:42:01,1567
INFY ,2018-05-06 18:42:02,1567
INFY ,2018-05-06 19:42:02,1567
INFY ,2018-05-06 20:42:02,1567
INFY ,2018-05-06 21:42:02,1567
INFY ,2018-05-06 22:42:01,1567
INFY ,2018-05-06 23:42:02,1567
INFY ,2018-05-07 00:42:01,1567
INFY ,2018-05-07 01:42:01,1567
INFY ,2018-05-07 01:55:37,1567
INFY ,2018-05-07 02:42:02,1567
INFY ,2018-05-07 03:42:01,1567
INFY ,2018-05-07 04:42:02,1567
INFY ,2018-05-07 05:42:02,1567
INFY ,2018-05-07 06:42:01,1567
INFY ,2018-05-07 07:42:01,1567
INFY ,2018-05-07 08:42:04,1567
INFY ,2018-05-07 09:42:01,1567
INFY ,2018-05-07 10:42:01,1567
INFY ,2018-05-07 11:42:01,1567
INFY ,2018-05-07 12:42:01,1567
INFY ,2018-05-07 13:42:09,1567
INFY ,2018-05-07 14:42:01,1566
INFY ,2018-05-07 15:42:02,1566
INFY ,2018-05-07 16:42:04,1565
INFY ,2018-05-07 22:32:47,1561
INFY ,2018-05-07 22:42:01,1561
INFY ,2018-05-07 23:42:01,1561
INFY ,2018-05-08 00:42:02,1561
INFY ,2018-05-08 01:42:03,1561
INFY ,2018-05-08 02:42:01,1561
INFY ,2018-05-08 03:42:01,1561
INFY ,2018-05-08 04:42:01,1561
INFY ,2018-05-08 05:42:00,1561
INFY ,2018-05-08 06:42:01,1561
INFY ,2018-05-08 07:42:01,1561
INFY ,2018-05-08 08:42:01,1561
INFY ,2018-05-08 09:42:00,1561
INFY ,2018-05-08 10:42:01,1561
INFY ,2018-05-08 11:42:00,1561
INFY ,2018-05-08 12:42:00,1561
INFY ,2018-05-08 13:42:01,1561
INFY ,2018-05-08 14:42:01,1564
INFY ,2018-05-08 15:42:01,1564
INFY ,2018-05-08 16:42:00,1563
INFY ,2018-05-08 17:42:01,1565
INFY ,2018-05-08 18:42:01,1565
INFY ,2018-05-08 19:42:01,1566
INFY ,2018-05-08 20:42:00,1565
INFY ,2018-05-08 21:42:00,1565
INFY ,2018-05-08 22:42:01,1565
INFY ,2018-05-08 23:42:06,1565
INFY ,2018-05-09 00:42:01,1565
INFY ,2018-05-09 01:42:01,1565
INFY ,2018-05-09 02:42:01,1565
INFY ,2018-05-09 03:42:00,1565
INFY ,2018-05-09 04:42:01,1565
INFY ,2018-05-09 05:42:02,1565
INFY ,2018-05-09 06:42:01,1565
INFY ,2018-05-09 07:42:01,1565
INFY ,2018-05-09 08:42:01,1565
INFY ,2018-05-09 09:42:00,1565
INFY ,2018-05-09 10:42:00,1564
INFY ,2018-05-09 11:42:01,1564
INFY ,2018-05-09 12:42:00,1564
INFY ,2018-05-09 13:42:03,1564
INFY ,2018-05-09 14:42:01,1563
INFY ,2018-05-09 15:42:01,1562
INFY ,2018-05-09 16:42:02,1562
INFY ,2018-05-09 17:42:03,1563
INFY ,2018-05-09 18:42:02,1561
INFY ,2018-05-09 19:42:02,1561
INFY ,2018-05-09 20:42:01,1561
INFY ,2018-05-09 21:42:03,1561
INFY ,2018-05-09 22:42:01,1562
INFY ,2018-05-09 23:42:01,1562
INFY ,2018-05-10 00:42:03,1562
INFY ,2018-05-10 01:42:03,1562
INFY ,2018-05-10 02:42:03,1562
INFY ,2018-05-10 03:42:04,1562
INFY ,2018-05-10 04:42:04,1562
INFY ,2018-05-10 05:42:03,1562
INFY ,2018-05-10 06:42:03,1562
INFY ,2018-05-10 07:42:04,1562
INFY ,2018-05-10 08:42:03,1562
INFY ,2018-05-10 09:42:02,1562
INFY ,2018-05-10 10:42:03,1562
INFY ,2018-05-10 11:42:03,1562
INFY ,2018-05-10 12:42:03,1562
INFY ,2018-05-10 13:42:12,1562
INFY ,2018-05-10 14:42:04,1561
INFY ,2018-05-10 15:42:04,1562
INFY ,2018-05-10 16:42:03,1562
INFY ,2018-05-10 17:42:03,1560
INFY ,2018-05-10 18:42:03,1558
INFY ,2018-05-10 19:42:04,1557
INFY ,2018-05-10 20:42:03,1558
INFY ,2018-05-10 21:42:03,1558
INFY ,2018-05-10 22:42:03,1558
INFY ,2018-05-10 23:42:03,1558
INFY ,2018-05-11 00:42:03,1558
INFY ,2018-05-11 01:42:04,1558
INFY ,2018-05-11 02:42:03,1558
INFY ,2018-05-11 03:42:03,1558
INFY ,2018-05-11 04:42:03,1558
INFY ,2018-05-11 05:42:04,1558
INFY ,2018-05-11 06:42:03,1558
INFY ,2018-05-11 07:42:03,1558
INFY ,2018-05-11 08:42:03,1558
INFY ,2018-05-11 09:42:03,1558
INFY ,2018-05-11 10:42:03,1558
INFY ,2018-05-11 11:42:03,1558
INFY ,2018-05-11 12:42:02,1558
INFY ,2018-05-11 13:42:05,1558
INFY ,2018-05-11 14:42:03,1561
INFY ,2018-05-11 15:42:04,1562
INFY ,2018-05-11 16:42:03,1566
INFY ,2018-05-11 17:42:04,1567
INFY ,2018-05-11 18:42:03,1567
INFY ,2018-05-11 19:42:03,1565
INFY ,2018-05-11 20:42:03,1565
INFY ,2018-05-11 21:42:03,1565
INFY ,2018-05-11 22:42:02,1565
INFY ,2018-05-11 23:42:03,1565
INFY ,2018-05-12 00:42:03,1565
INFY ,2018-05-12 01:42:03,1565
INFY ,2018-05-12 02:42:03,1565
INFY ,2018-05-12 03:42:04,1565
INFY ,2018-05-12 04:42:03,1565
INFY ,2018-05-12 05:42:03,1565
INFY ,2018-05-12 06:42:03,1565
INFY ,2018-05-12 07:42:03,1565
INFY ,2018-05-12 08:42:03,1565
INFY ,2018-05-12 09:42:03,1565
INFY ,2018-05-12 10:42:03,1566
INFY ,2018-05-12 11:42:03,1566
INFY ,2018-05-12 12:42:03,1566
INFY ,2018-05-12 13:42:04,1566
INFY ,2018-05-12 14:42:03,1566
INFY ,2018-05-12 15:42:04,1566
INFY ,2018-05-12 16:42:03,1566
INFY ,2018-05-12 17:42:03,1566
INFY ,2018-05-12 18:42:02,1566
INFY ,2018-05-12 19:42:04,1566
INFY ,2018-05-12 20:42:03,1566
INFY ,2018-05-12 21:42:02,1566
INFY ,2018-05-12 22:42:03,1566
INFY ,2018-05-12 23:42:03,1566
INFY ,2018-05-13 00:42:03,1566
INFY ,2018-05-13 01:42:03,1566
INFY ,2018-05-13 02:42:02,1566
INFY ,2018-05-13 03:42:03,1566
INFY ,2018-05-13 04:42:04,1566
INFY ,2018-05-13 05:42:03,1566
INFY ,2018-05-13 06:42:04,1566
INFY ,2018-05-13 07:42:03,1566
INFY ,2018-05-13 08:42:03,1566
INFY ,2018-05-13 09:42:03,1566
INFY ,2018-05-13 10:42:02,1566
INFY ,2018-05-13 11:42:02,1566
INFY ,2018-05-13 12:42:03,1566
INFY ,2018-05-13 13:42:03,1566
INFY ,2018-05-13 14:42:03,1566
INFY ,2018-05-13 15:42:03,1566
INFY ,2018-05-13 16:42:04,1566
INFY ,2018-05-13 17:42:03,1566
INFY ,2018-05-13 18:42:04,1566
INFY ,2018-05-13 19:42:02,1566
INFY ,2018-05-13 20:42:04,1566
INFY ,2018-05-13 21:42:03,1566
INFY ,2018-05-13 22:42:04,1566
INFY ,2018-05-13 23:42:04,1566
INFY ,2018-05-14 00:42:03,1566
INFY ,2018-05-14 01:42:03,1566
INFY ,2018-05-14 02:42:03,1566
INFY ,2018-05-14 03:42:03,1566
INFY ,2018-05-14 04:42:04,1566
INFY ,2018-05-14 05:42:03,1566
INFY ,2018-05-14 06:42:02,1566
INFY ,2018-05-14 07:42:02,1566
INFY ,2018-05-14 08:42:02,1566
INFY ,2018-05-14 09:42:03,1566
INFY ,2018-05-14 10:42:03,1566
INFY ,2018-05-14 11:42:03,1566
INFY ,2018-05-14 12:42:02,1566
INFY ,2018-05-14 13:42:05,1566
INFY ,2018-05-14 14:42:04,1570
INFY ,2018-05-14 15:42:03,1569
INFY ,2018-05-14 16:42:03,1569
INFY ,2018-05-14 17:42:02,1571
INFY ,2018-05-14 18:42:04,1572
INFY ,2018-05-14 19:42:02,1574
INFY ,2018-05-14 20:42:03,1572
INFY ,2018-05-14 21:42:02,1572
INFY ,2018-05-14 22:42:03,1572
INFY ,2018-05-14 23:42:03,1572
INFY ,2018-05-15 00:42:03,1572
INFY ,2018-05-15 01:42:03,1572
INFY ,2018-05-15 02:42:04,1572
INFY ,2018-05-15 03:42:03,1572
INFY ,2018-05-15 04:42:03,1572
INFY ,2018-05-15 05:42:03,1572
INFY ,2018-05-15 06:42:02,1572
INFY ,2018-05-15 07:42:02,1572
INFY ,2018-05-15 08:42:03,1572
INFY ,2018-05-15 09:42:03,1572
INFY ,2018-05-15 10:42:04,1572
INFY ,2018-05-15 11:42:03,1572
INFY ,2018-05-15 12:42:03,1572
INFY ,2018-05-15 13:42:03,1572
INFY ,2018-05-15 14:42:04,1574
INFY ,2018-05-15 15:42:03,1576
INFY ,2018-05-15 16:42:03,1578
INFY ,2018-05-15 17:42:02,1579
INFY ,2018-05-15 18:42:03,1576
INFY ,2018-05-15 19:42:02,1576
INFY ,2018-05-15 20:42:01,1577
INFY ,2018-05-15 21:42:01,1577
INFY ,2018-05-15 22:42:02,1577
INFY ,2018-05-15 23:42:02,1577
INFY ,2018-05-16 00:42:01,1577
INFY ,2018-05-16 01:42:02,1577
INFY ,2018-05-16 02:42:02,1577
INFY ,2018-05-16 03:42:03,1577
INFY ,2018-05-16 04:42:03,1577
INFY ,2018-05-16 05:42:02,1577
INFY ,2018-05-16 06:42:03,1577
INFY ,2018-05-16 07:42:03,1577
INFY ,2018-05-16 08:42:03,1577
INFY ,2018-05-16 09:42:01,1577
INFY ,2018-05-16 10:42:02,1577
INFY ,2018-05-16 11:42:02,1577
INFY ,2018-05-16 12:42:03,1577
INFY ,2018-05-16 13:42:03,1577
INFY ,2018-05-16 14:42:02,1575
INFY ,2018-05-16 15:42:02,1576
INFY ,2018-05-16 16:42:02,1577
INFY ,2018-05-16 17:42:03,1576
INFY ,2018-05-16 18:42:02,1577
INFY ,2018-05-16 19:42:02,1577
INFY ,2018-05-16 20:42:02,1576
INFY ,2018-05-16 21:42:01,1576
INFY ,2018-05-16 22:42:01,1576
INFY ,2018-05-16 23:42:02,1576
INFY ,2018-05-17 00:42:03,1576
INFY ,2018-05-17 01:42:01,1576
INFY ,2018-05-17 02:42:02,1576
INFY ,2018-05-17 03:42:02,1576
INFY ,2018-05-17 04:42:02,1576
INFY ,2018-05-17 05:42:02,1576
INFY ,2018-05-17 06:42:03,1576
INFY ,2018-05-17 07:42:03,1576
INFY ,2018-05-17 08:42:02,1576
INFY ,2018-05-17 09:42:02,1576
INFY ,2018-05-17 10:42:01,1576
INFY ,2018-05-17 11:42:02,1576
INFY ,2018-05-17 12:42:02,1576
INFY ,2018-05-17 13:42:03,1576
INFY ,2018-05-17 14:42:02,1579
INFY ,2018-05-17 15:42:02,1581
INFY ,2018-05-18 07:42:04,1577
INFY ,2018-05-18 08:42:03,1577
INFY ,2018-05-18 09:42:02,1577
INFY ,2018-05-18 10:42:02,1579
INFY ,2018-05-18 11:42:02,1579
INFY ,2018-05-18 12:42:03,1579
INFY ,2018-05-18 13:42:04,1579
INFY ,2018-05-18 14:42:03,1581
INFY ,2018-05-18 15:42:02,1578
INFY ,2018-05-18 16:42:03,1577
INFY ,2018-05-18 17:42:02,1577
INFY ,2018-05-18 18:42:02,1579
INFY ,2018-05-18 19:42:03,1578
INFY ,2018-05-18 20:42:03,1577
INFY ,2018-05-18 21:42:02,1577
INFY ,2018-05-18 22:42:03,1577
INFY ,2018-05-18 23:42:03,1577
INFY ,2018-05-19 00:42:02,1577
INFY ,2018-05-19 01:42:04,1577
INFY ,2018-05-19 02:42:03,1577
INFY ,2018-05-19 03:42:03,1577
INFY ,2018-05-19 04:42:03,1577
INFY ,2018-05-19 05:42:03,1577
INFY ,2018-05-19 06:42:04,1577
INFY ,2018-05-19 07:42:02,1577
INFY ,2018-05-19 08:42:03,1577
INFY ,2018-05-19 09:42:03,1577
INFY ,2018-05-19 10:42:02,1577
INFY ,2018-05-19 11:42:03,1577
INFY ,2018-05-19 12:42:03,1577
INFY ,2018-05-19 13:42:04,1577
INFY ,2018-05-19 14:42:03,1577
INFY ,2018-05-19 15:42:03,1577
INFY ,2018-05-19 16:42:03,1577
INFY ,2018-05-19 17:42:03,1577
INFY ,2018-05-19 18:42:03,1577
INFY ,2018-05-19 19:42:03,1577
INFY ,2018-05-19 20:42:03,1577
INFY ,2018-05-19 21:42:03,1577
INFY ,2018-05-19 22:42:02,1577
INFY ,2018-05-19 23:42:03,1577
INFY ,2018-05-20 00:42:03,1577
INFY ,2018-05-20 01:42:04,1577
INFY ,2018-05-20 02:42:03,1577
INFY ,2018-05-20 03:42:02,1577
INFY ,2018-05-20 04:42:03,1577
INFY ,2018-05-20 05:42:03,1577
INFY ,2018-05-20 06:42:02,1577
INFY ,2018-05-20 07:42:02,1577
INFY ,2018-05-20 08:42:03,1577
INFY ,2018-05-20 09:42:03,1577
INFY ,2018-05-20 10:42:03,1577
INFY ,2018-05-20 11:42:03,1577
INFY ,2018-05-20 12:42:02,1577
INFY ,2018-05-20 13:42:02,1577
INFY ,2018-05-20 14:42:05,1577
INFY ,2018-05-20 15:42:03,1577
INFY ,2018-05-20 16:42:03,1577
INFY ,2018-05-20 17:42:04,1577
INFY ,2018-05-20 18:42:03,1577
INFY ,2018-05-20 19:42:03,1577
INFY ,2018-05-20 20:42:02,1577
INFY ,2018-05-20 21:42:02,1577
INFY ,2018-05-20 22:42:03,1577
INFY ,2018-05-20 23:42:03,1577
INFY ,2018-05-21 00:42:04,1577
INFY ,2018-05-21 01:42:14,1577
INFY ,2018-05-21 02:42:07,1577
INFY ,2018-05-21 03:42:04,1577
INFY ,2018-05-21 04:42:06,1577
INFY ,2018-05-21 05:42:03,1577
INFY ,2018-05-21 06:42:03,1577
INFY ,2018-05-21 07:42:04,1577
INFY ,2018-05-21 08:42:05,1577
INFY ,2018-05-21 09:42:03,1577
INFY ,2018-05-21 10:42:02,1577
INFY ,2018-05-21 11:42:02,1577
INFY ,2018-05-21 12:42:04,1577
INFY ,2018-05-21 13:42:03,1577
INFY ,2018-05-21 14:42:02,1574
INFY ,2018-05-21 15:42:02,1570
INFY ,2018-05-21 16:42:02,1575
INFY ,2018-05-21 17:42:01,1579
INFY ,2018-05-21 18:42:02,1578
INFY ,2018-05-21 19:42:02,1577
INFY ,2018-05-21 20:42:02,1576
INFY ,2018-05-21 21:42:03,1576
INFY ,2018-05-21 22:42:02,1576
INFY ,2018-05-21 23:42:03,1576
INFY ,2018-05-22 00:42:03,1576
INFY ,2018-05-22 01:42:04,1576
INFY ,2018-05-22 02:42:03,1576
INFY ,2018-05-22 03:42:03,1576
INFY ,2018-05-22 04:42:04,1576
INFY ,2018-05-22 05:42:02,1576
INFY ,2018-05-22 06:42:02,1576
INFY ,2018-05-22 07:42:03,1576
INFY ,2018-05-22 08:42:08,1576
INFY ,2018-05-22 09:42:03,1576
INFY ,2018-05-22 10:42:03,1576
INFY ,2018-05-22 11:42:02,1576
INFY ,2018-05-22 12:42:03,1576
INFY ,2018-05-22 13:42:05,1576
INFY ,2018-05-22 14:42:03,1576
INFY ,2018-05-22 15:42:04,1575
INFY ,2018-05-22 16:42:03,1572
INFY ,2018-05-22 17:42:03,1568
INFY ,2018-05-22 18:42:03,1567
INFY ,2018-05-22 19:42:03,1564
INFY ,2018-05-22 20:42:03,1565
INFY ,2018-05-22 21:42:03,1565
INFY ,2018-05-22 22:42:03,1565
INFY ,2018-05-22 23:42:03,1565
INFY ,2018-05-23 00:42:02,1565
INFY ,2018-05-23 01:42:03,1565
INFY ,2018-05-23 02:42:03,1565
INFY ,2018-05-23 03:42:04,1565
INFY ,2018-05-23 04:42:03,1565
INFY ,2018-05-23 05:42:04,1565
INFY ,2018-05-23 06:42:03,1565
INFY ,2018-05-23 07:42:06,1565
INFY ,2018-05-23 08:42:03,1565
INFY ,2018-05-23 09:42:03,1565
INFY ,2018-05-23 10:42:04,1564
INFY ,2018-05-23 11:42:03,1564
INFY ,2018-05-23 12:42:02,1564
INFY ,2018-05-23 13:42:03,1564
INFY ,2018-05-23 14:42:03,1566
INFY ,2018-05-23 15:42:03,1564
INFY ,2018-05-23 16:42:05,1563
INFY ,2018-05-23 17:42:03,1560
INFY ,2018-05-23 18:42:02,1559
INFY ,2018-05-23 19:42:03,1561
INFY ,2018-05-23 20:42:04,1560
INFY ,2018-05-23 21:42:03,1560
INFY ,2018-05-23 22:42:03,1560
INFY ,2018-05-23 23:42:03,1560
INFY ,2018-05-24 00:42:03,1560
INFY ,2018-05-24 01:42:03,1560
INFY ,2018-05-24 02:42:03,1560
INFY ,2018-05-24 03:42:03,1560
INFY ,2018-05-24 04:42:02,1560
INFY ,2018-05-24 06:42:04,1560
INFY ,2018-05-24 07:42:03,1560
INFY ,2018-05-24 08:42:03,1560
INFY ,2018-05-24 09:42:03,1560
INFY ,2018-05-24 10:42:03,1560
INFY ,2018-05-24 11:42:03,1560
INFY ,2018-05-24 12:42:03,1560
INFY ,2018-05-24 13:42:03,1560
INFY ,2018-05-24 20:11:11,1524
INFY ,2018-05-24 20:42:02,1524
INFY ,2018-05-24 21:42:03,1524
INFY ,2018-05-24 22:42:03,1524
INFY ,2018-05-24 23:42:03,1524
INFY ,2018-05-25 00:42:03,1524
INFY ,2018-05-25 01:42:03,1524
INFY ,2018-05-25 02:42:03,1524
INFY ,2018-05-25 03:42:03,1524
INFY ,2018-05-25 04:42:03,1524
INFY ,2018-05-25 05:42:04,1524
INFY ,2018-05-25 06:42:03,1524
INFY ,2018-05-25 07:42:03,1524
INFY ,2018-05-25 08:42:03,1524
INFY ,2018-05-25 09:42:03,1524
INFY ,2018-05-25 10:42:03,1524
INFY ,2018-05-25 11:42:03,1524
INFY ,2018-05-25 12:42:03,1524
INFY ,2018-05-25 13:42:03,1524
INFY ,2018-05-25 14:42:03,1525
INFY ,2018-05-25 15:42:03,1528
INFY ,2018-05-25 16:42:03,1527
INFY ,2018-05-25 17:42:02,1526
INFY ,2018-05-25 18:42:03,1524
INFY ,2018-05-25 19:42:03,1521
INFY ,2018-05-25 20:42:03,1519
INFY ,2018-05-25 21:42:03,1519
INFY ,2018-05-25 22:42:02,1519
INFY ,2018-05-25 23:42:03,1519
INFY ,2018-05-26 00:42:03,1519
INFY ,2018-05-26 01:42:03,1519
INFY ,2018-05-26 02:42:03,1519
INFY ,2018-05-26 03:42:03,1519
INFY ,2018-05-26 04:42:02,1519
INFY ,2018-05-26 05:42:03,1519
INFY ,2018-05-26 06:42:03,1519
INFY ,2018-05-26 07:42:03,1519
INFY ,2018-05-26 08:42:03,1519
INFY ,2018-05-26 09:42:02,1519
INFY ,2018-05-26 10:42:03,1519
INFY ,2018-05-26 11:42:03,1519
INFY ,2018-05-26 12:42:03,1519
INFY ,2018-05-26 13:42:04,1519
INFY ,2018-05-26 14:42:03,1519
INFY ,2018-05-26 15:42:03,1519
INFY ,2018-05-26 16:42:03,1519
INFY ,2018-05-26 17:42:03,1519
INFY ,2018-05-26 18:42:04,1519
INFY ,2018-05-26 19:42:06,1519
INFY ,2018-05-26 20:42:03,1519
INFY ,2018-05-26 21:42:02,1519
INFY ,2018-05-26 22:42:03,1519
INFY ,2018-05-26 23:42:03,1519
INFY ,2018-05-27 00:42:03,1519
INFY ,2018-05-27 01:42:03,1519
INFY ,2018-05-27 02:42:03,1519
INFY ,2018-05-27 03:42:03,1519
INFY ,2018-05-27 04:42:03,1519
INFY ,2018-05-27 05:42:04,1519
INFY ,2018-05-27 06:42:03,1519
INFY ,2018-05-27 07:42:02,1519
INFY ,2018-05-27 08:42:03,1519
INFY ,2018-05-27 09:42:02,1519
INFY ,2018-05-27 10:42:02,1519
INFY ,2018-05-27 11:42:03,1519
INFY ,2018-05-27 12:42:02,1519
INFY ,2018-05-27 13:42:03,1519
INFY ,2018-05-27 14:42:03,1519
INFY ,2018-05-27 15:42:03,1519
INFY ,2018-05-27 16:42:03,1519
INFY ,2018-05-27 17:42:02,1519
INFY ,2018-05-27 18:42:03,1519
INFY ,2018-05-27 19:42:02,1519
INFY ,2018-05-27 20:42:03,1519
INFY ,2018-05-27 21:42:03,1519
INFY ,2018-05-27 22:42:04,1519
INFY ,2018-05-27 23:42:03,1519
INFY ,2018-05-28 00:42:03,1519
INFY ,2018-05-28 01:42:02,1519
INFY ,2018-05-28 02:42:03,1519
INFY ,2018-05-28 03:42:03,1519
INFY ,2018-05-28 04:42:03,1519
INFY ,2018-05-28 05:42:02,1519
INFY ,2018-05-28 06:42:03,1519
INFY ,2018-05-28 07:42:02,1519
INFY ,2018-05-28 08:42:02,1519
INFY ,2018-05-28 09:42:03,1519
INFY ,2018-05-28 10:42:02,1519
INFY ,2018-05-28 11:42:03,1519
INFY ,2018-05-28 12:42:02,1519
INFY ,2018-05-28 13:42:03,1519
INFY ,2018-05-28 14:42:02,1519
INFY ,2018-05-28 15:42:03,1519
INFY ,2018-05-28 16:42:02,1519
INFY ,2018-05-28 17:42:03,1519
INFY ,2018-05-28 18:42:03,1519
INFY ,2018-05-28 19:42:03,1519
INFY ,2018-05-28 20:42:03,1519
INFY ,2018-05-28 21:42:03,1519
INFY ,2018-05-28 22:42:03,1519
INFY ,2018-05-28 23:42:03,1519
INFY ,2018-05-29 00:42:03,1519
INFY ,2018-05-29 01:42:02,1519
INFY ,2018-05-29 02:42:03,1519
INFY ,2018-05-29 03:42:03,1519
INFY ,2018-05-29 04:42:03,1519
INFY ,2018-05-29 05:42:03,1519
INFY ,2018-05-29 06:42:03,1519
INFY ,2018-05-29 07:42:02,1519
INFY ,2018-05-29 08:42:09,1519
INFY ,2018-05-29 09:42:03,1519
INFY ,2018-05-29 10:42:02,1519
INFY ,2018-05-29 11:42:02,1519
INFY ,2018-05-29 12:42:03,1519
INFY ,2018-05-30 19:52:44,1514
INFY ,2018-05-30 20:42:03,1516
INFY ,2018-05-30 21:42:03,1516
INFY ,2018-05-30 22:42:03,1516
INFY ,2018-05-30 23:42:03,1516
INFY ,2018-05-31 00:42:03,1516
INFY ,2018-05-31 01:42:04,1516
INFY ,2018-05-31 02:42:03,1516
INFY ,2018-05-31 03:42:07,1516
INFY ,2018-05-31 04:42:03,1516
INFY ,2018-05-31 05:42:03,1516
INFY ,2018-05-31 06:42:04,1516
INFY ,2018-05-31 07:42:02,1516
INFY ,2018-05-31 08:42:03,1516
INFY ,2018-05-31 09:42:03,1516
INFY ,2018-05-31 10:42:03,1516
INFY ,2018-05-31 11:42:03,1516
INFY ,2018-05-31 12:42:03,1516
INFY ,2018-05-31 13:42:04,1516
INFY ,2018-05-31 14:42:03,1513
INFY ,2018-05-31 15:42:03,1513
INFY ,2018-05-31 16:42:02,1511
INFY ,2018-05-31 17:42:03,1511
INFY ,2018-05-31 18:42:03,1510
INFY ,2018-05-31 19:42:03,1511
INFY ,2018-05-31 20:42:03,1514
INFY ,2018-05-31 21:42:04,1514
INFY ,2018-05-31 22:42:04,1514
INFY ,2018-05-31 23:42:04,1514
INFY ,2018-06-01 00:42:04,1514
INFY ,2018-06-01 01:42:03,1514
INFY ,2018-06-01 02:42:04,1514
INFY ,2018-06-01 03:42:04,1514
INFY ,2018-06-01 04:42:04,1514
INFY ,2018-06-01 05:42:03,1514
INFY ,2018-06-01 06:42:05,1514
INFY ,2018-06-01 07:42:05,1514
INFY ,2018-06-01 08:42:03,1514
INFY ,2018-06-01 09:42:04,1514
INFY ,2018-06-01 10:42:02,1514
INFY ,2018-06-01 11:42:03,1514
INFY ,2018-06-01 12:42:02,1514
INFY ,2018-06-01 13:42:11,1514
INFY ,2018-06-01 14:42:04,1514
INFY ,2018-06-01 15:42:05,1515
INFY ,2018-06-01 16:42:04,1513
INFY ,2018-06-01 17:42:05,1515
INFY ,2018-06-01 18:42:04,1513
INFY ,2018-06-01 19:42:05,1514
INFY ,2018-06-01 20:42:04,1514
INFY ,2018-06-01 21:42:04,1514
INFY ,2018-06-01 22:42:04,1514
INFY ,2018-06-01 23:42:04,1514
INFY ,2018-06-02 00:42:04,1514
INFY ,2018-06-02 01:42:04,1514
INFY ,2018-06-02 02:42:05,1514
INFY ,2018-06-02 03:42:04,1514
INFY ,2018-06-02 04:42:04,1514
INFY ,2018-06-02 05:42:04,1514
INFY ,2018-06-02 06:42:04,1514
INFY ,2018-06-02 07:42:04,1514
INFY ,2018-06-02 08:42:03,1514
INFY ,2018-06-02 09:42:04,1514
INFY ,2018-06-02 10:42:03,1514
INFY ,2018-06-02 11:42:03,1514
INFY ,2018-06-02 12:42:05,1514
INFY ,2018-06-02 13:42:05,1514
INFY ,2018-06-02 14:42:04,1514
INFY ,2018-06-02 15:42:05,1514
INFY ,2018-06-02 16:42:04,1514
INFY ,2018-06-02 17:42:04,1514
INFY ,2018-06-02 18:42:03,1514
INFY ,2018-06-02 19:42:04,1514
INFY ,2018-06-02 20:42:04,1514
INFY ,2018-06-02 21:42:04,1514
INFY ,2018-06-02 22:42:04,1514
INFY ,2018-06-02 23:42:05,1514
INFY ,2018-06-03 00:42:03,1514
INFY ,2018-06-03 01:42:04,1514
INFY ,2018-06-03 02:42:04,1514
INFY ,2018-06-03 03:42:04,1514
INFY ,2018-06-03 04:42:03,1514
INFY ,2018-06-03 05:42:04,1514
INFY ,2018-06-03 06:42:03,1514
INFY ,2018-06-03 19:44:20,1514
INFY ,2018-06-03 20:42:05,1514
INFY ,2018-06-03 21:42:04,1514
INFY ,2018-06-03 22:42:04,1514
INFY ,2018-06-03 23:42:04,1514
INFY ,2018-06-04 00:42:04,1514
INFY ,2018-06-04 01:42:04,1514
INFY ,2018-06-04 02:42:04,1514
INFY ,2018-06-04 03:42:04,1514
INFY ,2018-06-04 04:42:06,1514
INFY ,2018-06-04 05:42:04,1514
INFY ,2018-06-04 06:42:04,1514
INFY ,2018-06-04 07:42:04,1514
INFY ,2018-06-04 08:42:04,1514
INFY ,2018-06-04 09:42:04,1514
INFY ,2018-06-04 10:42:03,1514
INFY ,2018-06-04 11:42:03,1514
INFY ,2018-06-04 12:42:03,1514
INFY ,2018-06-04 13:42:04,1514
INFY ,2018-06-04 14:42:04,1518
INFY ,2018-06-04 15:42:03,1517
INFY ,2018-06-04 16:42:02,1515
INFY ,2018-06-04 17:42:03,1518
INFY ,2018-06-04 18:42:03,1517
INFY ,2018-06-04 19:42:03,1516
INFY ,2018-06-04 20:42:03,1514
INFY ,2018-06-04 21:42:02,1514
INFY ,2018-06-04 22:42:03,1514
INFY ,2018-06-04 23:42:04,1514
INFY ,2018-06-05 00:42:03,1514
INFY ,2018-06-05 01:42:03,1514
INFY ,2018-06-05 02:42:03,1514
INFY ,2018-06-05 03:42:02,1514
INFY ,2018-06-05 04:42:03,1514
INFY ,2018-06-05 05:42:03,1514
INFY ,2018-06-05 06:42:03,1514
INFY ,2018-06-05 07:42:02,1514
INFY ,2018-06-05 08:42:03,1514
INFY ,2018-06-05 09:42:03,1514
INFY ,2018-06-05 10:42:03,1514
INFY ,2018-06-05 11:42:03,1514
INFY ,2018-06-05 12:42:02,1514
INFY ,2018-06-05 13:42:05,1514
INFY ,2018-06-05 14:42:04,1519
INFY ,2018-06-05 15:42:03,1520
INFY ,2018-06-05 16:42:04,1524
INFY ,2018-06-05 17:42:03,1525
INFY ,2018-06-05 18:42:02,1524
INFY ,2018-06-05 19:42:03,1524
INFY ,2018-06-05 20:42:03,1526
INFY ,2018-06-05 21:42:03,1526
INFY ,2018-06-05 22:42:03,1526
INFY ,2018-06-05 23:42:03,1526
INFY ,2018-06-06 00:42:03,1526
INFY ,2018-06-06 01:42:03,1526
INFY ,2018-06-06 02:42:03,1526
INFY ,2018-06-06 03:42:04,1526
INFY ,2018-06-06 04:42:03,1526
INFY ,2018-06-06 05:42:03,1526
INFY ,2018-06-06 06:42:03,1526
INFY ,2018-06-06 07:42:02,1526
INFY ,2018-06-06 08:42:03,1526
INFY ,2018-06-06 09:42:03,1526
INFY ,2018-06-06 10:42:03,1526
INFY ,2018-06-06 11:42:04,1526
INFY ,2018-06-06 12:42:03,1526
INFY ,2018-06-06 13:42:03,1526
INFY ,2018-06-06 14:42:03,1517
INFY ,2018-06-06 15:42:04,1517
INFY ,2018-06-06 16:42:04,1515
INFY ,2018-06-06 17:42:03,1513
INFY ,2018-06-06 18:42:03,1513
INFY ,2018-06-06 19:42:03,1514
INFY ,2018-06-06 20:42:03,1515
INFY ,2018-06-06 21:42:04,1515
INFY ,2018-06-06 22:42:04,1515
INFY ,2018-06-06 23:42:05,1515
INFY ,2018-06-07 00:42:05,1515
INFY ,2018-06-07 01:42:05,1515
INFY ,2018-06-07 02:42:06,1515
INFY ,2018-06-07 03:42:05,1515
INFY ,2018-06-07 04:42:05,1515
INFY ,2018-06-07 05:42:06,1515
INFY ,2018-06-07 06:42:05,1515
INFY ,2018-06-07 07:42:05,1515
INFY ,2018-06-07 08:42:05,1515
INFY ,2018-06-07 09:42:05,1515
INFY ,2018-06-07 10:42:05,1515
INFY ,2018-06-07 11:42:05,1515
INFY ,2018-06-07 12:42:06,1515
INFY ,2018-06-07 13:42:05,1515
INFY ,2018-06-07 14:42:06,1518
INFY ,2018-06-07 15:42:05,1519
INFY ,2018-06-07 16:42:06,1519
INFY ,2018-06-07 17:42:06,1517
INFY ,2018-06-07 18:42:05,1519
INFY ,2018-06-07 19:42:05,1518
INFY ,2018-06-07 20:42:05,1517
INFY ,2018-06-07 21:42:05,1517
INFY ,2018-06-07 22:42:06,1517
INFY ,2018-06-07 23:42:06,1517
INFY ,2018-06-08 00:42:05,1517
INFY ,2018-06-08 01:42:04,1517
INFY ,2018-06-08 02:42:05,1517
INFY ,2018-06-08 03:42:05,1517
INFY ,2018-06-08 04:42:06,1517
INFY ,2018-06-08 05:42:05,1517
INFY ,2018-06-08 06:42:06,1517
INFY ,2018-06-08 07:42:06,1517
INFY ,2018-06-08 08:42:05,1517
INFY ,2018-06-08 09:42:04,1517
INFY ,2018-06-08 10:42:05,1517
INFY ,2018-06-08 11:42:04,1517
INFY ,2018-06-08 12:42:06,1517
INFY ,2018-06-08 13:42:06,1517
INFY ,2018-06-08 14:42:05,1519
INFY ,2018-06-08 15:42:04,1522
INFY ,2018-06-08 16:42:06,1522
INFY ,2018-06-08 17:42:05,1524
INFY ,2018-06-08 18:42:05,1521
INFY ,2018-06-08 19:42:05,1520
INFY ,2018-06-08 20:42:05,1521
INFY ,2018-06-08 21:42:05,1521
INFY ,2018-06-08 22:42:05,1521
INFY ,2018-06-08 23:42:05,1521
INFY ,2018-06-09 00:42:05,1521
INFY ,2018-06-09 01:42:05,1521
INFY ,2018-06-09 02:42:05,1521
INFY ,2018-06-09 03:42:05,1521
INFY ,2018-06-09 04:42:06,1521
INFY ,2018-06-09 05:42:05,1521
INFY ,2018-06-09 06:42:07,1521
INFY ,2018-06-09 07:42:05,1521
INFY ,2018-06-09 08:42:05,1521
INFY ,2018-06-09 09:42:05,1521
INFY ,2018-06-09 10:42:05,1521
INFY ,2018-06-09 11:42:06,1521
INFY ,2018-06-09 12:42:05,1521
INFY ,2018-06-09 13:42:06,1521
INFY ,2018-06-09 14:42:06,1521
INFY ,2018-06-09 15:42:06,1521
INFY ,2018-06-09 16:42:05,1521
INFY ,2018-06-09 17:42:06,1521
INFY ,2018-06-09 18:42:06,1521
INFY ,2018-06-09 19:42:05,1521
INFY ,2018-06-09 20:42:06,1521
INFY ,2018-06-09 21:42:06,1521
INFY ,2018-06-09 22:42:05,1521
INFY ,2018-06-09 23:42:05,1521
INFY ,2018-06-10 00:42:05,1521
INFY ,2018-06-10 01:42:05,1521
INFY ,2018-06-10 02:42:05,1521
INFY ,2018-06-10 03:42:05,1521
INFY ,2018-06-10 04:42:06,1521
INFY ,2018-06-10 05:42:05,1521
INFY ,2018-06-10 06:42:05,1521
INFY ,2018-06-10 07:42:06,1521
INFY ,2018-06-10 08:42:05,1521
INFY ,2018-06-10 09:42:05,1521
INFY ,2018-06-10 10:42:06,1521
INFY ,2018-06-10 11:42:05,1521
INFY ,2018-06-10 12:42:05,1521
INFY ,2018-06-10 13:42:05,1521
INFY ,2018-06-10 14:42:06,1521
INFY ,2018-06-10 15:42:04,1521
INFY ,2018-06-10 16:42:06,1521
INFY ,2018-06-10 17:42:06,1521
INFY ,2018-06-10 18:42:05,1521
INFY ,2018-06-10 19:42:05,1521
INFY ,2018-06-10 20:42:04,1521
INFY ,2018-06-10 21:42:04,1521
INFY ,2018-06-10 22:42:05,1521
INFY ,2018-06-10 23:42:05,1521
INFY ,2018-06-11 00:42:05,1521
INFY ,2018-06-11 01:42:05,1521
INFY ,2018-06-11 02:42:05,1521
INFY ,2018-06-11 03:42:05,1521
INFY ,2018-06-11 04:42:05,1521
INFY ,2018-06-11 06:42:04,1521
INFY ,2018-06-11 07:42:05,1521
INFY ,2018-06-11 08:42:05,1521
INFY ,2018-06-11 09:42:04,1521
INFY ,2018-06-11 10:42:05,1521
INFY ,2018-06-11 11:42:04,1521
INFY ,2018-06-11 12:42:05,1521
INFY ,2018-06-11 13:42:06,1521
INFY ,2018-06-11 14:42:05,1527
INFY ,2018-06-11 15:42:05,1531
INFY ,2018-06-11 16:42:05,1533
INFY ,2018-06-11 17:42:04,1532
INFY ,2018-06-11 18:42:05,1532
INFY ,2018-06-11 19:42:04,1532
INFY ,2018-06-11 20:42:05,1528
INFY ,2018-06-11 21:42:04,1528
INFY ,2018-06-11 22:42:04,1528
INFY ,2018-06-11 23:42:05,1528
INFY ,2018-06-12 00:42:05,1528
INFY ,2018-06-12 01:42:06,1528
INFY ,2018-06-12 02:42:05,1528
INFY ,2018-06-12 03:42:06,1528
INFY ,2018-06-12 04:42:05,1528
INFY ,2018-06-12 05:42:05,1528
INFY ,2018-06-12 06:42:06,1528
INFY ,2018-06-12 07:42:05,1528
INFY ,2018-06-12 08:42:05,1528
INFY ,2018-06-12 09:42:04,1528
INFY ,2018-06-12 10:42:04,1528
INFY ,2018-06-12 11:42:05,1528
INFY ,2018-06-12 12:42:05,1528
INFY ,2018-06-12 13:42:06,1528
INFY ,2018-06-12 14:42:05,1527
INFY ,2018-06-12 15:42:05,1527
INFY ,2018-06-12 16:42:05,1528
INFY ,2018-06-12 17:42:05,1530
INFY ,2018-06-12 18:42:05,1532
INFY ,2018-06-12 19:42:05,1535
INFY ,2018-06-12 20:42:04,1539
INFY ,2018-06-12 21:42:05,1539
INFY ,2018-06-12 22:42:04,1539
INFY ,2018-06-12 23:42:06,1539
INFY ,2018-06-13 00:42:05,1539
INFY ,2018-06-13 01:42:05,1539
INFY ,2018-06-13 02:42:04,1539
INFY ,2018-06-13 03:42:05,1539
INFY ,2018-06-13 04:42:06,1539
INFY ,2018-06-13 05:42:05,1539
INFY ,2018-06-13 06:42:05,1539
INFY ,2018-06-13 07:42:05,1539
INFY ,2018-06-13 08:42:06,1539
INFY ,2018-06-13 09:42:05,1539
INFY ,2018-06-13 10:42:05,1539
INFY ,2018-06-13 11:42:04,1539
INFY ,2018-06-13 12:42:05,1539
INFY ,2018-06-13 13:42:06,1540
INFY ,2018-06-13 14:42:06,1542
INFY ,2018-06-13 15:42:05,1548
INFY ,2018-06-13 16:42:05,1548
INFY ,2018-06-13 17:42:05,1550
INFY ,2018-06-13 18:42:06,1550
INFY ,2018-06-13 19:42:05,1551
INFY ,2018-06-13 20:42:05,1557
INFY ,2018-06-13 21:42:05,1558
INFY ,2018-06-13 22:42:04,1558
INFY ,2018-06-13 23:42:05,1558
INFY ,2018-06-14 00:42:05,1558
INFY ,2018-06-14 01:42:06,1558
INFY ,2018-06-14 02:42:05,1558
INFY ,2018-06-14 03:42:06,1558
INFY ,2018-06-14 04:42:04,1558
INFY ,2018-06-14 05:42:06,1558
INFY ,2018-06-14 06:42:05,1558
INFY ,2018-06-14 07:42:05,1558
INFY ,2018-06-14 08:42:05,1558
INFY ,2018-06-14 09:42:04,1557
INFY ,2018-06-14 10:42:04,1557
INFY ,2018-06-14 11:42:06,1557
INFY ,2018-06-14 12:42:06,1557
INFY ,2018-06-14 13:42:06,1557
INFY ,2018-06-14 14:42:06,1558
INFY ,2018-06-14 15:42:07,1559
INFY ,2018-06-14 16:42:05,1558
INFY ,2018-06-14 17:42:06,1562
INFY ,2018-06-14 18:42:06,1563
INFY ,2018-06-14 19:42:07,1567
INFY ,2018-06-14 20:42:06,1566
INFY ,2018-06-14 21:42:06,1566
INFY ,2018-06-14 22:42:06,1566
INFY ,2018-06-14 23:42:06,1566
INFY ,2018-06-15 00:42:06,1566
INFY ,2018-06-15 01:42:05,1566
INFY ,2018-06-15 02:42:06,1566
INFY ,2018-06-15 03:42:06,1566
INFY ,2018-06-15 04:42:06,1566
INFY ,2018-06-15 05:42:07,1566
INFY ,2018-06-15 06:42:07,1566
INFY ,2018-06-15 07:42:06,1566
INFY ,2018-06-15 08:42:06,1566
INFY ,2018-06-15 09:42:06,1566
INFY ,2018-06-15 10:42:06,1566
INFY ,2018-06-15 11:42:05,1566
INFY ,2018-06-15 12:42:06,1566
INFY ,2018-06-15 13:42:07,1566
INFY ,2018-06-15 14:42:07,1571
INFY ,2018-06-15 15:42:06,1572
INFY ,2018-06-15 16:42:06,1574
INFY ,2018-06-15 17:42:06,1579
INFY ,2018-06-15 18:42:07,1580
INFY ,2018-06-15 19:42:06,1582
INFY ,2018-06-15 20:42:06,1584
INFY ,2018-06-15 21:42:05,1584
INFY ,2018-06-15 22:42:06,1584
INFY ,2018-06-15 23:42:06,1584
INFY ,2018-06-16 00:42:06,1584
INFY ,2018-06-16 01:42:06,1584
INFY ,2018-06-16 02:42:07,1584
INFY ,2018-06-16 03:42:06,1584
INFY ,2018-06-16 04:42:07,1584
INFY ,2018-06-16 05:42:08,1584
INFY ,2018-06-16 06:42:06,1584
INFY ,2018-06-16 07:42:06,1584
INFY ,2018-06-16 08:42:06,1584
INFY ,2018-06-16 09:42:06,1584
INFY ,2018-06-16 10:42:06,1584
INFY ,2018-06-16 11:42:07,1584
INFY ,2018-06-16 12:42:06,1584
INFY ,2018-06-16 13:42:07,1584
INFY ,2018-06-16 14:42:07,1584
INFY ,2018-06-16 15:42:06,1584
INFY ,2018-06-16 16:42:07,1584
INFY ,2018-06-16 17:42:06,1584
INFY ,2018-06-16 18:42:06,1584
INFY ,2018-06-16 19:42:06,1584
INFY ,2018-06-16 20:42:06,1584
INFY ,2018-06-16 21:42:06,1584
INFY ,2018-06-16 22:42:07,1584
INFY ,2018-06-16 23:42:06,1584
INFY ,2018-06-17 00:42:06,1584
INFY ,2018-06-17 01:42:06,1584
INFY ,2018-06-17 02:42:08,1584
INFY ,2018-06-17 03:42:06,1584
INFY ,2018-06-17 04:42:06,1584
INFY ,2018-06-17 05:42:07,1584
INFY ,2018-06-17 06:42:05,1584
INFY ,2018-06-17 07:42:06,1584
INFY ,2018-06-17 08:42:06,1584
INFY ,2018-06-17 09:42:05,1584
INFY ,2018-06-17 10:42:05,1584
INFY ,2018-06-17 11:42:06,1584
INFY ,2018-06-17 12:42:06,1584
INFY ,2018-06-17 13:42:06,1584
INFY ,2018-06-17 14:42:06,1584
INFY ,2018-06-17 15:42:05,1584
INFY ,2018-06-17 16:42:06,1584
INFY ,2018-06-17 17:42:06,1584
INFY ,2018-06-17 18:42:05,1584
INFY ,2018-06-17 19:42:07,1584
INFY ,2018-06-17 20:42:07,1584
INFY ,2018-06-17 21:42:06,1584
INFY ,2018-06-17 22:42:06,1584
INFY ,2018-06-17 23:42:06,1584
INFY ,2018-06-18 00:42:07,1584
INFY ,2018-06-18 01:42:06,1584
INFY ,2018-06-18 02:42:07,1584
INFY ,2018-06-18 03:42:06,1584
INFY ,2018-06-18 04:42:06,1584
INFY ,2018-06-18 05:42:06,1584
INFY ,2018-06-18 06:42:05,1584
INFY ,2018-06-18 07:42:05,1584
INFY ,2018-06-18 08:42:07,1584
INFY ,2018-06-18 09:42:06,1584
INFY ,2018-06-18 10:42:06,1584
INFY ,2018-06-18 11:42:06,1583
INFY ,2018-06-18 12:42:06,1583
INFY ,2018-06-18 13:42:08,1583
INFY ,2018-06-18 14:42:06,1601
INFY ,2018-06-18 15:42:06,1602
INFY ,2018-06-18 16:42:06,1603
INFY ,2018-06-18 17:42:06,1601
INFY ,2018-06-18 18:42:07,1601
INFY ,2018-06-18 19:42:06,1602
INFY ,2018-06-18 20:42:06,1602
INFY ,2018-06-18 21:42:05,1602
INFY ,2018-06-18 22:42:06,1602
INFY ,2018-06-18 23:42:06,1602
INFY ,2018-06-19 00:42:06,1602
INFY ,2018-06-19 01:42:06,1602
INFY ,2018-06-19 02:42:07,1602
INFY ,2018-06-19 03:42:06,1602
INFY ,2018-06-19 04:42:06,1602
INFY ,2018-06-19 05:42:06,1602
INFY ,2018-06-19 06:42:06,1602
INFY ,2018-06-19 07:42:07,1602
INFY ,2018-06-19 08:42:07,1602
INFY ,2018-06-19 09:42:05,1602
INFY ,2018-06-19 10:42:06,1602
INFY ,2018-06-19 11:42:06,1602
INFY ,2018-06-19 12:42:06,1602
INFY ,2018-06-19 13:42:09,1602
INFY ,2018-06-19 14:42:06,1602
INFY ,2018-06-19 15:42:06,1598
INFY ,2018-06-19 16:42:06,1601
INFY ,2018-06-19 17:42:06,1603
INFY ,2018-06-19 18:42:06,1601
INFY ,2018-06-19 19:42:06,1599
INFY ,2018-06-19 20:42:06,1600
INFY ,2018-06-19 21:42:06,1600
INFY ,2018-06-19 22:42:06,1600
INFY ,2018-06-19 23:42:06,1600
INFY ,2018-06-20 00:42:16,1600
INFY ,2018-06-20 01:42:07,1600
INFY ,2018-06-20 02:42:06,1600
INFY ,2018-06-20 03:42:07,1600
INFY ,2018-06-20 04:42:06,1600
INFY ,2018-06-20 05:42:05,1600
INFY ,2018-06-20 06:42:06,1600
INFY ,2018-06-20 07:42:06,1600
INFY ,2018-06-20 08:42:06,1600
INFY ,2018-06-20 09:42:05,1600
INFY ,2018-06-20 10:42:06,1600
INFY ,2018-06-20 11:42:06,1600
INFY ,2018-06-20 12:42:06,1600
INFY ,2018-06-20 14:06:40,1596
INFY ,2018-06-20 14:42:08,1596
INFY ,2018-06-20 15:42:07,1598
INFY ,2018-06-20 16:42:07,1596
INFY ,2018-06-20 17:42:06,1597
INFY ,2018-06-20 18:42:07,1597
INFY ,2018-06-20 19:42:06,1596
INFY ,2018-06-20 20:42:06,1597
INFY ,2018-06-20 21:42:06,1597
INFY ,2018-06-20 22:42:06,1597
INFY ,2018-06-20 23:42:06,1597
INFY ,2018-06-21 00:42:06,1597
INFY ,2018-06-21 01:42:06,1597
INFY ,2018-06-21 02:42:06,1597
INFY ,2018-06-21 03:42:06,1597
INFY ,2018-06-21 04:42:06,1597
INFY ,2018-06-21 05:42:07,1597
INFY ,2018-06-21 06:42:05,1597
INFY ,2018-06-21 07:42:06,1597
INFY ,2018-06-21 08:42:07,1597
INFY ,2018-06-21 09:42:05,1597
INFY ,2018-06-21 10:42:06,1597
INFY ,2018-06-21 11:42:06,1597
INFY ,2018-06-21 12:42:06,1597
INFY ,2018-06-21 13:42:06,1597
INFY ,2018-06-21 14:42:06,1601
INFY ,2018-06-21 15:42:06,1599
INFY ,2018-06-21 16:42:06,1596
INFY ,2018-06-21 17:42:06,1597
INFY ,2018-06-21 18:42:07,1597
INFY ,2018-06-21 19:42:06,1598
INFY ,2018-06-21 20:42:06,1598
INFY ,2018-06-21 21:42:06,1598
INFY ,2018-06-21 22:42:06,1598
INFY ,2018-06-21 23:42:06,1598
INFY ,2018-06-22 00:42:06,1598
INFY ,2018-06-22 01:42:05,1598
INFY ,2018-06-22 02:42:06,1598
INFY ,2018-06-22 03:42:06,1598
INFY ,2018-06-22 04:42:06,1598
INFY ,2018-06-22 05:42:07,1598
INFY ,2018-06-22 06:42:06,1598
INFY ,2018-06-22 07:42:05,1598
INFY ,2018-06-22 08:42:07,1598
INFY ,2018-06-22 09:42:06,1598
INFY ,2018-06-22 10:42:06,1598
INFY ,2018-06-22 11:42:06,1598
INFY ,2018-06-22 12:42:06,1598
INFY ,2018-06-22 13:42:07,1598
INFY ,2018-06-22 15:06:09,1600
INFY ,2018-06-22 15:42:07,1600
INFY ,2018-06-22 16:42:07,1601
INFY ,2018-06-22 17:42:07,1605
INFY ,2018-06-22 18:42:08,1602
INFY ,2018-06-22 19:42:08,1606
INFY ,2018-06-22 20:42:07,1603
INFY ,2018-06-22 21:42:07,1603
INFY ,2018-06-22 22:42:07,1603
INFY ,2018-06-22 23:42:08,1603
INFY ,2018-06-23 00:42:09,1603
INFY ,2018-06-23 01:42:07,1603
INFY ,2018-06-23 02:42:07,1603
INFY ,2018-06-23 03:42:07,1603
INFY ,2018-06-23 04:42:07,1603
INFY ,2018-06-23 05:42:07,1603
INFY ,2018-06-23 06:42:07,1603
INFY ,2018-06-23 07:42:07,1603
INFY ,2018-06-23 08:42:07,1603
INFY ,2018-06-23 09:42:07,1603
INFY ,2018-06-23 10:42:07,1603
INFY ,2018-06-23 11:42:08,1603
INFY ,2018-06-23 12:42:07,1603
INFY ,2018-06-23 13:42:07,1603
INFY ,2018-06-23 14:42:07,1603
INFY ,2018-06-23 15:42:08,1603
INFY ,2018-06-23 16:42:08,1603
INFY ,2018-06-23 17:42:07,1603
INFY ,2018-06-23 18:42:07,1603
INFY ,2018-06-23 19:42:07,1603
INFY ,2018-06-23 20:42:08,1603
INFY ,2018-06-23 21:42:07,1603
INFY ,2018-06-23 22:42:07,1603
INFY ,2018-06-23 23:42:07,1603
INFY ,2018-06-24 00:42:26,1603
INFY ,2018-06-24 01:42:07,1603
INFY ,2018-06-24 02:42:06,1603
INFY ,2018-06-24 03:42:10,1603
INFY ,2018-06-24 04:42:07,1603
INFY ,2018-06-24 05:42:07,1603
INFY ,2018-06-24 06:42:08,1603
INFY ,2018-06-24 07:42:07,1603
INFY ,2018-06-24 08:42:07,1603
INFY ,2018-06-24 09:42:07,1603
INFY ,2018-06-24 10:42:37,1603
INFY ,2018-06-24 11:42:07,1603
INFY ,2018-06-24 12:42:08,1603
INFY ,2018-06-24 13:42:07,1603
INFY ,2018-06-24 14:42:15,1603
INFY ,2018-06-24 15:42:19,1603
INFY ,2018-06-24 16:42:07,1603
INFY ,2018-06-24 17:42:07,1603
INFY ,2018-06-24 18:42:07,1603
INFY ,2018-06-24 19:42:07,1603
INFY ,2018-06-24 20:42:07,1603
INFY ,2018-06-24 21:42:07,1603
INFY ,2018-06-24 22:42:07,1603
INFY ,2018-06-24 23:42:07,1603
INFY ,2018-06-25 00:42:07,1603
INFY ,2018-06-25 01:42:07,1603
INFY ,2018-06-25 02:42:08,1603
INFY ,2018-06-25 03:42:13,1603
INFY ,2018-06-25 04:42:09,1603
INFY ,2018-06-25 05:42:08,1603
INFY ,2018-06-25 06:42:07,1603
INFY ,2018-06-25 07:42:07,1603
INFY ,2018-06-25 08:42:08,1603
INFY ,2018-06-25 09:42:07,1603
INFY ,2018-06-25 10:42:06,1603
INFY ,2018-06-25 11:42:06,1603
INFY ,2018-06-25 12:42:06,1603
INFY ,2018-06-25 13:42:09,1603
INFY ,2018-06-25 14:42:07,1610
INFY ,2018-06-25 15:42:07,1607
INFY ,2018-06-25 16:42:06,1604
INFY ,2018-06-25 17:42:07,1600
INFY ,2018-06-25 18:42:07,1600
INFY ,2018-06-25 19:42:07,1599
INFY ,2018-06-25 20:42:08,1598
INFY ,2018-06-25 21:42:08,1598
INFY ,2018-06-25 22:42:06,1598
INFY ,2018-06-26 01:10:33,1598
INFY ,2018-06-26 01:42:08,1598
INFY ,2018-06-26 02:42:07,1598
INFY ,2018-06-26 03:42:14,1598
INFY ,2018-06-26 04:42:15,1598
INFY ,2018-06-26 05:42:08,1598
INFY ,2018-06-26 06:42:07,1598
INFY ,2018-06-26 07:42:08,1598
INFY ,2018-06-26 08:42:08,1598
INFY ,2018-06-26 09:42:09,1598
INFY ,2018-06-26 10:42:08,1598
INFY ,2018-06-26 11:42:11,1598
INFY ,2018-06-26 12:42:15,1598
INFY ,2018-06-26 13:42:09,1598
INFY ,2018-06-26 14:42:08,1601
INFY ,2018-06-26 15:42:19,1603
INFY ,2018-06-26 16:42:08,1602
INFY ,2018-06-26 17:42:07,1601
INFY ,2018-06-26 18:42:07,1600
INFY ,2018-06-26 19:42:08,1601
INFY ,2018-06-26 20:42:08,1600
INFY ,2018-06-26 21:42:07,1600
INFY ,2018-06-26 22:42:07,1599
INFY ,2018-06-26 23:42:07,1599
INFY ,2018-06-27 00:42:07,1599
INFY ,2018-06-27 01:42:07,1599
INFY ,2018-06-27 02:42:07,1599
INFY ,2018-06-27 03:42:08,1599
INFY ,2018-06-27 04:42:11,1599
INFY ,2018-06-27 05:42:09,1599
INFY ,2018-06-27 06:42:08,1599
INFY ,2018-06-27 07:42:07,1599
INFY ,2018-06-27 08:42:07,1599
INFY ,2018-06-27 09:42:08,1599
INFY ,2018-06-27 10:42:07,1598
INFY ,2018-06-27 11:42:07,1598
INFY ,2018-06-27 12:42:08,1598
INFY ,2018-06-27 13:42:19,1598
INFY ,2018-06-27 14:42:18,1617
INFY ,2018-06-27 15:42:19,1620
INFY ,2018-06-27 16:42:08,1622
INFY ,2018-06-27 17:42:07,1627
INFY ,2018-06-27 18:42:08,1635
INFY ,2018-06-27 19:42:08,1636
INFY ,2018-06-27 20:42:07,1637
INFY ,2018-06-27 21:42:07,1637
INFY ,2018-06-27 22:42:06,1637
INFY ,2018-06-27 23:42:07,1637
INFY ,2018-06-28 00:42:08,1637
INFY ,2018-06-28 01:42:07,1637
INFY ,2018-06-28 02:42:08,1637
INFY ,2018-06-28 03:42:16,1637
INFY ,2018-06-28 04:42:15,1637
INFY ,2018-06-28 05:42:13,1637
INFY ,2018-06-28 06:42:08,1637
INFY ,2018-06-28 07:42:08,1637
INFY ,2018-06-28 08:42:08,1637
INFY ,2018-06-28 09:42:06,1637
INFY ,2018-06-28 10:42:07,1638
INFY ,2018-06-28 11:42:07,1638
INFY ,2018-06-28 12:42:07,1638
INFY ,2018-06-28 13:42:09,1638
INFY ,2018-06-28 14:42:19,1643
INFY ,2018-06-28 15:42:19,1644
INFY ,2018-06-28 16:42:06,1644
INFY ,2018-06-28 17:42:08,1648
INFY ,2018-06-28 18:42:06,1651
INFY ,2018-06-28 19:42:11,1653
INFY ,2018-06-28 20:42:07,1652
INFY ,2018-06-28 21:42:07,1651
INFY ,2018-06-28 22:42:07,1651
INFY ,2018-06-28 23:42:08,1651
INFY ,2018-06-29 00:42:07,1651
INFY ,2018-06-29 01:42:07,1651
INFY ,2018-06-29 02:42:07,1651
INFY ,2018-06-29 03:42:14,1651
INFY ,2018-06-29 04:42:10,1651
INFY ,2018-06-29 05:42:07,1651
INFY ,2018-06-29 06:42:08,1651
INFY ,2018-06-29 07:42:08,1651
INFY ,2018-06-29 08:42:09,1651
INFY ,2018-06-29 09:42:08,1651
INFY ,2018-06-29 10:42:07,1651
INFY ,2018-06-29 11:42:07,1651
INFY ,2018-06-29 12:42:10,1651
INFY ,2018-06-29 13:42:08,1650
INFY ,2018-06-29 14:42:08,1657
INFY ,2018-06-29 15:42:07,1658
INFY ,2018-06-29 16:42:07,1659
INFY ,2018-06-29 17:42:06,1662
INFY ,2018-06-29 18:42:07,1667
INFY ,2018-06-29 19:42:11,1668
INFY ,2018-06-29 20:42:07,1672
INFY ,2018-06-29 21:42:09,1672
INFY ,2018-06-29 22:42:08,1672
INFY ,2018-06-29 23:42:09,1672
INFY ,2018-06-30 00:42:08,1672
INFY ,2018-06-30 01:42:06,1672
INFY ,2018-06-30 02:42:08,1672
INFY ,2018-06-30 03:42:15,1672
INFY ,2018-06-30 04:42:11,1672
INFY ,2018-06-30 05:42:11,1672
INFY ,2018-06-30 06:42:09,1672
INFY ,2018-06-30 07:42:07,1672
INFY ,2018-06-30 08:42:07,1672
INFY ,2018-06-30 09:42:07,1673
INFY ,2018-06-30 10:42:08,1673
INFY ,2018-06-30 11:42:08,1673
INFY ,2018-06-30 12:42:11,1673
INFY ,2018-06-30 13:42:18,1673
INFY ,2018-06-30 14:42:09,1673
INFY ,2018-06-30 15:42:14,1673
INFY ,2018-06-30 16:42:12,1673
INFY ,2018-06-30 17:42:07,1673
INFY ,2018-06-30 18:42:07,1673
INFY ,2018-06-30 19:42:15,1673
INFY ,2018-06-30 20:42:07,1673
INFY ,2018-06-30 21:42:07,1673
INFY ,2018-06-30 22:42:07,1673
INFY ,2018-06-30 23:42:07,1673
INFY ,2018-07-01 00:42:07,1673
INFY ,2018-07-01 01:42:07,1673
INFY ,2018-07-01 02:42:07,1673
INFY ,2018-07-01 03:42:07,1673
INFY ,2018-07-01 04:42:07,1673
INFY ,2018-07-01 05:42:07,1673
INFY ,2018-07-01 06:42:07,1673
INFY ,2018-07-01 07:42:07,1673
INFY ,2018-07-01 08:42:07,1673
INFY ,2018-07-01 09:42:07,1673
INFY ,2018-07-01 10:42:07,1673
INFY ,2018-07-01 11:42:07,1673
INFY ,2018-07-01 12:42:08,1673
INFY ,2018-07-01 13:42:08,1673
INFY ,2018-07-01 14:42:07,1673
INFY ,2018-07-01 15:42:07,1673
INFY ,2018-07-01 16:42:09,1673
INFY ,2018-07-01 17:42:08,1673
INFY ,2018-07-01 18:42:07,1673
INFY ,2018-07-01 19:42:10,1673
INFY ,2018-07-01 20:42:08,1673
INFY ,2018-07-01 21:42:08,1673
INFY ,2018-07-01 22:42:07,1673
INFY ,2018-07-01 23:42:07,1673
INFY ,2018-07-02 00:42:07,1673
INFY ,2018-07-02 01:42:09,1673
INFY ,2018-07-02 02:42:08,1673
INFY ,2018-07-02 03:42:07,1673
INFY ,2018-07-02 04:42:07,1673
INFY ,2018-07-02 05:42:08,1673
INFY ,2018-07-02 06:42:08,1673
INFY ,2018-07-02 07:42:07,1673
INFY ,2018-07-02 08:42:08,1673
INFY ,2018-07-02 09:42:08,1673
INFY ,2018-07-02 10:42:07,1673
INFY ,2018-07-02 11:42:07,1673
INFY ,2018-07-02 12:42:07,1673
INFY ,2018-07-02 13:42:09,1673
INFY ,2018-07-02 14:42:08,1685
INFY ,2018-07-02 15:42:09,1683
INFY ,2018-07-02 16:42:09,1683
INFY ,2018-07-02 17:42:09,1684
INFY ,2018-07-02 18:42:08,1687
INFY ,2018-07-02 19:42:10,1688
INFY ,2018-07-02 20:42:08,1687
INFY ,2018-07-02 21:42:08,1687
INFY ,2018-07-02 22:42:09,1687
INFY ,2018-07-02 23:42:09,1687
INFY ,2018-07-03 00:42:08,1687
INFY ,2018-07-03 01:42:08,1687
INFY ,2018-07-03 02:42:08,1687
INFY ,2018-07-03 03:42:08,1687
INFY ,2018-07-03 04:42:09,1687
INFY ,2018-07-03 05:42:08,1687
INFY ,2018-07-03 06:42:08,1687
INFY ,2018-07-03 07:42:08,1687
INFY ,2018-07-03 08:42:08,1687
INFY ,2018-07-03 09:42:09,1687
INFY ,2018-07-03 10:42:07,1687
INFY ,2018-07-03 11:42:07,1687
INFY ,2018-07-03 12:42:08,1687
INFY ,2018-07-03 13:42:09,1687
INFY ,2018-07-03 14:42:09,1693
INFY ,2018-07-03 15:42:08,1699
INFY ,2018-07-03 16:42:08,1703
INFY ,2018-07-03 17:42:09,1708
INFY ,2018-07-03 18:42:07,1708
INFY ,2018-07-03 19:42:11,1709
INFY ,2018-07-03 20:42:08,1709
INFY ,2018-07-03 21:42:08,1709
INFY ,2018-07-03 22:42:08,1709
INFY ,2018-07-03 23:42:08,1709
INFY ,2018-07-04 00:42:08,1709
INFY ,2018-07-04 01:42:09,1709
INFY ,2018-07-04 02:42:09,1709
INFY ,2018-07-04 03:42:08,1709
INFY ,2018-07-04 04:42:08,1709
INFY ,2018-07-04 05:42:08,1709
INFY ,2018-07-04 06:42:09,1709
INFY ,2018-07-04 07:42:08,1709
INFY ,2018-07-04 08:42:09,1709
INFY ,2018-07-04 09:42:08,1709
INFY ,2018-07-04 10:42:09,1709
INFY ,2018-07-04 11:42:08,1709
INFY ,2018-07-04 12:42:08,1709
INFY ,2018-07-04 13:42:09,1709
INFY ,2018-07-04 14:42:08,1709
INFY ,2018-07-04 15:42:08,1709
INFY ,2018-07-04 16:42:09,1709
INFY ,2018-07-04 17:42:08,1709
INFY ,2018-07-04 18:42:08,1709
INFY ,2018-07-04 19:42:09,1709
INFY ,2018-07-04 20:42:09,1709
INFY ,2018-07-04 21:42:08,1709
INFY ,2018-07-04 22:42:08,1709
INFY ,2018-07-04 23:42:08,1709
INFY ,2018-07-05 00:42:07,1709
INFY ,2018-07-05 01:42:08,1709
INFY ,2018-07-05 02:42:09,1709
INFY ,2018-07-05 03:42:09,1709
INFY ,2018-07-05 04:42:09,1709
INFY ,2018-07-05 05:42:07,1709
INFY ,2018-07-05 06:42:08,1709
INFY ,2018-07-05 07:42:08,1709
INFY ,2018-07-05 08:42:08,1709
INFY ,2018-07-05 09:42:08,1709
INFY ,2018-07-05 10:42:08,1709
INFY ,2018-07-05 11:42:09,1709
INFY ,2018-07-05 12:42:08,1709
INFY ,2018-07-05 13:42:09,1710
INFY ,2018-07-05 14:42:08,1727
INFY ,2018-07-05 15:42:09,1733
INFY ,2018-07-05 16:42:08,1735
INFY ,2018-07-05 17:42:10,1738
INFY ,2018-07-05 18:42:07,1740
INFY ,2018-07-05 19:42:12,1742
INFY ,2018-07-05 20:42:07,1737
INFY ,2018-07-05 21:42:09,1737
INFY ,2018-07-05 22:42:09,1737
INFY ,2018-07-05 23:42:08,1737
INFY ,2018-07-06 00:42:08,1737
INFY ,2018-07-06 01:42:08,1737
INFY ,2018-07-06 02:42:08,1737
INFY ,2018-07-06 03:42:08,1737
INFY ,2018-07-06 04:42:09,1737
INFY ,2018-07-06 05:42:08,1737
INFY ,2018-07-06 06:42:08,1737
INFY ,2018-07-06 07:42:08,1737
INFY ,2018-07-06 08:42:09,1737
INFY ,2018-07-06 09:42:08,1737
INFY ,2018-07-06 10:42:09,1737
INFY ,2018-07-06 11:42:11,1737
INFY ,2018-07-06 12:42:09,1737
INFY ,2018-07-06 13:42:10,1737
INFY ,2018-07-06 14:42:09,1741
INFY ,2018-07-06 15:42:10,1746
INFY ,2018-07-06 16:42:09,1748
INFY ,2018-07-06 17:42:09,1747
INFY ,2018-07-06 18:42:08,1748
INFY ,2018-07-06 19:42:13,1745
INFY ,2018-07-06 20:42:09,1744
INFY ,2018-07-06 21:42:08,1745
INFY ,2018-07-06 22:42:08,1745
INFY ,2018-07-06 23:42:08,1745
INFY ,2018-07-07 00:42:09,1745
INFY ,2018-07-07 01:42:08,1745
INFY ,2018-07-07 02:42:09,1745
INFY ,2018-07-07 03:42:09,1745
INFY ,2018-07-07 04:42:09,1745
INFY ,2018-07-07 05:42:08,1745
INFY ,2018-07-07 06:42:08,1745
INFY ,2018-07-07 07:42:08,1745
INFY ,2018-07-07 08:42:09,1745
INFY ,2018-07-07 09:42:08,1745
INFY ,2018-07-07 10:42:09,1746
INFY ,2018-07-07 11:42:08,1746
INFY ,2018-07-07 12:42:08,1746
INFY ,2018-07-07 13:42:09,1746
INFY ,2018-07-07 14:42:09,1746
INFY ,2018-07-07 15:42:08,1746
INFY ,2018-07-07 16:42:09,1746
INFY ,2018-07-07 17:42:09,1746
INFY ,2018-07-07 18:42:09,1746
INFY ,2018-07-07 19:42:12,1746
INFY ,2018-07-07 20:42:08,1746
INFY ,2018-07-07 21:42:08,1746
INFY ,2018-07-07 22:42:09,1746
INFY ,2018-07-07 23:42:09,1746
INFY ,2018-07-08 00:42:09,1746
INFY ,2018-07-08 01:42:09,1746
INFY ,2018-07-08 02:42:09,1746
INFY ,2018-07-08 03:42:10,1746
INFY ,2018-07-08 04:42:09,1746
INFY ,2018-07-08 05:42:09,1746
INFY ,2018-07-08 06:42:09,1746
INFY ,2018-07-08 07:42:09,1746
INFY ,2018-07-08 08:42:08,1746
INFY ,2018-07-08 09:42:09,1746
INFY ,2018-07-08 10:42:08,1746
INFY ,2018-07-08 11:42:08,1746
INFY ,2018-07-08 12:42:09,1746
INFY ,2018-07-08 13:42:08,1746
INFY ,2018-07-08 14:42:08,1746
INFY ,2018-07-08 15:42:08,1746
INFY ,2018-07-08 16:42:08,1746
INFY ,2018-07-08 17:42:08,1746
INFY ,2018-07-08 18:42:09,1746
INFY ,2018-07-08 19:42:15,1746
INFY ,2018-07-08 20:42:09,1746
INFY ,2018-07-08 21:42:09,1746
INFY ,2018-07-08 22:42:08,1746
INFY ,2018-07-08 23:42:08,1746
INFY ,2018-07-09 00:42:09,1746
INFY ,2018-07-09 01:42:09,1746
INFY ,2018-07-09 02:42:09,1746
INFY ,2018-07-09 03:42:10,1746
INFY ,2018-07-09 04:42:08,1746
INFY ,2018-07-09 05:42:09,1746
INFY ,2018-07-09 06:42:08,1746
INFY ,2018-07-09 07:42:08,1746
INFY ,2018-07-09 08:42:09,1746
INFY ,2018-07-09 09:42:08,1746
INFY ,2018-07-09 10:42:09,1746
INFY ,2018-07-09 11:42:08,1746
INFY ,2018-07-09 12:42:08,1746
INFY ,2018-07-09 13:42:12,1746
INFY ,2018-07-09 14:42:08,1742
INFY ,2018-07-09 15:42:09,1744
INFY ,2018-07-09 16:42:09,1748
INFY ,2018-07-09 17:42:09,1751
INFY ,2018-07-09 18:42:10,1754
INFY ,2018-07-09 19:42:20,1753
INFY ,2018-07-09 20:42:08,1756
INFY ,2018-07-09 21:42:08,1756
INFY ,2018-07-09 22:42:09,1756
INFY ,2018-07-09 23:42:08,1756
INFY ,2018-07-10 00:42:09,1756
INFY ,2018-07-10 01:42:11,1756
INFY ,2018-07-10 02:42:09,1756
INFY ,2018-07-10 03:42:09,1756
INFY ,2018-07-10 04:42:09,1756
INFY ,2018-07-10 05:42:09,1756
INFY ,2018-07-10 06:42:09,1756
INFY ,2018-07-10 07:42:08,1756
INFY ,2018-07-10 08:42:08,1756
INFY ,2018-07-10 09:42:08,1756
INFY ,2018-07-10 10:42:08,1756
INFY ,2018-07-10 11:42:08,1756
INFY ,2018-07-10 12:42:08,1756
INFY ,2018-07-10 13:42:13,1756
INFY ,2018-07-10 14:42:11,1758
INFY ,2018-07-10 15:42:09,1764
INFY ,2018-07-10 16:42:09,1769
INFY ,2018-07-10 17:42:10,1768
INFY ,2018-07-10 18:42:08,1767
INFY ,2018-07-10 19:42:14,1769
INFY ,2018-07-10 20:42:09,1773
INFY ,2018-07-10 21:42:08,1774
INFY ,2018-07-10 22:42:12,1774
INFY ,2018-07-10 23:42:09,1774
INFY ,2018-07-11 00:42:09,1774
INFY ,2018-07-11 01:42:10,1774
INFY ,2018-07-11 02:42:09,1774
INFY ,2018-07-11 03:42:09,1774
INFY ,2018-07-11 04:42:09,1774
INFY ,2018-07-11 05:42:09,1774
INFY ,2018-07-11 06:42:09,1774
INFY ,2018-07-11 07:42:09,1774
INFY ,2018-07-11 08:42:09,1774
INFY ,2018-07-11 09:42:09,1774
INFY ,2018-07-11 10:42:09,1774
INFY ,2018-07-11 11:42:08,1774
INFY ,2018-07-11 12:42:08,1774
INFY ,2018-07-11 13:42:10,1774
INFY ,2018-07-11 14:42:09,1778
INFY ,2018-07-11 15:42:10,1775
INFY ,2018-07-11 16:42:09,1775
INFY ,2018-07-11 17:42:08,1775
INFY ,2018-07-11 18:42:09,1778
INFY ,2018-07-11 19:42:10,1779
INFY ,2018-07-11 20:42:08,1781
INFY ,2018-07-11 21:42:08,1781
INFY ,2018-07-11 22:42:09,1781
INFY ,2018-07-11 23:42:09,1781
INFY ,2018-07-12 00:42:09,1781
INFY ,2018-07-12 01:42:08,1781
INFY ,2018-07-12 02:42:09,1781
INFY ,2018-07-12 03:42:09,1781
INFY ,2018-07-12 04:42:09,1781
INFY ,2018-07-12 05:42:09,1781
INFY ,2018-07-12 06:42:09,1781
INFY ,2018-07-12 07:42:09,1781
INFY ,2018-07-12 08:42:09,1781
INFY ,2018-07-12 09:42:09,1781
INFY ,2018-07-12 10:42:08,1781
INFY ,2018-07-12 11:42:08,1781
INFY ,2018-07-12 12:42:09,1781
INFY ,2018-07-12 13:42:11,1783
INFY ,2018-07-12 14:42:10,1795
INFY ,2018-07-12 15:42:10,1810
INFY ,2018-07-12 16:42:11,1821
INFY ,2018-07-12 17:42:09,1833
INFY ,2018-07-12 18:42:10,1849
INFY ,2018-07-12 19:42:19,1866
INFY ,2018-07-12 20:42:08,1893
INFY ,2018-07-12 21:42:08,1900
INFY ,2018-07-12 22:42:09,1907
INFY ,2018-07-12 23:42:09,1907
INFY ,2018-07-13 00:42:09,1907
INFY ,2018-07-13 01:42:09,1907
INFY ,2018-07-13 02:42:09,1907
INFY ,2018-07-13 03:42:09,1907
INFY ,2018-07-13 04:42:09,1907
INFY ,2018-07-13 05:42:09,1907
INFY ,2018-07-13 06:42:09,1907
INFY ,2018-07-13 07:42:08,1907
INFY ,2018-07-13 08:42:09,1907
INFY ,2018-07-13 09:42:08,1907
INFY ,2018-07-13 10:42:08,1908
INFY ,2018-07-13 11:42:08,1908
INFY ,2018-07-13 12:42:09,1908
INFY ,2018-07-13 13:42:13,1911
INFY ,2018-07-13 14:42:11,1952
INFY ,2018-07-13 15:42:11,1965
INFY ,2018-07-13 16:42:10,1971
INFY ,2018-07-13 17:42:10,1976
INFY ,2018-07-13 18:42:10,1983
INFY ,2018-07-13 19:42:11,1980
INFY ,2018-07-13 20:42:10,1978
INFY ,2018-07-13 21:42:08,1978
INFY ,2018-07-13 22:42:09,1978
INFY ,2018-07-13 23:42:10,1978
INFY ,2018-07-14 00:42:10,1978
INFY ,2018-07-14 01:42:09,1978
INFY ,2018-07-14 02:42:10,1978
INFY ,2018-07-14 03:42:10,1978
INFY ,2018-07-14 04:42:10,1978
INFY ,2018-07-14 05:42:09,1978
INFY ,2018-07-14 06:42:09,1978
INFY ,2018-07-14 07:42:09,1978
INFY ,2018-07-14 08:42:09,1978
INFY ,2018-07-14 09:42:10,1978
INFY ,2018-07-14 10:42:10,1978
INFY ,2018-07-14 11:42:10,1978
INFY ,2018-07-14 12:42:10,1978
INFY ,2018-07-14 13:42:10,1978
INFY ,2018-07-14 14:42:10,1978
INFY ,2018-07-14 15:42:09,1978
INFY ,2018-07-14 16:42:10,1978
INFY ,2018-07-14 17:42:10,1978
INFY ,2018-07-14 18:42:10,1978
INFY ,2018-07-14 19:42:12,1978
INFY ,2018-07-14 20:42:10,1978
INFY ,2018-07-14 21:42:09,1978
INFY ,2018-07-14 22:42:10,1978
INFY ,2018-07-14 23:42:10,1978
INFY ,2018-07-15 00:42:09,1978
INFY ,2018-07-15 01:42:09,1978
INFY ,2018-07-15 02:42:10,1978
INFY ,2018-07-15 03:42:10,1978
INFY ,2018-07-15 04:42:09,1978
INFY ,2018-07-15 05:42:10,1978
INFY ,2018-07-15 06:42:10,1978
INFY ,2018-07-15 07:42:09,1978
INFY ,2018-07-15 08:42:09,1978
INFY ,2018-07-15 09:42:10,1978
INFY ,2018-07-15 10:42:10,1978
INFY ,2018-07-15 11:42:09,1978
INFY ,2018-07-15 12:42:10,1978
INFY ,2018-07-15 13:42:10,1978
INFY ,2018-07-15 14:42:09,1978
INFY ,2018-07-15 15:42:11,1978
INFY ,2018-07-15 16:42:10,1978
INFY ,2018-07-15 17:42:09,1978
INFY ,2018-07-15 18:42:09,1978
INFY ,2018-07-15 19:42:16,1978
INFY ,2018-07-15 20:42:10,1978
INFY ,2018-07-15 21:42:13,1978
INFY ,2018-07-15 22:42:10,1978
INFY ,2018-07-15 23:42:10,1978
INFY ,2018-07-16 00:42:09,1978
INFY ,2018-07-16 01:42:09,1978
INFY ,2018-07-16 02:42:10,1978
INFY ,2018-07-16 03:42:11,1978
INFY ,2018-07-16 04:42:11,1978
INFY ,2018-07-16 05:42:10,1978
INFY ,2018-07-16 06:42:10,1978
INFY ,2018-07-16 07:42:11,1978
INFY ,2018-07-16 08:42:11,1978
INFY ,2018-07-16 09:42:09,1978
INFY ,2018-07-16 10:42:10,1978
INFY ,2018-07-16 11:42:09,1978
INFY ,2018-07-16 12:42:09,1978
INFY ,2018-07-16 13:42:14,1977
INFY ,2018-07-16 14:42:10,1977
INFY ,2018-07-16 15:42:12,1976
INFY ,2018-07-16 16:42:10,1970
INFY ,2018-07-16 17:42:11,1969
INFY ,2018-07-16 18:42:10,1965
INFY ,2018-07-16 19:42:31,1962
INFY ,2018-07-16 20:42:10,1963
INFY ,2018-07-16 21:42:10,1961
INFY ,2018-07-16 22:42:10,1961
INFY ,2018-07-16 23:42:10,1961
INFY ,2018-07-17 00:42:19,1961
INFY ,2018-07-17 01:42:10,1961
INFY ,2018-07-17 02:42:10,1961
INFY ,2018-07-17 03:42:09,1961
INFY ,2018-07-17 04:42:10,1961
INFY ,2018-07-17 05:42:11,1961
INFY ,2018-07-17 06:42:10,1961
INFY ,2018-07-17 07:42:16,1961
INFY ,2018-07-17 08:42:10,1961
INFY ,2018-07-17 09:42:10,1961
INFY ,2018-07-17 10:42:10,1961
INFY ,2018-07-17 11:42:09,1961
INFY ,2018-07-17 12:42:10,1961
INFY ,2018-07-17 13:42:12,1961
INFY ,2018-07-17 14:42:11,1959
INFY ,2018-07-17 15:42:10,1952
INFY ,2018-07-17 16:42:11,1946
INFY ,2018-07-17 17:42:10,1941
INFY ,2018-07-17 18:42:11,1936
INFY ,2018-07-17 19:42:22,1933
INFY ,2018-07-17 20:42:10,1928
INFY ,2018-07-17 21:42:10,1927
INFY ,2018-07-17 22:42:09,1927
INFY ,2018-07-17 23:42:12,1927
INFY ,2018-07-18 00:42:13,1927
INFY ,2018-07-18 01:42:12,1927
INFY ,2018-07-18 02:42:17,1927
INFY ,2018-07-18 03:42:13,1927
INFY ,2018-07-18 04:42:13,1927
INFY ,2018-07-18 05:42:14,1927
INFY ,2018-07-18 06:42:12,1927
INFY ,2018-07-18 07:42:11,1927
INFY ,2018-07-18 08:42:12,1927
INFY ,2018-07-18 09:42:12,1927
INFY ,2018-07-18 10:42:12,1927
INFY ,2018-07-18 11:42:12,1927
INFY ,2018-07-18 12:42:11,1927
INFY ,2018-07-18 13:42:14,1927
INFY ,2018-07-18 14:42:14,1927
INFY ,2018-07-18 15:42:12,1922
INFY ,2018-07-18 16:42:12,1922
INFY ,2018-07-18 17:42:13,1921
INFY ,2018-07-18 18:42:12,1923
INFY ,2018-07-18 19:42:20,1923
INFY ,2018-07-18 20:42:11,1921
INFY ,2018-07-18 21:42:11,1921
INFY ,2018-07-18 22:42:12,1921
INFY ,2018-07-18 23:42:11,1921
INFY ,2018-07-19 00:42:12,1921
INFY ,2018-07-19 01:42:12,1921
INFY ,2018-07-19 02:42:12,1921
INFY ,2018-07-19 03:42:14,1921
INFY ,2018-07-19 04:42:16,1921
INFY ,2018-07-19 05:42:14,1921
INFY ,2018-07-19 06:42:14,1921
INFY ,2018-07-19 07:42:19,1921
INFY ,2018-07-19 08:42:12,1921
INFY ,2018-07-19 09:42:12,1921
INFY ,2018-07-19 10:42:12,1921
INFY ,2018-07-19 11:42:12,1921
INFY ,2018-07-19 12:42:11,1921
INFY ,2018-07-19 13:42:14,1922
INFY ,2018-07-19 14:42:13,1923
INFY ,2018-07-19 15:42:13,1919
INFY ,2018-07-19 16:42:13,1916
INFY ,2018-07-19 17:42:13,1912
INFY ,2018-07-19 18:42:13,1907
INFY ,2018-07-19 19:42:15,1906
INFY ,2018-07-19 20:42:13,1903
INFY ,2018-07-19 21:42:12,1902
INFY ,2018-07-19 22:42:13,1902
INFY ,2018-07-19 23:42:14,1902
INFY ,2018-07-20 00:42:12,1902
INFY ,2018-07-20 01:42:12,1902
INFY ,2018-07-20 02:42:13,1902
INFY ,2018-07-20 03:42:15,1902
INFY ,2018-07-20 04:42:15,1902
INFY ,2018-07-20 05:42:15,1902
INFY ,2018-07-20 06:42:14,1902
INFY ,2018-07-20 07:42:14,1902
INFY ,2018-07-20 08:42:12,1902
INFY ,2018-07-20 09:42:21,1902
INFY ,2018-07-20 10:42:12,1902
INFY ,2018-07-20 11:42:11,1902
INFY ,2018-07-20 12:42:11,1902
INFY ,2018-07-20 14:05:46,1904
INFY ,2018-07-20 14:42:12,1904
INFY ,2018-07-20 15:42:13,1909
INFY ,2018-07-20 16:42:13,1910
INFY ,2018-07-20 17:42:12,1912
INFY ,2018-07-20 18:42:14,1914
INFY ,2018-07-20 19:42:20,1914
INFY ,2018-07-20 20:42:12,1911
INFY ,2018-07-20 21:42:12,1911
INFY ,2018-07-20 22:42:11,1911
INFY ,2018-07-20 23:42:14,1911
INFY ,2018-07-21 00:42:12,1911
INFY ,2018-07-21 01:42:13,1911
INFY ,2018-07-21 02:42:14,1911
INFY ,2018-07-21 03:42:17,1911
INFY ,2018-07-21 04:42:12,1911
INFY ,2018-07-21 05:42:11,1911
INFY ,2018-07-21 06:42:12,1911
INFY ,2018-07-21 07:42:11,1911
INFY ,2018-07-21 08:42:11,1911
INFY ,2018-07-21 09:42:12,1911
INFY ,2018-07-21 10:42:12,1911
INFY ,2018-07-21 11:42:11,1911
INFY ,2018-07-21 12:42:11,1911
INFY ,2018-07-21 13:42:13,1911
INFY ,2018-07-21 14:42:13,1911
INFY ,2018-07-21 15:42:12,1911
INFY ,2018-07-21 16:42:13,1911
INFY ,2018-07-21 17:42:12,1911
INFY ,2018-07-21 18:42:12,1911
INFY ,2018-07-21 19:42:16,1911
INFY ,2018-07-21 20:42:11,1911
INFY ,2018-07-21 21:42:11,1911
INFY ,2018-07-21 22:42:11,1911
INFY ,2018-07-21 23:42:12,1911
INFY ,2018-07-22 00:42:12,1911
INFY ,2018-07-22 01:42:12,1911
INFY ,2018-07-22 02:42:12,1911
INFY ,2018-07-22 03:42:13,1911
INFY ,2018-07-22 04:42:12,1911
INFY ,2018-07-22 05:42:12,1911
INFY ,2018-07-22 06:42:17,1911
INFY ,2018-07-22 07:42:17,1911
INFY ,2018-07-22 08:42:12,1911
INFY ,2018-07-22 09:42:11,1911
INFY ,2018-07-22 10:42:11,1911
INFY ,2018-07-22 11:42:12,1911
INFY ,2018-07-22 12:42:13,1911
INFY ,2018-07-22 13:42:12,1911
INFY ,2018-07-22 14:42:13,1911
INFY ,2018-07-22 15:42:12,1911
INFY ,2018-07-22 16:42:12,1911
INFY ,2018-07-22 17:42:12,1911
INFY ,2018-07-22 18:42:12,1911
INFY ,2018-07-22 19:42:17,1911
INFY ,2018-07-22 20:42:12,1911
INFY ,2018-07-22 21:42:12,1911
INFY ,2018-07-22 22:42:12,1911
INFY ,2018-07-22 23:42:12,1911
INFY ,2018-07-23 00:42:12,1911
INFY ,2018-07-23 01:42:12,1911
INFY ,2018-07-23 02:42:12,1911
INFY ,2018-07-23 03:42:12,1911
INFY ,2018-07-23 04:42:11,1911
INFY ,2018-07-23 05:42:11,1911
INFY ,2018-07-23 06:42:11,1911
INFY ,2018-07-23 07:42:12,1911
INFY ,2018-07-23 08:42:14,1911
INFY ,2018-07-23 09:42:13,1914
INFY ,2018-07-23 23:42:20,1912
INFY ,2018-07-24 00:42:12,1912
INFY ,2018-07-24 01:42:12,1912
INFY ,2018-07-24 02:42:13,1912
INFY ,2018-07-24 03:42:12,1912
INFY ,2018-07-24 04:42:11,1912
INFY ,2018-07-24 05:42:11,1912
INFY ,2018-07-24 06:42:12,1912
INFY ,2018-07-24 07:42:11,1912
INFY ,2018-07-24 08:42:11,1912
INFY ,2018-07-24 09:42:11,1912
INFY ,2018-07-24 10:42:11,1912
INFY ,2018-07-24 11:42:12,1912
INFY ,2018-07-24 12:42:12,1912
INFY ,2018-07-24 13:42:21,1912
INFY ,2018-07-24 14:42:12,1918
INFY ,2018-07-24 15:42:13,1919
INFY ,2018-07-24 16:42:13,1920
INFY ,2018-07-24 17:42:12,1921
INFY ,2018-07-24 18:42:12,1922
INFY ,2018-07-24 19:42:12,1923
INFY ,2018-07-24 20:42:11,1921
INFY ,2018-07-24 21:42:11,1921
INFY ,2018-07-24 22:42:11,1921
INFY ,2018-07-24 23:42:11,1921
INFY ,2018-07-25 00:42:12,1921
INFY ,2018-07-25 01:42:11,1921
INFY ,2018-07-25 02:42:11,1921
INFY ,2018-07-25 03:42:12,1921
INFY ,2018-07-25 04:42:12,1921
INFY ,2018-07-25 05:42:11,1921
INFY ,2018-07-25 06:42:12,1921
INFY ,2018-07-25 07:42:11,1921
INFY ,2018-07-25 08:42:12,1921
INFY ,2018-07-25 09:42:12,1921
INFY ,2018-07-25 10:42:11,1921
INFY ,2018-07-25 11:42:11,1921
INFY ,2018-07-25 12:42:12,1921
INFY ,2018-07-25 13:42:17,1921
INFY ,2018-07-25 14:42:14,1920
INFY ,2018-07-25 15:42:14,1919
INFY ,2018-07-25 16:42:14,1922
INFY ,2018-07-25 17:42:20,1923
INFY ,2018-07-25 18:42:14,1926
INFY ,2018-07-25 19:42:14,1932
INFY ,2018-07-25 20:42:14,1935
INFY ,2018-07-25 21:42:14,1935
INFY ,2018-07-25 22:42:13,1935
INFY ,2018-07-25 23:42:13,1935
INFY ,2018-07-26 00:42:12,1935
INFY ,2018-07-26 01:42:13,1935
INFY ,2018-07-26 02:42:14,1935
INFY ,2018-07-26 03:42:14,1935
INFY ,2018-07-26 04:42:14,1935
INFY ,2018-07-26 05:42:13,1935
INFY ,2018-07-26 06:42:13,1935
INFY ,2018-07-26 07:42:13,1935
INFY ,2018-07-26 08:42:13,1935
INFY ,2018-07-26 09:42:13,1935
INFY ,2018-07-26 10:42:13,1935
INFY ,2018-07-26 11:42:13,1935
INFY ,2018-07-26 12:42:13,1935
INFY ,2018-07-26 14:42:15,1937
INFY ,2018-07-26 15:42:14,1940
INFY ,2018-07-26 16:42:14,1940
INFY ,2018-07-26 17:42:14,1937
INFY ,2018-07-26 18:42:14,1935
INFY ,2018-07-26 19:42:14,1935
INFY ,2018-07-26 20:42:14,1934
INFY ,2018-07-26 21:42:12,1934
INFY ,2018-07-26 22:42:13,1934
INFY ,2018-07-26 23:42:14,1934
INFY ,2018-07-27 00:42:13,1934
INFY ,2018-07-27 01:42:13,1934
INFY ,2018-07-27 02:42:12,1934
INFY ,2018-07-27 03:42:13,1934
INFY ,2018-07-27 04:42:14,1934
INFY ,2018-07-27 05:42:13,1934
INFY ,2018-07-27 06:42:13,1934
INFY ,2018-07-27 07:42:13,1934
INFY ,2018-07-27 08:42:12,1934
INFY ,2018-07-27 09:42:12,1934
INFY ,2018-07-27 10:42:13,1934
INFY ,2018-07-27 11:42:12,1934
INFY ,2018-07-27 12:42:13,1934
INFY ,2018-07-27 13:42:17,1934
INFY ,2018-07-27 14:42:14,1933
INFY ,2018-07-27 15:42:13,1932
INFY ,2018-07-27 16:42:13,1931
INFY ,2018-07-27 17:42:13,1930
INFY ,2018-07-27 18:42:13,1930
INFY ,2018-07-27 19:42:13,1933
INFY ,2018-07-27 20:42:13,1932
INFY ,2018-07-27 21:42:13,1932
INFY ,2018-07-27 22:42:12,1932
INFY ,2018-07-27 23:42:13,1932
INFY ,2018-07-28 00:42:13,1932
INFY ,2018-07-28 01:42:13,1932
INFY ,2018-07-28 02:42:13,1932
INFY ,2018-07-28 03:42:13,1932
INFY ,2018-07-28 04:42:12,1932
INFY ,2018-07-28 05:42:13,1932
INFY ,2018-07-28 06:42:13,1932
INFY ,2018-07-28 07:42:12,1932
INFY ,2018-07-28 08:42:12,1932
INFY ,2018-07-28 09:42:13,1932
INFY ,2018-07-28 10:42:12,1932
INFY ,2018-07-28 11:42:12,1932
INFY ,2018-07-28 12:42:12,1932
INFY ,2018-07-28 13:42:12,1932
INFY ,2018-07-28 14:42:12,1932
INFY ,2018-07-28 15:42:13,1932
INFY ,2018-07-28 16:42:13,1932
INFY ,2018-07-28 17:42:13,1932
INFY ,2018-07-28 18:42:13,1932
INFY ,2018-07-28 19:42:23,1932
INFY ,2018-07-28 20:42:18,1932
INFY ,2018-07-28 21:42:13,1932
INFY ,2018-07-28 22:42:13,1932
INFY ,2018-07-28 23:42:13,1932
INFY ,2018-07-29 00:42:13,1932
INFY ,2018-07-29 01:42:14,1932
INFY ,2018-07-29 02:42:13,1932
INFY ,2018-07-29 03:42:12,1932
INFY ,2018-07-29 04:42:14,1932
INFY ,2018-07-29 05:42:14,1932
INFY ,2018-07-29 06:42:13,1932
INFY ,2018-07-29 07:42:12,1932
INFY ,2018-07-29 08:42:13,1932
INFY ,2018-07-29 09:42:13,1932
INFY ,2018-07-29 10:42:13,1932
INFY ,2018-07-29 11:42:12,1932
INFY ,2018-07-29 12:42:13,1932
INFY ,2018-07-29 13:42:13,1932
INFY ,2018-07-29 14:42:13,1932
INFY ,2018-07-29 15:42:12,1932
INFY ,2018-07-29 16:42:14,1932
INFY ,2018-07-29 17:42:13,1932
INFY ,2018-07-29 18:42:13,1932
INFY ,2018-07-29 19:42:13,1932
INFY ,2018-07-29 20:42:13,1932
INFY ,2018-07-29 21:42:14,1932
INFY ,2018-07-29 22:42:14,1932
INFY ,2018-07-29 23:42:14,1932
INFY ,2018-07-30 00:42:13,1932
INFY ,2018-07-30 01:42:13,1932
INFY ,2018-07-30 02:42:12,1932
INFY ,2018-07-30 03:42:13,1932
INFY ,2018-07-30 04:42:13,1932
INFY ,2018-07-30 05:42:13,1932
INFY ,2018-07-30 06:42:12,1932
INFY ,2018-07-30 07:42:13,1932
INFY ,2018-07-30 08:42:13,1932
INFY ,2018-07-30 09:42:13,1932
INFY ,2018-07-30 10:42:12,1932
INFY ,2018-07-30 11:42:13,1932
INFY ,2018-07-30 12:42:13,1932
INFY ,2018-07-30 13:42:18,1933
INFY ,2018-07-30 14:42:15,1929
INFY ,2018-07-30 15:42:13,1929
INFY ,2018-07-30 16:42:14,1927
INFY ,2018-07-30 17:42:14,1924
INFY ,2018-07-30 18:42:12,1925
INFY ,2018-07-30 19:42:14,1924
INFY ,2018-07-30 20:42:13,1921
INFY ,2018-07-30 21:42:14,1921
INFY ,2018-07-30 22:42:14,1921
INFY ,2018-07-30 23:42:12,1921
INFY ,2018-07-31 00:42:14,1921
INFY ,2018-07-31 01:42:13,1921
INFY ,2018-07-31 02:42:13,1921
INFY ,2018-07-31 03:42:13,1921
INFY ,2018-07-31 04:42:12,1921
INFY ,2018-07-31 05:42:13,1921
INFY ,2018-07-31 06:42:13,1921
INFY ,2018-07-31 07:42:14,1921
INFY ,2018-07-31 08:42:29,1921
INFY ,2018-07-31 09:49:09,1921
INFY ,2018-07-31 10:42:13,1921
INFY ,2018-07-31 11:42:13,1921
INFY ,2018-07-31 12:42:13,1921
INFY ,2018-07-31 13:42:18,1921
INFY ,2018-07-31 14:42:15,1919
INFY ,2018-07-31 15:42:15,1920
INFY ,2018-07-31 16:42:14,1920
INFY ,2018-07-31 17:42:14,1921
INFY ,2018-07-31 18:42:14,1920
INFY ,2018-07-31 19:42:15,1923
INFY ,2018-07-31 20:42:15,1922
INFY ,2018-07-31 21:42:14,1922
INFY ,2018-07-31 22:42:14,1922
INFY ,2018-07-31 23:42:15,1922
INFY ,2018-08-01 00:42:15,1922
INFY ,2018-08-01 01:42:14,1922
INFY ,2018-08-01 02:42:14,1922
INFY ,2018-08-01 03:42:14,1922
INFY ,2018-08-01 04:42:14,1922
INFY ,2018-08-01 05:42:14,1922
INFY ,2018-08-01 06:42:14,1922
INFY ,2018-08-01 07:42:14,1922
INFY ,2018-08-01 08:42:14,1922
INFY ,2018-08-01 09:42:14,1922
INFY ,2018-08-01 10:42:12,1923
INFY ,2018-08-01 11:42:13,1923
INFY ,2018-08-01 12:42:13,1923
INFY ,2018-08-01 14:07:20,1923
INFY ,2018-08-01 14:42:14,1923
INFY ,2018-08-01 15:42:16,1923
INFY ,2018-08-01 16:42:16,1924
INFY ,2018-08-01 17:42:15,1927
INFY ,2018-08-01 18:42:15,1928
INFY ,2018-08-01 19:42:16,1927
INFY ,2018-08-01 20:42:14,1927
INFY ,2018-08-01 21:42:14,1927
INFY ,2018-08-01 22:42:14,1927
INFY ,2018-08-01 23:42:13,1927
INFY ,2018-08-02 00:42:15,1927
INFY ,2018-08-02 01:42:14,1927
INFY ,2018-08-02 02:42:14,1927
INFY ,2018-08-02 03:42:14,1927
INFY ,2018-08-02 04:42:15,1927
INFY ,2018-08-02 05:42:14,1927
INFY ,2018-08-02 06:42:14,1927
INFY ,2018-08-02 07:42:14,1927
INFY ,2018-08-02 08:42:14,1927
INFY ,2018-08-02 09:42:14,1927
INFY ,2018-08-02 10:42:14,1927
INFY ,2018-08-02 11:42:13,1927
INFY ,2018-08-02 12:42:14,1927
INFY ,2018-08-02 13:42:16,1927
INFY ,2018-08-02 14:42:15,1930
INFY ,2018-08-02 15:42:16,1927
INFY ,2018-08-02 16:42:14,1926
INFY ,2018-08-02 17:42:15,1926
INFY ,2018-08-02 18:42:14,1931
INFY ,2018-08-02 19:42:15,1934
INFY ,2018-08-02 20:42:15,1936
INFY ,2018-08-02 21:42:14,1936
INFY ,2018-08-02 22:42:13,1937
INFY ,2018-08-02 23:42:14,1937
INFY ,2018-08-03 00:42:14,1937
INFY ,2018-08-03 01:42:15,1937
INFY ,2018-08-03 02:42:15,1937
INFY ,2018-08-03 03:42:14,1937
INFY ,2018-08-03 04:42:14,1937
INFY ,2018-08-03 05:42:14,1937
INFY ,2018-08-03 06:42:15,1937
INFY ,2018-08-03 07:42:13,1937
INFY ,2018-08-03 08:42:14,1937
INFY ,2018-08-03 09:42:14,1937
INFY ,2018-08-03 10:42:14,1937
INFY ,2018-08-03 11:44:15,1937
INFY ,2018-08-03 13:07:13,1938
INFY ,2018-08-03 13:42:16,1938
INFY ,2018-08-03 14:42:15,1935
INFY ,2018-08-03 15:42:14,1934
INFY ,2018-08-03 16:42:15,1933
INFY ,2018-08-03 17:42:14,1936
INFY ,2018-08-03 18:42:14,1936
INFY ,2018-08-03 19:42:14,1939
INFY ,2018-08-03 20:42:14,1937
INFY ,2018-08-03 21:42:13,1937
INFY ,2018-08-03 22:42:13,1937
INFY ,2018-08-03 23:42:14,1937
INFY ,2018-08-04 00:42:13,1937
INFY ,2018-08-04 01:42:13,1937
INFY ,2018-08-04 02:42:14,1937
INFY ,2018-08-04 03:42:14,1937
INFY ,2018-08-04 04:42:14,1937
INFY ,2018-08-04 05:42:14,1937
INFY ,2018-08-04 06:42:14,1937
INFY ,2018-08-04 07:42:14,1937
INFY ,2018-08-04 08:42:14,1937
INFY ,2018-08-04 09:42:14,1937
INFY ,2018-08-04 10:42:14,1937
INFY ,2018-08-04 11:42:14,1937
INFY ,2018-08-04 12:42:13,1937
INFY ,2018-08-04 13:42:15,1937
INFY ,2018-08-04 14:42:13,1937
INFY ,2018-08-04 15:42:14,1937
INFY ,2018-08-04 16:42:14,1937
INFY ,2018-08-04 17:42:14,1937
INFY ,2018-08-04 18:42:14,1937
INFY ,2018-08-04 19:42:14,1937
INFY ,2018-08-04 20:42:14,1937
INFY ,2018-08-04 21:42:13,1937
INFY ,2018-08-04 22:42:13,1937
INFY ,2018-08-04 23:42:15,1937
INFY ,2018-08-05 00:42:13,1937
INFY ,2018-08-05 01:42:14,1937
INFY ,2018-08-05 02:42:14,1937
INFY ,2018-08-05 03:42:14,1937
INFY ,2018-08-05 04:42:13,1937
INFY ,2018-08-05 05:42:13,1937
INFY ,2018-08-05 06:42:14,1937
INFY ,2018-08-05 07:42:14,1937
INFY ,2018-08-05 08:42:14,1937
INFY ,2018-08-05 09:42:13,1937
INFY ,2018-08-05 10:42:14,1937
INFY ,2018-08-05 11:42:14,1937
INFY ,2018-08-05 12:42:14,1937
INFY ,2018-08-05 13:42:13,1937
INFY ,2018-08-05 14:42:13,1937
INFY ,2018-08-05 15:42:14,1937
INFY ,2018-08-05 16:42:15,1937
INFY ,2018-08-05 17:42:14,1937
INFY ,2018-08-05 18:42:14,1937
INFY ,2018-08-05 19:42:14,1937
INFY ,2018-08-05 20:42:14,1937
INFY ,2018-08-05 21:42:14,1937
INFY ,2018-08-05 22:42:13,1937
INFY ,2018-08-05 23:42:14,1937
INFY ,2018-08-06 00:42:14,1937
INFY ,2018-08-06 01:42:13,1937
INFY ,2018-08-06 02:42:13,1937
INFY ,2018-08-06 03:42:14,1937
INFY ,2018-08-06 04:42:13,1937
INFY ,2018-08-06 05:42:13,1937
INFY ,2018-08-06 06:42:13,1937
INFY ,2018-08-06 07:42:14,1937
INFY ,2018-08-06 08:42:14,1937
INFY ,2018-08-06 09:42:14,1937
INFY ,2018-08-06 10:42:14,1937
INFY ,2018-08-06 11:42:13,1937
INFY ,2018-08-06 12:42:14,1937
INFY ,2018-08-06 13:42:16,1938
INFY ,2018-08-06 14:42:15,1944
INFY ,2018-08-06 15:42:14,1944
INFY ,2018-08-06 16:42:32,1943
INFY ,2018-08-06 17:42:16,1940
INFY ,2018-08-06 18:42:15,1939
INFY ,2018-08-06 19:42:15,1941
INFY ,2018-08-06 20:42:14,1941
INFY ,2018-08-06 21:42:16,1941
INFY ,2018-08-06 22:42:14,1941
INFY ,2018-08-06 23:42:14,1941
INFY ,2018-08-07 00:42:15,1941
INFY ,2018-08-07 01:42:15,1941
INFY ,2018-08-07 02:42:15,1941
INFY ,2018-08-07 03:42:16,1941
INFY ,2018-08-07 04:42:15,1941
INFY ,2018-08-07 05:42:14,1941
INFY ,2018-08-07 06:42:14,1941
INFY ,2018-08-07 07:42:14,1941
INFY ,2018-08-07 08:42:14,1941
INFY ,2018-08-07 09:42:14,1941
INFY ,2018-08-07 10:42:13,1941
INFY ,2018-08-07 11:42:14,1941
INFY ,2018-08-07 12:42:14,1941
INFY ,2018-08-07 13:42:19,1941
INFY ,2018-08-07 14:42:15,1943
INFY ,2018-08-07 15:42:15,1939
INFY ,2018-08-07 16:42:14,1940
INFY ,2018-08-07 17:42:15,1943
INFY ,2018-08-07 18:42:15,1942
INFY ,2018-08-07 19:42:16,1942
INFY ,2018-08-07 20:42:14,1940
INFY ,2018-08-07 21:42:15,1941
INFY ,2018-08-07 22:42:14,1942
INFY ,2018-08-07 23:42:14,1942
INFY ,2018-08-08 00:42:14,1942
INFY ,2018-08-08 01:42:16,1942
INFY ,2018-08-08 02:42:15,1942
INFY ,2018-08-08 03:42:15,1942
INFY ,2018-08-08 04:42:14,1942
INFY ,2018-08-08 05:42:15,1942
INFY ,2018-08-08 06:42:14,1942
INFY ,2018-08-08 07:42:15,1942
INFY ,2018-08-08 08:42:15,1942
INFY ,2018-08-08 09:42:15,1942
INFY ,2018-08-08 10:42:15,1942
INFY ,2018-08-08 11:42:15,1942
INFY ,2018-08-08 12:42:15,1942
INFY ,2018-08-08 13:42:17,1942
INFY ,2018-08-08 14:42:16,1938
INFY ,2018-08-08 15:42:17,1941
INFY ,2018-08-08 16:42:17,1940
INFY ,2018-08-08 17:42:16,1942
INFY ,2018-08-08 18:42:15,1944
INFY ,2018-08-08 19:42:16,1943
INFY ,2018-08-08 20:42:15,1946
INFY ,2018-08-08 21:42:15,1945
INFY ,2018-08-08 22:42:15,1945
INFY ,2018-08-08 23:42:15,1945
INFY ,2018-08-10 00:20:32,1968
INFY ,2018-08-10 00:42:18,1968
INFY ,2018-08-10 01:42:18,1968
INFY ,2018-08-10 02:42:17,1968
INFY ,2018-08-10 03:42:15,1968
INFY ,2018-08-10 04:42:17,1968
INFY ,2018-08-10 05:42:21,1968
INFY ,2018-08-10 06:42:18,1968
INFY ,2018-08-10 07:42:20,1968
INFY ,2018-08-10 08:42:20,1968
INFY ,2018-08-10 09:42:19,1968
INFY ,2018-08-10 10:42:19,1969
INFY ,2018-08-10 11:42:19,1969
INFY ,2018-08-10 12:42:18,1969
INFY ,2018-08-10 13:42:22,1971
INFY ,2018-08-10 14:42:20,1979
INFY ,2018-08-10 15:42:20,1976
INFY ,2018-08-10 16:42:20,1978
INFY ,2018-08-10 17:42:19,1980
INFY ,2018-08-10 18:42:19,1979
INFY ,2018-08-10 19:42:19,1975
INFY ,2018-08-10 20:42:19,1976
INFY ,2018-08-10 21:42:20,1976
INFY ,2018-08-10 22:42:18,1976
INFY ,2018-08-10 23:42:20,1976
INFY ,2018-08-11 00:42:19,1976
INFY ,2018-08-11 01:42:19,1976
INFY ,2018-08-11 02:42:20,1976
INFY ,2018-08-11 03:42:19,1976
INFY ,2018-08-11 04:42:19,1976
INFY ,2018-08-11 05:42:20,1976
INFY ,2018-08-11 06:42:19,1976
INFY ,2018-08-11 07:42:19,1976
INFY ,2018-08-11 08:42:18,1976
INFY ,2018-08-11 09:42:18,1976
INFY ,2018-08-11 10:42:18,1976
INFY ,2018-08-11 11:42:19,1976
INFY ,2018-08-11 12:42:18,1976
INFY ,2018-08-11 13:42:19,1976
INFY ,2018-08-11 14:42:19,1976
INFY ,2018-08-11 15:42:19,1976
INFY ,2018-08-11 16:42:19,1976
INFY ,2018-08-11 17:42:19,1976
INFY ,2018-08-11 18:42:19,1976
INFY ,2018-08-11 19:42:19,1976
INFY ,2018-08-11 20:42:19,1976
INFY ,2018-08-11 21:42:19,1976
INFY ,2018-08-11 22:42:19,1976
INFY ,2018-08-11 23:42:19,1976
INFY ,2018-08-12 00:42:19,1976
INFY ,2018-08-12 01:42:19,1976
INFY ,2018-08-12 02:42:19,1976
INFY ,2018-08-12 03:42:18,1976
INFY ,2018-08-12 04:42:19,1976
INFY ,2018-08-12 05:42:19,1976
INFY ,2018-08-12 06:42:18,1976
INFY ,2018-08-12 07:42:18,1976
INFY ,2018-08-12 08:42:18,1976
INFY ,2018-08-12 09:42:18,1976
INFY ,2018-08-12 10:42:18,1976
INFY ,2018-08-12 11:42:18,1976
INFY ,2018-08-12 12:42:19,1976
INFY ,2018-08-12 13:42:20,1976
INFY ,2018-08-12 14:42:19,1976
INFY ,2018-08-12 15:42:20,1976
INFY ,2018-08-12 16:42:20,1976
INFY ,2018-08-12 17:42:19,1976
INFY ,2018-08-12 18:42:19,1976
INFY ,2018-08-12 19:42:19,1976
INFY ,2018-08-12 20:42:20,1976
INFY ,2018-08-12 21:42:19,1976
INFY ,2018-08-12 22:42:19,1976
INFY ,2018-08-12 23:42:19,1976
INFY ,2018-08-13 00:42:18,1976
INFY ,2018-08-13 01:42:19,1976
INFY ,2018-08-13 02:42:19,1976
INFY ,2018-08-13 03:42:19,1976
INFY ,2018-08-13 04:42:20,1976
INFY ,2018-08-13 05:42:18,1976
INFY ,2018-08-13 06:42:19,1976
INFY ,2018-08-13 07:42:19,1976
INFY ,2018-08-13 08:42:20,1976
INFY ,2018-08-13 09:42:20,1976
INFY ,2018-08-13 10:42:19,1976
INFY ,2018-08-13 11:42:19,1976
INFY ,2018-08-13 12:42:19,1976
INFY ,2018-08-13 13:42:21,1977
INFY ,2018-08-13 14:42:20,1980
INFY ,2018-08-13 15:42:21,1986
INFY ,2018-08-13 16:42:21,1989
INFY ,2018-08-13 17:42:19,1990
INFY ,2018-08-13 18:42:19,1990
INFY ,2018-08-13 19:42:20,1992
INFY ,2018-08-13 20:42:20,1990
INFY ,2018-08-13 21:42:20,1990
INFY ,2018-08-13 22:42:19,1989
INFY ,2018-08-13 23:42:19,1989
INFY ,2018-08-14 00:42:19,1989
INFY ,2018-08-14 01:42:20,1989
INFY ,2018-08-14 02:42:19,1989
INFY ,2018-08-14 03:42:19,1989
INFY ,2018-08-14 04:42:20,1989
INFY ,2018-08-14 05:42:19,1989
INFY ,2018-08-14 06:42:20,1989
INFY ,2018-08-14 07:42:20,1989
INFY ,2018-08-14 08:42:19,1989
INFY ,2018-08-14 09:42:19,1989
INFY ,2018-08-14 10:42:19,1989
INFY ,2018-08-14 11:42:19,1989
INFY ,2018-08-14 12:42:19,1989
INFY ,2018-08-14 13:42:20,1989
INFY ,2018-08-14 14:42:20,1988
INFY ,2018-08-14 15:42:20,1987
INFY ,2018-08-14 16:42:19,1985
INFY ,2018-08-14 17:42:18,1987
INFY ,2018-08-14 18:42:19,1989
INFY ,2018-08-14 19:42:20,1990
INFY ,2018-08-14 20:42:19,1992
INFY ,2018-08-14 21:42:19,1994
INFY ,2018-08-14 22:42:19,1994
INFY ,2018-08-14 23:42:19,1994
INFY ,2018-08-15 00:42:19,1994
INFY ,2018-08-15 01:42:20,1994
INFY ,2018-08-15 02:42:20,1994
INFY ,2018-08-15 03:42:20,1994
INFY ,2018-08-15 04:42:20,1994
INFY ,2018-08-15 05:42:19,1994
INFY ,2018-08-15 06:42:20,1994
INFY ,2018-08-15 07:42:18,1994
INFY ,2018-08-15 08:42:19,1994
INFY ,2018-08-15 09:42:19,1994
INFY ,2018-08-15 10:42:19,1994
INFY ,2018-08-15 11:42:19,1994
INFY ,2018-08-15 12:42:18,1994
INFY ,2018-08-15 14:07:54,1998
INFY ,2018-08-15 14:42:20,1998
INFY ,2018-08-15 15:42:20,2000
INFY ,2018-08-15 16:42:21,2001
INFY ,2018-08-15 17:42:19,1999
INFY ,2018-08-15 18:42:19,2000
INFY ,2018-08-15 19:42:20,1999
INFY ,2018-08-15 20:42:19,2001
INFY ,2018-08-15 21:42:20,2001
INFY ,2018-08-15 22:42:19,2001
INFY ,2018-08-15 23:42:20,2001
INFY ,2018-08-16 00:42:21,2001
INFY ,2018-08-16 01:42:20,2001
INFY ,2018-08-16 02:42:21,2001
INFY ,2018-08-16 03:42:21,2001
INFY ,2018-08-16 04:42:20,2001
INFY ,2018-08-16 05:42:20,2001
INFY ,2018-08-16 06:42:20,2001
INFY ,2018-08-16 07:42:21,2001
INFY ,2018-08-16 08:42:20,2001
INFY ,2018-08-16 09:42:19,2001
INFY ,2018-08-16 10:42:20,2001
INFY ,2018-08-16 11:42:19,2001
INFY ,2018-08-16 12:42:19,2001
INFY ,2018-08-16 13:42:21,2000
INFY ,2018-08-16 14:42:20,1999
INFY ,2018-08-16 15:42:21,2000
INFY ,2018-08-16 16:42:20,2004
INFY ,2018-08-16 17:42:20,2007
INFY ,2018-08-16 18:42:19,2009
INFY ,2018-08-16 19:42:20,2011
INFY ,2018-08-16 20:42:20,2011
INFY ,2018-08-16 21:42:20,2011
INFY ,2018-08-16 22:42:19,2011
INFY ,2018-08-16 23:42:19,2011
INFY ,2018-08-17 00:42:19,2011
INFY ,2018-08-17 01:42:19,2011
INFY ,2018-08-17 02:42:20,2011
INFY ,2018-08-17 03:42:20,2011
INFY ,2018-08-17 04:42:21,2011
INFY ,2018-08-17 05:42:19,2011
INFY ,2018-08-17 06:42:18,2011
INFY ,2018-08-17 07:42:19,2011
INFY ,2018-08-17 08:42:20,2011
INFY ,2018-08-17 09:42:19,2011
INFY ,2018-08-17 10:42:19,2011
INFY ,2018-08-17 11:42:19,2011
INFY ,2018-08-17 12:42:19,2011
INFY ,2018-08-17 13:42:21,2012
INFY ,2018-08-17 14:42:21,2010
INFY ,2018-08-17 15:42:21,2008
INFY ,2018-08-17 16:42:19,2010
INFY ,2018-08-17 17:42:19,2012
INFY ,2018-08-17 18:42:19,2017
INFY ,2018-08-17 19:42:20,2014
INFY ,2018-08-17 20:42:18,2018
INFY ,2018-08-17 21:42:19,2018
INFY ,2018-08-17 22:42:19,2018
INFY ,2018-08-17 23:42:18,2018
INFY ,2018-08-18 00:42:20,2018
INFY ,2018-08-18 01:42:20,2018
INFY ,2018-08-18 02:42:20,2018
INFY ,2018-08-18 03:42:20,2018
INFY ,2018-08-18 04:42:19,2018
INFY ,2018-08-18 05:42:19,2018
INFY ,2018-08-18 06:42:20,2018
INFY ,2018-08-18 07:42:19,2018
INFY ,2018-08-18 08:42:19,2018
INFY ,2018-08-18 09:42:19,2018
INFY ,2018-08-18 10:42:18,2018
INFY ,2018-08-18 11:42:19,2018
INFY ,2018-08-18 12:42:20,2018
INFY ,2018-08-18 13:42:20,2018
INFY ,2018-08-18 14:42:20,2018
INFY ,2018-08-18 15:42:20,2018
INFY ,2018-08-18 16:42:20,2018
INFY ,2018-08-18 17:42:19,2018
INFY ,2018-08-18 18:42:19,2018
INFY ,2018-08-18 19:42:19,2018
INFY ,2018-08-18 20:42:20,2018
INFY ,2018-08-18 21:42:19,2018
INFY ,2018-08-18 22:42:18,2018
INFY ,2018-08-18 23:42:18,2018
INFY ,2018-08-19 00:42:19,2018
INFY ,2018-08-19 01:42:19,2018
INFY ,2018-08-19 02:42:19,2018
INFY ,2018-08-19 03:42:19,2018
INFY ,2018-08-19 04:42:19,2018
INFY ,2018-08-19 05:42:19,2018
INFY ,2018-08-19 06:42:19,2018
INFY ,2018-08-19 07:42:19,2018
INFY ,2018-08-19 08:42:19,2018
INFY ,2018-08-19 09:42:18,2018
INFY ,2018-08-19 10:42:19,2018
INFY ,2018-08-19 11:42:19,2018
INFY ,2018-08-19 12:42:19,2018
INFY ,2018-08-19 13:42:19,2018
INFY ,2018-08-19 14:42:19,2018
INFY ,2018-08-19 15:42:20,2018
INFY ,2018-08-19 16:42:18,2018
INFY ,2018-08-19 17:42:20,2018
INFY ,2018-08-19 18:42:20,2018
INFY ,2018-08-19 19:42:19,2018
INFY ,2018-08-19 20:42:20,2018
INFY ,2018-08-19 21:42:20,2018
INFY ,2018-08-19 22:42:19,2018
INFY ,2018-08-19 23:42:19,2018
INFY ,2018-08-20 00:42:20,2018
INFY ,2018-08-20 01:42:20,2018
INFY ,2018-08-20 02:42:19,2018
INFY ,2018-08-20 03:42:18,2018
INFY ,2018-08-20 04:42:19,2018
INFY ,2018-08-20 05:42:19,2018
INFY ,2018-08-20 06:42:20,2018
INFY ,2018-08-20 07:42:19,2018
INFY ,2018-08-20 08:42:23,2018
INFY ,2018-08-20 09:42:18,2022
INFY ,2018-08-20 10:42:19,2022
INFY ,2018-08-20 11:42:20,2022
INFY ,2018-08-20 12:42:19,2022
INFY ,2018-08-20 13:42:22,2025
INFY ,2018-08-20 14:42:22,2043
INFY ,2018-08-20 15:42:21,2058
INFY ,2018-08-20 16:42:20,2071
INFY ,2018-08-20 17:42:19,2073
INFY ,2018-08-20 18:42:20,2074
INFY ,2018-08-20 19:42:20,2075
INFY ,2018-08-20 20:42:19,2076
INFY ,2018-08-20 21:42:19,2076
INFY ,2018-08-20 22:42:19,2076
INFY ,2018-08-20 23:42:18,2076
INFY ,2018-08-21 00:42:19,2076
INFY ,2018-08-21 01:42:20,2076
INFY ,2018-08-21 02:42:20,2076
INFY ,2018-08-21 03:42:20,2076
INFY ,2018-08-21 04:42:19,2076
INFY ,2018-08-21 05:42:18,2076
INFY ,2018-08-21 06:42:20,2076
INFY ,2018-08-21 07:42:18,2076
INFY ,2018-08-21 08:42:20,2076
INFY ,2018-08-21 09:42:19,2076
INFY ,2018-08-21 10:42:20,2076
INFY ,2018-08-21 11:42:19,2076
INFY ,2018-08-21 12:42:19,2076
INFY ,2018-08-21 13:42:23,2079
INFY ,2018-08-21 14:42:20,2078
INFY ,2018-08-21 15:42:20,2079
INFY ,2018-08-21 16:42:19,2081
INFY ,2018-08-21 17:42:18,2082
INFY ,2018-08-21 18:42:19,2084
INFY ,2018-08-21 19:42:19,2086
INFY ,2018-08-21 20:42:19,2087
INFY ,2018-08-21 21:42:18,2088
INFY ,2018-08-21 22:42:19,2088
INFY ,2018-08-21 23:42:19,2088
INFY ,2018-08-22 00:42:18,2088
INFY ,2018-08-22 01:42:19,2088
INFY ,2018-08-22 02:42:19,2088
INFY ,2018-08-22 03:42:19,2088
INFY ,2018-08-22 04:42:19,2088
INFY ,2018-08-22 05:42:18,2088
INFY ,2018-08-22 06:42:18,2088
INFY ,2018-08-22 07:42:18,2088
INFY ,2018-08-22 08:42:18,2088
INFY ,2018-08-22 09:42:19,2088
INFY ,2018-08-22 10:42:18,2088
INFY ,2018-08-22 11:42:19,2088
INFY ,2018-08-22 12:42:18,2088
INFY ,2018-08-22 13:42:24,2088
INFY ,2018-08-22 14:42:18,2090
INFY ,2018-08-22 15:42:18,2091
INFY ,2018-08-22 16:42:19,2094
INFY ,2018-08-22 17:42:18,2090
INFY ,2018-08-22 18:42:19,2094
INFY ,2018-08-22 19:42:19,2091
INFY ,2018-08-22 20:42:17,2094
INFY ,2018-08-22 21:42:18,2096
INFY ,2018-08-22 22:42:18,2096
INFY ,2018-08-22 23:42:18,2096
INFY ,2018-08-23 00:42:18,2096
INFY ,2018-08-23 01:42:19,2096
INFY ,2018-08-23 02:42:19,2096
INFY ,2018-08-23 03:42:19,2096
INFY ,2018-08-23 04:42:19,2096
INFY ,2018-08-23 05:42:19,2096
INFY ,2018-08-23 06:42:17,2096
INFY ,2018-08-23 07:42:19,2096
INFY ,2018-08-23 08:42:18,2096
INFY ,2018-08-23 09:42:18,2096
INFY ,2018-08-23 10:42:18,2097
INFY ,2018-08-23 11:42:18,2097
INFY ,2018-08-23 12:42:19,2097
INFY ,2018-08-23 13:42:22,2097
INFY ,2018-08-23 14:42:19,2096
INFY ,2018-08-23 15:42:20,2100
INFY ,2018-08-23 16:42:20,2102
INFY ,2018-08-23 17:42:18,2105
INFY ,2018-08-23 18:42:20,2105
INFY ,2018-08-23 19:42:19,2107
INFY ,2018-08-23 20:42:19,2110
INFY ,2018-08-23 21:42:18,2110
INFY ,2018-08-23 22:42:18,2110
INFY ,2018-08-23 23:42:18,2110
INFY ,2018-08-24 00:42:19,2110
INFY ,2018-08-24 01:42:19,2110
INFY ,2018-08-24 02:42:18,2110
INFY ,2018-08-24 03:42:18,2110
INFY ,2018-08-24 20:00:38,2103
INFY ,2018-08-24 20:42:19,2102
INFY ,2018-08-24 21:42:19,2102
INFY ,2018-08-24 22:42:19,2102
INFY ,2018-08-24 23:42:18,2102
INFY ,2018-08-25 00:42:19,2102
INFY ,2018-08-25 01:42:19,2102
INFY ,2018-08-25 02:42:19,2102
INFY ,2018-08-25 03:42:19,2102
INFY ,2018-08-25 04:42:19,2102
INFY ,2018-08-25 05:42:19,2102
INFY ,2018-08-25 06:42:18,2102
INFY ,2018-08-25 07:42:17,2102
INFY ,2018-08-25 08:42:18,2102
INFY ,2018-08-25 09:42:18,2102
INFY ,2018-08-25 10:42:19,2102
INFY ,2018-08-25 11:42:18,2102
INFY ,2018-08-25 12:42:19,2102
INFY ,2018-08-25 13:42:19,2102
INFY ,2018-08-25 14:42:19,2102
INFY ,2018-08-25 15:42:19,2102
INFY ,2018-08-25 16:42:18,2102
INFY ,2018-08-25 17:42:20,2102
INFY ,2018-08-25 18:42:19,2102
INFY ,2018-08-25 19:42:19,2102
INFY ,2018-08-25 20:42:18,2102
INFY ,2018-08-25 21:42:19,2102
INFY ,2018-08-25 22:42:19,2102
INFY ,2018-08-25 23:42:19,2102
INFY ,2018-08-26 00:42:19,2102
INFY ,2018-08-26 01:42:19,2102
INFY ,2018-08-26 02:42:19,2102
INFY ,2018-08-26 03:42:19,2102
INFY ,2018-08-26 04:42:18,2102
INFY ,2018-08-26 05:42:18,2102
INFY ,2018-08-26 06:42:19,2102
INFY ,2018-08-26 07:42:19,2102
INFY ,2018-08-26 08:42:18,2102
INFY ,2018-08-26 09:42:18,2102
INFY ,2018-08-26 10:42:19,2102
INFY ,2018-08-26 11:42:19,2102
INFY ,2018-08-26 12:42:19,2102
INFY ,2018-08-26 13:42:19,2102
INFY ,2018-08-26 14:42:18,2102
INFY ,2018-08-26 15:42:18,2102
INFY ,2018-08-26 16:42:18,2102
INFY ,2018-08-26 17:42:18,2102
INFY ,2018-08-26 18:42:18,2102
INFY ,2018-08-26 19:42:18,2102
INFY ,2018-08-26 20:42:19,2102
INFY ,2018-08-26 21:42:18,2102
INFY ,2018-08-26 22:42:19,2102
INFY ,2018-08-26 23:42:19,2102
INFY ,2018-08-27 00:42:19,2102
INFY ,2018-08-27 01:42:18,2102
INFY ,2018-08-27 02:42:18,2102
INFY ,2018-08-27 03:42:19,2102
INFY ,2018-08-27 04:42:18,2102
INFY ,2018-08-27 05:42:19,2102
INFY ,2018-08-27 06:42:18,2102
INFY ,2018-08-27 07:42:18,2102
INFY ,2018-08-27 08:42:18,2102
INFY ,2018-08-27 09:42:18,2102
INFY ,2018-08-27 10:42:19,2102
INFY ,2018-08-27 11:42:18,2102
INFY ,2018-08-27 12:42:18,2102
INFY ,2018-08-27 14:06:22,2097
INFY ,2018-08-27 14:42:20,2097
INFY ,2018-08-27 15:42:20,2097
INFY ,2018-08-27 16:42:20,2097
INFY ,2018-08-27 17:42:20,2095
INFY ,2018-08-27 18:42:19,2094
INFY ,2018-08-27 19:42:20,2096
INFY ,2018-08-27 20:42:19,2095
INFY ,2018-08-27 21:42:19,2095
INFY ,2018-08-27 22:42:19,2095
INFY ,2018-08-27 23:42:19,2095
INFY ,2018-08-28 00:42:19,2095
INFY ,2018-08-28 01:42:19,2095
INFY ,2018-08-28 02:42:18,2095
INFY ,2018-08-28 03:42:18,2095
INFY ,2018-08-28 04:42:19,2095
INFY ,2018-08-28 05:42:18,2095
INFY ,2018-08-28 06:42:19,2095
INFY ,2018-08-28 07:42:18,2095
INFY ,2018-08-28 08:42:18,2095
INFY ,2018-08-28 09:42:18,2095
INFY ,2018-08-28 10:42:19,2095
INFY ,2018-08-28 11:42:19,2095
INFY ,2018-08-28 12:42:19,2095
INFY ,2018-08-28 13:42:33,2095
INFY ,2018-08-28 14:42:30,2098
INFY ,2018-08-28 15:42:31,2098
INFY ,2018-08-28 16:42:31,2100
INFY ,2018-08-28 17:42:31,2100
INFY ,2018-08-28 18:42:32,2099
INFY ,2018-08-28 19:42:31,2100
INFY ,2018-08-28 20:42:30,2099
INFY ,2018-08-28 21:42:31,2101
INFY ,2018-08-28 22:42:31,2101
INFY ,2018-08-28 23:42:30,2101
INFY ,2018-08-29 00:42:31,2101
INFY ,2018-08-29 01:42:31,2101
INFY ,2018-08-29 02:42:30,2101
INFY ,2018-08-29 03:42:30,2101
INFY ,2018-08-29 04:42:30,2101
INFY ,2018-08-29 05:42:30,2101
INFY ,2018-08-29 06:42:29,2101
INFY ,2018-08-29 07:42:30,2101
INFY ,2018-08-29 08:42:30,2101
INFY ,2018-08-29 09:42:29,2101
INFY ,2018-08-29 10:42:29,2101
INFY ,2018-08-29 11:42:29,2101
INFY ,2018-08-29 12:42:30,2101
INFY ,2018-08-29 14:06:08,2113
INFY ,2018-08-29 14:42:32,2113
INFY ,2018-08-29 15:42:31,2113
INFY ,2018-08-29 16:42:31,2115
INFY ,2018-08-29 17:42:33,2115
INFY ,2018-08-29 18:42:34,2118
INFY ,2018-08-29 19:42:32,2120
INFY ,2018-08-29 20:42:30,2123
INFY ,2018-08-29 21:42:31,2123
INFY ,2018-08-29 22:42:30,2123
INFY ,2018-08-29 23:42:31,2123
INFY ,2018-08-30 00:43:17,2123
INFY ,2018-08-30 01:43:16,2123
INFY ,2018-08-30 02:42:31,2123
INFY ,2018-08-30 03:42:32,2123
INFY ,2018-08-30 04:42:31,2123
INFY ,2018-08-30 05:42:31,2123
INFY ,2018-08-30 06:42:31,2123
INFY ,2018-08-30 07:42:31,2123
INFY ,2018-08-30 08:42:35,2123
INFY ,2018-08-30 09:42:31,2123
INFY ,2018-08-30 10:42:31,2123
INFY ,2018-08-30 11:42:31,2123
INFY ,2018-08-30 12:42:31,2123
INFY ,2018-08-30 13:42:35,2123
INFY ,2018-08-30 14:42:32,2125
INFY ,2018-08-30 15:42:31,2124
INFY ,2018-08-30 16:42:31,2123
INFY ,2018-08-30 17:42:31,2123
INFY ,2018-08-30 18:42:33,2125
INFY ,2018-08-30 19:42:32,2124
INFY ,2018-08-30 20:42:30,2124
INFY ,2018-08-30 21:42:31,2125
INFY ,2018-08-30 22:42:30,2125
INFY ,2018-08-30 23:42:31,2125
INFY ,2018-08-31 00:42:32,2125
INFY ,2018-08-31 01:42:31,2125
INFY ,2018-08-31 02:42:31,2125
INFY ,2018-08-31 03:42:31,2125
INFY ,2018-08-31 04:42:31,2125
INFY ,2018-08-31 05:42:31,2125
INFY ,2018-08-31 06:42:32,2125
INFY ,2018-08-31 07:42:31,2125
INFY ,2018-08-31 08:42:31,2125
INFY ,2018-08-31 09:42:32,2125
INFY ,2018-08-31 10:42:31,2125
INFY ,2018-08-31 11:42:32,2125
INFY ,2018-08-31 12:42:32,2125
INFY ,2018-08-31 13:42:34,2124
INFY ,2018-08-31 14:42:32,2123
INFY ,2018-08-31 15:42:32,2123
INFY ,2018-08-31 16:42:31,2123
INFY ,2018-08-31 17:42:32,2127
INFY ,2018-08-31 18:42:32,2127
INFY ,2018-08-31 19:42:32,2129
INFY ,2018-08-31 20:42:32,2126
INFY ,2018-08-31 21:42:31,2127
INFY ,2018-08-31 22:42:31,2125
INFY ,2018-08-31 23:42:31,2125
INFY ,2018-09-01 00:42:31,2125
INFY ,2018-09-01 01:42:31,2125
INFY ,2018-09-01 02:42:31,2125
INFY ,2018-09-01 03:42:31,2125
INFY ,2018-09-01 04:42:32,2125
INFY ,2018-09-01 05:42:31,2125
INFY ,2018-09-01 06:42:31,2125
INFY ,2018-09-01 07:42:31,2125
INFY ,2018-09-01 08:42:31,2125
INFY ,2018-09-01 09:42:31,2125
INFY ,2018-09-01 10:42:31,2125
INFY ,2018-09-01 11:42:31,2125
INFY ,2018-09-01 12:42:31,2125
INFY ,2018-09-01 13:42:32,2125
INFY ,2018-09-01 14:42:33,2125
INFY ,2018-09-01 15:42:31,2125
INFY ,2018-09-01 16:42:31,2125
INFY ,2018-09-01 17:42:30,2125
INFY ,2018-09-01 18:42:32,2125
INFY ,2018-09-01 19:42:31,2125
INFY ,2018-09-01 20:42:31,2125
INFY ,2018-09-01 21:42:31,2125
INFY ,2018-09-01 22:42:32,2125
INFY ,2018-09-01 23:42:31,2125
INFY ,2018-09-02 00:42:31,2125
INFY ,2018-09-02 01:42:31,2125
INFY ,2018-09-02 02:42:31,2125
INFY ,2018-09-02 03:42:32,2125
INFY ,2018-09-02 04:42:31,2125
INFY ,2018-09-02 05:42:31,2125
INFY ,2018-09-02 06:42:31,2125
INFY ,2018-09-02 07:42:30,2125
INFY ,2018-09-02 08:42:31,2125
INFY ,2018-09-02 09:42:30,2125
INFY ,2018-09-02 10:42:30,2125
INFY ,2018-09-02 11:42:31,2125
INFY ,2018-09-02 12:42:31,2125
INFY ,2018-09-02 13:42:32,2125
INFY ,2018-09-02 14:42:32,2125
INFY ,2018-09-02 15:42:32,2125
INFY ,2018-09-02 16:42:32,2125
INFY ,2018-09-02 17:42:31,2125
INFY ,2018-09-02 18:42:31,2125
INFY ,2018-09-02 19:42:31,2125
INFY ,2018-09-02 20:42:31,2125
INFY ,2018-09-02 21:42:31,2125
INFY ,2018-09-02 22:42:32,2125
INFY ,2018-09-02 23:42:32,2125
INFY ,2018-09-03 00:42:31,2125
INFY ,2018-09-03 01:42:32,2125
INFY ,2018-09-03 02:42:32,2125
INFY ,2018-09-03 03:42:31,2125
INFY ,2018-09-03 04:42:31,2125
INFY ,2018-09-03 05:42:31,2125
INFY ,2018-09-03 06:42:31,2125
INFY ,2018-09-03 07:42:31,2125
INFY ,2018-09-03 08:42:35,2125
INFY ,2018-09-03 09:42:32,2125
INFY ,2018-09-03 10:42:31,2125
INFY ,2018-09-03 11:42:32,2125
INFY ,2018-09-03 12:42:30,2125
INFY ,2018-09-03 13:42:31,2125
INFY ,2018-09-03 14:42:31,2125
INFY ,2018-09-03 15:42:30,2125
INFY ,2018-09-03 16:42:31,2125
INFY ,2018-09-03 17:42:31,2125
INFY ,2018-09-03 18:42:32,2125
INFY ,2018-09-03 19:42:30,2125
INFY ,2018-09-03 20:42:32,2125
INFY ,2018-09-03 21:42:30,2125
INFY ,2018-09-03 22:42:31,2125
INFY ,2018-09-03 23:42:30,2125
INFY ,2018-09-04 00:42:31,2125
INFY ,2018-09-04 01:42:31,2125
INFY ,2018-09-04 02:42:31,2125
INFY ,2018-09-04 03:42:31,2125
INFY ,2018-09-04 04:42:31,2125
INFY ,2018-09-04 05:42:31,2125
INFY ,2018-09-04 06:42:31,2125
INFY ,2018-09-04 07:42:32,2125
INFY ,2018-09-04 08:42:31,2125
INFY ,2018-09-04 09:42:31,2125
INFY ,2018-09-04 10:42:32,2125
INFY ,2018-09-04 11:42:30,2125
INFY ,2018-09-04 12:42:31,2125
INFY ,2018-09-04 13:42:35,2125
INFY ,2018-09-04 14:42:33,2142
INFY ,2018-09-04 15:42:32,2143
INFY ,2018-09-04 16:42:32,2144
INFY ,2018-09-04 17:42:32,2145
INFY ,2018-09-04 18:42:33,2144
INFY ,2018-09-04 19:42:33,2147
INFY ,2018-09-04 20:42:32,2147
INFY ,2018-09-04 21:42:31,2147
INFY ,2018-09-04 22:42:32,2145
INFY ,2018-09-04 23:42:31,2145
INFY ,2018-09-05 00:42:31,2145
INFY ,2018-09-05 01:42:32,2145
INFY ,2018-09-05 02:42:32,2145
INFY ,2018-09-05 03:42:30,2145
INFY ,2018-09-05 04:42:31,2145
INFY ,2018-09-05 05:42:31,2145
INFY ,2018-09-05 06:42:31,2145
INFY ,2018-09-05 07:42:32,2145
INFY ,2018-09-05 08:42:31,2145
INFY ,2018-09-05 09:42:31,2145
INFY ,2018-09-05 10:42:30,2145
INFY ,2018-09-05 11:42:35,2145
INFY ,2018-09-05 12:42:30,2145
INFY ,2018-09-05 13:42:39,2145
INFY ,2018-09-05 14:42:34,2140
INFY ,2018-09-05 15:42:33,2134
INFY ,2018-09-05 16:42:32,2134
INFY ,2018-09-05 17:42:33,2135
INFY ,2018-09-05 18:42:33,2135
INFY ,2018-09-05 19:42:33,2136
INFY ,2018-09-05 20:42:31,2135
INFY ,2018-09-05 21:42:30,2135
INFY ,2018-09-05 22:42:31,2135
INFY ,2018-09-05 23:42:31,2135
INFY ,2018-09-06 00:42:31,2135
INFY ,2018-09-06 01:42:31,2135
INFY ,2018-09-06 02:42:31,2135
INFY ,2018-09-06 03:42:32,2135
INFY ,2018-09-06 04:42:32,2135
INFY ,2018-09-06 05:42:33,2135
INFY ,2018-09-06 06:42:31,2135
INFY ,2018-09-06 07:42:30,2135
INFY ,2018-09-06 08:42:31,2135
INFY ,2018-09-06 09:42:31,2135
INFY ,2018-09-06 10:42:31,2135
INFY ,2018-09-06 11:42:31,2135
INFY ,2018-09-06 13:07:35,2135
INFY ,2018-09-06 13:42:37,2135
INFY ,2018-09-06 14:42:31,2135
INFY ,2018-09-06 15:42:32,2137
INFY ,2018-09-06 16:42:32,2133
INFY ,2018-09-06 17:42:32,2132
INFY ,2018-09-06 18:42:31,2132
INFY ,2018-09-06 19:42:32,2134
INFY ,2018-09-06 20:42:30,2133
INFY ,2018-09-06 21:42:30,2132
INFY ,2018-09-06 22:42:31,2132
INFY ,2018-09-06 23:42:32,2132
INFY ,2018-09-07 00:42:31,2132
INFY ,2018-09-07 01:42:31,2132
INFY ,2018-09-07 02:42:32,2132
INFY ,2018-09-07 03:42:31,2132
INFY ,2018-09-07 04:42:31,2132
INFY ,2018-09-07 05:42:34,2132
INFY ,2018-09-07 06:42:34,2132
INFY ,2018-09-07 08:42:33,2132
INFY ,2018-09-07 09:42:33,2132
INFY ,2018-09-07 10:42:33,2132
INFY ,2018-09-07 11:42:32,2132
INFY ,2018-09-07 12:42:31,2132
INFY ,2018-09-07 13:42:37,2132
INFY ,2018-09-07 14:42:31,2140
INFY ,2018-09-07 15:42:32,2141
INFY ,2018-09-07 16:42:33,2146
INFY ,2018-09-07 17:42:32,2146
INFY ,2018-09-07 18:42:31,2148
INFY ,2018-09-07 19:42:31,2151
INFY ,2018-09-07 20:42:31,2154
INFY ,2018-09-07 21:42:30,2156
INFY ,2018-09-07 22:42:31,2156
INFY ,2018-09-07 23:42:31,2156
INFY ,2018-09-08 00:42:31,2156
INFY ,2018-09-08 01:42:31,2156
INFY ,2018-09-08 02:42:32,2156
INFY ,2018-09-08 03:42:31,2156
INFY ,2018-09-08 04:42:31,2156
INFY ,2018-09-08 05:42:31,2156
INFY ,2018-09-08 06:42:31,2156
INFY ,2018-09-08 07:42:30,2156
INFY ,2018-09-08 08:42:30,2156
INFY ,2018-09-08 09:42:30,2156
INFY ,2018-09-08 10:42:30,2156
INFY ,2018-09-08 11:42:31,2156
INFY ,2018-09-08 12:42:32,2156
INFY ,2018-09-08 13:42:32,2156
INFY ,2018-09-08 14:42:30,2156
INFY ,2018-09-08 15:42:31,2156
INFY ,2018-09-08 16:42:31,2156
INFY ,2018-09-08 17:42:31,2156
INFY ,2018-09-08 18:42:31,2156
INFY ,2018-09-08 19:42:31,2156
INFY ,2018-09-08 20:42:31,2156
INFY ,2018-09-08 21:42:31,2156
INFY ,2018-09-08 22:42:31,2156
INFY ,2018-09-08 23:42:32,2156
INFY ,2018-09-09 00:42:30,2156
INFY ,2018-09-09 01:42:32,2156
INFY ,2018-09-09 02:42:32,2156
INFY ,2018-09-09 03:42:31,2156
INFY ,2018-09-09 04:42:31,2156
INFY ,2018-09-09 05:42:31,2156
INFY ,2018-09-09 06:42:31,2156
INFY ,2018-09-09 07:42:31,2156
INFY ,2018-09-09 08:42:32,2156
INFY ,2018-09-09 09:42:31,2156
INFY ,2018-09-09 10:42:31,2156
INFY ,2018-09-09 11:42:32,2156
INFY ,2018-09-09 12:42:31,2156
INFY ,2018-09-09 13:42:32,2156
INFY ,2018-09-09 14:42:32,2156
INFY ,2018-09-09 15:42:31,2156
INFY ,2018-09-09 16:42:31,2156
INFY ,2018-09-09 17:42:31,2156
INFY ,2018-09-09 18:42:32,2156
INFY ,2018-09-09 19:42:31,2156
INFY ,2018-09-09 20:42:31,2156
INFY ,2018-09-09 21:42:31,2156
INFY ,2018-09-09 22:42:31,2156
INFY ,2018-09-09 23:42:31,2156
INFY ,2018-09-10 00:42:32,2156
INFY ,2018-09-10 01:42:33,2156
INFY ,2018-09-10 02:42:32,2156
INFY ,2018-09-10 03:42:32,2156
INFY ,2018-09-10 04:42:32,2156
INFY ,2018-09-10 05:42:30,2156
INFY ,2018-09-10 06:42:31,2156
INFY ,2018-09-10 07:42:30,2156
INFY ,2018-09-10 08:42:30,2156
INFY ,2018-09-10 09:42:31,2156
INFY ,2018-09-10 10:42:31,2156
INFY ,2018-09-10 11:42:31,2156
INFY ,2018-09-10 12:42:31,2156
INFY ,2018-09-10 13:42:35,2156
INFY ,2018-09-10 14:42:32,2158
INFY ,2018-09-10 15:42:33,2160
INFY ,2018-09-10 16:42:33,2160
INFY ,2018-09-10 17:42:32,2162
INFY ,2018-09-10 18:42:33,2162
INFY ,2018-09-10 19:42:31,2165
INFY ,2018-09-10 20:42:31,2165
INFY ,2018-09-10 21:42:30,2165
INFY ,2018-09-10 22:42:31,2166
INFY ,2018-09-10 23:42:31,2166
INFY ,2018-09-11 00:42:32,2166
INFY ,2018-09-11 01:42:32,2166
INFY ,2018-09-11 02:42:32,2166
INFY ,2018-09-11 03:42:32,2166
INFY ,2018-09-11 04:42:31,2166
INFY ,2018-09-11 05:42:32,2166
INFY ,2018-09-11 06:42:32,2166
INFY ,2018-09-11 07:42:31,2166
INFY ,2018-09-11 08:42:31,2166
INFY ,2018-09-11 09:42:31,2166
INFY ,2018-09-11 10:42:31,2166
INFY ,2018-09-11 11:42:30,2166
INFY ,2018-09-11 12:42:31,2166
INFY ,2018-09-11 13:42:35,2166
INFY ,2018-09-11 14:42:32,2163
INFY ,2018-09-11 15:42:32,2159
INFY ,2018-09-11 16:42:31,2160
INFY ,2018-09-11 17:42:32,2163
INFY ,2018-09-11 18:42:32,2162
INFY ,2018-09-11 19:42:32,2162
INFY ,2018-09-11 20:42:31,2163
INFY ,2018-09-11 21:42:31,2163
INFY ,2018-09-11 22:42:30,2163
INFY ,2018-09-11 23:42:31,2163
INFY ,2018-09-12 00:42:32,2163
INFY ,2018-09-12 01:42:33,2163
INFY ,2018-09-12 20:42:34,2949
INFY ,2018-09-12 21:42:32,2974
INFY ,2018-09-12 22:42:32,2980
INFY ,2018-09-12 23:42:32,2980
INFY ,2018-09-13 00:42:32,2980
INFY ,2018-09-13 01:42:32,2980
INFY ,2018-09-13 02:42:37,2980
INFY ,2018-09-13 03:42:32,2980
INFY ,2018-09-13 04:42:32,2980
INFY ,2018-09-13 05:42:33,2980
INFY ,2018-09-13 06:42:32,2980
INFY ,2018-09-13 07:42:32,2980
INFY ,2018-09-13 08:42:32,2980
INFY ,2018-09-13 09:42:31,2980
INFY ,2018-09-13 10:42:32,2980
INFY ,2018-09-13 11:42:31,2980
INFY ,2018-09-13 12:42:32,2980
INFY ,2018-09-13 14:42:33,3063
INFY ,2018-09-13 15:42:33,3064
INFY ,2018-09-13 16:42:33,3058
INFY ,2018-09-13 17:42:32,3050
INFY ,2018-09-13 18:42:33,3055
INFY ,2018-09-13 19:42:33,3049
INFY ,2018-09-13 20:42:32,3037
INFY ,2018-09-13 21:42:32,3035
INFY ,2018-09-13 22:42:32,3037
INFY ,2018-09-13 23:42:32,3037
INFY ,2018-09-14 00:42:33,3037
INFY ,2018-09-14 01:42:32,3037
INFY ,2018-09-14 02:42:33,3037
INFY ,2018-09-14 03:42:32,3037
INFY ,2018-09-14 04:42:33,3037
INFY ,2018-09-14 05:42:33,3037
INFY ,2018-09-14 06:42:32,3037
INFY ,2018-09-14 07:42:32,3037
INFY ,2018-09-14 08:42:36,3037
INFY ,2018-09-14 09:42:33,3037
INFY ,2018-09-14 13:42:38,3037
INFY ,2018-09-14 14:42:36,3014
INFY ,2018-09-14 15:42:36,3009
INFY ,2018-09-14 16:42:32,3004
INFY ,2018-09-14 17:42:34,2995
INFY ,2018-09-14 18:42:33,2997
INFY ,2018-09-14 19:42:33,3005
INFY ,2018-09-14 20:42:32,3006
INFY ,2018-09-14 21:42:31,3007
INFY ,2018-09-14 22:42:32,3007
INFY ,2018-09-14 23:42:32,3007
INFY ,2018-09-15 00:42:33,3007
INFY ,2018-09-15 01:42:33,3007
INFY ,2018-09-15 02:42:33,3007
INFY ,2018-09-15 03:42:32,3007
INFY ,2018-09-15 04:42:31,3007
INFY ,2018-09-15 05:42:32,3007
INFY ,2018-09-15 06:42:31,3007
INFY ,2018-09-15 07:42:32,3007
INFY ,2018-09-15 08:42:31,3007
INFY ,2018-09-15 09:42:32,3007
INFY ,2018-09-15 10:42:32,3007
INFY ,2018-09-15 11:42:32,3007
INFY ,2018-09-15 12:42:33,3007
INFY ,2018-09-15 13:42:32,3007
INFY ,2018-09-15 14:42:31,3007
INFY ,2018-09-15 15:42:32,3007
INFY ,2018-09-15 16:42:31,3007
INFY ,2018-09-15 17:42:31,3007
INFY ,2018-09-15 18:42:31,3007
INFY ,2018-09-15 19:42:32,3007
INFY ,2018-09-15 20:42:33,3007
INFY ,2018-09-15 21:42:31,3007
INFY ,2018-09-15 22:42:31,3007
INFY ,2018-09-15 23:42:31,3007
INFY ,2018-09-16 00:42:32,3007
INFY ,2018-09-16 01:42:32,3007
INFY ,2018-09-16 02:42:33,3007
INFY ,2018-09-16 03:42:31,3007
INFY ,2018-09-16 04:42:33,3007
INFY ,2018-09-16 05:42:32,3007
INFY ,2018-09-16 06:42:33,3007
INFY ,2018-09-16 07:42:31,3007
INFY ,2018-09-16 08:42:32,3007
INFY ,2018-09-16 09:42:32,3007
INFY ,2018-09-16 10:42:31,3007
INFY ,2018-09-16 11:42:32,3007
INFY ,2018-09-16 12:42:32,3007
INFY ,2018-09-16 13:42:32,3007
INFY ,2018-09-16 14:42:32,3007
INFY ,2018-09-16 15:42:33,3007
INFY ,2018-09-16 16:42:32,3007
INFY ,2018-09-16 17:42:32,3007
INFY ,2018-09-16 18:42:33,3007
INFY ,2018-09-16 19:42:31,3007
INFY ,2018-09-16 20:42:32,3007
INFY ,2018-09-16 21:42:32,3007
INFY ,2018-09-16 22:42:32,3007
INFY ,2018-09-16 23:42:32,3007
INFY ,2018-09-17 00:42:32,3007
INFY ,2018-09-17 01:42:32,3007
INFY ,2018-09-17 02:42:32,3007
INFY ,2018-09-17 03:42:32,3007
INFY ,2018-09-17 04:42:32,3007
INFY ,2018-09-17 05:42:31,3007
INFY ,2018-09-17 06:42:32,3007
INFY ,2018-09-17 07:42:32,3007
INFY ,2018-09-17 08:42:33,3007
INFY ,2018-09-17 09:42:32,3007
INFY ,2018-09-17 10:42:33,3007
INFY ,2018-09-17 11:42:32,3007
INFY ,2018-09-17 12:42:31,3007
INFY ,2018-09-17 13:42:37,3009
INFY ,2018-09-17 14:42:33,3011
INFY ,2018-09-17 15:42:38,3004
INFY ,2018-09-17 16:42:34,3000
INFY ,2018-09-17 17:42:32,2998
INFY ,2018-09-17 18:42:32,2993
INFY ,2018-09-17 19:42:33,2992
INFY ,2018-09-17 20:42:32,2991
INFY ,2018-09-17 21:42:32,2991
INFY ,2018-09-17 22:42:31,2996
INFY ,2018-09-17 23:42:32,2996
INFY ,2018-09-18 00:42:32,2996
INFY ,2018-09-18 01:42:32,2996
INFY ,2018-09-18 02:42:32,2996
INFY ,2018-09-18 03:42:32,2996
INFY ,2018-09-18 04:42:33,2996
INFY ,2018-09-18 05:42:32,2996
INFY ,2018-09-18 06:42:32,2996
INFY ,2018-09-18 07:42:31,2996
INFY ,2018-09-18 08:42:32,2996
INFY ,2018-09-18 09:42:32,2996
INFY ,2018-09-18 10:42:31,2996
INFY ,2018-09-18 11:42:31,2996
INFY ,2018-09-18 12:42:33,2996
INFY ,2018-09-18 13:42:36,2996
INFY ,2018-09-18 14:42:34,2992
INFY ,2018-09-18 15:42:33,2985
INFY ,2018-09-18 16:42:35,2980
INFY ,2018-09-18 17:42:35,2977
INFY ,2018-09-18 18:42:35,2972
INFY ,2018-09-18 19:42:36,2974
INFY ,2018-09-18 20:42:33,2974
INFY ,2018-09-18 21:42:32,2976
INFY ,2018-09-18 22:42:33,2977
INFY ,2018-09-18 23:42:33,2977
INFY ,2018-09-19 00:42:34,2977
INFY ,2018-09-19 01:42:34,2977
INFY ,2018-09-19 02:42:34,2977
INFY ,2018-09-19 03:42:33,2977
INFY ,2018-09-19 04:42:33,2977
INFY ,2018-09-19 05:42:33,2977
INFY ,2018-09-19 06:42:34,2977
INFY ,2018-09-19 07:42:33,2977
INFY ,2018-09-19 08:42:33,2977
INFY ,2018-09-19 09:42:33,2977
INFY ,2018-09-19 10:42:31,2977
INFY ,2018-09-19 11:42:31,2977
INFY ,2018-09-19 12:42:33,2977
INFY ,2018-09-19 13:43:20,2977
INFY ,2018-09-19 14:42:38,2983
INFY ,2018-09-19 15:42:37,2983
INFY ,2018-09-19 16:42:34,2984
INFY ,2018-09-19 17:42:34,2987
INFY ,2018-09-19 18:42:34,2989
INFY ,2018-09-19 19:42:41,2981
INFY ,2018-09-19 20:42:33,2987
INFY ,2018-09-19 21:42:33,2986
INFY ,2018-09-19 22:42:33,2987
INFY ,2018-09-19 23:42:33,2987
INFY ,2018-09-20 00:42:34,2987
INFY ,2018-09-20 01:42:36,2987
INFY ,2018-09-20 02:42:35,2987
INFY ,2018-09-20 03:42:38,2987
INFY ,2018-09-20 04:42:34,2987
INFY ,2018-09-20 05:42:34,2987
INFY ,2018-09-20 06:42:33,2987
INFY ,2018-09-20 07:42:32,2987
INFY ,2018-09-20 08:42:35,2987
INFY ,2018-09-20 09:43:18,2987
INFY ,2018-09-20 10:42:33,2987
INFY ,2018-09-20 11:42:33,2987
INFY ,2018-09-20 13:08:38,2986
INFY ,2018-09-20 14:42:38,2987
INFY ,2018-09-20 15:42:35,2988
INFY ,2018-09-20 16:42:35,2991
INFY ,2018-09-20 17:42:33,2991
INFY ,2018-09-20 18:42:34,2997
INFY ,2018-09-20 19:42:35,2997
INFY ,2018-09-20 20:42:34,2998
INFY ,2018-09-20 21:42:33,2996
INFY ,2018-09-20 22:42:33,2996
INFY ,2018-09-20 23:42:33,2996
INFY ,2018-09-21 00:42:35,2996
INFY ,2018-09-21 01:42:34,2996
INFY ,2018-09-21 02:42:34,2996
INFY ,2018-09-21 03:42:33,2996
INFY ,2018-09-21 04:42:36,2996
INFY ,2018-09-21 05:43:04,2996
INFY ,2018-09-21 06:42:33,2996
INFY ,2018-09-21 07:42:34,2996
INFY ,2018-09-21 08:42:33,2996
INFY ,2018-09-21 09:42:33,2996
INFY ,2018-09-21 10:42:33,2997
INFY ,2018-09-21 11:42:33,2997
INFY ,2018-09-21 13:10:07,2998
INFY ,2018-09-21 13:42:39,2998
INFY ,2018-09-21 14:42:34,3001
INFY ,2018-09-21 15:42:35,3010
INFY ,2018-09-21 16:42:35,3012
INFY ,2018-09-21 17:42:34,3009
INFY ,2018-09-21 18:42:34,3010
INFY ,2018-09-21 19:42:35,3016
INFY ,2018-09-21 20:42:33,3017
INFY ,2018-09-21 21:42:33,3017
INFY ,2018-09-21 22:42:32,3018
INFY ,2018-09-21 23:42:33,3018
INFY ,2018-09-22 00:42:33,3018
INFY ,2018-09-22 01:42:33,3018
INFY ,2018-09-22 02:42:33,3018
INFY ,2018-09-22 03:42:33,3018
INFY ,2018-09-22 04:42:34,3018
INFY ,2018-09-22 05:42:33,3018
INFY ,2018-09-22 06:42:33,3018
INFY ,2018-09-22 07:42:33,3018
INFY ,2018-09-22 08:42:32,3018
INFY ,2018-09-22 09:42:33,3018
INFY ,2018-09-22 10:42:33,3018
INFY ,2018-09-22 11:42:33,3018
INFY ,2018-09-22 12:42:33,3018
INFY ,2018-09-22 13:42:34,3018
INFY ,2018-09-22 14:42:34,3018
INFY ,2018-09-22 15:42:34,3018
INFY ,2018-09-22 16:42:33,3018
INFY ,2018-09-22 17:42:34,3018
INFY ,2018-09-22 18:42:33,3018
INFY ,2018-09-22 19:42:34,3018
INFY ,2018-09-22 20:42:33,3018
INFY ,2018-09-22 21:42:33,3018
INFY ,2018-09-22 22:42:33,3018
INFY ,2018-09-22 23:42:33,3018
INFY ,2018-09-23 00:42:34,3018
INFY ,2018-09-23 01:42:34,3018
INFY ,2018-09-23 02:42:33,3018
INFY ,2018-09-23 03:42:34,3018
INFY ,2018-09-23 04:42:35,3018
INFY ,2018-09-23 05:42:33,3018
INFY ,2018-09-23 06:42:33,3018
INFY ,2018-09-23 07:42:34,3018
INFY ,2018-09-23 08:42:33,3018
INFY ,2018-09-23 09:42:33,3018
INFY ,2018-09-23 10:42:33,3018
INFY ,2018-09-23 11:42:34,3018
INFY ,2018-09-23 12:42:33,3018
INFY ,2018-09-23 13:42:34,3018
INFY ,2018-09-23 14:42:34,3018
INFY ,2018-09-23 15:42:33,3018
INFY ,2018-09-23 16:42:34,3018
INFY ,2018-09-23 17:42:33,3018
INFY ,2018-09-23 18:42:33,3018
INFY ,2018-09-23 19:42:33,3018
INFY ,2018-09-23 20:42:32,3018
INFY ,2018-09-23 21:42:34,3018
INFY ,2018-09-23 22:42:34,3018
INFY ,2018-09-23 23:42:34,3018
INFY ,2018-09-24 00:42:33,3018
INFY ,2018-09-24 01:42:34,3018
INFY ,2018-09-24 02:42:33,3018
INFY ,2018-09-24 03:42:33,3018
INFY ,2018-09-24 04:42:34,3018
INFY ,2018-09-24 05:42:33,3018
INFY ,2018-09-24 06:42:33,3018
INFY ,2018-09-24 07:42:34,3018
INFY ,2018-09-24 08:42:33,3018
INFY ,2018-09-24 09:42:33,3017
INFY ,2018-09-24 10:42:32,3017
INFY ,2018-09-24 11:42:34,3017
INFY ,2018-09-24 12:42:33,3017
INFY ,2018-09-24 13:42:39,3016
INFY ,2018-09-24 14:42:34,3017
INFY ,2018-09-24 15:42:33,3032
INFY ,2018-09-24 16:42:33,3034
INFY ,2018-09-24 17:42:34,3031
INFY ,2018-09-24 18:42:34,3032
INFY ,2018-09-24 19:42:34,3035
INFY ,2018-09-24 20:42:34,3044
INFY ,2018-09-24 21:42:33,3045
INFY ,2018-09-24 22:42:33,3044
INFY ,2018-09-24 23:42:34,3044
INFY ,2018-09-25 00:42:34,3044
INFY ,2018-09-25 01:42:33,3044
INFY ,2018-09-25 02:42:32,3044
INFY ,2018-09-25 03:42:33,3044
INFY ,2018-09-25 04:42:34,3044
INFY ,2018-09-25 05:42:33,3044
INFY ,2018-09-25 06:42:33,3044
INFY ,2018-09-25 07:42:33,3044
INFY ,2018-09-25 08:42:33,3044
INFY ,2018-09-25 09:42:33,3044
INFY ,2018-09-25 10:42:33,3043
INFY ,2018-09-25 11:42:34,3043
INFY ,2018-09-25 12:42:34,3043
INFY ,2018-09-25 13:42:37,3043
INFY ,2018-09-25 14:42:36,3048
INFY ,2018-09-25 15:42:34,3047
INFY ,2018-09-25 16:42:35,3036
INFY ,2018-09-25 17:42:33,3037
INFY ,2018-09-25 18:42:34,3039
INFY ,2018-09-25 19:42:34,3038
INFY ,2018-09-25 20:42:34,3039
INFY ,2018-09-25 21:42:34,3039
INFY ,2018-09-25 22:42:34,3040
INFY ,2018-09-25 23:42:34,3040
INFY ,2018-09-26 00:42:35,3040
INFY ,2018-09-26 01:42:36,3040
INFY ,2018-09-26 02:42:36,3040
INFY ,2018-09-26 03:42:36,3040
INFY ,2018-09-26 04:42:34,3040
INFY ,2018-09-26 05:42:34,3040
INFY ,2018-09-26 06:42:34,3040
INFY ,2018-09-26 07:42:33,3040
INFY ,2018-09-26 08:42:35,3040
INFY ,2018-09-26 09:42:34,3040
INFY ,2018-09-26 10:42:33,3040
INFY ,2018-09-26 11:42:33,3040
INFY ,2018-09-26 13:09:09,3040
INFY ,2018-09-26 13:42:40,3040
INFY ,2018-09-26 14:42:36,3046
INFY ,2018-09-26 15:42:36,3047
INFY ,2018-09-26 16:42:37,3051
INFY ,2018-09-26 17:42:35,3050
INFY ,2018-09-26 18:42:37,3047
INFY ,2018-09-26 19:42:36,3049
INFY ,2018-09-26 20:42:35,3045
INFY ,2018-09-26 21:42:35,3045
INFY ,2018-09-26 22:42:34,3045
INFY ,2018-09-26 23:42:35,3045
INFY ,2018-09-27 00:42:36,3045
INFY ,2018-09-27 01:42:34,3045
INFY ,2018-09-27 02:42:36,3045
INFY ,2018-09-27 03:42:35,3045
INFY ,2018-09-27 04:42:35,3045
INFY ,2018-09-27 05:42:35,3045
INFY ,2018-09-27 06:42:35,3045
INFY ,2018-09-27 07:42:35,3045
INFY ,2018-09-27 08:42:34,3045
INFY ,2018-09-27 09:42:35,3045
INFY ,2018-09-27 10:42:35,3045
INFY ,2018-09-27 11:42:35,3045
INFY ,2018-09-27 12:42:34,3045
INFY ,2018-09-27 13:42:37,3045
INFY ,2018-09-27 14:42:36,3043
INFY ,2018-09-27 15:42:36,3044
INFY ,2018-09-27 17:08:16,3048
INFY ,2018-09-27 17:42:37,3048
INFY ,2018-09-27 18:42:38,3051
INFY ,2018-09-27 19:42:36,3052
INFY ,2018-09-27 20:42:36,3052
INFY ,2018-09-27 21:42:35,3052
INFY ,2018-09-27 22:42:35,3052
INFY ,2018-09-27 23:42:36,3052
INFY ,2018-09-28 00:42:37,3052
INFY ,2018-09-28 01:42:36,3052
INFY ,2018-09-28 02:42:34,3052
INFY ,2018-09-28 03:42:35,3052
INFY ,2018-09-28 04:42:35,3052
INFY ,2018-09-28 05:42:35,3052
INFY ,2018-09-28 06:42:36,3052
INFY ,2018-09-28 07:42:36,3052
INFY ,2018-09-28 08:42:35,3052
INFY ,2018-09-28 09:42:36,3052
INFY ,2018-09-28 10:42:36,3052
INFY ,2018-09-28 11:42:36,3052
INFY ,2018-09-28 12:42:36,3052
INFY ,2018-09-28 13:42:39,3052
INFY ,2018-09-28 14:42:37,3050
INFY ,2018-09-28 15:42:39,3052
INFY ,2018-09-28 16:42:37,3056
INFY ,2018-09-28 17:42:37,3053
INFY ,2018-09-28 18:42:38,3061
INFY ,2018-09-28 19:42:38,3060
INFY ,2018-09-28 20:42:36,3062
INFY ,2018-09-28 21:42:36,3064
INFY ,2018-09-28 22:42:36,3064
INFY ,2018-09-28 23:42:35,3064
INFY ,2018-09-29 00:42:35,3064
INFY ,2018-09-29 01:42:37,3064
INFY ,2018-09-29 02:42:41,3064
INFY ,2018-09-29 03:42:36,3064
INFY ,2018-09-29 04:42:35,3064
INFY ,2018-09-29 05:42:35,3064
INFY ,2018-09-29 06:42:34,3064
INFY ,2018-09-29 07:42:35,3064
INFY ,2018-09-29 08:42:35,3064
INFY ,2018-09-29 09:42:35,3064
INFY ,2018-09-29 10:42:35,3064
INFY ,2018-09-29 11:42:36,3064
INFY ,2018-09-29 12:42:35,3064
INFY ,2018-09-29 13:42:36,3064
INFY ,2018-09-29 14:42:36,3064
INFY ,2018-09-29 15:42:36,3064
INFY ,2018-09-29 16:42:35,3064
INFY ,2018-09-29 17:42:35,3064
INFY ,2018-09-29 18:42:36,3064
INFY ,2018-09-29 19:42:35,3064
INFY ,2018-09-29 20:42:35,3064
INFY ,2018-09-29 21:42:35,3064
INFY ,2018-09-29 22:42:35,3064
INFY ,2018-09-29 23:42:35,3064
INFY ,2018-09-30 00:42:36,3064
INFY ,2018-09-30 01:42:35,3064
INFY ,2018-09-30 02:42:34,3064
INFY ,2018-09-30 03:42:35,3064
INFY ,2018-09-30 04:42:35,3064
INFY ,2018-09-30 05:42:34,3064
INFY ,2018-09-30 06:42:34,3064
INFY ,2018-09-30 07:42:33,3064
INFY ,2018-09-30 08:42:34,3064
INFY ,2018-09-30 09:42:33,3064
INFY ,2018-09-30 10:42:34,3064
INFY ,2018-09-30 11:42:34,3064
INFY ,2018-09-30 12:42:34,3064
INFY ,2018-09-30 13:42:35,3064
INFY ,2018-09-30 14:42:34,3064
INFY ,2018-09-30 15:42:34,3064
INFY ,2018-09-30 16:42:35,3064
INFY ,2018-09-30 17:42:34,3064
INFY ,2018-09-30 18:42:34,3064
INFY ,2018-09-30 19:42:35,3064
INFY ,2018-09-30 20:42:34,3064
INFY ,2018-09-30 21:42:34,3064
INFY ,2018-09-30 22:42:35,3064
INFY ,2018-09-30 23:42:36,3064
INFY ,2018-10-01 00:42:37,3064
INFY ,2018-10-01 01:42:35,3064
INFY ,2018-10-01 02:42:36,3064
INFY ,2018-10-01 03:42:36,3064
INFY ,2018-10-01 04:42:35,3064
INFY ,2018-10-01 05:42:36,3064
INFY ,2018-10-01 06:42:35,3064
INFY ,2018-10-01 07:42:35,3064
INFY ,2018-10-01 08:42:36,3064
INFY ,2018-10-01 09:42:34,3064
INFY ,2018-10-01 10:42:32,3064
INFY ,2018-10-01 11:42:34,3064
INFY ,2018-10-01 12:42:34,3064
INFY ,2018-10-01 14:07:49,3071
INFY ,2018-10-01 14:42:37,3071
INFY ,2018-10-01 15:42:35,3069
INFY ,2018-10-01 16:42:36,3068
INFY ,2018-10-01 17:42:38,3072
INFY ,2018-10-01 18:42:35,3077
INFY ,2018-10-01 19:42:36,3077
INFY ,2018-10-01 20:42:34,3078
INFY ,2018-10-01 21:42:35,3079
INFY ,2018-10-01 22:42:34,3080
INFY ,2018-10-01 23:42:35,3080
INFY ,2018-10-02 00:42:37,3080
INFY ,2018-10-02 01:42:35,3080
INFY ,2018-10-02 02:42:35,3080
INFY ,2018-10-02 03:42:35,3080
INFY ,2018-10-02 04:42:35,3080
INFY ,2018-10-02 05:42:34,3080
INFY ,2018-10-02 06:42:35,3080
INFY ,2018-10-02 07:42:35,3080
INFY ,2018-10-02 08:42:34,3080
INFY ,2018-10-02 09:42:34,3080
INFY ,2018-10-02 10:42:34,3080
INFY ,2018-10-02 11:42:35,3080
INFY ,2018-10-02 12:42:34,3080
INFY ,2018-10-02 13:42:38,3080
INFY ,2018-10-02 14:42:37,3088
INFY ,2018-10-02 15:42:36,3080
INFY ,2018-10-02 16:42:36,3078
INFY ,2018-10-02 17:42:35,3077
INFY ,2018-10-02 18:42:35,3078
INFY ,2018-10-02 19:42:35,3081
INFY ,2018-10-02 20:42:36,3079
INFY ,2018-10-02 21:42:35,3079
INFY ,2018-10-02 22:42:35,3078
INFY ,2018-10-02 23:42:35,3078
INFY ,2018-10-03 00:42:35,3078
INFY ,2018-10-03 01:42:34,3078
INFY ,2018-10-03 02:43:05,3078
INFY ,2018-10-03 03:42:36,3078
INFY ,2018-10-03 04:42:37,3078
INFY ,2018-10-03 05:42:36,3078
INFY ,2018-10-03 06:42:35,3078
INFY ,2018-10-03 07:42:36,3078
INFY ,2018-10-03 08:42:36,3078
INFY ,2018-10-03 09:42:36,3078
INFY ,2018-10-03 10:42:36,3078
INFY ,2018-10-03 11:42:36,3078
INFY ,2018-10-03 12:42:35,3078
INFY ,2018-10-03 13:43:47,3080
INFY ,2018-10-03 15:07:42,3099
INFY ,2018-10-03 15:42:37,3099
INFY ,2018-10-03 16:42:38,3100
INFY ,2018-10-03 17:42:37,3102
INFY ,2018-10-03 18:42:36,3108
INFY ,2018-10-03 19:42:36,3109
INFY ,2018-10-03 20:42:35,3111
INFY ,2018-10-03 21:42:36,3111
INFY ,2018-10-03 22:42:37,3111
INFY ,2018-10-03 23:42:36,3111
INFY ,2018-10-04 00:42:36,3111
INFY ,2018-10-04 01:42:37,3111
INFY ,2018-10-04 02:42:36,3111
INFY ,2018-10-04 03:42:35,3111
INFY ,2018-10-04 04:42:35,3111
INFY ,2018-10-04 05:42:36,3111
INFY ,2018-10-04 06:42:35,3111
INFY ,2018-10-04 07:42:36,3111
INFY ,2018-10-04 08:42:34,3111
INFY ,2018-10-04 09:42:35,3111
INFY ,2018-10-04 10:42:35,3110
INFY ,2018-10-04 11:42:35,3110
INFY ,2018-10-04 12:42:36,3110
INFY ,2018-10-04 14:08:45,3132
INFY ,2018-10-04 14:42:36,3132
INFY ,2018-10-04 15:42:36,3132
INFY ,2018-10-04 16:42:39,3128
INFY ,2018-10-04 17:42:37,3125
INFY ,2018-10-04 18:42:36,3125
INFY ,2018-10-04 19:42:37,3130
INFY ,2018-10-04 20:42:36,3129
INFY ,2018-10-04 21:42:36,3128
INFY ,2018-10-04 22:42:36,3130
INFY ,2018-10-04 23:42:35,3130
INFY ,2018-10-05 00:42:36,3130
INFY ,2018-10-05 01:42:36,3130
INFY ,2018-10-05 02:42:36,3130
INFY ,2018-10-05 03:42:36,3130
INFY ,2018-10-05 04:42:37,3130
INFY ,2018-10-05 05:42:37,3130
INFY ,2018-10-05 06:42:36,3130
INFY ,2018-10-05 07:42:36,3130
INFY ,2018-10-05 08:42:35,3130
INFY ,2018-10-05 09:42:36,3130
INFY ,2018-10-05 10:42:36,3130
INFY ,2018-10-05 11:42:35,3130
INFY ,2018-10-05 12:42:36,3130
INFY ,2018-10-05 13:42:40,3130
INFY ,2018-10-05 14:42:37,3139
INFY ,2018-10-05 15:42:39,3133
INFY ,2018-10-05 16:42:38,3136
INFY ,2018-10-05 17:42:39,3134
INFY ,2018-10-05 18:42:38,3135
INFY ,2018-10-05 19:42:36,3137
INFY ,2018-10-05 20:42:35,3137
INFY ,2018-10-05 21:42:35,3137
INFY ,2018-10-05 22:42:36,3138
INFY ,2018-10-05 23:42:35,3138
INFY ,2018-10-06 00:42:36,3138
INFY ,2018-10-06 01:42:36,3138
INFY ,2018-10-06 02:42:37,3138
INFY ,2018-10-06 03:42:36,3138
INFY ,2018-10-06 04:42:36,3138
INFY ,2018-10-06 05:42:36,3138
INFY ,2018-10-06 06:42:36,3138
INFY ,2018-10-06 07:42:36,3138
INFY ,2018-10-06 08:42:35,3138
INFY ,2018-10-06 09:42:36,3138
INFY ,2018-10-06 10:42:36,3138
INFY ,2018-10-06 11:42:35,3138
INFY ,2018-10-06 12:42:36,3138
INFY ,2018-10-06 13:42:35,3138
INFY ,2018-10-06 14:42:36,3138
INFY ,2018-10-06 15:42:36,3138
INFY ,2018-10-06 16:42:36,3138
INFY ,2018-10-06 17:42:36,3138
INFY ,2018-10-06 18:42:36,3138
INFY ,2018-10-06 19:42:37,3138
INFY ,2018-10-06 20:42:36,3138
INFY ,2018-10-06 21:42:36,3138
INFY ,2018-10-06 22:42:36,3138
INFY ,2018-10-06 23:42:36,3138
INFY ,2018-10-07 00:42:36,3138
INFY ,2018-10-07 01:42:36,3138
INFY ,2018-10-07 02:42:36,3138
INFY ,2018-10-07 03:42:36,3138
INFY ,2018-10-07 04:42:36,3138
INFY ,2018-10-07 05:42:37,3138
INFY ,2018-10-07 06:42:36,3138
INFY ,2018-10-07 07:42:36,3138
INFY ,2018-10-07 08:42:35,3138
INFY ,2018-10-07 09:42:35,3138
INFY ,2018-10-07 10:42:35,3138
INFY ,2018-10-07 11:42:35,3138
INFY ,2018-10-07 12:42:36,3138
INFY ,2018-10-07 13:42:36,3138
INFY ,2018-10-07 14:42:36,3138
INFY ,2018-10-07 15:42:36,3138
INFY ,2018-10-07 16:42:37,3138
INFY ,2018-10-07 17:42:36,3138
INFY ,2018-10-07 18:42:36,3138
INFY ,2018-10-07 19:42:36,3138
INFY ,2018-10-07 20:42:36,3138
INFY ,2018-10-07 21:42:36,3138
INFY ,2018-10-07 22:42:36,3138
INFY ,2018-10-07 23:42:36,3138
INFY ,2018-10-08 00:42:36,3138
INFY ,2018-10-08 01:42:35,3138
INFY ,2018-10-08 02:42:37,3138
INFY ,2018-10-08 03:42:35,3138
INFY ,2018-10-08 04:42:35,3138
INFY ,2018-10-08 05:42:35,3138
INFY ,2018-10-08 06:42:36,3138
INFY ,2018-10-08 07:42:35,3138
INFY ,2018-10-08 08:42:35,3138
INFY ,2018-10-08 09:42:35,3138
INFY ,2018-10-08 10:42:35,3138
INFY ,2018-10-08 11:42:35,3138
INFY ,2018-10-08 12:42:35,3138
INFY ,2018-10-08 13:42:42,3142
INFY ,2018-10-08 14:42:37,3176
INFY ,2018-10-08 15:42:38,3178
INFY ,2018-10-08 16:42:38,3185
INFY ,2018-10-08 17:42:37,3188
INFY ,2018-10-08 18:42:37,3193
INFY ,2018-10-08 19:42:37,3195
INFY ,2018-10-08 20:42:36,3194
INFY ,2018-10-08 21:42:35,3195
INFY ,2018-10-08 22:42:35,3195
INFY ,2018-10-08 23:42:36,3195
INFY ,2018-10-09 00:42:35,3195
INFY ,2018-10-09 01:43:05,3195
INFY ,2018-10-09 02:42:34,3195
INFY ,2018-10-09 03:42:40,3195
INFY ,2018-10-09 04:42:34,3195
INFY ,2018-10-09 05:42:35,3195
INFY ,2018-10-09 06:42:34,3195
INFY ,2018-10-09 07:42:34,3195
INFY ,2018-10-09 08:42:34,3195
INFY ,2018-10-09 09:42:34,3195
INFY ,2018-10-09 10:42:34,3195
INFY ,2018-10-09 11:42:35,3195
INFY ,2018-10-09 12:42:34,3195
INFY ,2018-10-09 13:42:40,3196
INFY ,2018-10-09 14:42:38,3196
INFY ,2018-10-09 15:42:36,3200
INFY ,2018-10-09 16:42:35,3201
INFY ,2018-10-09 17:42:34,3203
INFY ,2018-10-09 18:42:35,3202
INFY ,2018-10-09 19:42:34,3203
INFY ,2018-10-09 21:42:33,3200
INFY ,2018-10-09 22:42:35,3199
INFY ,2018-10-09 23:42:34,3199
INFY ,2018-10-10 00:42:34,3199
INFY ,2018-10-10 01:42:35,3199
INFY ,2018-10-10 02:42:35,3199
INFY ,2018-10-10 03:42:39,3199
INFY ,2018-10-10 04:42:35,3199
INFY ,2018-10-10 05:42:35,3199
INFY ,2018-10-10 06:42:34,3199
INFY ,2018-10-10 07:42:35,3199
INFY ,2018-10-10 08:42:35,3199
INFY ,2018-10-10 09:42:34,3199
INFY ,2018-10-10 10:42:35,3199
INFY ,2018-10-10 11:42:34,3199
INFY ,2018-10-10 12:42:34,3199
INFY ,2018-10-10 13:42:39,3200
INFY ,2018-10-10 14:42:37,3203
INFY ,2018-10-10 15:42:37,3202
INFY ,2018-10-10 16:42:35,3198
INFY ,2018-10-10 17:42:35,3198
INFY ,2018-10-10 18:42:36,3199
INFY ,2018-10-10 19:42:40,3201
INFY ,2018-10-10 20:42:36,3201
INFY ,2018-10-10 21:42:35,3202
INFY ,2018-10-10 22:42:35,3206
INFY ,2018-10-10 23:42:36,3206
INFY ,2018-10-11 00:42:36,3206
INFY ,2018-10-11 01:42:35,3206
INFY ,2018-10-11 02:42:34,3206
INFY ,2018-10-11 03:42:34,3206
INFY ,2018-10-11 04:42:33,3206
INFY ,2018-10-11 05:42:33,3206
INFY ,2018-10-11 06:42:34,3206
INFY ,2018-10-11 07:42:33,3206
INFY ,2018-10-11 08:42:35,3206
INFY ,2018-10-11 09:42:34,3206
INFY ,2018-10-11 10:42:35,3206
INFY ,2018-10-11 11:42:34,3206
INFY ,2018-10-11 12:42:34,3206
INFY ,2018-10-11 13:42:38,3206
INFY ,2018-10-11 14:42:34,3206
INFY ,2018-10-11 15:42:36,3208
INFY ,2018-10-11 16:42:37,3206
INFY ,2018-10-11 17:42:36,3206
INFY ,2018-10-11 18:42:38,3207
INFY ,2018-10-11 19:42:36,3208
INFY ,2018-10-11 20:42:35,3209
INFY ,2018-10-11 21:42:35,3209
INFY ,2018-10-11 22:42:34,3208
INFY ,2018-10-11 23:42:36,3208
INFY ,2018-10-12 00:42:34,3208
INFY ,2018-10-12 01:42:34,3208
INFY ,2018-10-12 02:42:35,3208
INFY ,2018-10-12 03:42:34,3208
INFY ,2018-10-12 04:42:35,3208
INFY ,2018-10-12 05:42:34,3208
INFY ,2018-10-12 06:42:34,3208
INFY ,2018-10-12 07:42:34,3208
INFY ,2018-10-12 08:42:34,3208
INFY ,2018-10-12 09:42:35,3208
INFY ,2018-10-12 10:42:35,3208
INFY ,2018-10-12 11:42:35,3208
INFY ,2018-10-12 12:42:34,3208
INFY ,2018-10-12 13:42:39,3208
INFY ,2018-10-12 14:42:35,3209
INFY ,2018-10-12 15:42:36,3210
INFY ,2018-10-12 16:42:36,3211
INFY ,2018-10-12 17:42:35,3217
INFY ,2018-10-12 18:42:34,3216
INFY ,2018-10-12 19:42:35,3222
INFY ,2018-10-12 20:42:34,3220
INFY ,2018-10-12 21:42:34,3220
INFY ,2018-10-12 22:42:35,3219
INFY ,2018-10-12 23:42:34,3219
INFY ,2018-10-13 00:42:34,3219
INFY ,2018-10-13 01:42:35,3219
INFY ,2018-10-13 02:42:35,3219
INFY ,2018-10-13 03:42:35,3219
INFY ,2018-10-13 04:42:35,3219
INFY ,2018-10-13 05:42:34,3219
INFY ,2018-10-13 06:42:34,3219
INFY ,2018-10-13 07:42:35,3219
INFY ,2018-10-13 08:42:35,3219
INFY ,2018-10-13 09:42:35,3219
INFY ,2018-10-13 10:42:35,3219
INFY ,2018-10-13 11:42:34,3219
INFY ,2018-10-13 12:42:34,3219
INFY ,2018-10-13 13:42:34,3219
INFY ,2018-10-13 14:42:35,3219
INFY ,2018-10-13 15:42:35,3219
INFY ,2018-10-13 16:42:34,3219
INFY ,2018-10-13 17:42:35,3219
INFY ,2018-10-13 18:42:35,3219
INFY ,2018-10-13 19:42:35,3219
INFY ,2018-10-13 20:42:35,3219
INFY ,2018-10-13 21:42:35,3219
INFY ,2018-10-13 22:42:36,3219
INFY ,2018-10-13 23:42:35,3219
INFY ,2018-10-14 00:42:35,3219
INFY ,2018-10-14 01:42:35,3219
INFY ,2018-10-14 02:42:34,3219
INFY ,2018-10-14 03:42:34,3219
INFY ,2018-10-14 04:42:35,3219
INFY ,2018-10-14 05:42:34,3219
INFY ,2018-10-14 06:42:34,3219
INFY ,2018-10-14 07:42:35,3219
INFY ,2018-10-14 08:42:34,3219
INFY ,2018-10-14 09:42:34,3219
INFY ,2018-10-14 10:42:34,3219
INFY ,2018-10-14 11:42:34,3219
INFY ,2018-10-14 12:42:34,3219
INFY ,2018-10-14 13:42:34,3219
INFY ,2018-10-14 14:42:34,3219
INFY ,2018-10-14 15:42:35,3219
INFY ,2018-10-14 16:42:33,3219
INFY ,2018-10-14 17:42:34,3219
INFY ,2018-10-14 18:42:34,3219
INFY ,2018-10-14 19:42:35,3219
INFY ,2018-10-14 20:42:34,3219
INFY ,2018-10-14 21:42:35,3219
INFY ,2018-10-14 22:42:34,3219
INFY ,2018-10-14 23:42:35,3219
INFY ,2018-10-15 00:42:36,3219
INFY ,2018-10-15 01:42:34,3219
INFY ,2018-10-15 02:42:34,3219
INFY ,2018-10-15 03:42:35,3219
INFY ,2018-10-15 04:42:34,3219
INFY ,2018-10-15 05:42:35,3219
INFY ,2018-10-15 06:42:35,3219
INFY ,2018-10-15 07:42:35,3219
INFY ,2018-10-15 08:42:47,3219
INFY ,2018-10-15 09:42:34,3219
INFY ,2018-10-15 10:42:35,3219
INFY ,2018-10-15 11:42:34,3219
INFY ,2018-10-15 12:42:35,3219
INFY ,2018-10-15 13:42:40,3219
INFY ,2018-10-15 14:42:37,3241
INFY ,2018-10-15 15:42:37,3256
INFY ,2018-10-15 16:42:38,3269
INFY ,2018-10-15 17:42:37,3279
INFY ,2018-10-15 18:42:36,3292
INFY ,2018-10-15 19:42:36,3303
INFY ,2018-10-15 20:42:38,3351
INFY ,2018-10-15 21:42:38,3364
INFY ,2018-10-15 22:42:36,3364
INFY ,2018-10-15 23:42:37,3364
INFY ,2018-10-16 00:42:37,3364
INFY ,2018-10-16 01:42:39,3364
INFY ,2018-10-16 02:42:36,3364
INFY ,2018-10-16 03:42:36,3364
INFY ,2018-10-16 04:42:37,3364
INFY ,2018-10-16 09:42:35,3364
INFY ,2018-10-16 10:42:35,3364
INFY ,2018-10-16 11:42:34,3364
INFY ,2018-10-16 12:42:36,3364
INFY ,2018-10-16 13:42:40,3373
INFY ,2018-10-16 14:42:38,3433
INFY ,2018-10-16 15:42:38,3433
INFY ,2018-10-16 16:42:36,3421
INFY ,2018-10-16 17:42:38,3409
INFY ,2018-10-16 18:42:39,3399
INFY ,2018-10-16 19:42:39,3399
INFY ,2018-10-16 20:42:37,3399
INFY ,2018-10-16 21:42:36,3403
INFY ,2018-10-16 22:42:37,3404
INFY ,2018-10-16 23:42:37,3404
INFY ,2018-10-17 00:42:36,3404
INFY ,2018-10-17 01:42:37,3404
INFY ,2018-10-17 02:42:36,3404
INFY ,2018-10-17 03:42:36,3404
INFY ,2018-10-17 04:42:36,3404
INFY ,2018-10-17 05:42:37,3404
INFY ,2018-10-17 06:42:36,3404
INFY ,2018-10-17 07:42:36,3404
INFY ,2018-10-17 08:42:36,3404
INFY ,2018-10-17 09:42:36,3404
INFY ,2018-10-17 10:42:35,3404
INFY ,2018-10-17 11:42:35,3404
INFY ,2018-10-17 12:42:36,3404
INFY ,2018-10-17 14:08:40,3437
INFY ,2018-10-17 14:42:36,3437
INFY ,2018-10-17 15:42:38,3436
INFY ,2018-10-17 16:42:37,3435
INFY ,2018-10-17 17:42:38,3435
INFY ,2018-10-17 18:42:37,3432
INFY ,2018-10-17 19:42:37,3437
INFY ,2018-10-17 20:42:37,3440
INFY ,2018-10-17 21:42:37,3441
INFY ,2018-10-17 22:42:36,3439
INFY ,2018-10-17 23:42:36,3439
INFY ,2018-10-18 00:42:37,3439
INFY ,2018-10-18 01:42:36,3439
INFY ,2018-10-18 02:42:37,3439
INFY ,2018-10-18 03:42:38,3439
INFY ,2018-10-18 04:42:34,3439
INFY ,2018-10-18 05:42:35,3439
INFY ,2018-10-18 06:42:35,3439
INFY ,2018-10-18 07:42:35,3439
INFY ,2018-10-18 08:42:35,3439
INFY ,2018-10-18 09:42:34,3439
INFY ,2018-10-18 10:42:35,3439
INFY ,2018-10-18 11:42:34,3439
INFY ,2018-10-18 13:07:38,3438
INFY ,2018-10-18 13:42:38,3438
INFY ,2018-10-18 14:42:37,3438
INFY ,2018-10-18 15:42:38,3444
INFY ,2018-10-18 16:42:37,3462
INFY ,2018-10-18 17:42:36,3459
INFY ,2018-10-18 18:42:35,3462
INFY ,2018-10-18 19:42:36,3469
INFY ,2018-10-18 20:42:36,3471
INFY ,2018-10-18 21:42:36,3470
INFY ,2018-10-18 22:42:36,3470
INFY ,2018-10-18 23:42:35,3470
INFY ,2018-10-19 00:42:36,3470
INFY ,2018-10-19 01:42:36,3470
INFY ,2018-10-19 02:42:36,3470
INFY ,2018-10-19 03:42:36,3470
INFY ,2018-10-19 04:42:35,3470
INFY ,2018-10-19 05:42:35,3470
INFY ,2018-10-19 06:42:36,3470
INFY ,2018-10-19 07:42:36,3470
INFY ,2018-10-19 08:42:35,3470
INFY ,2018-10-19 09:42:35,3470
INFY ,2018-10-19 10:42:35,3470
INFY ,2018-10-19 11:42:35,3470
INFY ,2018-10-19 13:07:09,3470
INFY ,2018-10-19 13:42:42,3470
INFY ,2018-10-19 14:42:36,3468
INFY ,2018-10-19 15:42:37,3464
INFY ,2018-10-19 16:42:36,3467
INFY ,2018-10-19 17:42:36,3468
INFY ,2018-10-19 18:42:36,3470
INFY ,2018-10-19 19:42:37,3472
INFY ,2018-10-19 20:42:37,3478
INFY ,2018-10-19 21:42:35,3478
INFY ,2018-10-19 22:42:35,3478
INFY ,2018-10-19 23:43:05,3478
INFY ,2018-10-20 00:42:35,3478
INFY ,2018-10-20 01:42:37,3478
INFY ,2018-10-20 02:42:35,3478
INFY ,2018-10-20 03:42:35,3478
INFY ,2018-10-20 04:42:35,3478
INFY ,2018-10-20 05:42:36,3478
INFY ,2018-10-20 06:42:36,3478
INFY ,2018-10-20 07:42:35,3478
INFY ,2018-10-20 08:42:35,3478
INFY ,2018-10-20 09:42:35,3478
INFY ,2018-10-20 10:42:35,3478
INFY ,2018-10-20 11:42:35,3478
INFY ,2018-10-20 12:42:35,3478
INFY ,2018-10-20 13:42:37,3478
INFY ,2018-10-20 14:42:37,3478
INFY ,2018-10-20 15:42:37,3478
INFY ,2018-10-20 16:42:36,3478
INFY ,2018-10-20 17:42:36,3478
INFY ,2018-10-20 18:42:36,3478
INFY ,2018-10-20 19:42:36,3478
INFY ,2018-10-20 20:42:36,3478
INFY ,2018-10-20 21:42:37,3478
INFY ,2018-10-20 22:42:36,3478
INFY ,2018-10-20 23:42:36,3478
INFY ,2018-10-21 00:42:36,3478
INFY ,2018-10-21 01:42:36,3478
INFY ,2018-10-21 02:42:36,3478
INFY ,2018-10-21 03:42:36,3478
INFY ,2018-10-21 04:42:35,3478
INFY ,2018-10-21 05:42:36,3478
INFY ,2018-10-21 06:42:35,3478
INFY ,2018-10-21 07:42:41,3478
INFY ,2018-10-21 08:42:35,3478
INFY ,2018-10-21 09:42:35,3478
INFY ,2018-10-21 10:42:34,3478
INFY ,2018-10-21 11:42:34,3478
INFY ,2018-10-21 12:42:35,3478
INFY ,2018-10-21 13:42:39,3478
INFY ,2018-10-21 14:42:37,3478
INFY ,2018-10-21 15:42:37,3478
INFY ,2018-10-21 16:42:35,3478
INFY ,2018-10-21 17:42:36,3478
INFY ,2018-10-21 18:42:36,3478
INFY ,2018-10-21 19:42:35,3478
INFY ,2018-10-21 20:42:36,3478
INFY ,2018-10-21 21:42:35,3478
INFY ,2018-10-21 22:42:36,3478
INFY ,2018-10-21 23:42:36,3478
INFY ,2018-10-22 00:42:38,3478
INFY ,2018-10-22 01:42:38,3478
INFY ,2018-10-22 02:42:38,3478
INFY ,2018-10-22 03:42:38,3478
INFY ,2018-10-22 04:42:38,3478
INFY ,2018-10-22 05:42:36,3478
INFY ,2018-10-22 06:42:36,3478
INFY ,2018-10-22 07:42:38,3478
INFY ,2018-10-22 08:42:36,3478
INFY ,2018-10-22 09:42:36,3481
INFY ,2018-10-22 10:42:36,3481
INFY ,2018-10-22 11:42:36,3481
INFY ,2018-10-22 12:42:36,3481
INFY ,2018-10-22 13:42:39,3482
INFY ,2018-10-22 14:42:39,3509
INFY ,2018-10-22 15:42:37,3509
INFY ,2018-10-22 16:42:36,3508
INFY ,2018-10-22 17:42:37,3507
INFY ,2018-10-22 18:42:35,3507
INFY ,2018-10-22 19:42:37,3508
INFY ,2018-10-22 20:42:36,3504
INFY ,2018-10-22 21:42:37,3504
INFY ,2018-10-22 22:42:36,3503
INFY ,2018-10-22 23:42:36,3503
INFY ,2018-10-23 00:42:37,3503
INFY ,2018-10-23 01:42:36,3503
INFY ,2018-10-23 02:42:36,3503
INFY ,2018-10-23 03:42:36,3503
INFY ,2018-10-23 04:42:36,3503
INFY ,2018-10-23 05:42:36,3503
INFY ,2018-10-23 06:42:35,3503
INFY ,2018-10-23 07:42:39,3503
INFY ,2018-10-23 08:42:35,3503
INFY ,2018-10-23 09:42:36,3503
INFY ,2018-10-23 10:42:35,3503
INFY ,2018-10-23 11:42:36,3503
INFY ,2018-10-23 12:42:34,3503
INFY ,2018-10-23 13:42:40,3504
INFY ,2018-10-23 14:42:38,3495
INFY ,2018-10-23 15:42:36,3489
INFY ,2018-10-23 16:42:37,3489
INFY ,2018-10-23 17:42:37,3489
INFY ,2018-10-23 18:42:38,3489
INFY ,2018-10-23 19:42:37,3491
INFY ,2018-10-23 20:42:35,3493
INFY ,2018-10-23 21:42:36,3492
INFY ,2018-10-23 22:42:36,3492
INFY ,2018-10-23 23:42:35,3492
INFY ,2018-10-24 00:42:37,3492
INFY ,2018-10-24 01:42:37,3492
INFY ,2018-10-24 02:42:38,3492
INFY ,2018-10-24 03:42:37,3492
INFY ,2018-10-24 04:42:37,3492
INFY ,2018-10-24 05:42:38,3492
INFY ,2018-10-24 06:42:38,3492
INFY ,2018-10-24 07:42:37,3492
INFY ,2018-10-24 08:42:37,3492
INFY ,2018-10-24 09:42:36,3492
INFY ,2018-10-24 10:42:36,3491
INFY ,2018-10-24 11:42:35,3491
INFY ,2018-10-24 12:42:35,3491
INFY ,2018-10-24 13:42:38,3491
INFY ,2018-10-24 14:42:38,3485
INFY ,2018-10-24 15:42:38,3483
INFY ,2018-10-24 16:42:37,3486
INFY ,2018-10-24 17:42:37,3488
INFY ,2018-10-24 18:42:38,3490
INFY ,2018-10-24 19:42:37,3490
INFY ,2018-10-24 20:42:39,3487
INFY ,2018-10-24 21:42:37,3486
INFY ,2018-10-24 22:42:38,3486
INFY ,2018-10-24 23:42:36,3486
INFY ,2018-10-25 00:42:37,3486
INFY ,2018-10-25 01:42:37,3486
INFY ,2018-10-25 02:42:37,3486
INFY ,2018-10-25 03:42:36,3486
INFY ,2018-10-25 04:42:37,3486
INFY ,2018-10-25 05:42:37,3486
INFY ,2018-10-25 06:42:37,3486
INFY ,2018-10-25 07:42:37,3486
INFY ,2018-10-25 08:42:37,3486
INFY ,2018-10-25 09:42:36,3486
INFY ,2018-10-25 10:42:37,3486
INFY ,2018-10-25 11:42:38,3486
INFY ,2018-10-25 14:08:44,3480
INFY ,2018-10-25 14:42:41,3480
INFY ,2018-10-25 15:42:39,3475
INFY ,2018-10-25 16:42:38,3477
INFY ,2018-10-25 17:42:38,3481
INFY ,2018-10-25 18:42:39,3482
INFY ,2018-10-25 19:42:37,3484
INFY ,2018-10-25 20:42:37,3489
INFY ,2018-10-25 21:42:37,3490
INFY ,2018-10-25 22:42:37,3490
INFY ,2018-10-25 23:42:38,3490
INFY ,2018-10-26 00:42:37,3490
INFY ,2018-10-26 01:42:37,3490
INFY ,2018-10-26 02:42:38,3490
INFY ,2018-10-26 03:42:39,3490
INFY ,2018-10-26 04:42:39,3490
INFY ,2018-10-26 05:42:37,3490
INFY ,2018-10-26 06:42:37,3490
INFY ,2018-10-26 07:42:36,3490
INFY ,2018-10-26 08:42:36,3490
INFY ,2018-10-26 09:42:36,3490
INFY ,2018-10-26 10:42:36,3489
INFY ,2018-10-26 11:42:37,3489
INFY ,2018-10-26 12:42:37,3489
INFY ,2018-10-26 13:42:37,3491
INFY ,2018-10-26 14:42:37,3490
INFY ,2018-10-26 15:42:37,3494
INFY ,2018-10-26 16:42:37,3492
INFY ,2018-10-26 17:42:36,3491
INFY ,2018-10-26 18:42:36,3490
INFY ,2018-10-26 19:42:36,3489
INFY ,2018-10-26 20:42:37,3487
INFY ,2018-10-26 21:42:36,3487
INFY ,2018-10-26 22:42:36,3489
INFY ,2018-10-26 23:42:36,3489
INFY ,2018-10-27 00:42:36,3489
INFY ,2018-10-27 01:42:37,3489
INFY ,2018-10-27 02:42:36,3489
INFY ,2018-10-27 03:42:35,3489
INFY ,2018-10-27 04:42:35,3489
INFY ,2018-10-27 05:42:37,3489
INFY ,2018-10-27 06:42:37,3489
INFY ,2018-10-27 07:42:36,3489
INFY ,2018-10-27 08:42:37,3489
INFY ,2018-10-27 09:42:36,3489
INFY ,2018-10-27 10:42:37,3489
INFY ,2018-10-27 11:42:36,3489
INFY ,2018-10-27 12:42:36,3489
INFY ,2018-10-27 13:42:35,3489
INFY ,2018-10-27 14:42:36,3489
INFY ,2018-10-27 15:42:37,3489
INFY ,2018-10-27 16:42:36,3489
INFY ,2018-10-27 17:42:37,3489
INFY ,2018-10-27 18:42:36,3489
INFY ,2018-10-27 19:42:36,3489
INFY ,2018-10-27 20:42:36,3489
INFY ,2018-10-27 21:42:36,3489
INFY ,2018-10-27 22:42:36,3489
INFY ,2018-10-27 23:42:36,3489
INFY ,2018-10-28 00:42:36,3489
INFY ,2018-10-28 01:42:36,3489
INFY ,2018-10-28 02:42:36,3489
INFY ,2018-10-28 03:42:36,3489
INFY ,2018-10-28 04:42:36,3489
INFY ,2018-10-28 05:42:36,3489
INFY ,2018-10-28 06:42:36,3489
INFY ,2018-10-28 07:42:35,3489
INFY ,2018-10-28 08:42:36,3489
INFY ,2018-10-28 09:42:37,3489
INFY ,2018-10-28 10:42:36,3489
INFY ,2018-10-28 11:42:35,3489
INFY ,2018-10-28 12:42:35,3489
INFY ,2018-10-28 13:42:37,3489
INFY ,2018-10-28 14:42:36,3489
INFY ,2018-10-28 15:42:36,3489
INFY ,2018-10-28 16:42:37,3489
INFY ,2018-10-28 17:42:36,3489
INFY ,2018-10-28 18:42:36,3489
INFY ,2018-10-28 19:42:35,3489
INFY ,2018-10-28 20:42:36,3489
INFY ,2018-10-28 21:42:36,3489
INFY ,2018-10-28 22:42:36,3489
INFY ,2018-10-28 23:42:35,3489
INFY ,2018-10-29 00:42:36,3489
INFY ,2018-10-29 01:42:37,3489
INFY ,2018-10-29 02:42:37,3489
INFY ,2018-10-29 03:42:35,3489
INFY ,2018-10-29 04:42:37,3489
INFY ,2018-10-29 05:42:36,3489
INFY ,2018-10-29 06:42:37,3489
INFY ,2018-10-29 07:42:36,3489
INFY ,2018-10-29 08:42:36,3489
INFY ,2018-10-29 09:42:36,3489
INFY ,2018-10-29 10:42:36,3489
INFY ,2018-10-29 11:42:36,3489
INFY ,2018-10-29 12:42:36,3489
INFY ,2018-10-29 13:42:40,3489
INFY ,2018-10-29 14:42:37,3489
INFY ,2018-10-29 15:42:36,3493
INFY ,2018-10-29 16:42:38,3490
INFY ,2018-10-29 17:42:37,3494
INFY ,2018-10-29 18:42:37,3492
INFY ,2018-10-29 19:42:38,3491
INFY ,2018-10-29 20:42:37,3489
INFY ,2018-10-29 21:42:37,3487
INFY ,2018-10-29 22:42:37,3488
INFY ,2018-10-29 23:42:37,3488
INFY ,2018-10-30 00:42:37,3488
INFY ,2018-10-30 01:42:36,3488
INFY ,2018-10-30 02:42:37,3488
INFY ,2018-10-30 03:42:37,3488
INFY ,2018-10-30 04:42:37,3488
INFY ,2018-10-30 05:42:35,3488
INFY ,2018-10-30 06:42:36,3488
INFY ,2018-10-30 07:42:35,3488
INFY ,2018-10-30 08:42:35,3488
INFY ,2018-10-30 09:42:37,3488
INFY ,2018-10-30 10:42:36,3488
INFY ,2018-10-30 11:42:36,3488
INFY ,2018-10-30 12:42:36,3488
INFY ,2018-10-30 13:42:39,3488
INFY ,2018-10-30 14:42:40,3475
INFY ,2018-10-30 15:42:38,3477
INFY ,2018-10-30 16:42:37,3478
INFY ,2018-10-30 17:42:36,3478
INFY ,2018-10-30 18:42:37,3477
INFY ,2018-10-30 19:42:36,3477
INFY ,2018-10-30 20:42:37,3476
INFY ,2018-10-30 21:42:36,3476
INFY ,2018-10-30 22:42:36,3478
INFY ,2018-10-30 23:42:36,3478
INFY ,2018-10-31 00:42:37,3478
INFY ,2018-10-31 01:42:37,3478
INFY ,2018-10-31 02:42:37,3478
INFY ,2018-10-31 03:42:36,3478
INFY ,2018-10-31 04:42:36,3478
INFY ,2018-10-31 05:42:36,3478
INFY ,2018-10-31 06:42:36,3478
INFY ,2018-10-31 07:42:35,3478
INFY ,2018-10-31 08:42:36,3478
INFY ,2018-10-31 09:42:36,3478
INFY ,2018-10-31 10:42:36,3478
INFY ,2018-10-31 11:42:36,3478
INFY ,2018-10-31 12:42:38,3478
INFY ,2018-10-31 14:09:13,3470
INFY ,2018-10-31 14:42:38,3470
INFY ,2018-10-31 15:42:38,3469
INFY ,2018-10-31 16:42:38,3469
INFY ,2018-10-31 17:42:37,3468
INFY ,2018-10-31 18:42:37,3469
INFY ,2018-10-31 19:42:37,3470
INFY ,2018-10-31 20:42:37,3471
INFY ,2018-10-31 21:42:37,3471
INFY ,2018-10-31 22:42:36,3471
INFY ,2018-10-31 23:42:38,3471
INFY ,2018-11-01 00:42:37,3471
INFY ,2018-11-01 01:42:37,3471
INFY ,2018-11-01 02:42:37,3471
INFY ,2018-11-01 03:42:37,3471
INFY ,2018-11-01 04:42:37,3471
INFY ,2018-11-01 05:42:37,3471
INFY ,2018-11-01 06:42:38,3471
INFY ,2018-11-01 07:42:37,3471
INFY ,2018-11-01 08:42:37,3471
INFY ,2018-11-01 09:42:37,3471
INFY ,2018-11-01 10:42:38,3471
INFY ,2018-11-01 11:42:37,3471
INFY ,2018-11-01 12:42:37,3471
INFY ,2018-11-01 13:42:38,3471
INFY ,2018-11-01 14:42:42,3476
INFY ,2018-11-01 15:42:39,3476
INFY ,2018-11-01 16:42:39,3477
INFY ,2018-11-01 17:42:38,3484
INFY ,2018-11-01 18:42:39,3487
INFY ,2018-11-01 19:42:40,3487
INFY ,2018-11-01 20:42:41,3493
INFY ,2018-11-01 21:42:39,3491
INFY ,2018-11-01 22:42:39,3491
INFY ,2018-11-01 23:42:38,3491
INFY ,2018-11-02 00:42:37,3491
INFY ,2018-11-02 01:42:38,3491
INFY ,2018-11-02 02:42:38,3491
INFY ,2018-11-02 03:42:40,3491
INFY ,2018-11-02 04:42:38,3491
INFY ,2018-11-02 05:42:37,3491
INFY ,2018-11-02 06:42:37,3491
INFY ,2018-11-02 07:42:37,3491
INFY ,2018-11-02 08:42:37,3491
INFY ,2018-11-02 09:42:38,3491
INFY ,2018-11-02 10:42:37,3491
INFY ,2018-11-02 11:42:36,3491
INFY ,2018-11-02 12:42:38,3491
INFY ,2018-11-02 14:07:12,3489
INFY ,2018-11-02 14:42:39,3489
INFY ,2018-11-02 15:42:39,3485
INFY ,2018-11-02 16:42:39,3487
INFY ,2018-11-02 17:42:38,3486
INFY ,2018-11-02 18:42:37,3488
INFY ,2018-11-02 19:42:38,3488
INFY ,2018-11-02 20:42:39,3490
INFY ,2018-11-02 21:42:38,3491
INFY ,2018-11-02 22:42:38,3491
INFY ,2018-11-02 23:42:38,3491
INFY ,2018-11-03 00:42:39,3491
INFY ,2018-11-03 01:42:38,3491
INFY ,2018-11-03 02:42:40,3491
INFY ,2018-11-03 03:42:37,3491
INFY ,2018-11-03 04:42:38,3491
INFY ,2018-11-03 05:42:38,3491
INFY ,2018-11-03 06:42:37,3491
INFY ,2018-11-03 07:42:36,3491
INFY ,2018-11-03 08:42:38,3491
INFY ,2018-11-03 09:42:38,3491
INFY ,2018-11-03 10:42:37,3491
INFY ,2018-11-03 11:42:38,3491
INFY ,2018-11-03 12:42:38,3491
INFY ,2018-11-03 13:42:37,3491
INFY ,2018-11-03 14:42:38,3491
INFY ,2018-11-03 15:42:37,3491
INFY ,2018-11-03 16:42:37,3491
INFY ,2018-11-03 17:42:42,3491
INFY ,2018-11-03 18:42:40,3491
INFY ,2018-11-03 19:42:38,3491
INFY ,2018-11-03 20:42:38,3491
INFY ,2018-11-03 21:43:41,3491
INFY ,2018-11-03 22:42:38,3491
INFY ,2018-11-03 23:42:38,3491
INFY ,2018-11-04 00:42:38,3491
INFY ,2018-11-04 01:42:38,3491
INFY ,2018-11-04 02:42:38,3491
INFY ,2018-11-04 03:42:38,3491
INFY ,2018-11-04 04:42:39,3491
INFY ,2018-11-04 05:42:37,3491
INFY ,2018-11-04 06:42:38,3491
INFY ,2018-11-04 07:42:38,3491
INFY ,2018-11-04 08:42:38,3491
INFY ,2018-11-04 09:42:37,3491
INFY ,2018-11-04 10:42:37,3491
INFY ,2018-11-04 11:42:37,3491
INFY ,2018-11-04 12:42:38,3491
INFY ,2018-11-04 13:42:37,3491
INFY ,2018-11-04 14:42:37,3491
INFY ,2018-11-04 15:42:37,3491
INFY ,2018-11-04 16:42:37,3491
INFY ,2018-11-04 17:42:38,3491
INFY ,2018-11-04 18:42:38,3491
INFY ,2018-11-04 19:42:38,3491
INFY ,2018-11-04 20:42:37,3491
INFY ,2018-11-04 21:42:37,3491
INFY ,2018-11-04 22:42:38,3491
INFY ,2018-11-04 23:42:39,3491
INFY ,2018-11-05 00:42:37,3491
INFY ,2018-11-05 01:42:38,3491
INFY ,2018-11-05 02:42:37,3491
INFY ,2018-11-05 03:42:39,3491
INFY ,2018-11-05 04:42:39,3491
INFY ,2018-11-05 05:42:39,3491
INFY ,2018-11-05 06:42:37,3491
INFY ,2018-11-05 07:42:38,3491
INFY ,2018-11-05 08:42:38,3491
INFY ,2018-11-05 09:42:38,3491
INFY ,2018-11-05 10:42:37,3491
INFY ,2018-11-05 11:42:37,3491
INFY ,2018-11-05 12:42:37,3491
INFY ,2018-11-05 13:42:38,3491
INFY ,2018-11-05 14:42:43,3491
INFY ,2018-11-05 15:42:38,3494
INFY ,2018-11-05 16:42:41,3492
INFY ,2018-11-05 17:42:37,3492
INFY ,2018-11-05 18:42:37,3495
INFY ,2018-11-05 19:42:37,3497
INFY ,2018-11-05 20:42:38,3499
INFY ,2018-11-05 21:42:40,3500
INFY ,2018-11-05 22:42:40,3499
INFY ,2018-11-05 23:42:38,3498
INFY ,2018-11-06 00:42:37,3498
INFY ,2018-11-06 01:42:37,3498
INFY ,2018-11-06 02:42:38,3498
INFY ,2018-11-06 03:42:39,3498
INFY ,2018-11-06 04:42:38,3498
INFY ,2018-11-06 05:42:39,3498
INFY ,2018-11-06 06:42:38,3498
INFY ,2018-11-06 07:42:39,3498
INFY ,2018-11-06 08:42:39,3498
INFY ,2018-11-06 09:42:39,3498
INFY ,2018-11-06 10:42:39,3498
INFY ,2018-11-06 11:42:39,3498
INFY ,2018-11-06 12:42:39,3498
INFY ,2018-11-06 13:42:39,3498
INFY ,2018-11-06 14:42:44,3500
INFY ,2018-11-06 15:42:43,3500
INFY ,2018-11-06 16:42:44,3499
INFY ,2018-11-06 17:42:46,3495
INFY ,2018-11-06 18:42:42,3495
INFY ,2018-11-06 19:42:40,3496
INFY ,2018-11-06 20:42:41,3502
INFY ,2018-11-06 21:42:40,3499
INFY ,2018-11-06 22:42:42,3498
INFY ,2018-11-06 23:42:40,3497
INFY ,2018-11-07 00:42:41,3497
INFY ,2018-11-07 01:42:40,3497
INFY ,2018-11-07 02:42:41,3497
INFY ,2018-11-07 03:42:40,3497
INFY ,2018-11-07 04:42:39,3497
INFY ,2018-11-07 05:42:40,3497
INFY ,2018-11-07 06:42:40,3497
INFY ,2018-11-07 07:42:40,3497
INFY ,2018-11-07 08:42:40,3497
INFY ,2018-11-07 09:42:39,3497
INFY ,2018-11-07 10:42:40,3497
INFY ,2018-11-07 11:42:40,3497
INFY ,2018-11-07 12:42:40,3497
INFY ,2018-11-07 13:42:39,3497
INFY ,2018-11-07 14:42:45,3497
INFY ,2018-11-07 15:42:41,3496
INFY ,2018-11-07 16:42:40,3498
INFY ,2018-11-07 17:42:42,3500
INFY ,2018-11-07 18:42:43,3499
INFY ,2018-11-07 19:42:43,3500
INFY ,2018-11-07 20:42:43,3503
INFY ,2018-11-07 21:42:40,3504
INFY ,2018-11-07 22:42:41,3503
INFY ,2018-11-07 23:42:40,3503
INFY ,2018-11-08 00:42:40,3503
INFY ,2018-11-08 01:42:41,3503
INFY ,2018-11-08 02:42:39,3503
INFY ,2018-11-08 03:42:40,3503
INFY ,2018-11-08 04:42:40,3503
INFY ,2018-11-08 05:42:40,3503
INFY ,2018-11-08 06:42:52,3503
INFY ,2018-11-08 07:42:40,3503
INFY ,2018-11-08 08:42:41,3503
INFY ,2018-11-08 09:42:40,3503
INFY ,2018-11-08 10:42:40,3503
INFY ,2018-11-08 11:42:39,3503
INFY ,2018-11-08 12:42:40,3503
INFY ,2018-11-08 13:42:39,3503
INFY ,2018-11-08 14:42:43,3503
INFY ,2018-11-08 15:42:42,3505
INFY ,2018-11-08 16:42:42,3507
INFY ,2018-11-08 17:42:40,3507
INFY ,2018-11-08 18:42:40,3508
INFY ,2018-11-08 19:42:40,3507
INFY ,2018-11-08 20:42:44,3507
INFY ,2018-11-08 21:42:42,3509
INFY ,2018-11-08 22:42:40,3509
INFY ,2018-11-08 23:42:40,3509
INFY ,2018-11-09 00:42:41,3509
INFY ,2018-11-09 01:42:40,3509
INFY ,2018-11-09 02:42:41,3509
INFY ,2018-11-09 03:42:41,3509
INFY ,2018-11-09 04:42:41,3509
INFY ,2018-11-09 05:42:41,3509
INFY ,2018-11-09 06:42:39,3509
INFY ,2018-11-09 07:42:40,3509
INFY ,2018-11-09 08:42:40,3509
INFY ,2018-11-09 09:42:40,3509
INFY ,2018-11-09 10:42:39,3509
INFY ,2018-11-09 11:42:40,3508
INFY ,2018-11-09 12:42:40,3508
INFY ,2018-11-09 13:42:39,3508
INFY ,2018-11-09 15:06:44,3512
INFY ,2018-11-09 15:42:43,3512
INFY ,2018-11-09 16:42:41,3510
INFY ,2018-11-09 17:42:41,3509
INFY ,2018-11-09 18:42:41,3509
INFY ,2018-11-09 19:42:44,3509
INFY ,2018-11-09 20:42:43,3506
INFY ,2018-11-09 21:42:41,3505
INFY ,2018-11-09 22:42:41,3505
INFY ,2018-11-09 23:42:40,3505
INFY ,2018-11-10 00:42:40,3505
INFY ,2018-11-10 01:42:41,3505
INFY ,2018-11-10 02:42:40,3505
INFY ,2018-11-10 03:42:40,3505
INFY ,2018-11-10 04:42:41,3505
INFY ,2018-11-10 05:42:40,3505
INFY ,2018-11-10 06:42:40,3505
INFY ,2018-11-10 07:42:39,3505
INFY ,2018-11-10 08:42:40,3505
INFY ,2018-11-10 09:42:40,3505
INFY ,2018-11-10 10:42:39,3505
INFY ,2018-11-10 11:42:40,3505
INFY ,2018-11-10 12:42:39,3505
INFY ,2018-11-10 13:42:40,3505
INFY ,2018-11-10 14:42:40,3505
INFY ,2018-11-10 15:42:43,3505
INFY ,2018-11-10 16:42:40,3505
INFY ,2018-11-10 17:42:41,3505
INFY ,2018-11-10 18:42:42,3505
INFY ,2018-11-10 19:42:42,3505
INFY ,2018-11-10 20:42:40,3505
INFY ,2018-11-10 21:42:41,3505
INFY ,2018-11-10 22:42:40,3505
INFY ,2018-11-10 23:42:41,3505
INFY ,2018-11-11 00:42:41,3505
INFY ,2018-11-11 01:42:41,3505
INFY ,2018-11-11 02:42:39,3505
INFY ,2018-11-11 03:42:41,3505
INFY ,2018-11-11 04:42:40,3505
INFY ,2018-11-11 05:42:41,3505
INFY ,2018-11-11 06:42:40,3505
INFY ,2018-11-11 07:42:41,3505
INFY ,2018-11-11 08:42:40,3505
INFY ,2018-11-11 09:42:41,3505
INFY ,2018-11-11 10:42:41,3505
INFY ,2018-11-11 11:42:40,3505
INFY ,2018-11-11 12:42:41,3505
INFY ,2018-11-11 13:42:40,3505
INFY ,2018-11-11 14:42:41,3505
INFY ,2018-11-11 15:42:41,3505
INFY ,2018-11-11 16:42:40,3505
INFY ,2018-11-11 17:42:40,3505
INFY ,2018-11-11 18:42:40,3505
INFY ,2018-11-11 19:42:39,3505
INFY ,2018-11-11 20:42:41,3505
INFY ,2018-11-11 21:42:39,3505
INFY ,2018-11-11 22:42:41,3505
INFY ,2018-11-11 23:42:40,3505
INFY ,2018-11-12 00:42:41,3505
INFY ,2018-11-12 01:42:39,3505
INFY ,2018-11-12 02:42:40,3505
INFY ,2018-11-12 03:42:41,3505
INFY ,2018-11-12 04:42:40,3505
INFY ,2018-11-12 05:42:41,3505
INFY ,2018-11-12 06:42:41,3505
INFY ,2018-11-12 07:42:40,3505
INFY ,2018-11-12 08:42:41,3505
INFY ,2018-11-12 09:42:40,3505
INFY ,2018-11-12 10:42:40,3505
INFY ,2018-11-12 11:42:41,3505
INFY ,2018-11-12 12:42:39,3505
INFY ,2018-11-12 13:42:40,3505
INFY ,2018-11-12 14:42:43,3505
INFY ,2018-11-12 15:42:40,3510
INFY ,2018-11-12 16:42:42,3513
INFY ,2018-11-12 17:42:39,3509
INFY ,2018-11-12 18:42:40,3508
INFY ,2018-11-12 19:42:41,3510
INFY ,2018-11-12 20:42:41,3510
INFY ,2018-11-12 21:42:40,3512
INFY ,2018-11-12 22:42:40,3511
INFY ,2018-11-12 23:42:40,3511
INFY ,2018-11-13 00:42:41,3511
INFY ,2018-11-13 01:42:41,3511
INFY ,2018-11-13 02:42:41,3511
INFY ,2018-11-13 03:42:41,3511
INFY ,2018-11-13 04:42:40,3511
INFY ,2018-11-13 05:42:40,3511
INFY ,2018-11-13 06:42:40,3511
INFY ,2018-11-13 07:42:41,3511
INFY ,2018-11-13 08:42:42,3511
INFY ,2018-11-13 09:42:41,3511
INFY ,2018-11-13 10:42:41,3511
INFY ,2018-11-13 11:42:41,3511
INFY ,2018-11-13 12:42:40,3511
INFY ,2018-11-13 13:42:40,3511
INFY ,2018-11-13 14:42:43,3511
INFY ,2018-11-13 15:42:41,3511
INFY ,2018-11-13 16:42:40,3509
INFY ,2018-11-13 17:42:41,3510
INFY ,2018-11-13 18:42:39,3510
INFY ,2018-11-13 19:42:40,3510
INFY ,2018-11-13 20:42:40,3514
INFY ,2018-11-13 21:42:40,3513
INFY ,2018-11-13 22:42:40,3514
INFY ,2018-11-13 23:42:41,3514
INFY ,2018-11-14 00:42:40,3514
INFY ,2018-11-14 01:42:40,3514
INFY ,2018-11-14 02:42:39,3514
INFY ,2018-11-14 03:42:40,3514
INFY ,2018-11-14 04:42:40,3514
INFY ,2018-11-14 05:42:40,3514
INFY ,2018-11-14 06:42:41,3514
INFY ,2018-11-14 07:42:40,3514
INFY ,2018-11-14 08:42:40,3514
INFY ,2018-11-14 09:42:40,3514
INFY ,2018-11-14 10:42:40,3514
INFY ,2018-11-14 11:42:41,3514
INFY ,2018-11-14 12:42:40,3514
INFY ,2018-11-14 13:42:40,3514
INFY ,2018-11-14 14:42:42,3514
INFY ,2018-11-14 15:42:42,3516
INFY ,2018-11-14 16:42:42,3518
INFY ,2018-11-14 17:42:42,3520
INFY ,2018-11-14 18:42:43,3523
INFY ,2018-11-14 19:42:42,3525
INFY ,2018-11-14 20:42:42,3523
INFY ,2018-11-14 21:42:42,3524
INFY ,2018-11-14 22:42:42,3524
INFY ,2018-11-14 23:42:41,3524
INFY ,2018-11-15 00:42:40,3524
INFY ,2018-11-15 01:42:41,3524
INFY ,2018-11-15 02:42:40,3524
INFY ,2018-11-15 03:42:40,3524
INFY ,2018-11-15 04:42:41,3524
INFY ,2018-11-15 05:42:41,3524
INFY ,2018-11-15 06:42:40,3524
INFY ,2018-11-15 07:42:39,3524
INFY ,2018-11-15 08:42:40,3524
INFY ,2018-11-15 09:42:40,3524
INFY ,2018-11-15 10:42:41,3524
INFY ,2018-11-15 11:42:40,3524
INFY ,2018-11-15 12:42:40,3524
INFY ,2018-11-15 13:42:41,3524
INFY ,2018-11-15 14:42:42,3523
INFY ,2018-11-15 15:42:41,3529
INFY ,2018-11-15 16:42:40,3530
INFY ,2018-11-15 17:42:43,3531
INFY ,2018-11-15 18:42:41,3533
INFY ,2018-11-15 19:42:40,3531
INFY ,2018-11-15 20:42:43,3532
INFY ,2018-11-15 21:42:44,3533
INFY ,2018-11-15 22:42:42,3533
INFY ,2018-11-15 23:42:40,3533
INFY ,2018-11-16 00:42:40,3533
INFY ,2018-11-16 01:42:40,3533
INFY ,2018-11-16 02:42:40,3533
INFY ,2018-11-16 03:42:40,3533
INFY ,2018-11-16 04:42:40,3533
INFY ,2018-11-16 05:42:40,3533
INFY ,2018-11-16 06:42:41,3533
INFY ,2018-11-16 07:42:41,3533
INFY ,2018-11-16 08:42:40,3533
INFY ,2018-11-16 09:42:41,3533
INFY ,2018-11-16 10:42:40,3533
INFY ,2018-11-16 11:42:40,3533
INFY ,2018-11-16 12:42:39,3533
INFY ,2018-11-16 13:42:40,3533
INFY ,2018-11-16 14:42:42,3534
INFY ,2018-11-16 15:42:41,3537
INFY ,2018-11-16 16:42:41,3540
INFY ,2018-11-16 17:42:41,3535
INFY ,2018-11-16 18:42:40,3535
INFY ,2018-11-16 19:42:40,3535
INFY ,2018-11-16 20:42:45,3536
INFY ,2018-11-16 21:42:42,3538
INFY ,2018-11-16 22:42:42,3538
INFY ,2018-11-16 23:42:42,3538
INFY ,2018-11-17 00:42:42,3538
INFY ,2018-11-17 01:42:41,3538
INFY ,2018-11-17 02:42:39,3538
INFY ,2018-11-17 03:42:44,3538
INFY ,2018-11-17 04:42:40,3538
INFY ,2018-11-17 05:42:41,3538
INFY ,2018-11-17 06:42:42,3538
INFY ,2018-11-17 07:42:39,3538
INFY ,2018-11-17 08:42:41,3538
INFY ,2018-11-17 09:42:41,3538
INFY ,2018-11-17 10:42:41,3538
INFY ,2018-11-17 11:42:41,3538
INFY ,2018-11-17 12:42:41,3538
INFY ,2018-11-17 13:42:40,3538
INFY ,2018-11-17 14:42:43,3538
INFY ,2018-11-17 15:42:41,3538
INFY ,2018-11-17 16:42:40,3538
INFY ,2018-11-17 17:42:42,3538
INFY ,2018-11-17 18:42:40,3538
INFY ,2018-11-17 19:42:41,3538
INFY ,2018-11-17 20:42:40,3538
INFY ,2018-11-17 21:42:40,3538
INFY ,2018-11-17 22:42:40,3538
INFY ,2018-11-17 23:42:40,3538
INFY ,2018-11-18 00:42:40,3538
INFY ,2018-11-18 01:42:40,3538
INFY ,2018-11-18 02:42:40,3538
INFY ,2018-11-18 03:42:41,3538
INFY ,2018-11-18 04:42:40,3538
INFY ,2018-11-18 05:42:40,3538
INFY ,2018-11-18 06:42:41,3538
INFY ,2018-11-18 07:42:40,3538
INFY ,2018-11-18 08:42:39,3538
INFY ,2018-11-18 09:42:40,3538
INFY ,2018-11-18 10:42:39,3538
INFY ,2018-11-18 11:42:40,3538
INFY ,2018-11-18 12:42:40,3538
INFY ,2018-11-18 13:42:40,3538
INFY ,2018-11-18 14:42:41,3538
INFY ,2018-11-18 15:42:41,3538
INFY ,2018-11-18 16:42:40,3538
INFY ,2018-11-18 17:42:40,3538
INFY ,2018-11-18 18:42:40,3538
INFY ,2018-11-18 19:42:40,3538
INFY ,2018-11-18 20:42:41,3538
INFY ,2018-11-18 21:42:40,3538
INFY ,2018-11-18 22:42:40,3538
INFY ,2018-11-18 23:42:41,3538
INFY ,2018-11-19 00:42:40,3538
INFY ,2018-11-19 01:42:41,3538
INFY ,2018-11-19 02:42:40,3538
INFY ,2018-11-19 03:42:40,3538
INFY ,2018-11-19 04:42:40,3538
INFY ,2018-11-19 05:42:40,3538
INFY ,2018-11-19 06:42:40,3538
INFY ,2018-11-19 07:42:40,3538
INFY ,2018-11-19 08:42:40,3538
INFY ,2018-11-19 09:42:39,3538
INFY ,2018-11-19 10:42:41,3538
INFY ,2018-11-19 11:42:40,3538
INFY ,2018-11-19 12:42:41,3538
INFY ,2018-11-19 13:42:40,3538
INFY ,2018-11-19 14:42:41,3538
INFY ,2018-11-19 15:42:40,3542
INFY ,2018-11-19 16:42:43,3540
INFY ,2018-11-19 17:42:42,3540
INFY ,2018-11-19 18:42:42,3544
INFY ,2018-11-19 19:42:41,3543
INFY ,2018-11-19 20:42:41,3542
INFY ,2018-11-19 21:42:40,3537
INFY ,2018-11-19 22:42:41,3537
INFY ,2018-11-19 23:42:41,3537
INFY ,2018-11-20 00:42:41,3537
INFY ,2018-11-20 01:42:41,3537
INFY ,2018-11-20 02:42:42,3537
INFY ,2018-11-20 03:42:41,3537
INFY ,2018-11-20 04:42:40,3537
INFY ,2018-11-20 05:42:39,3537
INFY ,2018-11-20 06:42:41,3537
INFY ,2018-11-20 07:42:40,3537
INFY ,2018-11-20 08:42:41,3537
INFY ,2018-11-20 09:42:41,3537
INFY ,2018-11-20 10:42:40,3537
INFY ,2018-11-20 11:42:40,3537
INFY ,2018-11-20 12:42:40,3537
INFY ,2018-11-20 13:42:41,3537
INFY ,2018-11-20 14:42:43,3537
INFY ,2018-11-20 15:42:44,3537
INFY ,2018-11-20 16:42:40,3533
INFY ,2018-11-20 17:42:40,3537
INFY ,2018-11-20 18:42:43,3536
INFY ,2018-11-20 19:42:41,3539
INFY ,2018-11-20 20:42:41,3536
INFY ,2018-11-20 21:42:43,3537
INFY ,2018-11-20 22:42:40,3537
INFY ,2018-11-20 23:42:40,3537
INFY ,2018-11-21 00:42:39,3537
INFY ,2018-11-21 01:42:39,3537
INFY ,2018-11-21 02:42:39,3537
INFY ,2018-11-21 03:42:40,3537
INFY ,2018-11-21 04:42:40,3537
INFY ,2018-11-21 05:42:40,3537
INFY ,2018-11-21 06:42:41,3537
INFY ,2018-11-21 07:42:41,3537
INFY ,2018-11-21 08:42:41,3537
INFY ,2018-11-21 09:42:40,3537
INFY ,2018-11-21 10:42:39,3537
INFY ,2018-11-21 11:42:39,3537
INFY ,2018-11-21 12:42:39,3537
INFY ,2018-11-21 13:42:39,3537
INFY ,2018-11-21 14:42:43,3537
INFY ,2018-11-21 16:42:40,3548
INFY ,2018-11-21 17:42:44,3548
INFY ,2018-11-21 18:42:40,3549
INFY ,2018-11-21 19:42:41,3550
INFY ,2018-11-21 20:42:42,3550
INFY ,2018-11-21 21:42:41,3550
INFY ,2018-11-21 22:42:40,3551
INFY ,2018-11-21 23:42:39,3551
INFY ,2018-11-22 00:42:39,3551
INFY ,2018-11-22 01:42:40,3551
INFY ,2018-11-22 02:42:40,3551
INFY ,2018-11-22 03:42:40,3551
INFY ,2018-11-22 04:42:41,3551
INFY ,2018-11-22 05:42:40,3551
INFY ,2018-11-22 06:42:40,3551
INFY ,2018-11-22 07:42:40,3551
INFY ,2018-11-22 08:42:40,3551
INFY ,2018-11-22 09:42:40,3551
INFY ,2018-11-22 10:42:40,3551
INFY ,2018-11-22 11:42:40,3551
INFY ,2018-11-22 12:42:40,3551
INFY ,2018-11-22 13:42:40,3551
INFY ,2018-11-22 14:42:39,3551
INFY ,2018-11-22 15:42:40,3551
INFY ,2018-11-22 16:42:39,3551
INFY ,2018-11-22 17:42:41,3551
INFY ,2018-11-22 18:42:39,3551
INFY ,2018-11-22 19:42:39,3551
INFY ,2018-11-22 20:42:40,3551
INFY ,2018-11-22 21:42:40,3551
INFY ,2018-11-22 22:42:40,3551
INFY ,2018-11-22 23:42:40,3551
INFY ,2018-11-23 00:42:39,3551
INFY ,2018-11-23 01:42:39,3551
INFY ,2018-11-23 02:42:39,3551
INFY ,2018-11-23 03:42:40,3551
INFY ,2018-11-23 04:42:40,3551
INFY ,2018-11-23 05:42:40,3551
INFY ,2018-11-23 06:42:39,3551
INFY ,2018-11-23 07:42:40,3551
INFY ,2018-11-23 08:42:40,3551
INFY ,2018-11-23 09:42:40,3551
INFY ,2018-11-23 10:42:40,3551
INFY ,2018-11-23 11:42:41,3551
INFY ,2018-11-23 12:42:40,3551
INFY ,2018-11-23 13:42:39,3551
INFY ,2018-11-23 14:42:41,3551
INFY ,2018-11-23 15:42:41,3550
INFY ,2018-11-23 16:42:39,3550
INFY ,2018-11-23 17:42:40,3550
INFY ,2018-11-23 18:42:39,3550
INFY ,2018-11-23 19:42:40,3551
INFY ,2018-11-23 20:42:41,3551
INFY ,2018-11-23 21:42:41,3551
INFY ,2018-11-23 22:42:40,3551
INFY ,2018-11-23 23:42:41,3551
INFY ,2018-11-24 00:42:40,3551
INFY ,2018-11-24 01:42:41,3551
INFY ,2018-11-24 02:42:42,3551
INFY ,2018-11-24 03:42:41,3551
INFY ,2018-11-24 04:42:41,3551
INFY ,2018-11-24 05:42:42,3551
INFY ,2018-11-24 06:42:41,3551
INFY ,2018-11-24 07:42:40,3551
INFY ,2018-11-24 08:42:41,3551
INFY ,2018-11-24 09:42:40,3551
INFY ,2018-11-24 10:42:40,3551
INFY ,2018-11-24 11:42:41,3551
INFY ,2018-11-24 12:42:40,3551
INFY ,2018-11-24 13:42:40,3551
INFY ,2018-11-24 14:42:41,3551
INFY ,2018-11-24 15:42:41,3551
INFY ,2018-11-24 16:42:40,3551
INFY ,2018-11-24 17:42:41,3551
INFY ,2018-11-24 18:42:40,3551
INFY ,2018-11-24 19:42:40,3551
INFY ,2018-11-24 20:42:41,3551
INFY ,2018-11-24 21:42:40,3551
INFY ,2018-11-24 22:42:40,3551
INFY ,2018-11-24 23:42:41,3551
INFY ,2018-11-25 00:42:41,3551
INFY ,2018-11-25 01:42:41,3551
INFY ,2018-11-25 02:42:41,3551
INFY ,2018-11-25 03:42:40,3551
INFY ,2018-11-25 04:42:41,3551
INFY ,2018-11-25 05:42:41,3551
INFY ,2018-11-25 06:42:40,3551
INFY ,2018-11-25 07:42:40,3551
INFY ,2018-11-25 08:42:40,3551
INFY ,2018-11-25 09:42:41,3551
INFY ,2018-11-25 10:42:40,3551
INFY ,2018-11-25 11:42:41,3551
INFY ,2018-11-25 12:42:40,3551
INFY ,2018-11-25 13:42:40,3551
INFY ,2018-11-25 14:42:40,3551
INFY ,2018-11-25 15:42:40,3551
INFY ,2018-11-25 16:42:41,3551
INFY ,2018-11-25 17:42:41,3551
INFY ,2018-11-25 18:42:41,3551
INFY ,2018-11-25 19:42:42,3551
INFY ,2018-11-25 20:42:41,3551
INFY ,2018-11-25 21:42:40,3551
INFY ,2018-11-25 22:42:41,3551
INFY ,2018-11-25 23:42:40,3551
INFY ,2018-11-26 00:42:40,3551
INFY ,2018-11-26 01:42:41,3551
INFY ,2018-11-26 02:42:42,3551
INFY ,2018-11-26 03:42:40,3551
INFY ,2018-11-26 04:42:40,3551
INFY ,2018-11-26 05:42:40,3551
INFY ,2018-11-26 06:42:40,3551
INFY ,2018-11-26 07:42:40,3551
INFY ,2018-11-26 08:42:40,3551
INFY ,2018-11-26 09:42:41,3551
INFY ,2018-11-26 10:42:40,3551
INFY ,2018-11-26 11:42:40,3551
INFY ,2018-11-26 12:42:40,3551
INFY ,2018-11-26 13:42:39,3551
INFY ,2018-11-26 14:42:44,3551
INFY ,2018-11-26 15:42:40,3557
INFY ,2018-11-26 16:42:40,3558
INFY ,2018-11-26 17:42:41,3559
INFY ,2018-11-26 18:42:41,3560
INFY ,2018-11-26 19:42:40,3563
INFY ,2018-11-26 20:42:41,3560
INFY ,2018-11-26 21:42:39,3556
INFY ,2018-11-26 22:42:42,3556
INFY ,2018-11-26 23:42:43,3556
INFY ,2018-11-27 00:42:42,3556
INFY ,2018-11-27 01:42:41,3556
INFY ,2018-11-27 02:42:41,3556
INFY ,2018-11-27 03:42:40,3556
INFY ,2018-11-27 04:42:40,3556
INFY ,2018-11-27 05:42:40,3556
INFY ,2018-11-27 06:42:40,3556
INFY ,2018-11-27 07:42:40,3556
INFY ,2018-11-27 08:42:39,3556
INFY ,2018-11-27 09:42:40,3556
INFY ,2018-11-27 10:44:28,3556
INFY ,2018-11-27 11:42:40,3556
INFY ,2018-11-27 12:42:39,3556
INFY ,2018-11-27 13:42:41,3556
INFY ,2018-11-27 14:42:43,3556
INFY ,2018-11-27 15:42:42,3561
INFY ,2018-11-27 16:42:43,3555
INFY ,2018-11-27 17:42:43,3554
INFY ,2018-11-27 18:42:42,3557
INFY ,2018-11-27 19:42:42,3560
INFY ,2018-11-27 20:42:41,3560
INFY ,2018-11-27 21:42:43,3562
INFY ,2018-11-27 22:42:43,3563
INFY ,2018-11-27 23:42:42,3563
INFY ,2018-11-28 00:42:42,3563
INFY ,2018-11-28 01:42:41,3563
INFY ,2018-11-28 02:42:41,3563
INFY ,2018-11-28 03:42:43,3563
INFY ,2018-11-28 04:42:43,3563
INFY ,2018-11-28 05:42:42,3563
INFY ,2018-11-28 06:42:41,3563
INFY ,2018-11-28 07:42:40,3563
INFY ,2018-11-28 08:42:41,3563
INFY ,2018-11-28 09:42:44,3563
INFY ,2018-11-28 10:42:42,3563
INFY ,2018-11-28 11:42:40,3563
INFY ,2018-11-28 12:42:41,3563
INFY ,2018-11-28 14:07:44,3558
INFY ,2018-11-28 14:42:43,3558
INFY ,2018-11-28 15:42:45,3550
INFY ,2018-11-28 16:42:43,3551
INFY ,2018-11-28 17:42:45,3548
INFY ,2018-11-28 18:42:42,3541
INFY ,2018-11-28 19:42:43,3542
INFY ,2018-11-28 20:42:42,3534
INFY ,2018-11-28 21:42:41,3535
INFY ,2018-11-28 22:42:41,3533
INFY ,2018-11-28 23:42:40,3533
INFY ,2018-11-29 00:42:41,3533
INFY ,2018-11-29 01:42:42,3533
INFY ,2018-11-29 02:42:41,3533
INFY ,2018-11-29 03:42:41,3533
INFY ,2018-11-29 04:42:41,3533
INFY ,2018-11-29 05:42:41,3533
INFY ,2018-11-29 06:42:41,3533
INFY ,2018-11-29 07:42:40,3533
INFY ,2018-11-29 08:42:40,3533
INFY ,2018-11-29 09:42:41,3533
INFY ,2018-11-29 10:42:41,3533
INFY ,2018-11-29 11:42:40,3533
INFY ,2018-11-29 12:42:41,3533
INFY ,2018-11-29 13:42:42,3533
INFY ,2018-11-29 15:07:46,3535
INFY ,2018-11-29 15:42:42,3535
INFY ,2018-11-29 16:42:42,3533
INFY ,2018-11-29 17:42:44,3532
INFY ,2018-11-29 18:42:44,3530
INFY ,2018-11-29 19:42:42,3530
INFY ,2018-11-29 20:42:40,3529
INFY ,2018-11-29 21:42:42,3529
INFY ,2018-11-29 22:42:42,3529
INFY ,2018-11-29 23:42:42,3529
INFY ,2018-11-30 00:42:43,3529
INFY ,2018-11-30 01:42:43,3529
INFY ,2018-11-30 02:42:41,3529
INFY ,2018-11-30 03:42:43,3529
INFY ,2018-11-30 04:42:41,3529
INFY ,2018-11-30 05:42:43,3529
INFY ,2018-11-30 06:42:42,3529
INFY ,2018-11-30 07:42:41,3529
INFY ,2018-11-30 08:42:41,3529
INFY ,2018-11-30 09:42:42,3529
INFY ,2018-11-30 10:42:42,3529
INFY ,2018-11-30 11:42:40,3529
INFY ,2018-11-30 12:42:41,3529
INFY ,2018-11-30 13:42:41,3529
INFY ,2018-11-30 14:42:44,3528
INFY ,2018-11-30 15:42:42,3527
INFY ,2018-11-30 16:42:42,3531
INFY ,2018-11-30 17:42:42,3532
INFY ,2018-11-30 18:42:41,3530
INFY ,2018-11-30 19:42:41,3529
INFY ,2018-11-30 20:42:42,3524
INFY ,2018-11-30 21:42:41,3524
INFY ,2018-11-30 22:42:43,3523
INFY ,2018-11-30 23:42:42,3523
INFY ,2018-12-01 00:42:41,3523
INFY ,2018-12-01 01:42:41,3523
INFY ,2018-12-01 02:42:41,3523
INFY ,2018-12-01 03:42:41,3523
INFY ,2018-12-01 04:42:41,3523
INFY ,2018-12-01 05:42:41,3523
INFY ,2018-12-01 06:42:40,3523
INFY ,2018-12-01 07:42:40,3523
INFY ,2018-12-01 08:42:41,3523
INFY ,2018-12-01 09:42:41,3523
INFY ,2018-12-01 10:42:41,3523
INFY ,2018-12-01 11:42:41,3523
INFY ,2018-12-01 12:42:41,3523
INFY ,2018-12-01 13:42:41,3523
INFY ,2018-12-01 14:42:41,3523
INFY ,2018-12-01 15:42:41,3523
INFY ,2018-12-01 16:42:41,3523
INFY ,2018-12-01 17:42:40,3523
INFY ,2018-12-01 18:42:41,3523
INFY ,2018-12-01 19:42:40,3523
INFY ,2018-12-01 20:42:41,3523
INFY ,2018-12-01 21:42:40,3523
INFY ,2018-12-01 22:42:43,3523
INFY ,2018-12-01 23:42:42,3523
INFY ,2018-12-02 00:42:40,3523
INFY ,2018-12-02 01:42:41,3523
INFY ,2018-12-02 02:42:41,3523
INFY ,2018-12-02 03:42:41,3523
INFY ,2018-12-02 04:42:41,3523
INFY ,2018-12-02 05:42:41,3523
INFY ,2018-12-02 06:42:41,3523
INFY ,2018-12-02 07:42:42,3523
INFY ,2018-12-02 08:42:43,3523
INFY ,2018-12-02 09:42:40,3523
INFY ,2018-12-02 10:42:42,3523
INFY ,2018-12-02 11:42:41,3523
INFY ,2018-12-02 12:42:40,3523
INFY ,2018-12-02 13:42:40,3523
INFY ,2018-12-02 14:42:40,3523
INFY ,2018-12-02 15:42:41,3523
INFY ,2018-12-02 16:42:41,3523
INFY ,2018-12-02 17:42:40,3523
INFY ,2018-12-02 18:42:40,3523
INFY ,2018-12-02 19:42:40,3523
INFY ,2018-12-02 20:42:40,3523
INFY ,2018-12-02 21:42:40,3523
INFY ,2018-12-02 22:42:40,3523
INFY ,2018-12-02 23:42:41,3523
INFY ,2018-12-03 00:42:41,3523
INFY ,2018-12-03 01:42:40,3523
INFY ,2018-12-03 02:42:41,3523
INFY ,2018-12-03 03:42:41,3523
INFY ,2018-12-03 04:42:42,3523
INFY ,2018-12-03 05:42:40,3523
INFY ,2018-12-03 06:42:42,3523
INFY ,2018-12-03 07:42:41,3523
INFY ,2018-12-03 08:42:41,3523
INFY ,2018-12-03 09:42:42,3523
INFY ,2018-12-03 10:42:41,3523
INFY ,2018-12-03 11:42:41,3523
INFY ,2018-12-03 12:42:40,3523
INFY ,2018-12-03 13:42:40,3523
INFY ,2018-12-03 14:42:45,3523
INFY ,2018-12-03 15:42:41,3537
INFY ,2018-12-03 16:42:43,3540
INFY ,2018-12-03 17:42:43,3539
INFY ,2018-12-03 18:42:42,3536
INFY ,2018-12-03 19:42:40,3539
INFY ,2018-12-03 20:42:41,3540
INFY ,2018-12-03 21:42:41,3542
INFY ,2018-12-03 22:42:42,3543
INFY ,2018-12-03 23:42:44,3543
INFY ,2018-12-04 00:42:42,3543
INFY ,2018-12-04 01:42:41,3543
INFY ,2018-12-04 02:42:42,3543
INFY ,2018-12-04 03:42:41,3543
INFY ,2018-12-04 04:42:41,3543
INFY ,2018-12-04 05:42:43,3543
INFY ,2018-12-04 06:42:43,3543
INFY ,2018-12-04 07:42:42,3543
INFY ,2018-12-04 08:42:42,3543
INFY ,2018-12-04 09:42:41,3543
INFY ,2018-12-04 10:42:40,3543
INFY ,2018-12-04 11:42:40,3543
INFY ,2018-12-04 12:42:41,3543
INFY ,2018-12-04 13:42:41,3543
INFY ,2018-12-04 15:09:15,3536
INFY ,2018-12-04 15:42:43,3536
INFY ,2018-12-04 16:42:41,3539
INFY ,2018-12-04 17:42:42,3537
INFY ,2018-12-04 18:42:42,3534
INFY ,2018-12-04 19:42:42,3535
INFY ,2018-12-04 20:42:42,3538
INFY ,2018-12-04 21:42:42,3535
INFY ,2018-12-04 22:42:44,3535
INFY ,2018-12-04 23:42:43,3535
INFY ,2018-12-05 00:42:43,3535
INFY ,2018-12-05 01:42:43,3535
INFY ,2018-12-05 02:42:43,3535
INFY ,2018-12-05 03:42:42,3535
INFY ,2018-12-05 04:42:45,3535
INFY ,2018-12-05 05:42:45,3535
INFY ,2018-12-05 06:42:42,3535
INFY ,2018-12-05 07:42:41,3535
INFY ,2018-12-05 08:42:41,3535
INFY ,2018-12-05 09:42:40,3535
INFY ,2018-12-05 10:42:42,3535
INFY ,2018-12-05 11:42:41,3535
INFY ,2018-12-05 12:42:40,3535
INFY ,2018-12-05 13:42:40,3535
INFY ,2018-12-05 14:42:41,3535
INFY ,2018-12-05 15:42:42,3535
INFY ,2018-12-05 16:42:41,3535
INFY ,2018-12-05 17:42:41,3535
INFY ,2018-12-05 18:42:41,3535
INFY ,2018-12-05 19:42:43,3535
INFY ,2018-12-05 20:42:42,3535
INFY ,2018-12-05 21:42:43,3535
INFY ,2018-12-05 22:42:42,3535
INFY ,2018-12-05 23:42:43,3535
INFY ,2018-12-06 00:42:42,3535
INFY ,2018-12-06 01:42:42,3535
INFY ,2018-12-06 02:42:41,3535
INFY ,2018-12-06 03:42:42,3535
INFY ,2018-12-06 04:42:40,3535
INFY ,2018-12-06 05:42:41,3535
INFY ,2018-12-06 06:42:41,3535
INFY ,2018-12-06 07:42:40,3535
INFY ,2018-12-06 08:42:43,3535
INFY ,2018-12-06 09:42:42,3535
INFY ,2018-12-06 10:42:41,3535
INFY ,2018-12-06 11:42:42,3535
INFY ,2018-12-06 12:42:41,3535
INFY ,2018-12-06 13:42:42,3535
INFY ,2018-12-06 14:42:43,3535
INFY ,2018-12-06 15:42:42,3527
INFY ,2018-12-06 16:42:42,3525
INFY ,2018-12-06 17:42:43,3520
INFY ,2018-12-06 18:42:42,3519
INFY ,2018-12-06 19:42:41,3519
INFY ,2018-12-06 20:42:41,3518
INFY ,2018-12-06 21:42:41,3519
INFY ,2018-12-06 22:42:41,3519
INFY ,2018-12-06 23:42:44,3519
INFY ,2018-12-07 00:42:46,3519
INFY ,2018-12-07 01:42:46,3519
INFY ,2018-12-07 02:42:45,3519
INFY ,2018-12-07 03:42:46,3519
INFY ,2018-12-07 04:42:47,3519
INFY ,2018-12-07 05:42:46,3519
INFY ,2018-12-07 06:42:46,3519
INFY ,2018-12-07 07:42:45,3519
INFY ,2018-12-07 08:42:45,3519
INFY ,2018-12-07 09:42:45,3519
INFY ,2018-12-07 10:42:45,3519
INFY ,2018-12-07 11:42:45,3519
INFY ,2018-12-07 12:42:46,3519
INFY ,2018-12-07 14:07:46,3520
INFY ,2018-12-07 14:42:49,3520
INFY ,2018-12-07 16:07:50,3524
INFY ,2018-12-07 16:42:45,3524
INFY ,2018-12-07 17:42:46,3523
INFY ,2018-12-07 18:42:45,3524
INFY ,2018-12-07 19:42:48,3526
INFY ,2018-12-07 20:42:46,3526
INFY ,2018-12-07 21:42:45,3528
INFY ,2018-12-07 22:42:47,3529
INFY ,2018-12-07 23:42:47,3529
INFY ,2018-12-08 00:42:46,3529
INFY ,2018-12-08 01:42:44,3529
INFY ,2018-12-08 03:42:46,3529
INFY ,2018-12-08 04:42:46,3529
INFY ,2018-12-08 05:42:46,3529
INFY ,2018-12-08 06:42:44,3529
INFY ,2018-12-08 07:42:46,3529
INFY ,2018-12-08 08:42:45,3529
INFY ,2018-12-08 09:42:44,3529
INFY ,2018-12-08 10:42:45,3529
INFY ,2018-12-08 11:42:45,3529
INFY ,2018-12-08 12:42:45,3529
INFY ,2018-12-08 13:42:44,3529
INFY ,2018-12-08 14:42:45,3529
INFY ,2018-12-08 15:42:45,3529
INFY ,2018-12-08 16:42:45,3529
INFY ,2018-12-08 17:42:45,3529
INFY ,2018-12-08 18:42:44,3529
INFY ,2018-12-08 19:42:45,3529
INFY ,2018-12-08 20:42:48,3529
INFY ,2018-12-08 21:42:48,3529
INFY ,2018-12-08 22:42:45,3529
INFY ,2018-12-08 23:42:46,3529
INFY ,2018-12-09 00:42:45,3529
INFY ,2018-12-09 01:42:47,3529
INFY ,2018-12-09 02:42:46,3529
INFY ,2018-12-09 03:42:45,3529
INFY ,2018-12-09 04:42:44,3529
INFY ,2018-12-09 05:42:44,3529
INFY ,2018-12-09 06:42:45,3529
INFY ,2018-12-09 07:42:46,3529
INFY ,2018-12-09 08:42:45,3529
INFY ,2018-12-09 09:42:48,3529
INFY ,2018-12-09 10:42:45,3529
INFY ,2018-12-09 11:42:47,3529
INFY ,2018-12-09 12:42:45,3529
INFY ,2018-12-09 13:42:45,3529
INFY ,2018-12-09 14:42:45,3529
INFY ,2018-12-09 15:42:46,3529
INFY ,2018-12-09 16:42:45,3529
INFY ,2018-12-09 17:42:45,3529
INFY ,2018-12-09 18:42:45,3529
INFY ,2018-12-09 19:42:44,3529
INFY ,2018-12-09 20:42:45,3529
INFY ,2018-12-09 21:42:45,3529
INFY ,2018-12-09 22:42:47,3529
INFY ,2018-12-09 23:42:46,3529
INFY ,2018-12-10 00:42:47,3529
INFY ,2018-12-10 01:42:44,3529
INFY ,2018-12-10 02:42:45,3529
INFY ,2018-12-10 03:42:45,3529
INFY ,2018-12-10 04:42:47,3529
INFY ,2018-12-10 05:42:44,3529
INFY ,2018-12-10 06:42:48,3529
INFY ,2018-12-10 07:42:48,3529
INFY ,2018-12-10 08:42:45,3529
INFY ,2018-12-10 09:42:45,3529
INFY ,2018-12-10 10:42:46,3529
INFY ,2018-12-10 11:42:44,3529
INFY ,2018-12-10 12:42:46,3529
INFY ,2018-12-10 13:42:48,3529
INFY ,2018-12-10 15:06:21,3530
INFY ,2018-12-10 15:42:45,3530
INFY ,2018-12-10 16:42:46,3528
INFY ,2018-12-10 17:42:47,3529
INFY ,2018-12-10 18:42:46,3531
INFY ,2018-12-10 19:42:46,3534
INFY ,2018-12-10 20:42:44,3535
INFY ,2018-12-10 21:42:46,3535
INFY ,2018-12-10 22:42:45,3535
INFY ,2018-12-10 23:42:46,3534
INFY ,2018-12-11 00:42:45,3534
INFY ,2018-12-11 01:42:45,3534
INFY ,2018-12-11 02:42:45,3534
INFY ,2018-12-11 03:42:46,3534
INFY ,2018-12-11 04:42:44,3534
INFY ,2018-12-11 05:42:47,3534
INFY ,2018-12-11 06:42:46,3534
INFY ,2018-12-11 07:42:46,3534
INFY ,2018-12-11 08:42:46,3534
INFY ,2018-12-11 09:42:45,3534
INFY ,2018-12-11 10:42:45,3534
INFY ,2018-12-11 11:42:46,3534
INFY ,2018-12-11 12:42:46,3534
INFY ,2018-12-11 13:42:45,3534
INFY ,2018-12-11 15:07:19,3546
INFY ,2018-12-11 15:42:46,3546
INFY ,2018-12-11 16:42:46,3544
INFY ,2018-12-11 17:42:46,3551
INFY ,2018-12-11 18:42:46,3549
INFY ,2018-12-11 19:42:46,3547
INFY ,2018-12-11 20:42:45,3545
INFY ,2018-12-11 21:42:48,3542
INFY ,2018-12-11 22:42:47,3542
INFY ,2018-12-11 23:42:46,3543
INFY ,2018-12-12 00:42:45,3543
INFY ,2018-12-12 01:42:45,3543
INFY ,2018-12-12 02:42:46,3543
INFY ,2018-12-12 03:42:46,3543
INFY ,2018-12-12 04:42:45,3543
INFY ,2018-12-12 05:42:44,3543
INFY ,2018-12-12 06:42:45,3543
INFY ,2018-12-12 07:42:45,3543
INFY ,2018-12-12 08:42:46,3543
INFY ,2018-12-12 09:42:45,3543
INFY ,2018-12-12 10:42:45,3543
INFY ,2018-12-12 11:42:47,3543
INFY ,2018-12-12 12:42:48,3543
INFY ,2018-12-12 14:08:21,3543
INFY ,2018-12-12 14:42:48,3543
INFY ,2018-12-12 15:42:46,3543
INFY ,2018-12-12 16:42:47,3550
INFY ,2018-12-12 17:42:46,3552
INFY ,2018-12-12 18:42:45,3548
INFY ,2018-12-12 19:42:46,3548
INFY ,2018-12-12 20:42:46,3551
INFY ,2018-12-12 21:42:46,3552
INFY ,2018-12-12 22:42:47,3552
INFY ,2018-12-12 23:42:46,3552
INFY ,2018-12-13 00:42:45,3552
INFY ,2018-12-13 01:42:46,3552
INFY ,2018-12-13 02:42:47,3552
INFY ,2018-12-13 03:42:45,3552
INFY ,2018-12-13 04:42:49,3552
INFY ,2018-12-13 05:42:48,3552
INFY ,2018-12-13 06:42:47,3552
INFY ,2018-12-13 07:42:46,3552
INFY ,2018-12-13 08:42:45,3552
INFY ,2018-12-13 09:42:45,3552
INFY ,2018-12-13 10:42:45,3552
INFY ,2018-12-13 11:42:45,3552
INFY ,2018-12-13 12:42:44,3552
INFY ,2018-12-13 14:06:49,3551
INFY ,2018-12-13 14:42:47,3551
INFY ,2018-12-13 15:42:48,3548
INFY ,2018-12-13 16:42:46,3547
INFY ,2018-12-13 17:42:47,3543
INFY ,2018-12-13 18:42:47,3542
INFY ,2018-12-13 19:42:46,3541
INFY ,2018-12-13 20:42:46,3544
INFY ,2018-12-13 21:42:45,3542
INFY ,2018-12-13 22:42:46,3542
INFY ,2018-12-13 23:42:46,3542
INFY ,2018-12-14 00:42:46,3542
INFY ,2018-12-14 01:42:46,3542
INFY ,2018-12-14 02:42:45,3542
INFY ,2018-12-14 03:42:45,3542
INFY ,2018-12-14 04:42:47,3542
INFY ,2018-12-14 05:42:46,3542
INFY ,2018-12-14 06:42:46,3542
INFY ,2018-12-14 07:42:46,3542
INFY ,2018-12-14 08:42:46,3542
INFY ,2018-12-14 09:42:45,3542
INFY ,2018-12-14 10:42:46,3542
INFY ,2018-12-14 11:42:45,3542
INFY ,2018-12-14 12:42:46,3542
INFY ,2018-12-14 14:06:49,3538
INFY ,2018-12-14 14:42:47,3538
INFY ,2018-12-14 15:42:47,3556
INFY ,2018-12-14 16:42:46,3552
INFY ,2018-12-14 17:42:47,3551
INFY ,2018-12-14 18:42:49,3555
INFY ,2018-12-14 19:42:49,3558
INFY ,2018-12-14 20:42:48,3561
INFY ,2018-12-14 21:42:45,3563
INFY ,2018-12-14 22:42:48,3563
INFY ,2018-12-14 23:42:47,3564
INFY ,2018-12-15 00:42:46,3564
INFY ,2018-12-15 01:42:47,3564
INFY ,2018-12-15 02:42:45,3564
INFY ,2018-12-15 03:42:46,3564
INFY ,2018-12-15 04:42:45,3564
INFY ,2018-12-15 05:42:47,3564
INFY ,2018-12-15 06:42:46,3564
INFY ,2018-12-15 07:42:46,3564
INFY ,2018-12-15 08:42:45,3564
INFY ,2018-12-15 09:42:45,3564
INFY ,2018-12-15 10:42:46,3564
INFY ,2018-12-15 11:42:45,3564
INFY ,2018-12-15 12:42:46,3564
INFY ,2018-12-15 13:42:46,3564
INFY ,2018-12-15 14:42:45,3564
INFY ,2018-12-15 15:42:46,3564
INFY ,2018-12-15 16:42:45,3564
INFY ,2018-12-15 17:42:47,3564
INFY ,2018-12-15 18:42:46,3564
INFY ,2018-12-15 19:42:46,3564
INFY ,2018-12-15 20:42:45,3564
INFY ,2018-12-15 21:42:45,3564
INFY ,2018-12-15 22:42:46,3564
INFY ,2018-12-15 23:42:45,3564
INFY ,2018-12-16 00:42:46,3564
INFY ,2018-12-16 01:42:46,3564
INFY ,2018-12-16 02:42:45,3564
INFY ,2018-12-16 03:42:46,3564
INFY ,2018-12-16 04:42:48,3564
INFY ,2018-12-16 05:42:45,3564
INFY ,2018-12-16 06:42:47,3564
INFY ,2018-12-16 07:42:46,3564
INFY ,2018-12-16 08:42:45,3564
INFY ,2018-12-16 09:42:47,3564
INFY ,2018-12-16 10:42:45,3564
INFY ,2018-12-16 11:42:46,3564
INFY ,2018-12-16 12:42:45,3564
INFY ,2018-12-16 13:42:46,3564
INFY ,2018-12-16 14:42:45,3564
INFY ,2018-12-16 15:42:45,3564
INFY ,2018-12-16 16:42:45,3564
INFY ,2018-12-16 17:42:48,3564
INFY ,2018-12-16 18:42:45,3564
INFY ,2018-12-16 19:42:46,3564
INFY ,2018-12-16 20:42:46,3564
INFY ,2018-12-16 21:42:45,3564
INFY ,2018-12-16 22:42:47,3564
INFY ,2018-12-16 23:42:48,3564
INFY ,2018-12-17 00:42:46,3564
INFY ,2018-12-17 01:42:45,3564
INFY ,2018-12-17 02:42:46,3564
INFY ,2018-12-17 03:42:45,3564
INFY ,2018-12-17 04:42:49,3564
INFY ,2018-12-17 05:42:45,3564
INFY ,2018-12-17 06:42:47,3564
INFY ,2018-12-17 07:42:46,3564
INFY ,2018-12-17 08:42:45,3564
INFY ,2018-12-17 09:42:46,3564
INFY ,2018-12-17 10:42:46,3564
INFY ,2018-12-17 11:42:45,3564
INFY ,2018-12-17 12:42:45,3564
INFY ,2018-12-17 13:42:48,3564
INFY ,2018-12-17 14:42:50,3565
INFY ,2018-12-17 15:42:47,3589
INFY ,2018-12-17 16:42:47,3593
INFY ,2018-12-17 17:42:46,3590
INFY ,2018-12-17 18:42:47,3591
INFY ,2018-12-17 20:08:19,3581
INFY ,2018-12-17 20:42:47,3581
INFY ,2018-12-17 21:42:48,3579
INFY ,2018-12-17 22:42:47,3579
INFY ,2018-12-17 23:42:45,3580
INFY ,2018-12-18 00:42:46,3580
INFY ,2018-12-18 01:42:47,3580
INFY ,2018-12-18 02:42:45,3580
INFY ,2018-12-18 03:42:46,3580
INFY ,2018-12-18 04:42:45,3580
INFY ,2018-12-18 05:42:46,3580
INFY ,2018-12-18 06:42:45,3580
INFY ,2018-12-18 07:42:46,3580
INFY ,2018-12-18 08:42:45,3580
INFY ,2018-12-18 09:42:45,3580
INFY ,2018-12-18 10:42:45,3580
INFY ,2018-12-18 11:42:45,3580
INFY ,2018-12-18 12:42:46,3580
INFY ,2018-12-18 13:42:45,3580
INFY ,2018-12-18 14:42:46,3580
INFY ,2018-12-18 15:42:45,3581
INFY ,2018-12-18 16:42:45,3584
INFY ,2018-12-18 17:42:46,3584
INFY ,2018-12-18 18:42:45,3582
INFY ,2018-12-18 19:42:45,3581
INFY ,2018-12-18 20:42:47,3581
INFY ,2018-12-18 21:42:47,3581
INFY ,2018-12-18 22:42:45,3581
INFY ,2018-12-18 23:42:47,3581
INFY ,2018-12-19 00:42:45,3581
INFY ,2018-12-19 01:42:46,3581
INFY ,2018-12-19 02:42:46,3581
INFY ,2018-12-19 03:42:47,3581
INFY ,2018-12-19 04:42:47,3581
INFY ,2018-12-19 05:42:48,3581
INFY ,2018-12-19 06:42:47,3581
INFY ,2018-12-19 07:42:46,3581
INFY ,2018-12-19 08:42:46,3579
INFY ,2018-12-19 09:42:47,3579
INFY ,2018-12-19 11:42:46,3579
INFY ,2018-12-19 12:42:45,3579
INFY ,2018-12-19 13:42:45,3579
INFY ,2018-12-19 14:42:46,3579
INFY ,2018-12-19 15:42:46,3579
INFY ,2018-12-19 16:42:46,3581
INFY ,2018-12-19 17:42:44,3578
INFY ,2018-12-19 18:42:47,3580
INFY ,2018-12-19 19:42:46,3580
INFY ,2018-12-19 20:42:46,3580
INFY ,2018-12-19 21:42:50,3578
INFY ,2018-12-19 22:42:49,3578
INFY ,2018-12-19 23:42:49,3578
INFY ,2018-12-20 00:42:49,3578
INFY ,2018-12-20 01:42:48,3578
INFY ,2018-12-20 02:42:48,3578
INFY ,2018-12-20 03:42:48,3578
INFY ,2018-12-20 04:42:48,3578
INFY ,2018-12-20 05:42:46,3578
INFY ,2018-12-20 06:42:46,3578
INFY ,2018-12-20 07:42:48,3578
INFY ,2018-12-20 08:42:48,3578
INFY ,2018-12-20 09:42:45,3578
INFY ,2018-12-20 10:42:47,3578
INFY ,2018-12-20 11:42:45,3578
INFY ,2018-12-20 12:42:45,3578
INFY ,2018-12-20 13:42:46,3578
INFY ,2018-12-20 14:42:48,3578
INFY ,2018-12-20 15:42:47,3581
INFY ,2018-12-20 16:42:50,3580
INFY ,2018-12-20 17:42:47,3576
INFY ,2018-12-20 18:42:46,3573
INFY ,2018-12-20 19:42:46,3573
INFY ,2018-12-20 20:42:48,3575
INFY ,2018-12-20 21:42:47,3577
INFY ,2018-12-20 22:42:48,3576
INFY ,2018-12-20 23:42:48,3576
INFY ,2018-12-21 00:42:47,3576
INFY ,2018-12-21 01:42:47,3576
INFY ,2018-12-21 02:42:48,3576
INFY ,2018-12-21 03:42:46,3576
INFY ,2018-12-21 04:42:48,3576
INFY ,2018-12-21 05:42:45,3576
INFY ,2018-12-21 06:42:47,3576
INFY ,2018-12-21 07:42:45,3576
INFY ,2018-12-21 08:42:45,3576
INFY ,2018-12-21 09:42:45,3576
INFY ,2018-12-21 10:42:45,3576
INFY ,2018-12-21 11:42:46,3576
INFY ,2018-12-21 12:42:46,3576
INFY ,2018-12-21 13:42:45,3576
INFY ,2018-12-21 14:42:48,3577
INFY ,2018-12-21 15:42:47,3571
INFY ,2018-12-21 16:42:49,3572
INFY ,2018-12-21 17:42:49,3570
INFY ,2018-12-21 18:42:51,3570
INFY ,2018-12-21 19:42:47,3568
INFY ,2018-12-21 20:42:51,3567
INFY ,2018-12-21 21:42:49,3568
INFY ,2018-12-21 22:42:50,3568
INFY ,2018-12-21 23:42:48,3568
INFY ,2018-12-22 00:42:50,3568
INFY ,2018-12-22 01:42:49,3568
INFY ,2018-12-22 02:42:51,3568
INFY ,2018-12-22 03:42:46,3568
INFY ,2018-12-22 04:42:50,3568
INFY ,2018-12-22 05:42:46,3568
INFY ,2018-12-22 06:42:49,3568
INFY ,2018-12-22 07:42:49,3568
INFY ,2018-12-22 08:42:46,3568
INFY ,2018-12-22 09:42:46,3568
INFY ,2018-12-22 10:42:47,3568
INFY ,2018-12-22 11:42:46,3568
INFY ,2018-12-22 12:42:46,3568
INFY ,2018-12-22 13:42:46,3568
INFY ,2018-12-22 14:42:47,3568
INFY ,2018-12-22 15:42:47,3568
INFY ,2018-12-22 16:42:46,3568
INFY ,2018-12-22 17:42:47,3568
INFY ,2018-12-22 18:42:46,3568
INFY ,2018-12-22 19:42:49,3568
INFY ,2018-12-22 20:42:48,3568
INFY ,2018-12-22 21:42:48,3568
INFY ,2018-12-22 22:42:49,3568
INFY ,2018-12-22 23:42:47,3568
INFY ,2018-12-23 00:42:47,3568
INFY ,2018-12-23 01:42:48,3568
INFY ,2018-12-23 02:42:46,3568
INFY ,2018-12-23 03:42:49,3568
INFY ,2018-12-23 04:42:48,3568
INFY ,2018-12-23 05:42:47,3568
INFY ,2018-12-23 06:42:49,3568
INFY ,2018-12-23 07:42:47,3568
INFY ,2018-12-23 08:42:48,3568
INFY ,2018-12-23 09:42:47,3568
INFY ,2018-12-23 10:42:50,3568
INFY ,2018-12-23 11:42:48,3568
INFY ,2018-12-23 12:42:46,3568
INFY ,2018-12-23 13:42:48,3568
INFY ,2018-12-23 14:42:48,3568
INFY ,2018-12-23 15:42:49,3568
INFY ,2018-12-23 16:42:49,3568
INFY ,2018-12-23 17:42:50,3568
INFY ,2018-12-23 18:42:49,3568
INFY ,2018-12-23 19:42:49,3568
INFY ,2018-12-23 20:42:50,3568
INFY ,2018-12-23 21:42:50,3568
INFY ,2018-12-23 22:42:48,3568
INFY ,2018-12-23 23:42:46,3568
INFY ,2018-12-24 00:42:48,3568
INFY ,2018-12-24 01:42:50,3568
INFY ,2018-12-24 02:42:51,3568
INFY ,2018-12-24 03:42:50,3568
INFY ,2018-12-24 04:42:46,3568
INFY ,2018-12-24 05:42:47,3568
INFY ,2018-12-24 06:42:48,3568
INFY ,2018-12-24 07:42:50,3568
INFY ,2018-12-24 08:42:46,3568
INFY ,2018-12-24 09:42:51,3568
INFY ,2018-12-24 10:42:47,3568
INFY ,2018-12-24 11:42:48,3568
INFY ,2018-12-24 12:42:47,3568
INFY ,2018-12-24 13:42:48,3568
INFY ,2018-12-24 15:06:25,3571
INFY ,2018-12-24 15:42:51,3571
INFY ,2018-12-24 16:42:49,3577
INFY ,2018-12-24 17:42:49,3582
INFY ,2018-12-24 18:42:51,3583
INFY ,2018-12-24 19:42:50,3584
INFY ,2018-12-24 20:42:50,3584
INFY ,2018-12-24 21:42:46,3584
INFY ,2018-12-24 22:42:47,3584
INFY ,2018-12-24 23:42:46,3584
INFY ,2018-12-25 00:42:48,3584
INFY ,2018-12-25 01:42:46,3584
INFY ,2018-12-25 02:42:49,3584
INFY ,2018-12-25 03:42:48,3584
INFY ,2018-12-25 04:42:48,3584
INFY ,2018-12-25 05:42:48,3584
INFY ,2018-12-25 06:42:48,3584
INFY ,2018-12-25 07:42:48,3584
INFY ,2018-12-25 08:42:47,3584
INFY ,2018-12-25 09:42:46,3584
INFY ,2018-12-25 10:42:46,3584
INFY ,2018-12-25 11:42:46,3584
INFY ,2018-12-25 12:42:47,3584
INFY ,2018-12-25 13:42:47,3584
INFY ,2018-12-25 14:42:47,3584
INFY ,2018-12-25 15:42:47,3584
INFY ,2018-12-25 16:42:46,3584
INFY ,2018-12-25 17:42:48,3584
INFY ,2018-12-25 18:42:47,3584
INFY ,2018-12-25 19:42:47,3584
INFY ,2018-12-25 20:42:47,3584
INFY ,2018-12-25 21:42:47,3584
INFY ,2018-12-25 22:42:47,3584
INFY ,2018-12-25 23:42:47,3584
INFY ,2018-12-26 00:42:48,3584
INFY ,2018-12-26 01:42:47,3584
INFY ,2018-12-26 02:42:47,3584
INFY ,2018-12-26 03:42:46,3584
INFY ,2018-12-26 04:42:46,3584
INFY ,2018-12-26 05:42:46,3584
INFY ,2018-12-26 06:42:50,3584
INFY ,2018-12-26 07:42:48,3584
INFY ,2018-12-26 08:42:49,3584
INFY ,2018-12-26 09:42:46,3584
INFY ,2018-12-26 10:42:48,3584
INFY ,2018-12-26 11:42:46,3584
INFY ,2018-12-26 12:42:47,3584
INFY ,2018-12-26 13:42:51,3584
INFY ,2018-12-26 15:07:55,3586
INFY ,2018-12-26 15:42:49,3586
INFY ,2018-12-26 16:42:48,3588
INFY ,2018-12-26 17:42:49,3590
INFY ,2018-12-26 18:42:47,3592
INFY ,2018-12-26 19:42:49,3594
INFY ,2018-12-26 20:42:49,3596
INFY ,2018-12-26 21:42:49,3597
INFY ,2018-12-26 22:42:50,3598
INFY ,2018-12-26 23:42:49,3598
INFY ,2018-12-27 00:42:49,3598
INFY ,2018-12-27 01:42:50,3598
INFY ,2018-12-27 02:42:49,3598
INFY ,2018-12-27 03:42:50,3598
INFY ,2018-12-27 04:42:47,3598
INFY ,2018-12-27 05:42:49,3598
INFY ,2018-12-27 06:42:47,3598
INFY ,2018-12-27 07:42:48,3598
INFY ,2018-12-27 08:42:47,3598
INFY ,2018-12-27 09:42:48,3598
INFY ,2018-12-27 10:42:49,3598
INFY ,2018-12-27 11:42:46,3598
INFY ,2018-12-27 12:42:47,3598
INFY ,2018-12-27 13:42:46,3598
INFY ,2018-12-27 14:42:47,3598
INFY ,2018-12-27 15:42:46,3603
INFY ,2018-12-27 16:42:47,3608
INFY ,2018-12-27 17:42:50,3612
INFY ,2018-12-27 18:42:50,3612
INFY ,2018-12-27 19:42:50,3612
INFY ,2018-12-27 20:42:47,3611
INFY ,2018-12-27 21:42:49,3612
INFY ,2018-12-27 22:42:54,3612
INFY ,2018-12-27 23:42:54,3611
INFY ,2018-12-28 00:42:53,3611
INFY ,2018-12-28 01:42:51,3611
INFY ,2018-12-28 02:42:50,3611
INFY ,2018-12-28 03:42:48,3611
INFY ,2018-12-28 04:42:49,3611
INFY ,2018-12-28 05:42:47,3611
INFY ,2018-12-28 06:42:52,3611
INFY ,2018-12-28 07:42:53,3611
INFY ,2018-12-28 08:42:49,3611
INFY ,2018-12-28 09:42:50,3611
INFY ,2018-12-28 10:42:47,3611
INFY ,2018-12-28 11:42:48,3611
INFY ,2018-12-28 12:42:47,3611
INFY ,2018-12-28 13:42:47,3611
INFY ,2018-12-28 14:42:48,3611
INFY ,2018-12-28 16:08:22,3623
INFY ,2018-12-28 16:42:48,3623
INFY ,2018-12-28 17:42:51,3620
INFY ,2018-12-28 18:42:50,3620
INFY ,2018-12-28 19:42:48,3618
INFY ,2018-12-28 20:42:50,3618
INFY ,2018-12-28 21:42:50,3620
INFY ,2018-12-28 22:42:47,3621
INFY ,2018-12-28 23:42:49,3621
INFY ,2018-12-29 00:42:48,3621
INFY ,2018-12-29 01:42:47,3621
INFY ,2018-12-29 02:42:48,3621
INFY ,2018-12-29 03:42:46,3621
INFY ,2018-12-29 04:42:47,3621
INFY ,2018-12-29 05:42:47,3621
INFY ,2018-12-29 06:42:46,3621
INFY ,2018-12-29 07:42:51,3621
INFY ,2018-12-29 08:42:51,3621
INFY ,2018-12-29 09:42:49,3621
INFY ,2018-12-29 10:42:48,3621
INFY ,2018-12-29 11:42:48,3621
INFY ,2018-12-29 12:42:47,3621
INFY ,2018-12-29 13:42:47,3621
INFY ,2018-12-29 14:42:46,3621
INFY ,2018-12-29 15:42:46,3621
INFY ,2018-12-29 16:42:49,3621
INFY ,2018-12-29 17:42:47,3621
INFY ,2018-12-29 18:42:49,3621
INFY ,2018-12-29 19:42:50,3621
INFY ,2018-12-29 20:42:47,3621
INFY ,2018-12-29 21:42:51,3621
INFY ,2018-12-29 22:42:48,3621
INFY ,2018-12-29 23:42:51,3621
INFY ,2018-12-30 00:42:47,3621
INFY ,2018-12-30 01:42:49,3621
INFY ,2018-12-30 02:42:46,3621
INFY ,2018-12-30 03:42:47,3621
INFY ,2018-12-30 04:42:47,3621
INFY ,2018-12-30 05:42:46,3621
INFY ,2018-12-30 06:42:46,3621
INFY ,2018-12-30 07:42:46,3621
INFY ,2018-12-30 08:42:46,3621
INFY ,2018-12-30 09:42:46,3621
INFY ,2018-12-30 10:42:46,3621
INFY ,2018-12-30 11:42:47,3621
INFY ,2018-12-30 12:42:47,3621
INFY ,2018-12-30 13:42:47,3621
INFY ,2018-12-30 14:42:46,3621
INFY ,2018-12-30 15:42:46,3621
INFY ,2018-12-30 16:42:46,3621
INFY ,2018-12-30 17:42:47,3621
INFY ,2018-12-30 18:42:46,3621
INFY ,2018-12-30 19:42:47,3621
INFY ,2018-12-30 20:42:46,3621
INFY ,2018-12-30 21:42:48,3621
INFY ,2018-12-30 22:42:49,3621
INFY ,2018-12-30 23:42:47,3621
INFY ,2018-12-31 00:42:47,3621
INFY ,2018-12-31 01:42:46,3621
INFY ,2018-12-31 02:42:46,3621
INFY ,2018-12-31 03:42:49,3621
INFY ,2018-12-31 04:42:48,3621
INFY ,2018-12-31 05:42:50,3621
INFY ,2018-12-31 06:42:47,3621
INFY ,2018-12-31 07:42:47,3621
INFY ,2018-12-31 08:42:46,3621
INFY ,2018-12-31 09:42:49,3621
INFY ,2018-12-31 10:42:48,3621
INFY ,2018-12-31 11:42:47,3621
INFY ,2018-12-31 12:42:46,3621
INFY ,2018-12-31 13:42:46,3621
INFY ,2018-12-31 14:42:51,3620
INFY ,2018-12-31 15:42:47,3625
INFY ,2018-12-31 16:42:47,3626
INFY ,2018-12-31 17:42:48,3628
INFY ,2018-12-31 18:42:48,3628
INFY ,2018-12-31 19:42:48,3630
INFY ,2018-12-31 20:42:48,3631
INFY ,2018-12-31 21:42:48,3631
INFY ,2018-12-31 22:42:47,3631
INFY ,2018-12-31 23:42:46,3631
INFY ,2019-01-01 00:42:47,3631
INFY ,2019-01-01 01:42:48,3631
INFY ,2019-01-01 02:42:48,3631
INFY ,2019-01-01 03:42:46,3631
INFY ,2019-01-01 04:42:47,3631
INFY ,2019-01-01 05:42:46,3631
INFY ,2019-01-01 06:42:47,3631
INFY ,2019-01-01 07:42:46,3631
INFY ,2019-01-01 08:42:47,3631
INFY ,2019-01-01 09:42:46,3631
INFY ,2019-01-01 10:42:46,3631
INFY ,2019-01-01 11:42:46,3631
INFY ,2019-01-01 12:42:46,3631
INFY ,2019-01-01 13:42:46,3631
INFY ,2019-01-01 14:42:47,3631
INFY ,2019-01-01 15:42:47,3631
INFY ,2019-01-01 16:42:46,3631
INFY ,2019-01-01 17:42:47,3631
INFY ,2019-01-01 18:42:45,3631
INFY ,2019-01-01 19:42:47,3631
INFY ,2019-01-01 20:42:46,3631
INFY ,2019-01-01 21:42:46,3631
INFY ,2019-01-01 22:42:49,3631
INFY ,2019-01-01 23:42:46,3631
INFY ,2019-01-02 00:42:47,3631
INFY ,2019-01-02 01:42:46,3631
INFY ,2019-01-02 02:42:48,3631
INFY ,2019-01-02 03:42:47,3631
INFY ,2019-01-02 04:42:47,3631
INFY ,2019-01-02 05:42:48,3631
INFY ,2019-01-02 06:42:47,3631
INFY ,2019-01-02 07:42:48,3631
INFY ,2019-01-02 08:42:47,3631
INFY ,2019-01-02 09:42:47,3631
INFY ,2019-01-02 10:42:48,3631
INFY ,2019-01-02 11:42:46,3631
INFY ,2019-01-02 12:42:46,3631
INFY ,2019-01-02 13:42:46,3631
INFY ,2019-01-02 15:07:54,3637
INFY ,2019-01-02 15:42:48,3637
INFY ,2019-01-02 16:42:47,3637
INFY ,2019-01-02 17:42:47,3637
INFY ,2019-01-02 18:42:50,3637
INFY ,2019-01-02 19:42:49,3637
INFY ,2019-01-02 20:42:49,3638
INFY ,2019-01-02 21:42:47,3642
INFY ,2019-01-02 22:42:48,3643
INFY ,2019-01-02 23:42:51,3643
INFY ,2019-01-03 00:42:49,3643
INFY ,2019-01-03 01:42:47,3643
INFY ,2019-01-03 02:42:48,3643
INFY ,2019-01-03 03:42:48,3643
INFY ,2019-01-03 05:42:50,3643
INFY ,2019-01-03 06:42:48,3643
INFY ,2019-01-03 07:42:48,3643
INFY ,2019-01-03 08:42:48,3643
INFY ,2019-01-03 09:42:48,3643
INFY ,2019-01-03 10:42:48,3643
INFY ,2019-01-03 11:42:47,3643
INFY ,2019-01-03 12:42:48,3643
INFY ,2019-01-03 13:42:46,3643
INFY ,2019-01-03 14:42:51,3644
INFY ,2019-01-03 15:42:51,3645
INFY ,2019-01-03 16:42:51,3646
INFY ,2019-01-03 17:42:53,3647
INFY ,2019-01-03 18:42:49,3650
INFY ,2019-01-03 19:42:51,3652
INFY ,2019-01-03 20:42:48,3653
INFY ,2019-01-03 21:42:50,3652
INFY ,2019-01-03 22:42:51,3651
INFY ,2019-01-03 23:42:48,3652
INFY ,2019-01-04 00:42:50,3652
INFY ,2019-01-04 01:42:49,3652
INFY ,2019-01-04 02:42:51,3652
INFY ,2019-01-04 03:42:48,3652
INFY ,2019-01-04 04:42:48,3652
INFY ,2019-01-04 05:42:50,3652
INFY ,2019-01-04 06:42:50,3652
INFY ,2019-01-04 07:42:48,3652
INFY ,2019-01-04 08:42:49,3652
INFY ,2019-01-04 09:42:49,3652
INFY ,2019-01-04 10:42:48,3652
INFY ,2019-01-04 11:42:48,3652
INFY ,2019-01-04 12:42:48,3652
INFY ,2019-01-04 13:42:48,3652
INFY ,2019-01-04 15:07:25,3653
INFY ,2019-01-04 15:42:50,3653
INFY ,2019-01-04 16:42:49,3650
INFY ,2019-01-04 17:42:48,3648
INFY ,2019-01-04 18:42:50,3642
INFY ,2019-01-04 19:42:50,3641
INFY ,2019-01-04 20:42:49,3645
INFY ,2019-01-04 21:42:50,3645
INFY ,2019-01-04 22:42:47,3645
INFY ,2019-01-04 23:42:49,3645
INFY ,2019-01-05 00:42:51,3645
INFY ,2019-01-05 01:42:48,3645
INFY ,2019-01-05 02:42:49,3644
INFY ,2019-01-05 03:42:48,3644
INFY ,2019-01-05 04:42:48,3644
INFY ,2019-01-05 05:42:48,3644
INFY ,2019-01-05 06:42:47,3644
INFY ,2019-01-05 07:42:47,3644
INFY ,2019-01-05 08:42:49,3644
INFY ,2019-01-05 09:42:50,3644
INFY ,2019-01-05 10:42:48,3644
INFY ,2019-01-05 11:42:47,3644
INFY ,2019-01-05 12:42:47,3644
INFY ,2019-01-05 13:42:48,3644
INFY ,2019-01-05 14:42:47,3644
INFY ,2019-01-05 15:42:47,3644
INFY ,2019-01-05 16:42:47,3644
INFY ,2019-01-05 17:42:48,3644
INFY ,2019-01-05 18:42:48,3644
INFY ,2019-01-05 19:42:51,3644
INFY ,2019-01-05 20:42:48,3644
INFY ,2019-01-05 21:42:50,3644
INFY ,2019-01-05 22:42:48,3644
INFY ,2019-01-05 23:42:48,3644
INFY ,2019-01-06 00:42:48,3644
INFY ,2019-01-06 01:42:47,3644
INFY ,2019-01-06 02:42:47,3644
INFY ,2019-01-06 03:42:48,3644
INFY ,2019-01-06 04:42:48,3644
INFY ,2019-01-06 05:42:48,3644
INFY ,2019-01-06 06:42:46,3644
INFY ,2019-01-06 07:42:48,3644
INFY ,2019-01-06 08:42:46,3644
INFY ,2019-01-06 09:42:46,3644
INFY ,2019-01-06 10:42:47,3644
INFY ,2019-01-06 11:42:47,3644
INFY ,2019-01-06 12:42:47,3644
INFY ,2019-01-06 13:42:47,3644
INFY ,2019-01-06 14:42:47,3644
INFY ,2019-01-06 15:42:48,3644
INFY ,2019-01-06 16:42:47,3644
INFY ,2019-01-06 17:42:48,3644
INFY ,2019-01-06 18:42:47,3644
INFY ,2019-01-06 19:42:47,3644
INFY ,2019-01-06 20:42:47,3644
INFY ,2019-01-06 21:42:47,3644
INFY ,2019-01-06 22:42:47,3644
INFY ,2019-01-06 23:42:48,3644
INFY ,2019-01-07 00:42:47,3644
INFY ,2019-01-07 01:42:47,3644
INFY ,2019-01-07 02:42:49,3644
INFY ,2019-01-07 03:42:48,3644
INFY ,2019-01-07 04:42:48,3644
INFY ,2019-01-07 05:42:46,3644
INFY ,2019-01-07 06:42:48,3644
INFY ,2019-01-07 07:42:47,3644
INFY ,2019-01-07 08:42:47,3644
INFY ,2019-01-07 09:42:48,3644
INFY ,2019-01-07 10:42:50,3644
INFY ,2019-01-07 11:42:48,3644
INFY ,2019-01-07 12:42:49,3644
INFY ,2019-01-07 14:08:20,3644
INFY ,2019-01-07 14:42:49,3644
INFY ,2019-01-07 15:42:50,3660
INFY ,2019-01-07 16:42:51,3655
INFY ,2019-01-07 17:42:52,3655
INFY ,2019-01-07 18:42:49,3657
INFY ,2019-01-07 19:42:47,3654
INFY ,2019-01-07 20:42:51,3663
INFY ,2019-01-07 21:42:50,3664
INFY ,2019-01-07 22:42:48,3664
INFY ,2019-01-07 23:42:51,3664
INFY ,2019-01-08 00:42:47,3664
INFY ,2019-01-08 01:42:48,3664
INFY ,2019-01-08 02:42:50,3664
INFY ,2019-01-08 03:42:49,3664
INFY ,2019-01-08 04:42:48,3664
INFY ,2019-01-08 05:42:49,3664
INFY ,2019-01-08 06:42:48,3664
INFY ,2019-01-08 07:42:48,3664
INFY ,2019-01-08 08:42:48,3664
INFY ,2019-01-08 09:42:47,3664
INFY ,2019-01-08 10:42:49,3664
INFY ,2019-01-08 11:42:49,3664
INFY ,2019-01-08 12:42:48,3664
INFY ,2019-01-08 13:42:49,3664
INFY ,2019-01-08 14:42:52,3664
INFY ,2019-01-08 15:42:51,3668
INFY ,2019-01-08 16:42:49,3669
INFY ,2019-01-08 17:42:49,3671
INFY ,2019-01-08 18:42:49,3678
INFY ,2019-01-08 19:42:49,3682
INFY ,2019-01-08 20:42:47,3688
INFY ,2019-01-08 21:42:49,3692
INFY ,2019-01-08 22:42:47,3693
INFY ,2019-01-08 23:42:50,3695
INFY ,2019-01-09 00:42:49,3695
INFY ,2019-01-09 01:42:48,3695
INFY ,2019-01-09 02:42:53,3695
INFY ,2019-01-09 04:42:50,3695
INFY ,2019-01-09 05:42:50,3695
INFY ,2019-01-09 06:42:48,3695
INFY ,2019-01-09 07:42:53,3695
INFY ,2019-01-09 08:42:51,3695
INFY ,2019-01-09 09:42:48,3695
INFY ,2019-01-09 10:42:49,3695
INFY ,2019-01-09 11:42:48,3695
INFY ,2019-01-09 12:42:47,3695
INFY ,2019-01-09 14:08:21,3697
INFY ,2019-01-09 14:42:51,3697
INFY ,2019-01-09 15:42:49,3713
INFY ,2019-01-09 16:42:51,3736
INFY ,2019-01-09 17:42:48,3762
INFY ,2019-01-09 18:42:50,3783
INFY ,2019-01-09 19:42:49,3824
INFY ,2019-01-09 20:42:52,3860
INFY ,2019-01-09 21:42:50,3880
INFY ,2019-01-09 22:42:49,3893
INFY ,2019-01-09 23:42:48,3896
INFY ,2019-01-10 00:42:47,3896
INFY ,2019-01-10 01:42:47,3896
INFY ,2019-01-10 02:42:48,3896
INFY ,2019-01-10 03:42:47,3896
INFY ,2019-01-10 04:42:47,3896
INFY ,2019-01-10 05:42:47,3896
INFY ,2019-01-10 06:42:46,3896
INFY ,2019-01-10 07:42:48,3896
INFY ,2019-01-10 08:42:48,3896
INFY ,2019-01-10 09:42:47,3896
INFY ,2019-01-10 10:42:47,3896
INFY ,2019-01-10 11:42:47,3896
INFY ,2019-01-10 12:42:47,3896
INFY ,2019-01-10 13:42:48,3896
INFY ,2019-01-10 15:07:23,4004
INFY ,2019-01-10 15:42:50,4004
INFY ,2019-01-10 16:42:49,4035
INFY ,2019-01-10 17:42:49,4063
INFY ,2019-01-10 18:42:48,4095
INFY ,2019-01-10 19:42:47,4116
INFY ,2019-01-10 20:42:50,4134
INFY ,2019-01-10 21:42:50,4148
INFY ,2019-01-10 22:42:48,4174
INFY ,2019-01-10 23:42:48,4188
INFY ,2019-01-11 00:42:49,4188
INFY ,2019-01-11 01:42:47,4188
INFY ,2019-01-11 02:42:49,4188
INFY ,2019-01-11 03:42:48,4188
INFY ,2019-01-11 04:42:48,4188
INFY ,2019-01-11 05:42:49,4188
INFY ,2019-01-11 06:42:47,4188
INFY ,2019-01-11 07:42:51,4188
INFY ,2019-01-11 08:42:48,4188
INFY ,2019-01-11 09:42:48,4188
INFY ,2019-01-11 10:42:47,4188
INFY ,2019-01-11 11:42:48,4188
INFY ,2019-01-11 12:42:49,4188
INFY ,2019-01-11 13:42:47,4188
INFY ,2019-01-11 14:42:51,4178
INFY ,2019-01-11 15:42:51,4274
INFY ,2019-01-11 16:42:47,4292
INFY ,2019-01-11 17:42:49,4307
INFY ,2019-01-11 18:42:48,4338
INFY ,2019-01-11 19:42:51,4356
INFY ,2019-01-11 20:42:50,4385
INFY ,2019-01-11 21:42:47,4413
INFY ,2019-01-11 22:42:49,4423
INFY ,2019-01-11 23:42:47,4435
INFY ,2019-01-12 00:42:47,4435
INFY ,2019-01-12 01:42:49,4435
INFY ,2019-01-12 02:42:47,4435
INFY ,2019-01-12 03:42:49,4435
INFY ,2019-01-12 04:42:46,4435
INFY ,2019-01-12 05:42:46,4435
INFY ,2019-01-12 06:42:48,4435
INFY ,2019-01-12 07:42:46,4435
INFY ,2019-01-12 08:42:47,4435
INFY ,2019-01-12 09:42:47,4435
INFY ,2019-01-12 10:42:47,4435
INFY ,2019-01-12 11:42:47,4435
INFY ,2019-01-12 12:42:46,4435
INFY ,2019-01-12 13:42:46,4435
INFY ,2019-01-12 14:42:47,4435
INFY ,2019-01-12 15:42:46,4435
INFY ,2019-01-12 16:42:48,4435
INFY ,2019-01-12 17:42:48,4435
INFY ,2019-01-12 18:42:46,4435
INFY ,2019-01-12 19:42:49,4435
INFY ,2019-01-12 20:42:48,4435
INFY ,2019-01-12 21:42:47,4435
INFY ,2019-01-12 22:42:47,4435
INFY ,2019-01-12 23:42:51,4435
INFY ,2019-01-13 00:42:47,4435
INFY ,2019-01-13 01:42:47,4435
INFY ,2019-01-13 02:42:47,4435
INFY ,2019-01-13 03:42:47,4435
INFY ,2019-01-13 04:42:49,4435
INFY ,2019-01-13 05:42:48,4435
INFY ,2019-01-13 06:42:47,4435
INFY ,2019-01-13 07:42:47,4435
INFY ,2019-01-13 08:42:47,4435
INFY ,2019-01-13 09:42:48,4435
INFY ,2019-01-13 10:42:52,4435
INFY ,2019-01-13 11:42:50,4435
INFY ,2019-01-13 12:42:46,4435
INFY ,2019-01-13 13:42:47,4435
INFY ,2019-01-13 14:42:46,4435
INFY ,2019-01-13 15:42:48,4435
INFY ,2019-01-13 16:42:47,4435
INFY ,2019-01-13 17:42:47,4435
INFY ,2019-01-13 18:42:47,4435
INFY ,2019-01-13 19:42:47,4435
INFY ,2019-01-13 20:42:48,4435
INFY ,2019-01-13 21:42:47,4435
INFY ,2019-01-13 22:42:48,4435
INFY ,2019-01-13 23:42:47,4435
INFY ,2019-01-14 00:42:47,4435
INFY ,2019-01-14 01:42:47,4435
INFY ,2019-01-14 02:42:47,4435
INFY ,2019-01-14 03:42:47,4435
INFY ,2019-01-14 04:42:47,4435
INFY ,2019-01-14 05:42:48,4435
INFY ,2019-01-14 06:42:47,4435
INFY ,2019-01-14 07:42:46,4435
INFY ,2019-01-14 08:42:47,4435
INFY ,2019-01-14 09:42:47,4435
INFY ,2019-01-14 10:42:48,4435
INFY ,2019-01-14 11:42:47,4435
INFY ,2019-01-14 12:42:47,4435
INFY ,2019-01-14 13:42:48,4435
INFY ,2019-01-14 14:42:48,4447
INFY ,2019-01-14 15:42:49,4783
INFY ,2019-01-14 16:42:49,4809
INFY ,2019-01-14 17:42:47,4826
INFY ,2019-01-14 18:42:48,4848
INFY ,2019-01-14 19:42:50,4847
INFY ,2019-01-14 20:42:47,4845
INFY ,2019-01-14 21:42:48,4833
INFY ,2019-01-14 22:42:47,4834
INFY ,2019-01-14 23:42:47,4830
INFY ,2019-01-15 00:42:47,4830
INFY ,2019-01-15 01:42:46,4830
INFY ,2019-01-15 02:42:47,4830
INFY ,2019-01-15 03:42:47,4830
INFY ,2019-01-15 04:42:51,4830
INFY ,2019-01-15 05:42:47,4830
INFY ,2019-01-15 06:42:46,4830
INFY ,2019-01-15 07:42:47,4830
INFY ,2019-01-15 08:42:47,4830
INFY ,2019-01-15 09:42:46,4830
INFY ,2019-01-15 10:42:47,4830
INFY ,2019-01-15 11:42:46,4830
INFY ,2019-01-15 12:42:47,4830
INFY ,2019-01-15 13:42:46,4830
INFY ,2019-01-15 14:42:52,4831
INFY ,2019-01-15 15:42:49,4820
INFY ,2019-01-15 16:42:50,4799
INFY ,2019-01-15 17:42:48,4790
INFY ,2019-01-15 18:42:49,4783
INFY ,2019-01-15 19:42:49,4786
INFY ,2019-01-15 20:42:49,4770
INFY ,2019-01-15 21:42:49,4767
INFY ,2019-01-15 22:42:49,4767
INFY ,2019-01-15 23:42:50,4771
INFY ,2019-01-16 00:42:48,4771
INFY ,2019-01-16 01:42:53,4771
INFY ,2019-01-16 02:42:49,4771
INFY ,2019-01-16 03:42:47,4771
INFY ,2019-01-16 04:42:48,4771
INFY ,2019-01-16 05:42:47,4771
INFY ,2019-01-16 06:42:48,4771
INFY ,2019-01-16 07:42:48,4771
INFY ,2019-01-16 08:42:47,4771
INFY ,2019-01-16 09:42:48,4771
INFY ,2019-01-16 10:42:47,4771
INFY ,2019-01-16 11:42:47,4771
INFY ,2019-01-16 12:42:47,4771
INFY ,2019-01-16 14:09:21,4771
INFY ,2019-01-16 15:08:22,4761
INFY ,2019-01-16 15:42:49,4761
INFY ,2019-01-16 16:42:48,4751
INFY ,2019-01-16 17:42:48,4740
INFY ,2019-01-16 18:42:51,4742
INFY ,2019-01-16 19:42:49,4737
INFY ,2019-01-16 20:42:48,4734
INFY ,2019-01-16 21:42:49,4728
INFY ,2019-01-16 22:42:47,4728
INFY ,2019-01-16 23:42:46,4730
INFY ,2019-01-17 00:42:47,4730
INFY ,2019-01-17 01:42:48,4730
INFY ,2019-01-17 02:42:50,4730
INFY ,2019-01-17 03:42:48,4730
INFY ,2019-01-17 04:42:49,4730
INFY ,2019-01-17 05:42:47,4730
INFY ,2019-01-17 06:42:48,4730
INFY ,2019-01-17 07:42:47,4730
INFY ,2019-01-17 08:42:47,4730
INFY ,2019-01-17 09:42:48,4730
INFY ,2019-01-17 10:42:48,4730
INFY ,2019-01-17 11:42:48,4730
INFY ,2019-01-17 12:42:47,4730
INFY ,2019-01-17 13:42:47,4730
INFY ,2019-01-17 15:08:54,4734
INFY ,2019-01-17 15:42:49,4734
INFY ,2019-01-17 16:42:48,4723
INFY ,2019-01-17 17:42:47,4718
INFY ,2019-01-17 18:42:48,4712
INFY ,2019-01-17 19:42:50,4702
INFY ,2019-01-17 20:42:49,4702
INFY ,2019-01-17 21:42:47,4692
INFY ,2019-01-17 22:42:48,4685
INFY ,2019-01-17 23:42:47,4686
INFY ,2019-01-18 00:42:47,4686
INFY ,2019-01-18 01:42:48,4686
INFY ,2019-01-18 02:42:47,4686
INFY ,2019-01-18 03:42:50,4686
INFY ,2019-01-18 04:42:49,4686
INFY ,2019-01-18 05:42:48,4686
INFY ,2019-01-18 06:42:47,4686
INFY ,2019-01-18 07:42:48,4686
INFY ,2019-01-18 08:42:47,4686
INFY ,2019-01-18 09:42:48,4686
INFY ,2019-01-18 10:42:47,4686
INFY ,2019-01-18 11:42:47,4686
INFY ,2019-01-18 12:42:48,4686
INFY ,2019-01-18 13:42:48,4686
INFY ,2019-01-18 14:42:51,4686
INFY ,2019-01-18 15:42:49,4665
INFY ,2019-01-18 16:42:50,4658
INFY ,2019-01-18 17:42:50,4643
INFY ,2019-01-18 18:42:49,4641
INFY ,2019-01-18 19:42:47,4643
INFY ,2019-01-18 20:42:50,4641
INFY ,2019-01-18 21:42:48,4641
INFY ,2019-01-18 22:42:47,4640
INFY ,2019-01-18 23:42:48,4641
INFY ,2019-01-19 00:42:47,4641
INFY ,2019-01-19 01:42:48,4641
INFY ,2019-01-19 02:42:48,4641
INFY ,2019-01-19 03:42:48,4641
INFY ,2019-01-19 04:42:49,4641
INFY ,2019-01-19 05:42:48,4641
INFY ,2019-01-19 06:42:47,4641
INFY ,2019-01-19 07:42:47,4641
INFY ,2019-01-19 08:42:47,4641
INFY ,2019-01-19 09:42:48,4641
INFY ,2019-01-19 10:42:48,4641
INFY ,2019-01-19 11:42:47,4641
INFY ,2019-01-19 12:42:46,4641
INFY ,2019-01-19 13:42:48,4641
INFY ,2019-01-19 14:42:47,4641
INFY ,2019-01-19 15:42:49,4641
INFY ,2019-01-19 16:42:48,4641
INFY ,2019-01-19 17:42:47,4641
INFY ,2019-01-19 18:42:46,4641
INFY ,2019-01-19 19:42:47,4641
INFY ,2019-01-19 20:42:47,4641
INFY ,2019-01-19 21:42:47,4641
INFY ,2019-01-19 22:42:47,4641
INFY ,2019-01-19 23:42:48,4641
INFY ,2019-01-20 00:42:48,4641
INFY ,2019-01-20 01:42:47,4641
INFY ,2019-01-20 02:42:48,4641
INFY ,2019-01-20 03:42:48,4641
INFY ,2019-01-20 04:42:49,4641
INFY ,2019-01-20 05:42:48,4641
INFY ,2019-01-20 06:42:48,4641
INFY ,2019-01-20 07:42:48,4641
INFY ,2019-01-20 08:42:48,4641
INFY ,2019-01-20 09:42:47,4641
INFY ,2019-01-20 10:42:47,4641
INFY ,2019-01-20 11:42:48,4641
INFY ,2019-01-20 12:42:47,4641
INFY ,2019-01-20 13:42:47,4641
INFY ,2019-01-20 14:42:47,4641
INFY ,2019-01-20 15:42:48,4641
INFY ,2019-01-20 16:42:48,4641
INFY ,2019-01-20 17:42:48,4641
INFY ,2019-01-20 18:42:47,4641
INFY ,2019-01-20 19:42:47,4641
INFY ,2019-01-20 20:42:47,4641
INFY ,2019-01-20 21:42:47,4641
INFY ,2019-01-20 22:42:48,4641
INFY ,2019-01-20 23:42:48,4641
INFY ,2019-01-21 00:42:47,4641
INFY ,2019-01-21 01:42:48,4641
INFY ,2019-01-21 02:42:48,4641
INFY ,2019-01-21 03:42:48,4641
INFY ,2019-01-21 04:42:48,4641
INFY ,2019-01-21 05:42:48,4641
INFY ,2019-01-21 06:42:47,4641
INFY ,2019-01-21 07:42:47,4641
INFY ,2019-01-21 08:42:47,4641
INFY ,2019-01-21 09:42:48,4641
INFY ,2019-01-21 10:42:48,4641
INFY ,2019-01-21 11:42:47,4641
INFY ,2019-01-21 12:42:47,4641
INFY ,2019-01-21 13:42:47,4641
INFY ,2019-01-21 14:42:47,4641
INFY ,2019-01-21 15:42:46,4641
INFY ,2019-01-21 16:42:47,4641
INFY ,2019-01-21 17:42:47,4641
INFY ,2019-01-21 18:42:47,4641
INFY ,2019-01-21 19:42:47,4641
INFY ,2019-01-21 20:42:47,4641
INFY ,2019-01-21 21:42:47,4641
INFY ,2019-01-21 22:42:48,4641
INFY ,2019-01-21 23:42:47,4641
INFY ,2019-01-22 00:42:47,4641
INFY ,2019-01-22 01:42:46,4641
INFY ,2019-01-22 02:42:48,4641
INFY ,2019-01-22 03:42:47,4641
INFY ,2019-01-22 04:42:49,4641
INFY ,2019-01-22 05:42:49,4641
INFY ,2019-01-22 06:42:47,4643
INFY ,2019-01-22 07:42:47,4641
INFY ,2019-01-22 08:42:47,4641
INFY ,2019-01-22 09:42:46,4641
INFY ,2019-01-22 10:42:47,4641
INFY ,2019-01-22 11:42:47,4641
INFY ,2019-01-22 12:42:47,4641
INFY ,2019-01-22 13:42:47,4641
INFY ,2019-01-22 14:42:47,4643
INFY ,2019-01-22 15:42:47,4645
INFY ,2019-01-22 16:42:47,4637
INFY ,2019-01-22 17:42:47,4631
INFY ,2019-01-22 18:42:47,4630
INFY ,2019-01-22 19:42:49,4625
INFY ,2019-01-22 20:42:48,4619
INFY ,2019-01-22 21:42:49,4618
INFY ,2019-01-22 22:42:47,4618
INFY ,2019-01-22 23:42:47,4618
INFY ,2019-01-23 00:42:48,4618
INFY ,2019-01-23 01:42:48,4618
INFY ,2019-01-23 02:42:47,4618
INFY ,2019-01-23 03:42:48,4618
INFY ,2019-01-23 04:42:48,4618
INFY ,2019-01-23 05:42:48,4618
INFY ,2019-01-23 06:42:49,4618
INFY ,2019-01-23 07:42:48,4618
INFY ,2019-01-23 08:42:49,4618
INFY ,2019-01-23 09:42:49,4618
INFY ,2019-01-23 10:42:48,4618
INFY ,2019-01-23 11:42:47,4618
INFY ,2019-01-23 12:42:47,4618
INFY ,2019-01-23 13:42:47,4618
INFY ,2019-01-23 15:06:52,4618
INFY ,2019-01-23 15:42:48,4618
INFY ,2019-01-23 16:42:48,4616
INFY ,2019-01-23 17:42:49,4611
INFY ,2019-01-23 18:42:48,4601
INFY ,2019-01-23 19:42:48,4595
INFY ,2019-01-23 20:42:48,4598
INFY ,2019-01-23 21:42:48,4597
INFY ,2019-01-23 22:42:48,4597
INFY ,2019-01-23 23:42:48,4596
INFY ,2019-01-30 08:14:48,4544
INFY ,2019-01-30 08:20:53,4544
INFY ,2019-01-30 08:45:42,4544
INFY ,2019-01-30 08:45:46,4544
INFY ,2019-01-30 09:45:40,4544
INFY ,2019-01-30 09:45:43,4544
INFY ,2019-01-30 10:45:40,4544
INFY ,2019-01-30 10:45:44,4544
INFY ,2019-01-30 11:45:38,4544
INFY ,2019-01-30 11:45:48,4544
INFY ,2019-01-30 12:45:43,4544
INFY ,2019-01-30 12:45:46,4544
INFY ,2019-01-30 13:45:41,4544
INFY ,2019-01-30 13:45:44,4544
INFY ,2019-01-30 14:45:42,4545
INFY ,2019-01-30 14:45:45,4545
INFY ,2019-01-30 15:45:42,4548
INFY ,2019-01-30 15:45:45,4548
INFY ,2019-01-30 16:45:41,4547
INFY ,2019-01-30 16:45:44,4547
INFY ,2019-01-30 17:45:43,4544
INFY ,2019-01-30 17:45:46,4544
INFY ,2019-01-30 18:45:40,4548
INFY ,2019-01-30 18:45:43,4548
INFY ,2019-01-30 19:45:44,4539
INFY ,2019-01-30 19:45:48,4539
INFY ,2019-01-30 20:43:55,4539
INFY ,2019-01-30 21:45:42,4531
INFY ,2019-01-30 21:45:45,4531
INFY ,2019-01-30 22:45:41,4533
INFY ,2019-01-30 22:45:44,4533
INFY ,2019-01-30 23:45:44,4534
INFY ,2019-01-30 23:45:47,4534
INFY ,2019-01-31 00:45:45,4534
INFY ,2019-01-31 00:45:48,4534
INFY ,2019-01-31 01:45:40,4534
INFY ,2019-01-31 01:45:43,4534
INFY ,2019-01-31 02:45:43,4534
INFY ,2019-01-31 02:45:46,4534
INFY ,2019-01-31 03:45:43,4534
INFY ,2019-01-31 03:45:46,4534
INFY ,2019-01-31 04:45:40,4534
INFY ,2019-01-31 04:45:43,4534
INFY ,2019-01-31 05:45:42,4534
INFY ,2019-01-31 05:45:45,4534
INFY ,2019-01-31 06:45:43,4534
INFY ,2019-01-31 06:45:47,4534
INFY ,2019-01-31 08:16:18,4534
INFY ,2019-01-31 08:42:54,4534
INFY ,2019-01-31 10:06:27,4534
INFY ,2019-01-31 10:42:54,4534
INFY ,2019-01-31 11:42:53,4534
INFY ,2019-01-31 12:42:52,4534
INFY ,2019-01-31 13:42:54,4534
INFY ,2019-01-31 15:42:54,4525
INFY ,2019-01-31 16:42:58,4514
INFY ,2019-01-31 17:42:55,4510
INFY ,2019-01-31 18:42:55,4503
INFY ,2019-01-31 19:42:57,4498
INFY ,2019-01-31 20:42:55,4499
INFY ,2019-01-31 21:42:54,4493
INFY ,2019-01-31 22:42:53,4494
INFY ,2019-01-31 23:42:53,4496
INFY ,2019-02-01 00:42:53,4496
INFY ,2019-02-01 01:42:54,4496
INFY ,2019-02-01 02:42:56,4496
INFY ,2019-02-01 03:42:55,4496
INFY ,2019-02-01 04:42:54,4496
INFY ,2019-02-01 05:42:54,4496
INFY ,2019-02-01 06:42:54,4496
INFY ,2019-02-01 07:42:55,4496
INFY ,2019-02-01 08:42:54,4496
INFY ,2019-02-01 09:42:54,4496
INFY ,2019-02-01 10:42:54,4496
INFY ,2019-02-01 11:42:54,4496
INFY ,2019-02-01 12:42:53,4496
INFY ,2019-02-01 13:42:54,4496
INFY ,2019-02-01 14:42:55,4496
INFY ,2019-02-01 15:42:54,4496
INFY ,2019-02-01 16:42:55,4501
INFY ,2019-02-01 17:42:54,4507
INFY ,2019-02-01 18:42:58,4510
INFY ,2019-02-01 19:42:57,4513
INFY ,2019-02-01 20:42:54,4518
INFY ,2019-02-01 21:42:57,4521
INFY ,2019-02-01 22:42:56,4520
INFY ,2019-02-02 00:07:58,4521
INFY ,2019-02-02 00:42:55,4521
INFY ,2019-02-02 01:42:54,4521
INFY ,2019-02-02 02:42:54,4521
INFY ,2019-02-02 03:42:53,4521
INFY ,2019-02-02 04:42:54,4521
INFY ,2019-02-02 05:42:54,4521
INFY ,2019-02-02 06:42:54,4521
INFY ,2019-02-02 07:42:54,4521
INFY ,2019-02-02 08:42:53,4521
INFY ,2019-02-02 09:42:53,4521
INFY ,2019-02-02 10:42:53,4521
INFY ,2019-02-02 11:42:53,4521
INFY ,2019-02-02 12:42:54,4521
INFY ,2019-02-02 13:42:54,4521
INFY ,2019-02-02 14:42:55,4521
INFY ,2019-02-02 15:42:53,4521
INFY ,2019-02-02 16:42:57,4521
INFY ,2019-02-02 17:42:55,4521
INFY ,2019-02-02 18:42:56,4521
INFY ,2019-02-02 19:42:54,4521
INFY ,2019-02-02 20:42:56,4521
INFY ,2019-02-02 21:42:53,4521
INFY ,2019-02-02 22:42:54,4521
INFY ,2019-02-02 23:42:55,4521
INFY ,2019-02-03 00:42:55,4521
INFY ,2019-02-03 01:42:54,4521
INFY ,2019-02-03 02:42:55,4521
INFY ,2019-02-03 03:42:55,4521
INFY ,2019-02-03 04:42:55,4521
INFY ,2019-02-03 05:42:52,4521
INFY ,2019-02-03 06:42:54,4521
INFY ,2019-02-03 07:42:54,4521
INFY ,2019-02-03 08:42:53,4521
INFY ,2019-02-03 09:42:54,4521
INFY ,2019-02-03 10:42:52,4521
INFY ,2019-02-03 11:42:54,4521
INFY ,2019-02-03 12:42:54,4521
INFY ,2019-02-03 13:42:54,4521
INFY ,2019-02-03 14:42:56,4521
INFY ,2019-02-03 15:42:53,4521
INFY ,2019-02-03 16:42:54,4521
INFY ,2019-02-03 17:42:55,4521
INFY ,2019-02-03 18:42:56,4521
INFY ,2019-02-03 19:42:53,4521
INFY ,2019-02-03 20:42:54,4521
INFY ,2019-02-03 21:42:56,4521
INFY ,2019-02-03 22:42:57,4521
INFY ,2019-02-03 23:42:56,4521
INFY ,2019-02-04 00:42:55,4521
INFY ,2019-02-04 01:42:54,4521
INFY ,2019-02-04 02:42:56,4521
INFY ,2019-02-04 03:42:55,4521
INFY ,2019-02-04 04:42:55,4521
INFY ,2019-02-04 05:42:53,4521
INFY ,2019-02-04 06:42:53,4521
INFY ,2019-02-04 07:42:53,4521
INFY ,2019-02-04 08:42:54,4521
INFY ,2019-02-04 09:42:54,4521
INFY ,2019-02-04 10:42:54,4521
INFY ,2019-02-04 11:42:54,4521
INFY ,2019-02-04 12:42:52,4521
INFY ,2019-02-04 13:42:54,4521
INFY ,2019-02-04 14:42:55,4522
INFY ,2019-02-04 15:42:56,4522
INFY ,2019-02-04 16:42:55,4521
INFY ,2019-02-04 17:42:54,4517
INFY ,2019-02-04 18:42:56,4514
INFY ,2019-02-04 19:42:54,4506
INFY ,2019-02-04 20:42:57,4504
INFY ,2019-02-04 21:42:55,4502
INFY ,2019-02-04 22:42:56,4502
INFY ,2019-02-04 23:42:56,4501
INFY ,2019-02-05 00:42:56,4501
INFY ,2019-02-05 01:42:59,4501
INFY ,2019-02-05 02:42:56,4501
INFY ,2019-02-05 03:42:55,4501
INFY ,2019-02-05 04:43:10,4501
INFY ,2019-02-05 05:42:56,4501
INFY ,2019-02-05 06:42:56,4501
INFY ,2019-02-05 07:42:55,4501
INFY ,2019-02-05 08:42:56,4501
INFY ,2019-02-05 09:42:54,4501
INFY ,2019-02-05 10:42:55,4501
INFY ,2019-02-05 11:42:54,4501
INFY ,2019-02-05 12:42:53,4501
INFY ,2019-02-05 13:42:55,4501
INFY ,2019-02-05 14:42:56,4502
INFY ,2019-02-05 15:42:54,4492
INFY ,2019-02-05 16:42:57,4482
INFY ,2019-02-05 17:42:55,4480
INFY ,2019-02-05 18:42:58,4481
INFY ,2019-02-05 19:42:57,4476
INFY ,2019-02-05 20:42:56,4474
INFY ,2019-02-05 21:42:55,4469
INFY ,2019-02-05 22:42:57,4469
INFY ,2019-02-05 23:42:59,4469
INFY ,2019-02-06 00:42:56,4469
INFY ,2019-02-06 01:42:54,4469
INFY ,2019-02-06 02:42:55,4469
INFY ,2019-02-06 03:42:56,4469
INFY ,2019-02-06 04:42:55,4469
INFY ,2019-02-06 05:42:55,4469
INFY ,2019-02-06 06:42:58,4469
INFY ,2019-02-06 07:42:57,4469
INFY ,2019-02-06 08:42:51,4469
INFY ,2019-02-06 09:42:51,4469
INFY ,2019-02-07 02:43:01,4477
INFY ,2019-02-07 03:42:54,4477
INFY ,2019-02-07 04:42:54,4477
INFY ,2019-02-07 05:42:55,4477
INFY ,2019-02-07 06:42:53,4477
INFY ,2019-02-07 07:42:53,4477
INFY ,2019-02-07 08:42:53,4477
INFY ,2019-02-07 09:42:53,4477
INFY ,2019-02-07 10:42:56,4477
INFY ,2019-02-07 11:42:57,4477
INFY ,2019-02-07 12:42:56,4477
INFY ,2019-02-07 13:42:56,4477
INFY ,2019-02-07 15:06:28,4481
INFY ,2019-02-07 15:42:57,4481
INFY ,2019-02-07 16:43:00,4478
INFY ,2019-02-07 17:42:56,4475
INFY ,2019-02-07 18:43:00,4467
INFY ,2019-02-07 19:42:59,4464
INFY ,2019-02-07 20:42:57,4460
INFY ,2019-02-07 21:42:57,4458
INFY ,2019-02-07 22:42:56,4458
INFY ,2019-02-07 23:42:57,4458
INFY ,2019-02-08 00:43:27,4458
INFY ,2019-02-08 01:42:57,4458
INFY ,2019-02-08 02:42:57,4458
INFY ,2019-02-08 03:43:01,4458
INFY ,2019-02-08 04:42:56,4458
INFY ,2019-02-08 05:42:55,4458
INFY ,2019-02-08 06:42:54,4458
INFY ,2019-02-08 07:42:55,4458
INFY ,2019-02-08 08:42:54,4458
INFY ,2019-02-08 09:42:56,4458
INFY ,2019-02-08 10:42:56,4458
INFY ,2019-02-08 11:42:56,4458
INFY ,2019-02-08 12:42:58,4458
INFY ,2019-02-08 13:42:57,4458
INFY ,2019-02-08 15:07:30,4450
INFY ,2019-02-08 15:42:56,4450
INFY ,2019-02-08 16:42:57,4446
INFY ,2019-02-08 17:43:00,4446
INFY ,2019-02-08 18:43:01,4443
INFY ,2019-02-08 19:43:01,4441
INFY ,2019-02-08 20:43:00,4441
INFY ,2019-02-08 21:42:59,4437
INFY ,2019-02-08 22:42:57,4437
INFY ,2019-02-08 23:42:57,4437
INFY ,2019-02-09 00:42:58,4437
INFY ,2019-02-09 01:42:57,4437
INFY ,2019-02-09 02:42:57,4437
INFY ,2019-02-09 03:42:56,4437
INFY ,2019-02-09 04:42:59,4437
INFY ,2019-02-09 05:42:58,4437
INFY ,2019-02-09 06:42:57,4437
INFY ,2019-02-09 07:42:57,4437
INFY ,2019-02-09 08:42:56,4437
INFY ,2019-02-09 09:42:57,4437
INFY ,2019-02-09 10:42:57,4437
INFY ,2019-02-09 11:42:55,4437
INFY ,2019-02-09 12:42:59,4437
INFY ,2019-02-09 13:42:57,4437
INFY ,2019-02-09 14:42:58,4437
INFY ,2019-02-09 15:42:59,4437
INFY ,2019-02-09 16:42:58,4437
INFY ,2019-02-09 17:42:59,4437
INFY ,2019-02-09 18:42:57,4437
INFY ,2019-02-09 19:42:58,4437
INFY ,2019-02-09 20:42:57,4437
INFY ,2019-02-09 21:42:59,4437
INFY ,2019-02-09 22:42:58,4437
INFY ,2019-02-09 23:42:59,4437
INFY ,2019-02-10 00:42:57,4437
INFY ,2019-02-10 01:42:58,4437
INFY ,2019-02-10 02:42:58,4437
INFY ,2019-02-10 03:42:56,4437
INFY ,2019-02-10 04:43:00,4437
INFY ,2019-02-10 05:43:01,4437
INFY ,2019-02-10 06:42:59,4437
INFY ,2019-02-10 07:42:56,4437
INFY ,2019-02-10 08:42:57,4437
INFY ,2019-02-10 09:42:57,4437
INFY ,2019-02-10 10:42:57,4437
INFY ,2019-02-10 11:42:56,4437
INFY ,2019-02-10 12:42:57,4437
INFY ,2019-02-10 13:42:58,4437
INFY ,2019-02-10 14:42:58,4437
INFY ,2019-02-10 15:43:00,4437
INFY ,2019-02-10 16:43:00,4437
INFY ,2019-02-10 17:42:58,4437
INFY ,2019-02-10 18:42:57,4437
INFY ,2019-02-10 19:43:00,4437
INFY ,2019-02-10 20:42:59,4437
INFY ,2019-02-10 21:42:57,4437
INFY ,2019-02-10 22:42:59,4437
INFY ,2019-02-10 23:43:00,4437
INFY ,2019-02-11 00:42:59,4437
INFY ,2019-02-11 01:42:59,4437
INFY ,2019-02-11 02:43:02,4437
INFY ,2019-02-11 03:43:00,4437
INFY ,2019-02-11 04:43:02,4437
INFY ,2019-02-11 05:42:59,4437
INFY ,2019-02-11 06:43:00,4437
INFY ,2019-02-11 07:42:57,4437
INFY ,2019-02-11 08:42:57,4437
INFY ,2019-02-11 09:42:58,4437
INFY ,2019-02-11 10:43:00,4437
INFY ,2019-02-11 11:42:56,4437
INFY ,2019-02-11 12:42:57,4437
INFY ,2019-02-11 13:42:57,4437
INFY ,2019-02-11 14:42:57,4436
INFY ,2019-02-11 15:42:57,4445
INFY ,2019-02-11 16:42:58,4446
INFY ,2019-02-11 17:42:59,4445
INFY ,2019-02-11 18:42:58,4446
INFY ,2019-02-11 19:42:57,4442
INFY ,2019-02-11 20:42:57,4445
INFY ,2019-02-11 21:42:56,4444
INFY ,2019-02-11 22:42:56,4445
INFY ,2019-02-11 23:42:58,4445
INFY ,2019-02-12 00:42:57,4445
INFY ,2019-02-12 01:42:55,4445
INFY ,2019-02-12 02:43:01,4445
INFY ,2019-02-12 03:42:57,4445
INFY ,2019-02-12 04:42:59,4445
INFY ,2019-02-12 05:42:57,4445
INFY ,2019-02-12 06:42:57,4445
INFY ,2019-02-12 07:42:57,4445
INFY ,2019-02-12 08:42:56,4444
INFY ,2019-02-12 09:42:57,4444
INFY ,2019-02-12 10:42:58,4444
INFY ,2019-02-12 11:42:58,4444
INFY ,2019-02-12 12:42:57,4444
INFY ,2019-02-12 13:42:58,4444
INFY ,2019-02-12 14:42:57,4444
INFY ,2019-02-12 15:43:00,4440
INFY ,2019-02-12 16:42:57,4437
INFY ,2019-02-12 17:42:56,4437
INFY ,2019-02-12 18:42:58,4434
INFY ,2019-02-12 19:42:58,4430
INFY ,2019-02-12 20:42:57,4429
INFY ,2019-02-12 21:42:58,4429
INFY ,2019-02-12 22:42:58,4430
INFY ,2019-02-12 23:42:57,4429
INFY ,2019-02-13 00:42:58,4429
INFY ,2019-02-13 01:43:00,4429
INFY ,2019-02-13 02:42:58,4429
INFY ,2019-02-13 03:42:58,4429
INFY ,2019-02-13 04:42:59,4429
INFY ,2019-02-13 05:42:59,4429
INFY ,2019-02-13 06:42:57,4429
INFY ,2019-02-13 07:42:58,4429
INFY ,2019-02-13 08:42:57,4429
INFY ,2019-02-13 09:42:57,4428
INFY ,2019-02-13 10:42:58,4428
INFY ,2019-02-13 11:42:57,4428
INFY ,2019-02-13 12:42:59,4428
INFY ,2019-02-13 13:42:56,4428
INFY ,2019-02-13 14:42:56,4429
INFY ,2019-02-13 15:42:58,4426
INFY ,2019-02-13 16:42:56,4425
INFY ,2019-02-13 17:42:59,4423
INFY ,2019-02-13 18:42:56,4423
INFY ,2019-02-13 19:42:56,4419
INFY ,2019-02-13 20:42:57,4417
INFY ,2019-02-13 21:42:57,4417
INFY ,2019-02-13 22:42:58,4415
INFY ,2019-02-13 23:42:58,4415
INFY ,2019-02-14 00:42:57,4415
INFY ,2019-02-14 01:42:58,4415
INFY ,2019-02-14 02:42:59,4415
INFY ,2019-02-14 03:43:00,4415
INFY ,2019-02-14 04:42:57,4415
INFY ,2019-02-14 05:43:01,4415
INFY ,2019-02-14 06:42:57,4415
INFY ,2019-02-14 07:42:57,4415
INFY ,2019-02-14 08:42:56,4413
INFY ,2019-02-14 09:42:56,4413
INFY ,2019-02-14 10:42:57,4413
INFY ,2019-02-14 11:42:58,4413
INFY ,2019-02-14 12:42:57,4413
INFY ,2019-02-14 13:42:58,4413
INFY ,2019-02-14 14:42:58,4416
INFY ,2019-02-14 15:42:59,4416
INFY ,2019-02-14 16:42:55,4419
INFY ,2019-02-14 17:42:58,4420
INFY ,2019-02-14 18:42:58,4418
INFY ,2019-02-14 19:42:57,4418
INFY ,2019-02-14 20:42:59,4418
INFY ,2019-02-14 21:42:57,4415
INFY ,2019-02-14 22:42:59,4415
INFY ,2019-02-15 00:42:59,4415
INFY ,2019-02-15 01:42:59,4415
INFY ,2019-02-15 02:43:00,4415
INFY ,2019-02-15 03:43:03,4415
INFY ,2019-02-15 04:43:03,4415
INFY ,2019-02-15 05:42:58,4415
INFY ,2019-02-15 06:42:56,4415
INFY ,2019-02-15 07:42:59,4415
INFY ,2019-02-15 08:42:57,4414
INFY ,2019-02-15 09:42:58,4414
INFY ,2019-02-15 10:42:59,4414
INFY ,2019-02-15 11:42:59,4414
INFY ,2019-02-15 12:42:57,4414
INFY ,2019-02-15 14:08:00,4414
INFY ,2019-02-15 14:43:00,4414
INFY ,2019-02-15 15:43:06,4420
INFY ,2019-02-15 16:43:02,4426
INFY ,2019-02-15 17:42:57,4429
INFY ,2019-02-15 18:43:02,4432
INFY ,2019-02-15 19:43:00,4429
INFY ,2019-02-15 20:42:58,4425
INFY ,2019-02-15 21:43:00,4422
INFY ,2019-02-15 22:43:00,4422
INFY ,2019-02-15 23:43:00,4423
INFY ,2019-02-16 00:43:00,4423
INFY ,2019-02-16 01:43:06,4423
INFY ,2019-02-16 02:43:04,4423
INFY ,2019-02-16 03:43:02,4423
INFY ,2019-02-16 04:42:58,4423
INFY ,2019-02-16 05:43:00,4423
INFY ,2019-02-16 06:42:58,4423
INFY ,2019-02-16 07:42:57,4423
INFY ,2019-02-16 08:42:58,4423
INFY ,2019-02-16 09:43:00,4423
INFY ,2019-02-16 10:42:59,4423
INFY ,2019-02-16 11:42:57,4423
INFY ,2019-02-16 12:42:59,4423
INFY ,2019-02-16 13:43:02,4423
INFY ,2019-02-16 14:42:59,4423
INFY ,2019-02-16 15:43:04,4423
INFY ,2019-02-16 16:42:57,4423
INFY ,2019-02-16 17:42:58,4423
INFY ,2019-02-16 18:42:58,4423
INFY ,2019-02-16 19:42:57,4423
INFY ,2019-02-16 20:42:59,4423
INFY ,2019-02-16 21:42:59,4423
INFY ,2019-02-16 22:42:58,4423
INFY ,2019-02-16 23:42:57,4423
INFY ,2019-02-17 00:42:59,4423
INFY ,2019-02-17 01:42:58,4423
INFY ,2019-02-17 02:42:55,4423
INFY ,2019-02-17 03:43:00,4423
INFY ,2019-02-17 04:42:57,4423
INFY ,2019-02-17 05:42:59,4423
INFY ,2019-02-17 06:42:57,4423
INFY ,2019-02-17 07:42:58,4423
INFY ,2019-02-17 08:42:57,4423
INFY ,2019-02-17 09:42:55,4423
INFY ,2019-02-17 10:42:57,4423
INFY ,2019-02-17 11:42:58,4423
INFY ,2019-02-17 12:42:55,4423
INFY ,2019-02-17 13:42:58,4423
INFY ,2019-02-17 14:42:57,4423
INFY ,2019-02-17 15:42:59,4423
INFY ,2019-02-17 16:42:58,4423
INFY ,2019-02-17 17:42:58,4423
INFY ,2019-02-17 18:42:59,4423
INFY ,2019-02-17 19:42:58,4423
INFY ,2019-02-17 20:42:59,4423
INFY ,2019-02-17 21:42:56,4423
INFY ,2019-02-17 22:42:57,4423
INFY ,2019-02-17 23:42:58,4423
INFY ,2019-02-18 00:42:57,4423
INFY ,2019-02-18 01:42:59,4423
INFY ,2019-02-18 02:43:01,4423
INFY ,2019-02-18 03:43:00,4423
INFY ,2019-02-18 04:42:57,4423
INFY ,2019-02-18 05:42:58,4423
INFY ,2019-02-18 06:42:56,4423
INFY ,2019-02-18 07:42:57,4423
INFY ,2019-02-18 08:42:57,4423
INFY ,2019-02-18 09:42:59,4423
INFY ,2019-02-18 10:42:56,4423
INFY ,2019-02-18 11:42:57,4423
INFY ,2019-02-18 12:42:58,4423
INFY ,2019-02-18 13:43:01,4423
INFY ,2019-02-18 14:42:57,4423
INFY ,2019-02-18 15:42:59,4423
INFY ,2019-02-18 16:42:58,4423
INFY ,2019-02-18 17:42:59,4423
INFY ,2019-02-18 18:42:58,4423
INFY ,2019-02-18 19:42:58,4423
INFY ,2019-02-18 20:42:59,4423
INFY ,2019-02-18 21:42:57,4423
INFY ,2019-02-18 22:42:56,4423
INFY ,2019-02-18 23:42:57,4423
INFY ,2019-02-19 00:42:57,4423
INFY ,2019-02-19 01:43:00,4423
INFY ,2019-02-19 02:42:58,4423
INFY ,2019-02-19 03:42:59,4423
INFY ,2019-02-19 04:42:59,4423
INFY ,2019-02-19 05:42:58,4423
INFY ,2019-02-19 06:42:57,4423
INFY ,2019-02-19 07:42:57,4423
INFY ,2019-02-19 08:42:57,4423
INFY ,2019-02-19 09:42:56,4423
INFY ,2019-02-19 10:42:55,4423
INFY ,2019-02-19 11:42:54,4423
INFY ,2019-02-19 12:42:54,4423
INFY ,2019-02-19 14:07:29,4427
INFY ,2019-02-19 14:42:58,4427
INFY ,2019-02-19 15:43:00,4426
INFY ,2019-02-19 16:42:59,4426
INFY ,2019-02-19 17:42:59,4428
INFY ,2019-02-19 18:43:02,4431
INFY ,2019-02-19 19:42:59,4431
INFY ,2019-02-19 20:43:02,4433
INFY ,2019-02-19 21:43:00,4428
INFY ,2019-02-19 22:43:00,4429
INFY ,2019-02-19 23:42:59,4429
INFY ,2019-02-20 00:43:06,4429
INFY ,2019-02-20 01:43:01,4429
INFY ,2019-02-20 02:43:01,4429
INFY ,2019-02-20 03:43:06,4429
INFY ,2019-02-20 04:43:02,4429
INFY ,2019-02-20 05:42:59,4429
INFY ,2019-02-20 06:43:00,4429
INFY ,2019-02-20 07:42:57,4429
INFY ,2019-02-20 08:43:00,4429
INFY ,2019-02-20 09:43:00,4429
INFY ,2019-02-20 10:42:58,4429
INFY ,2019-02-20 11:43:01,4429
INFY ,2019-02-20 12:42:59,4429
INFY ,2019-02-20 13:42:59,4429
INFY ,2019-02-20 14:43:01,4428
INFY ,2019-02-20 15:43:02,4420
INFY ,2019-02-20 16:43:00,4414
INFY ,2019-02-20 17:43:00,4410
INFY ,2019-02-20 18:43:00,4408
INFY ,2019-02-20 19:43:01,4409
INFY ,2019-02-20 20:43:01,4403
INFY ,2019-02-20 21:43:01,4404
INFY ,2019-02-20 22:43:02,4402
INFY ,2019-02-20 23:42:58,4401
INFY ,2019-02-21 00:43:00,4401
INFY ,2019-02-21 01:43:02,4401
INFY ,2019-02-21 02:43:03,4401
INFY ,2019-02-21 03:43:01,4401
INFY ,2019-02-21 04:42:58,4401
INFY ,2019-02-21 05:43:01,4401
INFY ,2019-02-21 06:42:59,4401
INFY ,2019-02-21 07:42:58,4401
INFY ,2019-02-21 08:42:57,4401
INFY ,2019-02-21 09:42:58,4401
INFY ,2019-02-21 10:42:58,4401
INFY ,2019-02-21 11:42:59,4401
INFY ,2019-02-21 12:42:57,4401
INFY ,2019-02-21 13:42:58,4401
INFY ,2019-02-21 14:42:59,4402
INFY ,2019-02-21 15:43:03,4405
INFY ,2019-02-21 17:07:00,4409
INFY ,2019-02-21 17:42:57,4409
INFY ,2019-02-21 18:42:57,4409
INFY ,2019-02-21 19:42:58,4406
INFY ,2019-02-21 20:43:02,4409
INFY ,2019-02-21 21:42:57,4410
INFY ,2019-02-21 22:42:58,4410
INFY ,2019-02-21 23:42:57,4409
INFY ,2019-02-22 00:42:59,4409
INFY ,2019-02-22 01:43:01,4409
INFY ,2019-02-22 02:42:59,4409
INFY ,2019-02-22 03:43:00,4409
INFY ,2019-02-22 04:42:58,4409
INFY ,2019-02-22 05:42:58,4409
INFY ,2019-02-22 06:42:57,4409
INFY ,2019-02-22 07:43:01,4409
INFY ,2019-02-22 08:43:00,4409
INFY ,2019-02-22 09:42:58,4409
INFY ,2019-02-22 10:42:57,4409
INFY ,2019-02-22 11:42:59,4409
INFY ,2019-02-22 12:42:58,4409
INFY ,2019-02-22 13:42:56,4408
INFY ,2019-02-22 14:42:59,4408
INFY ,2019-02-22 15:43:00,4399
INFY ,2019-02-22 16:42:58,4393
INFY ,2019-02-22 17:42:58,4394
INFY ,2019-02-22 18:42:59,4393
INFY ,2019-02-22 19:42:57,4389
INFY ,2019-02-22 20:42:57,4388
INFY ,2019-02-22 21:43:01,4387
INFY ,2019-02-22 22:42:58,4387
INFY ,2019-02-22 23:43:00,4387
INFY ,2019-02-23 00:42:57,4387
INFY ,2019-02-23 01:42:59,4387
INFY ,2019-02-23 02:43:02,4387
INFY ,2019-02-23 03:43:03,4387
INFY ,2019-02-23 04:42:58,4387
INFY ,2019-02-23 05:43:00,4387
INFY ,2019-02-23 06:42:57,4387
INFY ,2019-02-23 07:42:57,4387
INFY ,2019-02-23 08:42:58,4387
INFY ,2019-02-23 09:42:57,4387
INFY ,2019-02-23 10:42:58,4387
INFY ,2019-02-23 11:42:59,4387
INFY ,2019-02-23 12:42:58,4387
INFY ,2019-02-23 13:42:57,4387
INFY ,2019-02-23 14:42:59,4387
INFY ,2019-02-23 15:42:59,4387
INFY ,2019-02-23 16:42:57,4387
INFY ,2019-02-23 17:42:58,4387
INFY ,2019-02-23 18:42:59,4387
INFY ,2019-02-23 19:42:58,4387
INFY ,2019-02-23 20:42:59,4387
INFY ,2019-02-23 21:43:00,4387
INFY ,2019-02-23 22:42:57,4387
INFY ,2019-02-23 23:42:58,4387
INFY ,2019-02-24 00:42:59,4387
INFY ,2019-02-24 01:42:58,4387
INFY ,2019-02-24 02:42:59,4387
INFY ,2019-02-24 03:42:59,4387
INFY ,2019-02-24 04:42:59,4387
INFY ,2019-02-24 05:42:59,4387
INFY ,2019-02-24 06:42:58,4387
INFY ,2019-02-24 07:42:59,4387
INFY ,2019-02-24 08:42:58,4387
INFY ,2019-02-24 09:42:58,4387
INFY ,2019-02-24 10:42:56,4387
INFY ,2019-02-24 11:42:57,4387
INFY ,2019-02-24 12:42:57,4387
INFY ,2019-02-24 13:42:57,4387
INFY ,2019-02-24 14:42:57,4387
INFY ,2019-02-24 15:42:59,4387
INFY ,2019-02-24 16:42:58,4387
INFY ,2019-02-24 17:43:00,4387
INFY ,2019-02-24 18:43:00,4387
INFY ,2019-02-24 19:43:00,4387
INFY ,2019-02-24 20:42:57,4387
INFY ,2019-02-24 21:42:57,4387
INFY ,2019-02-24 22:42:59,4387
INFY ,2019-02-24 23:42:58,4387
INFY ,2019-02-25 00:42:59,4387
INFY ,2019-02-25 01:42:58,4387
INFY ,2019-02-25 02:42:57,4387
INFY ,2019-02-25 03:43:00,4387
INFY ,2019-02-25 04:42:58,4387
INFY ,2019-02-25 05:42:57,4387
INFY ,2019-02-25 06:42:57,4387
INFY ,2019-02-25 07:42:58,4387
INFY ,2019-02-25 08:42:58,4387
INFY ,2019-02-25 09:42:58,4387
INFY ,2019-02-25 10:42:57,4387
INFY ,2019-02-25 11:43:00,4387
INFY ,2019-02-25 12:42:57,4387
INFY ,2019-02-25 14:08:02,4386
INFY ,2019-02-25 14:42:59,4386
INFY ,2019-02-25 15:43:00,4381
INFY ,2019-02-25 16:42:59,4374
INFY ,2019-02-25 17:43:00,4370
INFY ,2019-02-25 18:43:01,4373
INFY ,2019-02-25 19:42:57,4373
INFY ,2019-02-25 20:42:59,4372
INFY ,2019-02-25 21:42:59,4373
INFY ,2019-02-25 22:42:58,4373
INFY ,2019-02-25 23:43:00,4373
INFY ,2019-02-26 00:42:59,4373
INFY ,2019-02-26 01:42:59,4373
INFY ,2019-02-26 02:43:01,4373
INFY ,2019-02-26 03:43:01,4373
INFY ,2019-02-26 04:43:02,4373
INFY ,2019-02-26 05:42:58,4373
INFY ,2019-02-26 06:43:01,4373
INFY ,2019-02-26 07:43:01,4373
INFY ,2019-02-26 08:42:59,4373
INFY ,2019-02-26 09:42:59,4373
INFY ,2019-02-26 10:42:57,4373
INFY ,2019-02-26 11:42:59,4373
INFY ,2019-02-26 12:42:57,4373
INFY ,2019-02-26 13:42:58,4373
INFY ,2019-02-26 14:43:00,4374
INFY ,2019-02-26 15:43:02,4373
INFY ,2019-02-26 16:42:59,4376
INFY ,2019-02-26 17:43:00,4377
INFY ,2019-02-26 18:42:58,4380
INFY ,2019-02-26 19:43:04,4379
INFY ,2019-02-26 20:43:00,4378
INFY ,2019-02-26 21:42:58,4375
INFY ,2019-02-26 22:43:02,4376
INFY ,2019-02-26 23:43:00,4376
INFY ,2019-02-27 00:43:03,4376
INFY ,2019-02-27 01:43:03,4376
INFY ,2019-02-27 03:43:22,4376
INFY ,2019-02-27 04:43:02,4376
INFY ,2019-02-27 05:43:01,4376
INFY ,2019-02-27 06:43:03,4376
INFY ,2019-02-27 07:43:01,4376
INFY ,2019-02-27 08:43:00,4376
INFY ,2019-02-27 09:42:57,4376
INFY ,2019-02-27 10:42:58,4376
INFY ,2019-02-27 11:43:03,4376
INFY ,2019-02-27 12:43:05,4376
INFY ,2019-02-27 13:43:00,4376
INFY ,2019-02-27 14:43:02,4376
INFY ,2019-02-27 15:43:05,4380
INFY ,2019-02-27 16:42:59,4386
INFY ,2019-02-27 17:42:59,4382
INFY ,2019-02-27 18:43:04,4381
INFY ,2019-02-27 19:43:03,4385
INFY ,2019-02-27 20:43:00,4389
INFY ,2019-02-27 21:43:00,4392
INFY ,2019-02-27 22:43:02,4390
INFY ,2019-02-27 23:42:59,4390
INFY ,2019-02-28 00:43:47,4390
INFY ,2019-02-28 01:42:59,4390
INFY ,2019-02-28 02:43:01,4390
INFY ,2019-02-28 04:43:00,4390
INFY ,2019-02-28 05:43:00,4390
INFY ,2019-02-28 06:42:57,4390
INFY ,2019-02-28 07:42:59,4390
INFY ,2019-02-28 08:42:59,4390
INFY ,2019-02-28 09:42:58,4390
INFY ,2019-02-28 10:43:00,4390
INFY ,2019-02-28 11:43:00,4390
INFY ,2019-02-28 12:43:00,4390
INFY ,2019-02-28 13:43:00,4390
INFY ,2019-02-28 15:07:05,4389
INFY ,2019-02-28 15:42:57,4389
INFY ,2019-02-28 16:43:02,4393
INFY ,2019-02-28 17:43:00,4393
INFY ,2019-02-28 18:43:03,4392
INFY ,2019-02-28 19:43:02,4395
INFY ,2019-02-28 20:42:59,4395
INFY ,2019-02-28 21:42:59,4394
INFY ,2019-02-28 22:43:01,4393
INFY ,2019-02-28 23:42:59,4393
INFY ,2019-03-01 00:43:00,4393
INFY ,2019-03-01 01:43:01,4393
INFY ,2019-03-01 02:43:02,4393
INFY ,2019-03-01 03:43:03,4393
INFY ,2019-03-01 04:43:01,4393
INFY ,2019-03-01 05:43:02,4393
INFY ,2019-03-01 06:43:00,4393
INFY ,2019-03-01 07:43:02,4393
INFY ,2019-03-01 08:43:00,4393
INFY ,2019-03-01 09:42:57,4393
INFY ,2019-03-01 10:43:00,4393
INFY ,2019-03-01 11:42:59,4393
INFY ,2019-03-01 12:42:58,4393
INFY ,2019-03-01 13:43:05,4393
INFY ,2019-03-01 14:43:03,4394
INFY ,2019-03-01 15:43:01,4395
INFY ,2019-03-01 16:43:01,4396
INFY ,2019-03-01 17:43:00,4397
INFY ,2019-03-01 18:43:02,4398
INFY ,2019-03-01 19:43:02,4399
INFY ,2019-03-01 20:43:04,4397
INFY ,2019-03-01 21:43:04,4393
INFY ,2019-03-01 22:43:03,4394
INFY ,2019-03-01 23:43:03,4394
INFY ,2019-03-02 07:43:01,4394
INFY ,2019-03-02 08:43:01,4394
INFY ,2019-03-02 09:42:58,4394
INFY ,2019-03-02 10:42:59,4394
INFY ,2019-03-02 11:43:02,4394
INFY ,2019-03-02 15:43:05,4394
INFY ,2019-03-02 16:43:01,4394
INFY ,2019-03-02 17:43:01,4394
INFY ,2019-03-04 02:43:02,4394
INFY ,2019-03-04 07:43:02,4394
INFY ,2019-03-04 10:42:58,4394
INFY ,2019-03-04 11:42:59,4394
INFY ,2019-03-04 12:42:57,4394
INFY ,2019-03-04 13:42:56,4394
INFY ,2019-03-04 14:43:02,4394
INFY ,2019-03-04 15:42:58,4401
INFY ,2019-03-04 16:43:01,4398
INFY ,2019-03-04 17:43:01,4396
INFY ,2019-03-04 18:42:59,4394
INFY ,2019-03-04 19:43:02,4395
INFY ,2019-03-04 20:43:00,4395
INFY ,2019-03-04 21:43:00,4393
INFY ,2019-03-04 22:43:02,4393
INFY ,2019-03-04 23:43:00,4393
INFY ,2019-03-05 00:43:02,4393
INFY ,2019-03-05 01:43:01,4393
INFY ,2019-03-05 02:43:03,4393
INFY ,2019-03-05 03:43:03,4393
INFY ,2019-03-05 04:43:01,4393
INFY ,2019-03-05 05:43:00,4393
INFY ,2019-03-05 06:42:59,4393
INFY ,2019-03-05 07:42:59,4393
INFY ,2019-03-05 08:42:59,4393
INFY ,2019-03-05 09:43:01,4393
INFY ,2019-03-05 10:42:59,4393
INFY ,2019-03-05 11:42:57,4393
INFY ,2019-03-05 12:42:59,4393
INFY ,2019-03-05 14:08:08,4393
INFY ,2019-03-05 14:43:00,4393
INFY ,2019-03-05 15:43:03,4393
INFY ,2019-03-05 16:43:02,4391
INFY ,2019-03-05 17:43:02,4387
INFY ,2019-03-05 18:43:02,4390
INFY ,2019-03-05 19:43:01,4389
INFY ,2019-03-05 20:43:02,4389
INFY ,2019-03-05 21:43:01,4389
INFY ,2019-03-05 22:43:04,4392
INFY ,2019-03-05 23:43:04,4392
INFY ,2019-03-06 00:43:03,4392
INFY ,2019-03-06 01:43:03,4392
INFY ,2019-03-06 02:43:01,4392
INFY ,2019-03-06 03:43:03,4392
INFY ,2019-03-06 04:43:04,4392
INFY ,2019-03-06 05:43:04,4392
INFY ,2019-03-06 06:43:06,4392
INFY ,2019-03-06 07:43:01,4392
INFY ,2019-03-06 08:42:59,4392
INFY ,2019-03-06 09:43:00,4392
INFY ,2019-03-06 10:43:02,4392
INFY ,2019-03-06 11:43:47,4392
INFY ,2019-03-06 12:43:16,4392
INFY ,2019-03-06 14:07:51,4392
INFY ,2019-03-06 14:43:31,4392
INFY ,2019-03-06 15:43:24,4391
INFY ,2019-03-06 16:43:00,4389
INFY ,2019-03-06 17:43:07,4386
INFY ,2019-03-06 18:43:05,4384
INFY ,2019-03-06 19:43:02,4379
INFY ,2019-03-06 20:43:02,4379
INFY ,2019-03-06 21:43:02,4379
INFY ,2019-03-06 22:43:02,4379
INFY ,2019-03-06 23:43:02,4379
INFY ,2019-03-07 00:43:02,4379
INFY ,2019-03-07 01:43:04,4379
INFY ,2019-03-07 02:43:04,4379
INFY ,2019-03-07 04:43:07,4379
INFY ,2019-03-07 05:43:04,4379
INFY ,2019-03-07 06:43:02,4379
INFY ,2019-03-07 07:43:02,4379
INFY ,2019-03-07 08:43:03,4379
INFY ,2019-03-07 09:43:02,4379
INFY ,2019-03-07 10:43:01,4379
INFY ,2019-03-07 11:43:01,4379
INFY ,2019-03-07 12:43:00,4379
INFY ,2019-03-07 13:43:03,4379
INFY ,2019-03-07 14:43:05,4379
INFY ,2019-03-07 15:43:00,4381
INFY ,2019-03-07 16:43:03,4384
INFY ,2019-03-07 17:43:05,4382
INFY ,2019-03-07 18:43:04,4381
INFY ,2019-03-07 20:07:35,4380
INFY ,2019-03-07 20:43:02,4380
INFY ,2019-03-07 21:43:04,4379
INFY ,2019-03-07 22:43:07,4379
INFY ,2019-03-07 23:43:00,4377
INFY ,2019-03-08 00:43:02,4377
INFY ,2019-03-08 01:43:03,4377
INFY ,2019-03-08 02:43:02,4377
INFY ,2019-03-08 04:43:01,4377
INFY ,2019-03-08 05:43:01,4377
INFY ,2019-03-08 06:43:01,4377
INFY ,2019-03-08 07:43:02,4377
INFY ,2019-03-08 08:43:01,4377
INFY ,2019-03-08 09:43:00,4377
INFY ,2019-03-08 10:43:01,4377
INFY ,2019-03-08 11:43:01,4377
INFY ,2019-03-08 12:43:00,4377
INFY ,2019-03-08 14:08:06,4377
INFY ,2019-03-08 14:43:00,4377
INFY ,2019-03-08 15:43:04,4382
INFY ,2019-03-08 16:43:00,4379
INFY ,2019-03-08 17:43:00,4375
INFY ,2019-03-08 18:43:03,4377
INFY ,2019-03-08 19:43:04,4379
INFY ,2019-03-08 20:42:58,4380
INFY ,2019-03-08 21:43:07,4380
INFY ,2019-03-08 22:42:59,4381
INFY ,2019-03-08 23:43:04,4381
INFY ,2019-03-09 00:43:08,4381
INFY ,2019-03-09 01:43:04,4381
INFY ,2019-03-09 02:43:01,4381
INFY ,2019-03-09 03:43:04,4381
INFY ,2019-03-09 04:43:03,4381
INFY ,2019-03-09 05:43:02,4381
INFY ,2019-03-09 06:43:01,4381
INFY ,2019-03-09 07:43:00,4381
INFY ,2019-03-09 08:42:58,4381
INFY ,2019-03-09 09:42:58,4381
INFY ,2019-03-09 10:43:00,4381
INFY ,2019-03-09 11:42:59,4381
INFY ,2019-03-09 12:42:59,4381
INFY ,2019-03-09 13:42:59,4381
INFY ,2019-03-09 14:43:00,4381
INFY ,2019-03-09 15:43:03,4381
INFY ,2019-03-09 16:43:00,4381
INFY ,2019-03-09 17:43:01,4381
INFY ,2019-03-09 18:43:01,4381
INFY ,2019-03-09 19:43:00,4381
INFY ,2019-03-09 20:43:00,4381
INFY ,2019-03-09 21:42:59,4381
INFY ,2019-03-09 22:43:01,4381
INFY ,2019-03-09 23:43:00,4381
INFY ,2019-03-10 00:43:00,4381
INFY ,2019-03-10 01:43:01,4381
INFY ,2019-03-10 02:43:04,4381
INFY ,2019-03-10 03:43:01,4381
INFY ,2019-03-10 04:43:01,4381
INFY ,2019-03-10 05:43:00,4381
INFY ,2019-03-10 06:43:01,4381
INFY ,2019-03-10 07:42:59,4381
INFY ,2019-03-10 08:42:58,4381
INFY ,2019-03-10 09:42:59,4381
INFY ,2019-03-10 10:42:58,4381
INFY ,2019-03-10 11:42:59,4381
INFY ,2019-03-10 12:43:00,4381
INFY ,2019-03-10 13:42:58,4381
INFY ,2019-03-10 14:42:59,4381
INFY ,2019-03-10 15:43:03,4381
INFY ,2019-03-10 16:43:00,4381
INFY ,2019-03-10 17:43:04,4381
INFY ,2019-03-10 18:43:05,4381
INFY ,2019-03-10 19:43:01,4381
INFY ,2019-03-10 20:43:00,4381
INFY ,2019-03-10 21:43:00,4381
INFY ,2019-03-10 22:42:59,4381
INFY ,2019-03-10 23:43:01,4381
INFY ,2019-03-11 00:43:01,4381
INFY ,2019-03-11 01:43:02,4381
INFY ,2019-03-11 02:43:00,4381
INFY ,2019-03-11 03:42:59,4381
INFY ,2019-03-11 04:43:01,4381
INFY ,2019-03-11 05:43:01,4381
INFY ,2019-03-11 06:42:59,4381
INFY ,2019-03-11 07:42:59,4381
INFY ,2019-03-11 08:42:58,4381
INFY ,2019-03-11 09:43:00,4381
INFY ,2019-03-11 10:43:01,4381
INFY ,2019-03-11 11:42:58,4381
INFY ,2019-03-11 12:43:03,4381
INFY ,2019-03-11 13:43:02,4381
INFY ,2019-03-11 14:43:03,4377
INFY ,2019-03-11 15:43:01,4376
INFY ,2019-03-11 16:43:01,4373
INFY ,2019-03-11 17:43:00,4371
INFY ,2019-03-11 18:43:01,4369
INFY ,2019-03-11 19:43:00,4369
INFY ,2019-03-11 20:43:00,4369
INFY ,2019-03-11 21:43:03,4369
INFY ,2019-03-11 22:43:00,4369
INFY ,2019-03-11 23:43:02,4369
INFY ,2019-03-12 00:43:04,4369
INFY ,2019-03-12 01:42:59,4369
INFY ,2019-03-12 02:43:01,4369
INFY ,2019-03-12 03:43:03,4369
INFY ,2019-03-12 04:43:01,4369
INFY ,2019-03-12 05:43:01,4369
INFY ,2019-03-12 06:43:02,4369
INFY ,2019-03-12 07:42:58,4369
INFY ,2019-03-12 08:43:00,4369
INFY ,2019-03-12 09:42:59,4369
INFY ,2019-03-12 10:43:03,4369
INFY ,2019-03-12 11:43:00,4369
INFY ,2019-03-12 12:43:01,4369
INFY ,2019-03-12 13:43:01,4369
INFY ,2019-03-12 14:42:59,4376
INFY ,2019-03-12 15:43:00,4378
INFY ,2019-03-12 16:43:00,4383
INFY ,2019-03-12 17:42:59,4384
INFY ,2019-03-12 18:43:01,4389
INFY ,2019-03-12 19:42:59,4389
INFY ,2019-03-12 20:43:01,4388
INFY ,2019-03-12 21:43:00,4389
INFY ,2019-03-12 22:43:01,4388
INFY ,2019-03-12 23:43:02,4388
INFY ,2019-03-13 00:43:01,4388
INFY ,2019-03-13 01:43:02,4388
INFY ,2019-03-13 02:43:01,4388
INFY ,2019-03-13 03:43:02,4388
INFY ,2019-03-13 04:43:02,4388
INFY ,2019-03-13 05:43:00,4388
INFY ,2019-03-13 06:42:59,4388
INFY ,2019-03-13 07:43:03,4388
INFY ,2019-03-13 08:42:59,4388
INFY ,2019-03-13 09:42:59,4388
INFY ,2019-03-13 10:42:58,4388
INFY ,2019-03-13 11:42:58,4388
INFY ,2019-03-13 13:07:02,4388
INFY ,2019-03-13 13:43:00,4388
INFY ,2019-03-13 14:43:00,4390
INFY ,2019-03-13 15:43:00,4387
INFY ,2019-03-13 16:43:01,4385
INFY ,2019-03-13 17:43:03,4386
INFY ,2019-03-13 18:42:58,4386
INFY ,2019-03-13 19:43:01,4383
INFY ,2019-03-13 20:43:00,4383
INFY ,2019-03-13 21:43:01,4383
INFY ,2019-03-13 22:42:59,4383
INFY ,2019-03-13 23:43:01,4383
INFY ,2019-03-14 00:42:59,4383
INFY ,2019-03-14 01:43:02,4383
INFY ,2019-03-14 02:43:02,4383
INFY ,2019-03-14 03:42:59,4383
INFY ,2019-03-14 04:43:01,4383
INFY ,2019-03-14 05:42:59,4383
INFY ,2019-03-14 06:43:01,4383
INFY ,2019-03-14 07:43:00,4383
INFY ,2019-03-14 08:42:58,4383
INFY ,2019-03-14 09:42:58,4383
INFY ,2019-03-14 10:43:02,4383
INFY ,2019-03-14 11:43:00,4383
INFY ,2019-03-14 13:07:35,4383
INFY ,2019-03-14 13:43:00,4383
INFY ,2019-03-14 14:43:02,4385
INFY ,2019-03-14 15:43:02,4385
INFY ,2019-03-14 16:43:01,4388
INFY ,2019-03-14 17:43:03,4389
INFY ,2019-03-14 18:43:00,4389
INFY ,2019-03-14 19:43:06,4392
INFY ,2019-03-14 20:43:01,4392
INFY ,2019-03-14 21:43:02,4392
INFY ,2019-03-14 22:43:06,4392
INFY ,2019-03-14 23:43:05,4392
INFY ,2019-03-15 00:43:03,4392
INFY ,2019-03-15 01:43:02,4392
INFY ,2019-03-15 02:43:04,4392
INFY ,2019-03-15 03:43:03,4392
INFY ,2019-03-15 04:43:01,4392
INFY ,2019-03-15 05:43:00,4392
INFY ,2019-03-15 06:42:59,4392
INFY ,2019-03-15 07:43:01,4392
INFY ,2019-03-15 08:43:03,4392
INFY ,2019-03-15 09:43:02,4392
INFY ,2019-03-15 10:43:05,4392
INFY ,2019-03-15 11:43:03,4392
INFY ,2019-03-15 12:43:01,4392
INFY ,2019-03-15 13:43:02,4392
INFY ,2019-03-15 14:43:01,4388
INFY ,2019-03-15 15:43:05,4384
INFY ,2019-03-15 16:43:03,4385
INFY ,2019-03-15 17:43:05,4387
INFY ,2019-03-15 18:43:02,4389
INFY ,2019-03-15 19:43:02,4387
INFY ,2019-03-15 20:43:02,4387
INFY ,2019-03-15 21:43:01,4385
INFY ,2019-03-15 22:43:00,4384
INFY ,2019-03-15 23:43:05,4384
INFY ,2019-03-16 00:43:02,4384
INFY ,2019-03-16 01:43:00,4384
INFY ,2019-03-16 02:43:02,4384
INFY ,2019-03-16 03:43:03,4384
INFY ,2019-03-16 04:43:04,4384
INFY ,2019-03-16 05:43:03,4384
INFY ,2019-03-16 06:43:02,4384
INFY ,2019-03-16 07:43:02,4384
INFY ,2019-03-16 08:43:05,4384
INFY ,2019-03-16 09:43:01,4384
INFY ,2019-03-16 10:43:01,4384
INFY ,2019-03-16 11:43:02,4384
INFY ,2019-03-16 12:43:01,4384
INFY ,2019-03-16 13:43:02,4384
INFY ,2019-03-16 14:43:01,4384
INFY ,2019-03-16 15:43:02,4384
INFY ,2019-03-16 16:43:01,4384
INFY ,2019-03-16 17:43:01,4384
INFY ,2019-03-16 18:43:00,4384
INFY ,2019-03-16 19:43:00,4384
INFY ,2019-03-16 20:43:03,4384
INFY ,2019-03-16 21:43:04,4384
INFY ,2019-03-16 22:43:03,4384
INFY ,2019-03-16 23:43:01,4384
INFY ,2019-03-17 00:43:03,4384
INFY ,2019-03-17 01:43:02,4384
INFY ,2019-03-17 02:43:05,4384
INFY ,2019-03-17 03:43:03,4384
INFY ,2019-03-17 04:43:03,4384
INFY ,2019-03-17 05:43:04,4384
INFY ,2019-03-17 06:43:02,4384
INFY ,2019-03-17 07:43:01,4384
INFY ,2019-03-17 08:42:59,4384
INFY ,2019-03-17 09:43:03,4384
INFY ,2019-03-17 10:43:00,4384
INFY ,2019-03-17 11:43:00,4384
INFY ,2019-03-17 12:43:00,4384
INFY ,2019-03-17 13:43:00,4384
INFY ,2019-03-17 14:42:59,4384
INFY ,2019-03-17 15:42:59,4384
INFY ,2019-03-17 16:42:59,4384
INFY ,2019-03-17 17:42:59,4384
INFY ,2019-03-17 18:43:00,4384
INFY ,2019-03-17 19:43:00,4384
INFY ,2019-03-17 20:42:59,4384
INFY ,2019-03-17 21:42:58,4384
INFY ,2019-03-17 22:42:59,4384
INFY ,2019-03-17 23:43:00,4384
INFY ,2019-03-18 00:43:00,4384
INFY ,2019-03-18 01:43:00,4384
INFY ,2019-03-18 02:43:01,4384
INFY ,2019-03-18 03:43:01,4384
INFY ,2019-03-18 04:43:01,4384
INFY ,2019-03-18 05:42:59,4384
INFY ,2019-03-18 06:43:00,4384
INFY ,2019-03-18 07:43:01,4384
INFY ,2019-03-18 08:42:59,4384
INFY ,2019-03-18 09:43:01,4384
INFY ,2019-03-18 10:43:00,4384
INFY ,2019-03-18 11:42:59,4384
INFY ,2019-03-18 12:43:02,4383
INFY ,2019-03-18 13:43:03,4385
INFY ,2019-03-18 14:43:02,4407
INFY ,2019-03-18 15:43:08,4405
INFY ,2019-03-18 16:43:00,4406
INFY ,2019-03-18 17:43:05,4408
INFY ,2019-03-18 18:43:05,4405
INFY ,2019-03-18 19:43:04,4404
INFY ,2019-03-18 20:43:02,4401
INFY ,2019-03-18 21:43:03,4401
INFY ,2019-03-18 22:43:05,4401
INFY ,2019-03-18 23:43:04,4401
INFY ,2019-03-19 00:43:07,4401
INFY ,2019-03-19 01:43:04,4401
INFY ,2019-03-19 02:43:05,4401
INFY ,2019-03-19 03:43:02,4401
INFY ,2019-03-19 04:43:02,4401
INFY ,2019-03-19 05:42:59,4401
INFY ,2019-03-19 06:43:06,4401
INFY ,2019-03-19 07:43:03,4401
INFY ,2019-03-19 08:43:00,4401
INFY ,2019-03-19 09:43:02,4401
INFY ,2019-03-19 10:43:02,4401
INFY ,2019-03-19 11:43:02,4401
INFY ,2019-03-19 12:43:03,4401
INFY ,2019-03-19 13:43:02,4400
INFY ,2019-03-19 14:43:03,4395
INFY ,2019-03-19 15:43:04,4389
INFY ,2019-03-19 16:43:03,4389
INFY ,2019-03-19 17:43:06,4385
INFY ,2019-03-19 18:43:04,4382
INFY ,2019-03-19 19:43:06,4383
INFY ,2019-03-19 20:43:05,4380
INFY ,2019-03-19 21:43:10,4380
INFY ,2019-03-19 22:43:07,4381
INFY ,2019-03-19 23:43:05,4381
INFY ,2019-03-20 00:43:07,4381
INFY ,2019-03-20 01:43:06,4381
INFY ,2019-03-20 02:43:07,4381
INFY ,2019-03-20 03:43:08,4381
INFY ,2019-03-20 04:43:07,4381
INFY ,2019-03-20 05:43:04,4381
INFY ,2019-03-20 06:43:09,4381
INFY ,2019-03-20 07:43:09,4381
INFY ,2019-03-20 08:43:07,4381
INFY ,2019-03-20 09:43:05,4381
INFY ,2019-03-20 10:43:06,4381
INFY ,2019-03-20 11:43:05,4381
INFY ,2019-03-20 13:07:12,4378
INFY ,2019-03-20 13:43:06,4378
INFY ,2019-03-20 14:43:08,4388
INFY ,2019-03-20 15:43:11,4399
INFY ,2019-03-20 16:43:05,4402
INFY ,2019-03-20 17:43:06,4401
INFY ,2019-03-20 18:43:04,4404
INFY ,2019-03-20 19:43:04,4400
INFY ,2019-03-20 20:43:03,4403
INFY ,2019-03-20 21:43:02,4403
INFY ,2019-03-20 22:43:04,4406
INFY ,2019-03-20 23:43:02,4406
INFY ,2019-03-21 00:43:02,4406
INFY ,2019-03-21 01:43:02,4406
INFY ,2019-03-21 02:43:05,4406
INFY ,2019-03-21 03:43:05,4406
INFY ,2019-03-21 04:43:03,4406
INFY ,2019-03-21 05:43:06,4406
INFY ,2019-03-21 06:43:01,4406
INFY ,2019-03-21 07:43:01,4406
INFY ,2019-03-21 08:42:59,4406
INFY ,2019-03-21 09:43:01,4406
INFY ,2019-03-21 10:43:03,4406
INFY ,2019-03-21 11:43:02,4406
INFY ,2019-03-21 13:08:04,4407
INFY ,2019-03-21 13:43:00,4407
INFY ,2019-03-21 14:43:01,4415
INFY ,2019-03-21 15:43:02,4412
INFY ,2019-03-21 16:43:00,4418
INFY ,2019-03-21 17:43:01,4425
INFY ,2019-03-21 18:43:03,4421
INFY ,2019-03-21 19:43:01,4416
INFY ,2019-03-21 20:42:57,4417
INFY ,2019-03-21 21:42:58,4418
INFY ,2019-03-21 22:42:59,4418
INFY ,2019-03-21 23:42:59,4418
INFY ,2019-03-22 00:42:59,4418
INFY ,2019-03-22 01:42:58,4418
INFY ,2019-03-22 02:43:05,4418
INFY ,2019-03-22 03:43:00,4418
INFY ,2019-03-22 04:42:58,4418
INFY ,2019-03-22 05:42:59,4418
INFY ,2019-03-22 06:42:57,4418
INFY ,2019-03-22 07:42:58,4418
INFY ,2019-03-22 08:43:09,4418
INFY ,2019-03-22 09:43:00,4418
INFY ,2019-03-22 10:42:59,4418
INFY ,2019-03-22 11:42:57,4418
INFY ,2019-03-22 12:43:05,4418
INFY ,2019-03-22 13:42:58,4418
INFY ,2019-03-22 14:42:58,4421
INFY ,2019-03-22 15:42:59,4416
INFY ,2019-03-22 16:43:00,4408
INFY ,2019-03-22 17:43:02,4409
INFY ,2019-03-22 18:43:00,4410
INFY ,2019-03-22 19:42:59,4410
INFY ,2019-03-22 20:42:59,4413
INFY ,2019-03-22 21:42:58,4413
INFY ,2019-03-22 22:42:59,4413
INFY ,2019-03-22 23:42:58,4413
INFY ,2019-03-23 00:43:00,4413
INFY ,2019-03-23 01:43:06,4413
INFY ,2019-03-23 02:43:00,4413
INFY ,2019-03-23 03:42:58,4413
INFY ,2019-03-23 04:42:58,4413
INFY ,2019-03-23 05:42:59,4413
INFY ,2019-03-23 06:42:58,4413
INFY ,2019-03-23 07:43:03,4413
INFY ,2019-03-23 08:42:58,4413
INFY ,2019-03-23 09:42:59,4413
INFY ,2019-03-23 10:42:57,4413
INFY ,2019-03-23 11:42:59,4413
INFY ,2019-03-23 12:42:57,4413
INFY ,2019-03-23 13:43:02,4413
INFY ,2019-03-23 14:42:59,4413
INFY ,2019-03-23 15:42:59,4413
INFY ,2019-03-23 16:42:57,4413
INFY ,2019-03-23 17:42:58,4413
INFY ,2019-03-23 18:42:59,4413
INFY ,2019-03-23 19:43:03,4413
INFY ,2019-03-23 20:42:59,4413
INFY ,2019-03-23 21:43:00,4413
INFY ,2019-03-23 22:42:58,4413
INFY ,2019-03-23 23:42:59,4413
INFY ,2019-03-24 00:42:59,4413
INFY ,2019-03-24 01:43:00,4413
INFY ,2019-03-24 02:42:59,4413
INFY ,2019-03-24 03:43:01,4413
INFY ,2019-03-24 04:43:06,4413
INFY ,2019-03-24 05:43:00,4413
INFY ,2019-03-24 06:43:00,4413
INFY ,2019-03-24 07:43:00,4413
INFY ,2019-03-24 08:42:59,4413
INFY ,2019-03-24 09:43:05,4413
INFY ,2019-03-24 10:43:02,4413
INFY ,2019-03-24 11:42:57,4413
INFY ,2019-03-24 12:42:58,4413
INFY ,2019-03-24 13:43:03,4413
INFY ,2019-03-24 14:42:59,4413
INFY ,2019-03-24 15:42:59,4413
INFY ,2019-03-24 16:42:58,4413
INFY ,2019-03-24 17:42:59,4413
INFY ,2019-03-24 18:43:00,4413
INFY ,2019-03-24 19:42:59,4413
INFY ,2019-03-24 20:43:00,4413
INFY ,2019-03-24 21:43:06,4413
INFY ,2019-03-24 22:43:00,4413
INFY ,2019-03-24 23:43:00,4413
INFY ,2019-03-25 00:43:00,4413
INFY ,2019-03-25 01:43:00,4413
INFY ,2019-03-25 02:43:01,4413
INFY ,2019-03-25 03:43:08,4413
INFY ,2019-03-25 04:43:00,4413
INFY ,2019-03-25 05:43:01,4413
INFY ,2019-03-25 06:42:59,4413
INFY ,2019-03-25 07:43:00,4413
INFY ,2019-03-25 08:43:02,4413
INFY ,2019-03-25 09:42:59,4413
INFY ,2019-03-25 10:43:00,4413
INFY ,2019-03-25 11:43:09,4413
INFY ,2019-03-25 13:07:05,4413
INFY ,2019-03-25 13:43:05,4413
INFY ,2019-03-25 14:43:00,4411
INFY ,2019-03-25 15:43:01,4414
INFY ,2019-03-25 16:43:00,4413
INFY ,2019-03-25 17:43:01,4413
INFY ,2019-03-25 18:43:02,4412
INFY ,2019-03-25 19:43:05,4410
INFY ,2019-03-25 20:43:00,4409
INFY ,2019-03-25 21:42:59,4409
INFY ,2019-03-25 22:43:09,4409
INFY ,2019-03-25 23:43:08,4409
INFY ,2019-03-26 00:43:03,4409
INFY ,2019-03-26 01:43:02,4409
INFY ,2019-03-26 02:42:59,4409
INFY ,2019-03-26 03:43:02,4409
INFY ,2019-03-26 04:43:00,4409
INFY ,2019-03-26 05:43:02,4409
INFY ,2019-03-26 06:43:00,4409
INFY ,2019-03-26 07:42:59,4409
INFY ,2019-03-26 08:42:58,4409
INFY ,2019-03-26 09:42:59,4409
INFY ,2019-03-26 10:43:03,4409
INFY ,2019-03-26 11:42:59,4409
INFY ,2019-03-26 12:43:02,4409
INFY ,2019-03-26 13:43:08,4409
INFY ,2019-03-26 14:42:58,4406
INFY ,2019-03-26 15:43:08,4407
INFY ,2019-03-26 16:43:05,4406
INFY ,2019-03-26 17:43:01,4406
INFY ,2019-03-26 18:43:04,4406
INFY ,2019-03-26 19:43:08,4404
INFY ,2019-03-26 20:43:02,4401
INFY ,2019-03-26 21:43:01,4401
INFY ,2019-03-26 22:43:01,4401
INFY ,2019-03-26 23:43:00,4401
INFY ,2019-03-27 00:43:05,4401
INFY ,2019-03-27 01:43:00,4401
INFY ,2019-03-27 02:42:59,4401
INFY ,2019-03-27 03:43:06,4401
INFY ,2019-03-27 04:43:03,4401
INFY ,2019-03-27 05:43:02,4401
INFY ,2019-03-27 06:43:07,4401
INFY ,2019-03-27 07:43:00,4401
INFY ,2019-03-27 08:42:59,4401
INFY ,2019-03-27 09:43:00,4401
INFY ,2019-03-27 10:43:05,4401
INFY ,2019-03-27 11:42:59,4401
INFY ,2019-03-27 13:07:41,4402
INFY ,2019-03-27 13:43:02,4402
INFY ,2019-03-27 14:43:07,4403
INFY ,2019-03-27 15:43:01,4400
INFY ,2019-03-27 16:43:02,4402
INFY ,2019-03-27 17:43:11,4402
INFY ,2019-03-27 18:43:00,4400
INFY ,2019-03-27 19:42:59,4398
INFY ,2019-03-27 20:43:05,4400
INFY ,2019-03-27 21:43:00,4400
INFY ,2019-03-27 22:43:11,4401
INFY ,2019-03-27 23:43:04,4401
INFY ,2019-03-28 00:43:03,4401
INFY ,2019-03-28 01:43:01,4401
INFY ,2019-03-28 02:43:11,4401
INFY ,2019-03-28 03:43:02,4401
INFY ,2019-03-28 04:43:06,4401
INFY ,2019-03-28 05:43:00,4401
INFY ,2019-03-28 06:42:59,4401
INFY ,2019-03-28 07:43:00,4401
INFY ,2019-03-28 08:42:58,4401
INFY ,2019-03-28 09:42:59,4401
INFY ,2019-03-28 10:42:59,4401
INFY ,2019-03-28 11:42:58,4401
INFY ,2019-03-28 13:07:32,4401
INFY ,2019-03-28 13:43:05,4401
INFY ,2019-03-28 14:43:01,4400
INFY ,2019-03-28 15:43:02,4401
INFY ,2019-03-28 16:43:03,4402
INFY ,2019-03-28 17:43:01,4403
INFY ,2019-03-28 18:43:01,4404
INFY ,2019-03-28 19:43:00,4403
INFY ,2019-03-28 20:43:04,4403
INFY ,2019-03-28 21:43:02,4403
INFY ,2019-03-28 22:43:00,4401
INFY ,2019-03-28 23:43:01,4401
INFY ,2019-03-29 00:43:00,4401
INFY ,2019-03-29 01:43:15,4401
INFY ,2019-03-29 02:43:05,4401
INFY ,2019-03-29 03:43:08,4401
INFY ,2019-03-29 04:43:04,4401
INFY ,2019-03-29 05:42:59,4401
INFY ,2019-03-29 06:42:58,4401
INFY ,2019-03-29 07:42:59,4401
INFY ,2019-03-29 08:43:05,4401
INFY ,2019-03-29 09:43:00,4401
INFY ,2019-03-29 10:43:01,4401
INFY ,2019-03-29 11:43:04,4401
INFY ,2019-03-29 13:08:03,4401
INFY ,2019-03-29 13:43:01,4401
INFY ,2019-03-29 14:43:03,4400
INFY ,2019-03-29 15:43:03,4406
INFY ,2019-03-29 16:42:57,4406
INFY ,2019-03-29 17:43:05,4403
INFY ,2019-03-29 18:43:15,4408
INFY ,2019-03-29 19:43:04,4407
INFY ,2019-03-29 20:43:04,4410
INFY ,2019-03-29 21:43:02,4411
INFY ,2019-03-29 22:43:08,4411
INFY ,2019-03-29 23:43:14,4411
INFY ,2019-03-30 00:43:07,4411
INFY ,2019-03-30 01:43:06,4411
INFY ,2019-03-30 02:43:08,4411
INFY ,2019-03-30 03:43:07,4411
INFY ,2019-03-30 04:43:08,4411
INFY ,2019-03-30 05:43:03,4411
INFY ,2019-03-30 06:43:03,4411
INFY ,2019-03-30 07:43:03,4411
INFY ,2019-03-30 08:43:23,4411
INFY ,2019-03-30 09:43:04,4411
INFY ,2019-03-30 10:43:05,4411
INFY ,2019-03-30 11:43:04,4411
INFY ,2019-03-30 12:43:10,4411
INFY ,2019-03-30 13:42:59,4411
INFY ,2019-03-30 14:43:00,4411
INFY ,2019-03-30 15:42:59,4411
INFY ,2019-03-30 16:42:59,4411
INFY ,2019-03-30 17:43:05,4411
INFY ,2019-03-30 18:42:59,4411
INFY ,2019-03-30 19:43:00,4411
INFY ,2019-03-30 20:42:58,4411
INFY ,2019-03-30 21:42:59,4411
INFY ,2019-03-30 22:43:07,4411
INFY ,2019-03-30 23:43:00,4411
INFY ,2019-03-31 00:43:00,4411
INFY ,2019-03-31 01:43:02,4411
INFY ,2019-03-31 02:43:07,4411
INFY ,2019-03-31 03:43:01,4411
INFY ,2019-03-31 04:42:59,4411
INFY ,2019-03-31 05:42:59,4411
INFY ,2019-03-31 06:43:06,4411
INFY ,2019-03-31 07:43:00,4411
INFY ,2019-03-31 08:42:58,4411
INFY ,2019-03-31 09:42:58,4411
INFY ,2019-03-31 10:43:04,4411
INFY ,2019-03-31 11:43:00,4411
INFY ,2019-03-31 12:42:59,4411
INFY ,2019-03-31 13:43:03,4411
INFY ,2019-03-31 14:42:58,4411
INFY ,2019-03-31 15:43:00,4411
INFY ,2019-03-31 16:43:01,4411
INFY ,2019-03-31 17:43:09,4411
INFY ,2019-03-31 18:42:59,4411
INFY ,2019-03-31 19:43:00,4411
INFY ,2019-03-31 20:42:59,4411
INFY ,2019-03-31 21:43:00,4411
INFY ,2019-03-31 22:42:59,4411
INFY ,2019-03-31 23:43:04,4411
INFY ,2019-04-01 00:43:06,4411
INFY ,2019-04-01 01:43:03,4411
INFY ,2019-04-01 02:43:05,4411
INFY ,2019-04-01 03:43:13,4411
INFY ,2019-04-01 04:43:02,4411
INFY ,2019-04-01 05:43:01,4411
INFY ,2019-04-01 06:42:59,4411
INFY ,2019-04-01 07:43:07,4411
INFY ,2019-04-01 08:43:00,4411
INFY ,2019-04-01 09:43:02,4411
INFY ,2019-04-01 10:43:08,4411
INFY ,2019-04-01 11:43:06,4411
INFY ,2019-04-01 13:43:08,4409
INFY ,2019-04-01 14:43:07,4404
INFY ,2019-04-01 15:43:16,4404
INFY ,2019-04-01 16:43:11,4406
INFY ,2019-04-01 17:43:05,4409
INFY ,2019-04-01 18:43:02,4409
INFY ,2019-04-01 19:43:16,4408
INFY ,2019-04-01 20:43:04,4412
INFY ,2019-04-01 21:43:01,4412
INFY ,2019-04-01 22:43:06,4413
INFY ,2019-04-01 23:43:05,4413
INFY ,2019-04-02 00:43:10,4413
INFY ,2019-04-02 01:43:03,4413
INFY ,2019-04-02 02:43:05,4413
INFY ,2019-04-02 03:43:12,4413
INFY ,2019-04-02 04:43:04,4413
INFY ,2019-04-02 05:43:02,4413
INFY ,2019-04-02 06:43:02,4413
INFY ,2019-04-02 07:43:07,4413
INFY ,2019-04-02 08:43:04,4413
INFY ,2019-04-02 09:43:08,4413
INFY ,2019-04-02 10:43:02,4413
INFY ,2019-04-02 11:43:02,4413
INFY ,2019-04-02 13:07:41,4414
INFY ,2019-04-02 13:43:05,4414
INFY ,2019-04-02 14:43:00,4414
INFY ,2019-04-02 15:43:13,4415
INFY ,2019-04-02 16:43:02,4418
INFY ,2019-04-02 17:43:11,4417
INFY ,2019-04-02 18:43:04,4421
INFY ,2019-04-02 19:43:05,4419
INFY ,2019-04-02 20:43:11,4416
INFY ,2019-04-02 21:43:05,4416
INFY ,2019-04-02 22:43:04,4415
INFY ,2019-04-02 23:43:05,4415
INFY ,2019-04-03 00:43:16,4415
INFY ,2019-04-03 01:43:06,4415
INFY ,2019-04-03 02:43:03,4415
INFY ,2019-04-03 03:43:07,4415
INFY ,2019-04-03 04:43:07,4415
INFY ,2019-04-03 05:43:07,4415
INFY ,2019-04-03 06:43:08,4415
INFY ,2019-04-03 07:43:04,4415
INFY ,2019-04-03 08:43:03,4415
INFY ,2019-04-03 09:43:17,4415
INFY ,2019-04-03 10:43:08,4415
INFY ,2019-04-03 11:43:06,4415
INFY ,2019-04-03 13:07:43,4414
INFY ,2019-04-03 13:43:04,4414
INFY ,2019-04-03 14:43:11,4429
INFY ,2019-04-03 15:43:12,4428
INFY ,2019-04-03 16:43:03,4435
INFY ,2019-04-03 17:43:01,4435
INFY ,2019-04-03 18:43:02,4433
INFY ,2019-04-03 19:43:04,4436
INFY ,2019-04-03 20:43:05,4438
INFY ,2019-04-03 21:43:02,4439
INFY ,2019-04-03 22:43:01,4438
INFY ,2019-04-03 23:43:09,4438
INFY ,2019-04-04 00:43:00,4438
INFY ,2019-04-04 01:43:02,4438
INFY ,2019-04-04 02:43:03,4438
INFY ,2019-04-04 03:43:07,4438
INFY ,2019-04-04 04:43:00,4438
INFY ,2019-04-04 05:42:59,4438
INFY ,2019-04-04 06:43:00,4438
INFY ,2019-04-04 07:43:02,4438
INFY ,2019-04-04 08:43:06,4438
INFY ,2019-04-04 09:43:00,4438
INFY ,2019-04-04 10:43:01,4438
INFY ,2019-04-04 11:43:07,4438
INFY ,2019-04-04 12:43:02,4438
INFY ,2019-04-04 13:43:02,4440
INFY ,2019-04-04 14:43:11,4445
INFY ,2019-04-04 15:43:03,4447
INFY ,2019-04-04 16:43:11,4448
INFY ,2019-04-04 17:43:00,4446
INFY ,2019-04-04 18:43:06,4444
INFY ,2019-04-04 19:43:02,4446
INFY ,2019-04-04 20:43:02,4446
INFY ,2019-04-04 21:43:05,4449
INFY ,2019-04-04 22:43:13,4449
INFY ,2019-04-04 23:43:02,4449
INFY ,2019-04-05 00:43:03,4449
INFY ,2019-04-05 01:43:01,4449
INFY ,2019-04-05 02:43:01,4449
INFY ,2019-04-05 03:43:15,4449
INFY ,2019-04-05 04:43:03,4449
INFY ,2019-04-05 05:43:01,4449
INFY ,2019-04-05 06:43:00,4449
INFY ,2019-04-05 07:43:01,4449
INFY ,2019-04-05 08:43:11,4449
INFY ,2019-04-05 09:43:02,4449
INFY ,2019-04-05 10:43:09,4449
INFY ,2019-04-05 11:43:02,4449
INFY ,2019-04-05 13:07:09,4448
INFY ,2019-04-05 13:43:06,4448
INFY ,2019-04-05 14:43:05,4441
INFY ,2019-04-05 15:43:10,4432
INFY ,2019-04-05 16:43:01,4435
INFY ,2019-04-05 17:43:02,4432
INFY ,2019-04-05 18:43:04,4435
INFY ,2019-04-05 19:43:03,4432
INFY ,2019-04-05 20:43:03,4440
INFY ,2019-04-05 21:43:07,4441
INFY ,2019-04-05 22:43:05,4440
INFY ,2019-04-05 23:43:08,4440
INFY ,2019-04-06 00:43:06,4440
INFY ,2019-04-06 01:43:17,4440
INFY ,2019-04-06 02:43:08,4440
INFY ,2019-04-06 03:43:07,4440
INFY ,2019-04-06 04:43:11,4440
INFY ,2019-04-06 05:43:05,4440
INFY ,2019-04-06 06:43:03,4440
INFY ,2019-04-06 07:43:06,4440
INFY ,2019-04-06 08:43:15,4440
INFY ,2019-04-06 09:43:04,4440
INFY ,2019-04-06 10:43:04,4440
INFY ,2019-04-06 11:43:06,4440
INFY ,2019-04-06 12:43:05,4440
INFY ,2019-04-06 13:43:02,4440
INFY ,2019-04-06 14:43:02,4440
INFY ,2019-04-06 15:43:10,4440
INFY ,2019-04-06 16:43:03,4440
INFY ,2019-04-06 17:43:03,4440
INFY ,2019-04-06 18:43:05,4440
INFY ,2019-04-06 19:43:04,4440
INFY ,2019-04-06 20:43:01,4440
INFY ,2019-04-06 21:43:12,4440
INFY ,2019-04-06 22:43:03,4440
INFY ,2019-04-06 23:43:03,4440
INFY ,2019-04-07 00:43:03,4440
INFY ,2019-04-07 01:43:01,4440
INFY ,2019-04-07 02:43:05,4440
INFY ,2019-04-07 03:43:10,4440
INFY ,2019-04-07 04:43:05,4440
INFY ,2019-04-07 05:43:04,4440
INFY ,2019-04-07 06:43:06,4440
INFY ,2019-04-07 07:43:13,4440
INFY ,2019-04-07 08:43:06,4440
INFY ,2019-04-07 09:43:09,4440
INFY ,2019-04-07 10:43:03,4440
INFY ,2019-04-07 11:43:10,4440
INFY ,2019-04-07 12:43:06,4440
INFY ,2019-04-07 13:43:11,4440
INFY ,2019-04-07 14:43:04,4440
INFY ,2019-04-07 15:43:06,4440
INFY ,2019-04-07 16:43:09,4440
INFY ,2019-04-07 17:43:04,4440
INFY ,2019-04-07 18:43:04,4440
INFY ,2019-04-07 19:43:04,4440
INFY ,2019-04-07 20:43:11,4440
INFY ,2019-04-07 21:43:03,4440
INFY ,2019-04-07 22:43:03,4440
INFY ,2019-04-07 23:43:02,4440
INFY ,2019-04-08 00:43:15,4440
INFY ,2019-04-08 01:43:05,4440
INFY ,2019-04-08 02:43:04,4440
INFY ,2019-04-08 03:43:04,4440
INFY ,2019-04-08 04:42:59,4440
INFY ,2019-04-08 05:43:12,4440
INFY ,2019-04-08 06:43:00,4440
INFY ,2019-04-08 07:43:00,4440
INFY ,2019-04-08 08:43:01,4440
INFY ,2019-04-08 09:43:03,4440
INFY ,2019-04-08 10:43:02,4440
INFY ,2019-04-08 11:43:14,4440
INFY ,2019-04-08 12:43:01,4440
INFY ,2019-04-08 13:43:09,4443
INFY ,2019-04-08 14:43:01,4468
INFY ,2019-04-08 15:43:07,4481
INFY ,2019-04-08 16:43:15,4482
INFY ,2019-04-08 17:43:03,4485
INFY ,2019-04-08 18:43:02,4488
INFY ,2019-04-08 19:43:03,4490
INFY ,2019-04-08 20:43:03,4494
INFY ,2019-04-08 21:43:05,4494
INFY ,2019-04-08 22:43:05,4496
INFY ,2019-04-08 23:43:02,4496
INFY ,2019-04-09 00:43:10,4496
INFY ,2019-04-09 01:43:03,4496
INFY ,2019-04-09 02:43:06,4496
INFY ,2019-04-09 03:43:05,4496
INFY ,2019-04-09 04:43:03,4496
INFY ,2019-04-09 05:43:08,4496
INFY ,2019-04-09 06:43:04,4496
INFY ,2019-04-09 07:43:03,4496
INFY ,2019-04-09 08:43:06,4496
INFY ,2019-04-09 09:43:15,4496
INFY ,2019-04-09 10:43:03,4496
INFY ,2019-04-09 11:43:05,4496
INFY ,2019-04-09 13:08:21,4499
INFY ,2019-04-09 13:43:04,4499
INFY ,2019-04-09 14:43:03,4509
INFY ,2019-04-09 15:43:17,4514
INFY ,2019-04-09 16:43:06,4518
INFY ,2019-04-09 17:43:04,4524
INFY ,2019-04-09 18:43:05,4523
INFY ,2019-04-09 19:43:05,4528
INFY ,2019-04-09 20:43:04,4531
INFY ,2019-04-09 21:43:05,4532
INFY ,2019-04-09 22:43:04,4531
INFY ,2019-04-09 23:43:12,4531
INFY ,2019-04-10 00:43:06,4531
INFY ,2019-04-10 01:43:06,4531
INFY ,2019-04-10 02:43:06,4531
INFY ,2019-04-10 03:43:10,4531
INFY ,2019-04-10 04:43:12,4531
INFY ,2019-04-10 05:43:04,4531
INFY ,2019-04-10 06:43:04,4531
INFY ,2019-04-10 07:43:03,4531
INFY ,2019-04-10 08:43:11,4531
INFY ,2019-04-10 09:43:06,4531
INFY ,2019-04-10 10:43:05,4531
INFY ,2019-04-10 11:43:07,4531
INFY ,2019-04-10 12:43:15,4531
INFY ,2019-04-10 13:43:16,4531
INFY ,2019-04-10 14:43:05,4542
INFY ,2019-04-10 15:43:08,4577
INFY ,2019-04-10 16:43:06,4602
INFY ,2019-04-10 17:43:06,4620
INFY ,2019-04-10 18:43:10,4641
INFY ,2019-04-10 19:43:07,4656
INFY ,2019-04-10 20:43:03,4675
INFY ,2019-04-10 21:43:02,4676
INFY ,2019-04-10 22:43:02,4679
INFY ,2019-04-10 23:43:14,4679
INFY ,2019-04-11 00:43:05,4679
INFY ,2019-04-11 01:43:01,4679
INFY ,2019-04-11 02:43:06,4679
INFY ,2019-04-11 03:43:08,4679
INFY ,2019-04-11 04:43:08,4679
INFY ,2019-04-11 05:43:07,4679
INFY ,2019-04-11 06:43:01,4679
INFY ,2019-04-11 18:43:10,4843
INFY ,2019-04-11 19:43:19,4861
INFY ,2019-04-11 20:43:06,4916
INFY ,2019-04-11 21:43:06,4924
INFY ,2019-04-11 22:43:05,4930
INFY ,2019-04-11 23:43:06,4930
INFY ,2019-04-12 00:43:05,4930
INFY ,2019-04-12 01:43:08,4930
INFY ,2019-04-12 02:43:13,4930
INFY ,2019-04-12 03:43:07,4930
INFY ,2019-04-12 04:43:06,4930
INFY ,2019-04-12 05:43:06,4930
INFY ,2019-04-12 06:43:02,4930
INFY ,2019-04-12 07:43:04,4930
INFY ,2019-04-12 08:43:04,4930
INFY ,2019-04-12 09:43:10,4930
INFY ,2019-04-12 10:43:03,4930
INFY ,2019-04-12 11:43:03,4930
INFY ,2019-04-12 13:06:48,4946
INFY ,2019-04-12 13:43:07,4946
INFY ,2019-04-12 14:43:03,5012
INFY ,2019-04-12 15:43:10,5031
INFY ,2019-04-12 16:43:09,5041
INFY ,2019-04-12 17:43:05,5067
INFY ,2019-04-12 18:43:05,5082
INFY ,2019-04-12 19:43:05,5100
INFY ,2019-04-12 20:43:05,5115
INFY ,2019-04-12 21:43:04,5116
INFY ,2019-04-12 22:43:14,5119
INFY ,2019-04-12 23:43:04,5119
INFY ,2019-04-13 00:43:08,5119
INFY ,2019-04-13 01:43:05,5119
INFY ,2019-04-13 02:43:07,5119
INFY ,2019-04-13 03:43:19,5119
INFY ,2019-04-13 04:43:08,5119
INFY ,2019-04-13 05:43:07,5119
INFY ,2019-04-13 06:43:07,5119
INFY ,2019-04-13 07:43:02,5119
INFY ,2019-04-13 08:43:05,5119
INFY ,2019-04-13 09:43:09,5119
INFY ,2019-04-13 10:43:04,5119
INFY ,2019-04-13 11:43:06,5119
INFY ,2019-04-13 12:43:05,5119
INFY ,2019-04-13 13:43:05,5119
INFY ,2019-04-13 14:43:09,5119
INFY ,2019-04-13 15:43:08,5119
INFY ,2019-04-13 16:43:07,5119
INFY ,2019-04-13 17:43:03,5119
INFY ,2019-04-13 18:43:06,5119
INFY ,2019-04-13 19:43:06,5119
INFY ,2019-04-13 20:43:05,5119
INFY ,2019-04-13 21:43:10,5119
INFY ,2019-04-13 22:43:05,5119
INFY ,2019-04-13 23:43:04,5119
INFY ,2019-04-14 00:43:07,5119
INFY ,2019-04-14 01:43:09,5119
INFY ,2019-04-14 02:43:05,5119
INFY ,2019-04-14 03:43:05,5119
INFY ,2019-04-14 04:43:14,5119
INFY ,2019-04-14 05:43:05,5119
INFY ,2019-04-14 06:43:06,5119
INFY ,2019-04-14 07:43:09,5119
INFY ,2019-04-14 08:43:05,5119
INFY ,2019-04-14 09:43:08,5119
INFY ,2019-04-14 10:43:02,5119
INFY ,2019-04-14 11:43:08,5119
INFY ,2019-04-14 12:43:03,5119
INFY ,2019-04-14 13:43:07,5119
INFY ,2019-04-14 14:43:13,5119
INFY ,2019-04-14 15:43:10,5119
INFY ,2019-04-14 16:43:10,5119
INFY ,2019-04-14 17:43:06,5119
INFY ,2019-04-14 18:43:37,5119
INFY ,2019-04-14 19:43:08,5119
INFY ,2019-04-14 20:43:09,5119
INFY ,2019-04-14 21:43:15,5119
INFY ,2019-04-14 22:43:06,5119
INFY ,2019-04-14 23:43:08,5119
INFY ,2019-04-15 00:43:06,5119
INFY ,2019-04-15 01:43:05,5119
INFY ,2019-04-15 02:43:06,5119
INFY ,2019-04-15 03:43:17,5119
INFY ,2019-04-15 04:43:06,5119
INFY ,2019-04-15 05:43:06,5119
INFY ,2019-04-15 06:43:03,5119
INFY ,2019-04-15 07:43:05,5119
INFY ,2019-04-15 08:43:10,5119
INFY ,2019-04-15 09:43:03,5119
INFY ,2019-04-15 10:43:04,5119
INFY ,2019-04-15 11:43:05,5119
INFY ,2019-04-15 13:08:46,5121
INFY ,2019-04-15 13:43:04,5121
INFY ,2019-04-15 14:43:06,5231
INFY ,2019-04-15 15:43:13,5237
INFY ,2019-04-15 16:43:05,5229
INFY ,2019-04-15 17:43:10,5226
INFY ,2019-04-15 18:43:10,5222
INFY ,2019-04-15 19:43:24,5222
INFY ,2019-04-15 20:43:05,5217
INFY ,2019-04-15 21:43:06,5220
INFY ,2019-04-15 22:43:08,5219
INFY ,2019-04-15 23:43:12,5219
INFY ,2019-04-16 00:43:08,5219
INFY ,2019-04-16 01:43:05,5219
INFY ,2019-04-16 02:43:08,5219
INFY ,2019-04-16 03:43:12,5219
INFY ,2019-04-16 04:43:07,5219
INFY ,2019-04-16 05:43:05,5219
INFY ,2019-04-16 06:43:05,5219
INFY ,2019-04-16 07:43:03,5219
INFY ,2019-04-16 08:43:18,5219
INFY ,2019-04-16 09:43:04,5219
INFY ,2019-04-16 10:43:12,5219
INFY ,2019-04-16 11:43:04,5219
INFY ,2019-04-16 13:07:08,5217
INFY ,2019-04-16 13:43:06,5217
INFY ,2019-04-16 14:43:10,5222
INFY ,2019-04-16 15:43:04,5219
INFY ,2019-04-16 16:43:04,5222
INFY ,2019-04-16 17:43:02,5218
INFY ,2019-04-16 18:43:11,5211
INFY ,2019-04-16 19:43:06,5208
INFY ,2019-04-16 20:43:06,5211
INFY ,2019-04-16 21:43:02,5210
INFY ,2019-04-16 22:43:03,5209
INFY ,2019-04-16 23:43:04,5209
INFY ,2019-04-17 00:43:04,5209
INFY ,2019-04-17 01:43:07,5209
INFY ,2019-04-17 02:43:12,5209
INFY ,2019-04-17 03:43:05,5209
INFY ,2019-04-17 04:43:06,5209
INFY ,2019-04-17 05:43:05,5214
INFY ,2019-04-17 06:43:19,5214
INFY ,2019-04-17 07:43:06,5214
INFY ,2019-04-17 08:43:03,5214
INFY ,2019-04-17 09:43:10,5214
INFY ,2019-04-17 10:43:03,5214
INFY ,2019-04-17 11:43:05,5214
INFY ,2019-04-17 13:08:11,5213
INFY ,2019-04-17 13:43:07,5213
INFY ,2019-04-17 14:43:05,5206
INFY ,2019-04-17 15:43:25,5198
INFY ,2019-04-17 16:43:05,5195
INFY ,2019-04-17 17:43:11,5191
INFY ,2019-04-17 18:43:05,5192
INFY ,2019-04-17 19:43:04,5188
INFY ,2019-04-17 20:43:06,5190
INFY ,2019-04-17 21:43:04,5190
INFY ,2019-04-17 22:43:05,5190
INFY ,2019-04-17 23:46:41,5190
INFY ,2019-04-18 00:43:04,5190
INFY ,2019-04-18 01:43:07,5190
INFY ,2019-04-18 02:43:04,5190
INFY ,2019-04-18 03:43:15,5190
INFY ,2019-04-18 04:43:06,5190
INFY ,2019-04-18 05:43:11,5189
INFY ,2019-04-18 06:43:05,5189
INFY ,2019-04-18 07:43:04,5189
INFY ,2019-04-18 08:43:10,5189
INFY ,2019-04-18 09:43:04,5189
INFY ,2019-04-18 10:43:06,5189
INFY ,2019-04-18 11:43:08,5189
INFY ,2019-04-18 13:08:09,5189
INFY ,2019-04-18 13:43:06,5189
INFY ,2019-04-18 14:43:12,5185
INFY ,2019-04-18 15:43:07,5180
INFY ,2019-04-18 16:43:08,5175
INFY ,2019-04-18 17:43:13,5174
INFY ,2019-04-18 18:43:06,5170
INFY ,2019-04-18 19:43:05,5171
INFY ,2019-04-18 20:43:06,5171
INFY ,2019-04-18 21:43:08,5171
INFY ,2019-04-18 22:43:06,5169
INFY ,2019-04-18 23:43:11,5169
INFY ,2019-04-19 00:44:07,5169
INFY ,2019-04-19 02:43:05,5169
INFY ,2019-04-19 03:43:14,5169
INFY ,2019-04-19 04:43:05,5169
INFY ,2019-04-19 05:43:04,5169
INFY ,2019-04-19 06:43:07,5169
INFY ,2019-04-19 07:43:11,5169
INFY ,2019-04-19 08:43:09,5169
INFY ,2019-04-19 09:43:06,5169
INFY ,2019-04-19 10:43:08,5169
INFY ,2019-04-19 11:43:04,5169
INFY ,2019-04-19 12:43:06,5169
INFY ,2019-04-19 13:43:09,5169
INFY ,2019-04-19 14:43:10,5169
INFY ,2019-04-19 15:43:04,5169
INFY ,2019-04-19 16:43:07,5169
INFY ,2019-04-19 17:43:13,5169
INFY ,2019-04-19 18:43:05,5169
INFY ,2019-04-19 19:43:05,5169
INFY ,2019-04-19 20:43:05,5169
INFY ,2019-04-19 21:43:05,5169
INFY ,2019-04-19 22:43:05,5169
INFY ,2019-04-19 23:43:07,5169
INFY ,2019-04-20 00:43:13,5169
INFY ,2019-04-20 01:43:08,5169
INFY ,2019-04-20 02:43:07,5169
INFY ,2019-04-20 03:43:05,5169
INFY ,2019-04-20 04:43:12,5169
INFY ,2019-04-20 05:43:05,5169
INFY ,2019-04-20 06:43:05,5169
INFY ,2019-04-20 07:43:09,5169
INFY ,2019-04-20 08:43:06,5169
INFY ,2019-04-20 09:43:11,5169
INFY ,2019-04-20 10:43:06,5169
INFY ,2019-04-20 11:43:03,5169
INFY ,2019-04-20 12:43:16,5169
INFY ,2019-04-20 13:44:05,5169
INFY ,2019-04-20 14:43:06,5169
INFY ,2019-04-20 15:43:03,5169
INFY ,2019-04-20 16:43:09,5169
INFY ,2019-04-20 17:43:09,5169
INFY ,2019-04-20 18:43:05,5169
INFY ,2019-04-20 19:43:05,5169
INFY ,2019-04-20 20:43:05,5169
INFY ,2019-04-20 21:43:04,5169
INFY ,2019-04-20 22:43:05,5169
INFY ,2019-04-20 23:43:13,5169
INFY ,2019-04-21 00:43:05,5169
INFY ,2019-04-21 01:43:05,5169
INFY ,2019-04-21 02:43:07,5169
INFY ,2019-04-21 03:43:06,5169
INFY ,2019-04-21 04:43:09,5169
INFY ,2019-04-21 05:43:05,5169
INFY ,2019-04-21 06:43:04,5169
INFY ,2019-04-21 07:43:11,5169
INFY ,2019-04-21 08:43:04,5169
INFY ,2019-04-21 09:43:04,5169
INFY ,2019-04-21 10:43:06,5169
INFY ,2019-04-21 11:43:06,5169
INFY ,2019-04-21 12:43:05,5169
INFY ,2019-04-21 13:43:04,5169
INFY ,2019-04-21 14:43:11,5169
INFY ,2019-04-21 15:43:05,5169
INFY ,2019-04-21 16:43:07,5169
INFY ,2019-04-21 17:43:06,5169
INFY ,2019-04-21 18:43:04,5169
INFY ,2019-04-21 19:43:12,5169
INFY ,2019-04-21 20:43:03,5169
INFY ,2019-04-21 21:43:05,5169
INFY ,2019-04-21 22:43:04,5169
INFY ,2019-04-21 23:43:04,5169
INFY ,2019-04-22 00:43:04,5169
INFY ,2019-04-22 01:43:08,5169
INFY ,2019-04-22 02:43:15,5169
INFY ,2019-04-22 03:43:06,5169
INFY ,2019-04-22 04:43:02,5169
INFY ,2019-04-22 05:43:03,5170
INFY ,2019-04-22 06:43:08,5170
INFY ,2019-04-22 07:43:07,5170
INFY ,2019-04-22 08:43:05,5170
INFY ,2019-04-22 09:43:03,5170
INFY ,2019-04-22 10:43:10,5170
INFY ,2019-04-22 11:43:08,5170
INFY ,2019-04-22 13:08:40,5170
INFY ,2019-04-22 13:43:08,5170
INFY ,2019-04-22 14:43:09,5150
INFY ,2019-04-22 15:43:05,5146
INFY ,2019-04-22 16:43:05,5146
INFY ,2019-04-22 17:43:07,5140
INFY ,2019-04-22 18:43:10,5137
INFY ,2019-04-22 19:43:09,5137
INFY ,2019-04-22 20:43:06,5133
INFY ,2019-04-22 21:43:06,5135
INFY ,2019-04-22 22:43:06,5135
INFY ,2019-04-22 23:43:10,5135
INFY ,2019-04-23 00:43:09,5135
INFY ,2019-04-23 01:43:05,5135
INFY ,2019-04-23 02:43:05,5135
INFY ,2019-04-23 03:43:08,5135
INFY ,2019-04-23 04:43:10,5135
INFY ,2019-04-23 05:43:06,5135
INFY ,2019-04-23 06:43:41,5135
INFY ,2019-04-23 07:43:05,5135
INFY ,2019-04-23 08:43:02,5135
INFY ,2019-04-23 09:43:06,5135
INFY ,2019-04-23 10:43:08,5135
INFY ,2019-04-23 11:43:09,5135
INFY ,2019-04-23 13:09:11,5135
INFY ,2019-04-23 13:43:05,5135
INFY ,2019-04-23 14:43:03,5132
INFY ,2019-04-23 15:43:09,5113
INFY ,2019-04-23 16:43:06,5102
INFY ,2019-04-23 17:43:06,5101
INFY ,2019-04-23 18:43:04,5097
INFY ,2019-04-23 19:43:07,5094
INFY ,2019-04-23 20:43:15,5092
INFY ,2019-04-23 21:43:08,5089
INFY ,2019-04-23 22:43:05,5087
INFY ,2019-04-23 23:43:06,5087
INFY ,2019-04-24 00:43:04,5087
INFY ,2019-04-24 01:43:06,5087
INFY ,2019-04-24 02:43:12,5087
INFY ,2019-04-24 03:43:07,5087
INFY ,2019-04-24 04:43:05,5087
INFY ,2019-04-24 05:43:04,5087
INFY ,2019-04-24 06:43:07,5087
INFY ,2019-04-24 07:43:11,5087
INFY ,2019-04-24 08:43:05,5087
INFY ,2019-04-24 09:43:06,5087
INFY ,2019-04-24 10:43:10,5087
INFY ,2019-04-24 11:43:11,5087
INFY ,2019-04-24 12:43:04,5086
INFY ,2019-04-24 13:43:20,5087
INFY ,2019-04-24 14:43:09,5069
INFY ,2019-04-24 15:43:08,5066
INFY ,2019-04-24 16:43:07,5066
INFY ,2019-04-24 17:43:09,5063
INFY ,2019-04-24 18:43:19,5064
INFY ,2019-04-24 19:43:07,5066
INFY ,2019-04-24 20:43:09,5064
INFY ,2019-04-24 21:43:07,5066
INFY ,2019-04-24 22:43:05,5068
INFY ,2019-04-24 23:43:16,5068
INFY ,2019-04-25 00:43:08,5068
INFY ,2019-04-25 01:43:08,5068
INFY ,2019-04-25 02:43:07,5068
INFY ,2019-04-25 03:43:15,5068
INFY ,2019-04-25 04:43:06,5068
INFY ,2019-04-25 05:43:06,5068
INFY ,2019-04-25 06:43:10,5068
INFY ,2019-04-25 07:43:05,5068
INFY ,2019-04-25 08:43:11,5068
INFY ,2019-04-25 09:43:06,5068
INFY ,2019-04-25 10:43:10,5068
INFY ,2019-04-25 11:43:10,5068
INFY ,2019-04-25 13:07:42,5069
INFY ,2019-04-25 13:43:08,5069
INFY ,2019-04-25 14:43:13,5071
INFY ,2019-04-25 15:43:06,5071
INFY ,2019-04-25 16:43:12,5070
INFY ,2019-04-25 17:43:05,5069
INFY ,2019-04-25 18:43:05,5070
INFY ,2019-04-25 19:43:10,5069
INFY ,2019-04-25 20:43:05,5068
INFY ,2019-04-25 21:43:13,5067
INFY ,2019-04-25 22:43:06,5067
INFY ,2019-04-25 23:43:05,5067
INFY ,2019-04-26 00:43:08,5067
INFY ,2019-04-26 01:43:12,5067
INFY ,2019-04-26 02:43:07,5067
INFY ,2019-04-26 03:43:08,5067
INFY ,2019-04-26 04:43:08,5067
INFY ,2019-04-26 05:43:09,5067
INFY ,2019-04-26 06:43:08,5067
INFY ,2019-04-26 07:43:04,5067
INFY ,2019-04-26 08:43:12,5067
INFY ,2019-04-26 09:43:03,5067
INFY ,2019-04-26 10:43:13,5067
INFY ,2019-04-26 11:43:04,5067
INFY ,2019-04-26 12:43:06,5067
INFY ,2019-04-26 13:43:12,5067
INFY ,2019-04-26 14:43:06,5059
INFY ,2019-04-26 15:43:11,5064
INFY ,2019-04-26 16:43:04,5060
INFY ,2019-04-26 17:43:06,5055
INFY ,2019-04-26 18:43:07,5052
INFY ,2019-04-26 19:43:05,5048
INFY ,2019-04-26 20:43:11,5043
INFY ,2019-04-26 21:43:05,5043
INFY ,2019-04-26 22:43:05,5043
INFY ,2019-04-26 23:43:06,5043
INFY ,2019-04-27 00:43:07,5043
INFY ,2019-04-27 01:43:10,5043
INFY ,2019-04-27 02:43:05,5043
INFY ,2019-04-27 03:43:05,5043
INFY ,2019-04-27 04:43:04,5043
INFY ,2019-04-27 05:43:07,5043
INFY ,2019-04-27 06:43:10,5043
INFY ,2019-04-27 07:43:04,5043
INFY ,2019-04-27 08:43:04,5043
INFY ,2019-04-27 09:43:09,5043
INFY ,2019-04-27 10:43:06,5043
INFY ,2019-04-27 11:43:03,5043
INFY ,2019-04-27 12:43:04,5043
INFY ,2019-04-27 13:43:08,5043
INFY ,2019-04-27 14:43:04,5043
INFY ,2019-04-27 15:43:03,5043
INFY ,2019-04-27 16:43:06,5043
INFY ,2019-04-27 17:43:13,5043
INFY ,2019-04-27 18:43:06,5043
INFY ,2019-04-27 19:43:02,5043
INFY ,2019-04-27 20:43:06,5043
INFY ,2019-04-27 21:43:07,5043
INFY ,2019-04-27 22:43:04,5043
INFY ,2019-04-27 23:43:04,5043
INFY ,2019-04-28 00:43:04,5043
INFY ,2019-04-28 01:43:06,5043
INFY ,2019-04-28 02:43:05,5043
INFY ,2019-04-28 03:43:04,5043
INFY ,2019-04-28 04:43:12,5043
INFY ,2019-04-28 05:43:05,5043
INFY ,2019-04-28 06:43:04,5043
INFY ,2019-04-28 07:43:03,5043
INFY ,2019-04-28 08:43:09,5043
INFY ,2019-04-28 09:43:04,5043
INFY ,2019-04-28 10:43:09,5043
INFY ,2019-04-28 11:43:07,5043
INFY ,2019-04-28 12:43:04,5043
INFY ,2019-04-28 13:43:04,5043
INFY ,2019-04-28 14:43:08,5043
INFY ,2019-04-28 15:43:05,5043
INFY ,2019-04-28 16:43:03,5043
INFY ,2019-04-28 17:43:05,5043
INFY ,2019-04-28 18:43:05,5043
INFY ,2019-04-28 19:43:24,5043
INFY ,2019-04-28 20:43:04,5043
INFY ,2019-04-28 21:43:06,5043
INFY ,2019-04-28 22:43:05,5043
INFY ,2019-04-28 23:43:06,5043
INFY ,2019-04-29 00:43:10,5043
INFY ,2019-04-29 01:43:03,5043
INFY ,2019-04-29 02:43:03,5043
INFY ,2019-04-29 03:43:07,5043
INFY ,2019-04-29 04:43:09,5043
INFY ,2019-04-29 05:43:04,5043
INFY ,2019-04-29 06:43:04,5043
INFY ,2019-04-29 07:43:06,5043
INFY ,2019-04-29 08:43:10,5043
INFY ,2019-04-29 09:43:08,5043
INFY ,2019-04-29 10:43:04,5043
INFY ,2019-04-29 11:43:04,5043
INFY ,2019-04-29 12:43:10,5043
INFY ,2019-04-29 13:43:03,5044
INFY ,2019-04-29 14:43:09,5049
INFY ,2019-04-29 15:43:03,5036
INFY ,2019-04-29 16:43:08,5032
INFY ,2019-04-29 17:43:06,5025
INFY ,2019-04-29 18:43:06,5022
INFY ,2019-04-29 19:43:08,5016
INFY ,2019-04-29 20:43:15,5010
INFY ,2019-04-29 21:43:05,5010
INFY ,2019-04-29 22:43:03,5010
INFY ,2019-04-29 23:43:07,5010
INFY ,2019-04-30 00:43:04,5010
INFY ,2019-04-30 01:43:06,5010
INFY ,2019-04-30 02:43:10,5010
INFY ,2019-04-30 03:43:11,5010
INFY ,2019-04-30 04:43:07,5010
INFY ,2019-04-30 05:43:08,5010
INFY ,2019-04-30 06:43:05,5010
INFY ,2019-04-30 07:43:06,5010
INFY ,2019-04-30 08:43:07,5010
INFY ,2019-04-30 09:43:12,5010
INFY ,2019-04-30 10:43:07,5010
INFY ,2019-04-30 11:43:07,5010
INFY ,2019-04-30 13:07:10,5008
INFY ,2019-04-30 13:43:09,5008
INFY ,2019-04-30 14:43:09,5006
INFY ,2019-04-30 15:43:10,4997
INFY ,2019-04-30 16:43:10,4992
INFY ,2019-04-30 17:43:15,4989
INFY ,2019-04-30 18:43:07,4985
INFY ,2019-04-30 19:43:11,4988
INFY ,2019-04-30 20:43:07,4988
INFY ,2019-04-30 21:43:07,4986
INFY ,2019-04-30 22:43:04,4986
INFY ,2019-04-30 23:43:10,4986
INFY ,2019-05-01 00:43:03,4986
INFY ,2019-05-01 01:43:13,4986
INFY ,2019-05-01 02:43:08,4986
INFY ,2019-05-01 03:43:14,4986
INFY ,2019-05-01 04:43:12,4986
INFY ,2019-05-01 05:43:10,4986
INFY ,2019-05-01 06:43:05,4986
INFY ,2019-05-01 07:43:09,4986
INFY ,2019-05-01 08:43:09,4986
INFY ,2019-05-01 09:43:09,4986
INFY ,2019-05-01 10:43:05,4986
INFY ,2019-05-01 11:43:08,4986
INFY ,2019-05-01 13:07:10,4985
INFY ,2019-05-01 13:43:10,4985
INFY ,2019-05-01 14:43:03,4979
INFY ,2019-05-01 15:43:11,4969
INFY ,2019-05-01 16:43:08,4969
INFY ,2019-05-01 17:43:04,4969
INFY ,2019-05-01 18:43:09,4969
INFY ,2019-05-01 19:43:14,4983
INFY ,2019-05-01 20:43:11,4984
INFY ,2019-05-01 21:43:08,4986
INFY ,2019-05-01 22:43:11,4987
INFY ,2019-05-01 23:43:11,4987
INFY ,2019-05-02 00:43:12,4987
INFY ,2019-05-02 01:43:08,4987
INFY ,2019-05-02 02:43:14,4987
INFY ,2019-05-02 03:43:08,4987
INFY ,2019-05-02 04:43:14,4987
INFY ,2019-05-02 05:43:16,4987
INFY ,2019-05-02 06:43:13,4987
INFY ,2019-05-02 07:43:10,4987
INFY ,2019-05-02 08:43:10,4987
INFY ,2019-05-02 09:43:08,4987
INFY ,2019-05-02 10:43:12,4987
INFY ,2019-05-02 11:43:07,4987
INFY ,2019-05-02 13:43:16,4989
INFY ,2019-05-02 14:43:06,4988
INFY ,2019-05-02 15:43:08,4989
INFY ,2019-05-02 16:43:13,4986
INFY ,2019-05-02 17:43:07,4981
INFY ,2019-05-02 18:43:08,4980
INFY ,2019-05-02 19:43:15,4980
INFY ,2019-05-02 20:43:09,4989
INFY ,2019-05-02 21:43:10,4990
INFY ,2019-05-02 22:43:16,4989
INFY ,2019-05-02 23:43:07,4989
INFY ,2019-05-03 00:43:08,4989
INFY ,2019-05-03 01:43:16,4989
INFY ,2019-05-03 02:43:09,4989
INFY ,2019-05-03 03:43:16,4989
INFY ,2019-05-03 04:43:08,4989
INFY ,2019-05-03 05:43:24,4989
INFY ,2019-05-03 06:43:12,4989
INFY ,2019-05-03 07:43:12,4989
INFY ,2019-05-03 08:43:12,4989
INFY ,2019-05-03 09:43:11,4989
INFY ,2019-05-03 10:43:16,4989
INFY ,2019-05-03 11:43:11,4989
INFY ,2019-05-03 13:06:20,4990
INFY ,2019-05-03 13:43:21,4990
INFY ,2019-05-03 14:43:15,4996
INFY ,2019-05-03 15:43:12,5018
INFY ,2019-05-03 16:43:13,5032
INFY ,2019-05-03 17:43:15,5039
INFY ,2019-05-03 18:43:20,5043
INFY ,2019-05-03 19:43:17,5048
INFY ,2019-05-03 20:43:08,5051
INFY ,2019-05-03 21:43:19,5051
INFY ,2019-05-03 22:43:09,5054
INFY ,2019-05-03 23:43:16,5054
INFY ,2019-05-04 00:43:12,5054
INFY ,2019-05-04 01:43:13,5054
INFY ,2019-05-04 02:43:16,5054
INFY ,2019-05-04 03:43:20,5054
INFY ,2019-05-04 04:43:13,5054
INFY ,2019-05-04 05:43:13,5054
INFY ,2019-05-04 06:43:14,5054
INFY ,2019-05-04 07:43:14,5054
INFY ,2019-05-04 08:43:08,5054
INFY ,2019-05-04 09:43:11,5054
INFY ,2019-05-04 10:43:07,5054
INFY ,2019-05-04 11:43:12,5054
INFY ,2019-05-04 12:43:15,5054
INFY ,2019-05-04 13:43:14,5054
INFY ,2019-05-04 14:43:08,5054
INFY ,2019-05-04 15:43:09,5054
INFY ,2019-05-04 16:43:12,5054
INFY ,2019-05-04 17:43:09,5054
INFY ,2019-05-04 18:43:08,5054
INFY ,2019-05-04 19:43:12,5054
INFY ,2019-05-04 20:43:07,5054
INFY ,2019-05-04 21:43:09,5054
INFY ,2019-05-04 22:43:08,5054
INFY ,2019-05-04 23:43:15,5054
INFY ,2019-05-05 00:43:10,5054
INFY ,2019-05-05 01:43:14,5054
INFY ,2019-05-05 02:43:09,5054
INFY ,2019-05-05 03:43:12,5054
INFY ,2019-05-05 04:43:14,5054
INFY ,2019-05-05 05:43:15,5054
INFY ,2019-05-05 06:43:15,5054
INFY ,2019-05-05 07:43:10,5054
INFY ,2019-05-05 08:43:06,5054
INFY ,2019-05-05 09:43:07,5054
INFY ,2019-05-05 10:43:10,5054
INFY ,2019-05-05 11:43:11,5054
INFY ,2019-05-05 12:43:10,5054
INFY ,2019-05-05 13:43:11,5054
INFY ,2019-05-05 14:43:11,5054
INFY ,2019-05-05 15:43:09,5054
INFY ,2019-05-05 16:43:08,5054
INFY ,2019-05-05 17:43:15,5054
INFY ,2019-05-05 18:43:09,5054
INFY ,2019-05-05 19:43:07,5054
INFY ,2019-05-05 20:43:10,5054
INFY ,2019-05-05 21:43:07,5054
INFY ,2019-05-05 22:43:12,5054
INFY ,2019-05-05 23:43:12,5054
INFY ,2019-05-06 00:43:08,5054
INFY ,2019-05-06 01:43:07,5054
INFY ,2019-05-06 02:43:08,5054
INFY ,2019-05-06 03:43:12,5054
INFY ,2019-05-06 04:43:06,5054
INFY ,2019-05-06 05:43:06,5054
INFY ,2019-05-06 06:43:07,5054
INFY ,2019-05-06 07:43:12,5054
INFY ,2019-05-06 08:43:08,5054
INFY ,2019-05-06 09:43:05,5054
INFY ,2019-05-06 10:43:11,5054
INFY ,2019-05-06 11:43:11,5054
INFY ,2019-05-06 13:08:20,5054
INFY ,2019-05-06 13:43:21,5054
INFY ,2019-05-06 14:43:20,5049
INFY ,2019-05-06 15:43:07,5049
INFY ,2019-05-06 16:43:11,5052
INFY ,2019-05-06 17:35:01,5050
INFY ,2019-05-06 17:43:08,5050
INFY ,2019-05-06 18:43:10,5047
INFY ,2019-05-06 19:43:12,5048
INFY ,2019-05-06 20:43:06,5051
INFY ,2019-05-06 21:43:06,5051
INFY ,2019-05-06 22:43:10,5049
INFY ,2019-05-06 23:43:06,5049
INFY ,2019-05-07 00:43:07,5049
INFY ,2019-05-07 01:43:16,5049
INFY ,2019-05-07 02:43:07,5049
INFY ,2019-05-07 03:43:11,5049
INFY ,2019-05-07 04:43:09,5049
INFY ,2019-05-07 05:43:07,5050
INFY ,2019-05-07 06:43:06,5050
INFY ,2019-05-07 07:43:08,5050
INFY ,2019-05-07 08:43:04,5050
INFY ,2019-05-07 09:43:10,5050
INFY ,2019-05-07 10:43:07,5050
INFY ,2019-05-07 11:43:05,5050
INFY ,2019-05-07 12:43:13,5050
INFY ,2019-05-07 13:43:10,5050
INFY ,2019-05-07 14:43:05,5047
INFY ,2019-05-07 15:43:05,5053
INFY ,2019-05-07 16:43:11,5055
INFY ,2019-05-07 17:43:10,5054
INFY ,2019-05-07 18:43:07,5055
INFY ,2019-05-07 19:43:12,5053
INFY ,2019-05-07 20:43:08,5053
INFY ,2019-05-07 21:43:06,5053
INFY ,2019-05-07 22:43:06,5053
INFY ,2019-05-07 23:43:11,5053
INFY ,2019-05-08 00:43:06,5053
INFY ,2019-05-08 01:43:08,5053
INFY ,2019-05-08 02:43:08,5053
INFY ,2019-05-08 03:43:13,5053
INFY ,2019-05-08 04:43:08,5053
INFY ,2019-05-08 05:43:09,5053
INFY ,2019-05-08 06:43:09,5053
INFY ,2019-05-08 07:43:07,5053
INFY ,2019-05-08 08:43:05,5053
INFY ,2019-05-08 09:43:14,5053
INFY ,2019-05-08 10:43:07,5053
INFY ,2019-05-08 11:43:10,5053
INFY ,2019-05-08 13:07:13,5053
INFY ,2019-05-08 13:43:09,5053
INFY ,2019-05-08 14:43:12,5058
INFY ,2019-05-08 15:43:12,5063
INFY ,2019-05-08 16:43:10,5063
INFY ,2019-05-08 17:43:11,5063
INFY ,2019-05-08 18:43:14,5063
INFY ,2019-05-08 19:43:08,5060
INFY ,2019-05-08 20:43:06,5059
INFY ,2019-05-08 21:43:08,5057
INFY ,2019-05-08 22:43:06,5057
INFY ,2019-05-08 23:43:17,5057
INFY ,2019-05-09 00:43:08,5057
INFY ,2019-05-09 01:43:10,5057
INFY ,2019-05-09 02:43:11,5057
INFY ,2019-05-09 03:43:16,5057
INFY ,2019-05-09 04:43:16,5057
INFY ,2019-05-09 05:43:09,5057
INFY ,2019-05-09 06:43:13,5057
INFY ,2019-05-09 07:43:12,5057
INFY ,2019-05-09 08:43:10,5057
INFY ,2019-05-09 09:43:16,5057
INFY ,2019-05-09 10:43:08,5057
INFY ,2019-05-09 11:43:13,5057
INFY ,2019-05-09 13:06:42,5057
INFY ,2019-05-09 13:43:09,5057
INFY ,2019-05-09 14:43:10,5059
INFY ,2019-05-09 15:43:13,5057
INFY ,2019-05-09 16:43:09,5056
INFY ,2019-05-09 17:43:15,5055
INFY ,2019-05-09 18:43:09,5056
INFY ,2019-05-09 19:43:10,5057
INFY ,2019-05-09 20:43:09,5056
INFY ,2019-05-09 21:43:07,5056
INFY ,2019-05-09 22:43:15,5056
INFY ,2019-05-09 23:43:07,5056
INFY ,2019-05-10 00:43:08,5056
INFY ,2019-05-10 01:43:11,5056
INFY ,2019-05-10 02:43:16,5056
INFY ,2019-05-10 03:43:07,5056
INFY ,2019-05-10 04:43:16,5056
INFY ,2019-05-10 05:43:08,5056
INFY ,2019-05-10 06:43:40,5056
INFY ,2019-05-10 07:43:06,5056
INFY ,2019-05-10 08:43:13,5056
INFY ,2019-05-10 09:43:08,5056
INFY ,2019-05-10 10:43:10,5056
INFY ,2019-05-10 11:43:08,5056
INFY ,2019-05-10 12:43:15,5056
INFY ,2019-05-10 13:43:08,5057
INFY ,2019-05-10 14:43:13,5060
INFY ,2019-05-10 15:43:09,5058
INFY ,2019-05-10 16:43:09,5055
INFY ,2019-05-10 17:43:09,5053
INFY ,2019-05-10 18:43:15,5054
INFY ,2019-05-10 19:43:09,5056
INFY ,2019-05-10 20:43:08,5054
INFY ,2019-05-10 21:43:09,5055
INFY ,2019-05-10 22:43:12,5055
INFY ,2019-05-10 23:43:10,5055
INFY ,2019-05-11 00:43:17,5055
INFY ,2019-05-11 01:43:08,5055
INFY ,2019-05-11 02:43:16,5055
INFY ,2019-05-11 03:43:08,5055
INFY ,2019-05-11 04:43:09,5055
INFY ,2019-05-11 05:43:20,5055
INFY ,2019-05-11 06:43:08,5055
INFY ,2019-05-11 07:43:07,5055
INFY ,2019-05-11 08:43:14,5055
INFY ,2019-05-11 09:43:07,5055
INFY ,2019-05-11 10:43:16,5055
INFY ,2019-05-11 11:43:08,5055
INFY ,2019-05-11 12:43:08,5055
INFY ,2019-05-11 13:43:12,5055
INFY ,2019-05-11 14:43:08,5055
INFY ,2019-05-11 15:43:10,5055
INFY ,2019-05-11 16:43:18,5055
INFY ,2019-05-11 17:43:09,5055
INFY ,2019-05-11 18:43:10,5055
INFY ,2019-05-11 19:43:10,5055
INFY ,2019-05-11 20:43:08,5055
INFY ,2019-05-11 21:43:10,5055
INFY ,2019-05-11 22:43:12,5055
INFY ,2019-05-11 23:43:10,5055
INFY ,2019-05-12 00:43:08,5055
INFY ,2019-05-12 01:43:09,5055
INFY ,2019-05-12 02:43:09,5055
INFY ,2019-05-12 03:43:15,5055
INFY ,2019-05-12 04:43:08,5055
INFY ,2019-05-12 05:43:10,5055
INFY ,2019-05-12 06:43:09,5055
INFY ,2019-05-12 07:43:14,5055
INFY ,2019-05-12 08:43:08,5055
INFY ,2019-05-12 09:43:12,5055
INFY ,2019-05-12 10:43:08,5055
INFY ,2019-05-12 11:43:07,5055
INFY ,2019-05-12 12:43:07,5055
INFY ,2019-05-12 13:43:13,5055
INFY ,2019-05-12 14:43:08,5055
INFY ,2019-05-12 15:43:09,5055
INFY ,2019-05-12 16:43:11,5055
INFY ,2019-05-12 17:43:15,5055
INFY ,2019-05-12 18:43:08,5055
INFY ,2019-05-12 19:43:08,5055
INFY ,2019-05-12 20:43:07,5055
INFY ,2019-05-12 21:43:06,5055
INFY ,2019-05-12 22:43:15,5055
INFY ,2019-05-12 23:43:07,5055
INFY ,2019-05-13 00:43:10,5055
INFY ,2019-05-13 01:43:06,5055
INFY ,2019-05-13 02:43:07,5055
INFY ,2019-05-13 03:43:12,5055
INFY ,2019-05-13 04:43:06,5055
INFY ,2019-05-13 05:43:06,5055
INFY ,2019-05-13 06:43:12,5055
INFY ,2019-05-13 07:43:05,5055
INFY ,2019-05-13 08:43:06,5055
INFY ,2019-05-13 09:43:08,5055
INFY ,2019-05-13 10:43:12,5055
INFY ,2019-05-13 11:43:08,5055
INFY ,2019-05-13 13:06:43,5057
INFY ,2019-05-13 13:43:08,5057
INFY ,2019-05-13 14:43:07,5047
INFY ,2019-05-13 15:43:14,5040
INFY ,2019-05-13 16:43:08,5037
INFY ,2019-05-13 17:43:08,5032
INFY ,2019-05-13 18:43:10,5029
INFY ,2019-05-13 19:43:11,5031
INFY ,2019-05-13 20:43:07,5029
INFY ,2019-05-13 21:43:09,5030
INFY ,2019-05-13 22:43:07,5030
INFY ,2019-05-13 23:43:08,5030
INFY ,2019-05-14 00:43:26,5030
INFY ,2019-05-14 01:43:07,5030
INFY ,2019-05-14 02:43:09,5030
INFY ,2019-05-14 03:43:15,5030
INFY ,2019-05-14 04:43:09,5030
INFY ,2019-05-14 05:43:07,5030
INFY ,2019-05-14 06:43:15,5030
INFY ,2019-05-14 07:43:10,5030
INFY ,2019-05-14 08:43:10,5030
INFY ,2019-05-14 09:43:14,5030
INFY ,2019-05-14 10:43:08,5030
INFY ,2019-05-14 11:43:08,5030
INFY ,2019-05-14 13:06:15,5030
INFY ,2019-05-14 13:43:11,5030
INFY ,2019-05-14 14:43:08,5028
INFY ,2019-05-14 15:43:11,5028
INFY ,2019-05-14 16:43:10,5024
INFY ,2019-05-14 17:43:10,5022
INFY ,2019-05-14 18:43:10,5024
INFY ,2019-05-14 19:43:06,5023
INFY ,2019-05-14 20:43:07,5022
INFY ,2019-05-14 21:43:06,5022
INFY ,2019-05-14 22:43:13,5022
INFY ,2019-05-14 23:43:09,5022
INFY ,2019-05-15 00:43:08,5022
INFY ,2019-05-15 01:43:09,5022
INFY ,2019-05-15 02:43:07,5022
INFY ,2019-05-15 03:43:12,5022
INFY ,2019-05-15 04:43:09,5022
INFY ,2019-05-15 05:43:10,5022
INFY ,2019-05-15 06:43:12,5022
INFY ,2019-05-15 07:43:10,5022
INFY ,2019-05-15 08:43:11,5022
INFY ,2019-05-15 09:43:14,5022
INFY ,2019-05-15 10:43:17,5022
INFY ,2019-05-15 11:43:08,5022
INFY ,2019-05-15 13:07:13,5022
INFY ,2019-05-15 13:43:09,5022
INFY ,2019-05-15 14:43:10,5019
INFY ,2019-05-15 15:43:07,5019
INFY ,2019-05-15 16:43:13,5015
INFY ,2019-05-15 17:43:10,5015
INFY ,2019-05-15 18:43:12,5012
INFY ,2019-05-15 19:43:10,5009
INFY ,2019-05-15 20:43:09,5007
INFY ,2019-05-15 21:43:11,5008
INFY ,2019-05-15 22:43:09,5007
INFY ,2019-05-15 23:43:08,5007
INFY ,2019-05-16 00:43:07,5007
INFY ,2019-05-16 01:43:16,5007
INFY ,2019-05-16 02:43:13,5007
INFY ,2019-05-16 03:43:07,5007
INFY ,2019-05-16 04:43:09,5007
INFY ,2019-05-16 05:43:13,5007
INFY ,2019-05-16 06:43:11,5007
INFY ,2019-05-16 07:43:14,5007
INFY ,2019-05-16 08:43:13,5007
INFY ,2019-05-16 09:43:13,5007
INFY ,2019-05-16 10:43:25,5007
INFY ,2019-05-16 11:43:10,5007
INFY ,2019-05-16 13:06:14,5000
INFY ,2019-05-16 13:43:26,5000
INFY ,2019-05-16 14:43:12,4999
INFY ,2019-05-16 15:43:11,5000
INFY ,2019-05-16 16:43:16,4996
INFY ,2019-05-16 17:43:12,4997
INFY ,2019-05-16 18:43:14,4993
INFY ,2019-05-16 19:43:15,4992
INFY ,2019-05-16 20:43:11,5000
INFY ,2019-05-16 21:43:13,5000
INFY ,2019-05-16 22:43:16,5000
INFY ,2019-05-16 23:43:12,5000
INFY ,2019-05-17 00:43:22,5000
INFY ,2019-05-17 01:43:15,5000
INFY ,2019-05-17 02:43:11,5000
INFY ,2019-05-17 03:43:10,5000
INFY ,2019-05-17 04:43:11,5000
INFY ,2019-05-17 05:43:13,5000
INFY ,2019-05-17 06:43:18,5000
INFY ,2019-05-17 07:43:13,5000
INFY ,2019-05-17 08:43:19,5000
INFY ,2019-05-17 09:43:18,5000
INFY ,2019-05-17 10:43:11,5000
INFY ,2019-05-17 11:43:16,5000
INFY ,2019-05-17 13:07:45,5001
INFY ,2019-05-17 13:43:20,5001
INFY ,2019-05-17 14:43:12,4998
INFY ,2019-05-17 15:43:10,5003
INFY ,2019-05-17 16:43:14,5009
INFY ,2019-05-17 17:43:11,5011
INFY ,2019-05-17 18:43:12,5013
INFY ,2019-05-17 19:43:14,5015
INFY ,2019-05-17 20:43:09,5017
INFY ,2019-05-17 21:43:10,5016
INFY ,2019-05-17 22:43:10,5016
INFY ,2019-05-17 23:43:10,5016
INFY ,2019-05-18 00:43:10,5016
INFY ,2019-05-18 01:43:13,5016
INFY ,2019-05-18 02:43:12,5016
INFY ,2019-05-18 04:43:07,5016
INFY ,2019-05-18 05:43:03,5016
INFY ,2019-05-18 06:43:06,5016
INFY ,2019-05-18 07:43:04,5016
INFY ,2019-05-18 08:43:04,5016
INFY ,2019-05-18 09:43:03,5016
INFY ,2019-05-18 10:43:03,5016
INFY ,2019-05-18 11:43:07,5016
INFY ,2019-05-18 12:43:03,5016
INFY ,2019-05-18 13:43:05,5016
INFY ,2019-05-18 14:43:04,5016
INFY ,2019-05-18 15:43:08,5016
INFY ,2019-05-18 16:43:03,5016
INFY ,2019-05-18 17:43:06,5016
INFY ,2019-05-18 18:43:02,5016
INFY ,2019-05-18 19:43:04,5016
INFY ,2019-05-18 20:43:04,5016
INFY ,2019-05-18 21:43:04,5016
INFY ,2019-05-18 22:43:04,5016
INFY ,2019-05-18 23:43:03,5016
INFY ,2019-05-19 00:43:02,5016
INFY ,2019-05-19 01:43:03,5016
INFY ,2019-05-19 02:43:03,5016
INFY ,2019-05-19 03:43:03,5016
INFY ,2019-05-19 04:43:06,5016
INFY ,2019-05-19 05:43:03,5016
INFY ,2019-05-19 06:43:03,5016
INFY ,2019-05-19 07:43:03,5016
INFY ,2019-05-19 08:43:02,5016
INFY ,2019-05-19 09:43:03,5016
INFY ,2019-05-19 10:43:02,5016
INFY ,2019-05-19 11:43:04,5016
INFY ,2019-05-19 12:43:05,5016
INFY ,2019-05-19 13:43:05,5016
INFY ,2019-05-19 14:43:03,5016
INFY ,2019-05-19 15:43:03,5016
INFY ,2019-05-19 16:43:05,5016
INFY ,2019-05-19 17:43:04,5016
INFY ,2019-05-19 18:43:03,5016
INFY ,2019-05-19 19:43:03,5016
INFY ,2019-05-19 20:43:04,5016
INFY ,2019-05-19 21:43:04,5016
INFY ,2019-05-19 22:43:03,5016
INFY ,2019-05-19 23:43:04,5016
INFY ,2019-05-20 00:43:05,5016
INFY ,2019-05-20 01:43:04,5016
INFY ,2019-05-20 02:43:06,5016
INFY ,2019-05-20 03:43:04,5016
INFY ,2019-05-20 04:43:06,5016
INFY ,2019-05-20 05:43:05,5017
INFY ,2019-05-20 06:43:05,5017
INFY ,2019-05-20 07:43:05,5017
INFY ,2019-05-20 08:43:04,5017
INFY ,2019-05-20 09:43:04,5017
INFY ,2019-05-20 10:43:04,5017
INFY ,2019-05-20 11:43:05,5017
INFY ,2019-05-20 12:43:09,5017
INFY ,2019-05-20 13:43:07,5017
INFY ,2019-05-20 14:43:06,5010
INFY ,2019-05-20 15:43:03,5008
INFY ,2019-05-20 16:43:05,5011
INFY ,2019-05-20 17:43:04,5015
INFY ,2019-05-20 18:43:02,5022
INFY ,2019-05-20 19:43:05,5024
INFY ,2019-05-20 20:43:04,5026
INFY ,2019-05-20 21:43:05,5026
INFY ,2019-05-20 22:43:05,5026
INFY ,2019-05-20 23:43:09,5026
INFY ,2019-05-21 00:43:05,5026
INFY ,2019-05-21 01:43:06,5026
INFY ,2019-05-21 02:43:05,5026
INFY ,2019-05-21 03:43:05,5026
INFY ,2019-05-21 04:43:05,5026
INFY ,2019-05-21 05:43:04,5026
INFY ,2019-05-21 06:43:02,5026
INFY ,2019-05-21 07:43:05,5026
INFY ,2019-05-21 08:43:04,5026
INFY ,2019-05-21 09:43:02,5026
INFY ,2019-05-21 10:43:04,5026
INFY ,2019-05-21 11:43:03,5026
INFY ,2019-05-21 13:07:07,5026
INFY ,2019-05-21 13:43:05,5026
INFY ,2019-05-21 14:43:06,5031
INFY ,2019-05-21 15:43:03,5036
INFY ,2019-05-21 16:43:03,5038
INFY ,2019-05-21 17:43:04,5041
INFY ,2019-05-21 18:43:05,5041
INFY ,2019-05-21 19:43:05,5041
INFY ,2019-05-21 20:43:04,5038
INFY ,2019-05-21 21:43:04,5037
INFY ,2019-05-21 22:43:08,5037
INFY ,2019-05-21 23:43:05,5037
INFY ,2019-05-22 00:43:04,5037
INFY ,2019-05-22 01:43:05,5037
INFY ,2019-05-22 02:43:04,5037
INFY ,2019-05-22 03:43:04,5037
INFY ,2019-05-22 04:43:06,5037
INFY ,2019-05-22 05:43:05,5037
INFY ,2019-05-22 06:43:04,5037
INFY ,2019-05-22 07:43:05,5037
INFY ,2019-05-22 08:43:10,5037
INFY ,2019-05-22 09:43:10,5037
INFY ,2019-05-22 10:43:04,5037
INFY ,2019-05-22 11:43:05,5037
INFY ,2019-05-22 12:43:05,5037
INFY ,2019-05-22 13:43:06,5036
INFY ,2019-05-22 14:43:05,5037
INFY ,2019-05-22 15:43:08,5034
INFY ,2019-05-22 16:43:05,5032
INFY ,2019-05-22 17:43:04,5031
INFY ,2019-05-22 18:43:05,5028
INFY ,2019-05-22 19:43:03,5025
INFY ,2019-05-22 20:43:03,5026
INFY ,2019-05-22 21:43:05,5026
INFY ,2019-05-22 22:43:04,5026
INFY ,2019-05-22 23:43:03,5026
INFY ,2019-05-23 00:43:05,5026
INFY ,2019-05-23 01:43:04,5026
INFY ,2019-05-23 02:43:06,5026
INFY ,2019-05-23 03:43:04,5026
INFY ,2019-05-23 04:43:08,5026
INFY ,2019-05-23 05:43:04,5026
INFY ,2019-05-23 06:43:05,5026
INFY ,2019-05-23 07:43:06,5026
INFY ,2019-05-23 08:43:05,5026
INFY ,2019-05-23 09:43:05,5026
INFY ,2019-05-23 10:43:05,5026
INFY ,2019-05-23 11:43:04,5026
INFY ,2019-05-23 12:43:08,5026
INFY ,2019-05-23 13:43:05,5026
INFY ,2019-05-23 14:43:05,5043
INFY ,2019-05-23 15:43:04,5042
INFY ,2019-05-23 16:43:04,5043
INFY ,2019-05-23 17:43:05,5042
INFY ,2019-05-23 18:43:04,5042
INFY ,2019-05-23 19:43:06,5043
INFY ,2019-05-23 20:43:05,5045
INFY ,2019-05-23 21:43:05,5044
INFY ,2019-05-23 22:43:04,5045
INFY ,2019-05-23 23:43:05,5045
INFY ,2019-05-24 00:43:05,5045
INFY ,2019-05-24 01:43:05,5045
INFY ,2019-05-24 02:43:04,5045
INFY ,2019-05-24 03:43:04,5045
INFY ,2019-05-24 04:43:05,5045
INFY ,2019-05-24 05:43:07,5045
INFY ,2019-05-24 06:43:04,5045
INFY ,2019-05-24 07:43:03,5045
INFY ,2019-05-24 08:43:05,5045
INFY ,2019-05-24 09:43:06,5045
INFY ,2019-05-24 10:43:06,5045
INFY ,2019-05-24 11:43:04,5045
INFY ,2019-05-24 13:07:08,5045
INFY ,2019-05-24 13:43:04,5045
INFY ,2019-05-24 14:43:05,5041
INFY ,2019-05-24 15:43:04,5039
INFY ,2019-05-24 16:43:04,5037
INFY ,2019-05-24 17:43:06,5038
INFY ,2019-05-24 18:43:07,5037
INFY ,2019-05-24 19:43:06,5036
INFY ,2019-05-24 20:43:06,5036
INFY ,2019-05-24 21:43:08,5036
INFY ,2019-05-24 22:43:06,5036
INFY ,2019-05-24 23:43:08,5036
INFY ,2019-05-25 00:43:06,5036
INFY ,2019-05-25 01:43:06,5036
INFY ,2019-05-25 04:43:07,5036
INFY ,2019-05-26 04:43:09,5036
INFY ,2019-05-26 05:43:07,5036
INFY ,2019-05-26 06:43:07,5036
INFY ,2019-05-26 07:43:08,5036
INFY ,2019-05-26 08:43:05,5036
INFY ,2019-05-26 09:43:05,5036
INFY ,2019-05-26 10:43:06,5036
INFY ,2019-05-26 11:43:07,5036
INFY ,2019-05-26 12:43:05,5036
INFY ,2019-05-26 13:43:05,5036
INFY ,2019-05-26 14:43:07,5036
INFY ,2019-05-26 15:43:04,5036
INFY ,2019-05-26 16:43:05,5036
INFY ,2019-05-26 17:43:09,5036
INFY ,2019-05-26 18:43:06,5036
INFY ,2019-05-26 19:43:05,5036
INFY ,2019-05-26 20:43:05,5036
INFY ,2019-05-26 21:43:06,5036
INFY ,2019-05-26 22:43:06,5036
INFY ,2019-05-26 23:43:05,5036
INFY ,2019-05-27 00:43:05,5036
INFY ,2019-05-27 01:43:06,5036
INFY ,2019-05-27 02:43:06,5036
INFY ,2019-05-27 03:43:07,5036
INFY ,2019-05-27 04:43:07,5036
INFY ,2019-05-27 05:43:06,5036
INFY ,2019-05-27 06:43:06,5036
INFY ,2019-05-27 07:43:11,5036
INFY ,2019-05-27 08:43:10,5036
INFY ,2019-05-27 09:43:09,5036
INFY ,2019-05-27 10:43:07,5036
INFY ,2019-05-27 11:43:05,5036
INFY ,2019-05-27 12:43:05,5036
INFY ,2019-05-27 13:43:06,5036
INFY ,2019-05-27 14:43:06,5036
INFY ,2019-05-27 15:43:06,5036
INFY ,2019-05-27 16:43:06,5036
INFY ,2019-05-27 17:43:09,5036
INFY ,2019-05-27 18:43:06,5036
INFY ,2019-05-27 19:43:05,5036
INFY ,2019-05-27 20:43:05,5036
INFY ,2019-05-27 21:43:05,5036
INFY ,2019-05-27 22:43:04,5036
INFY ,2019-05-27 23:43:05,5036
INFY ,2019-05-28 00:43:05,5036
INFY ,2019-05-28 01:43:06,5036
INFY ,2019-05-28 02:43:07,5036
INFY ,2019-05-28 03:43:06,5036
INFY ,2019-05-28 04:43:05,5036
INFY ,2019-05-28 05:43:05,5036
INFY ,2019-05-28 06:43:10,5036
INFY ,2019-05-28 07:43:06,5036
INFY ,2019-05-28 08:43:05,5036
INFY ,2019-05-28 09:43:07,5036
INFY ,2019-05-28 10:43:04,5036
INFY ,2019-05-28 11:43:04,5036
INFY ,2019-05-28 12:43:04,5036
INFY ,2019-05-28 13:43:06,5036
INFY ,2019-05-28 14:43:06,5030
INFY ,2019-05-28 15:43:05,5027
INFY ,2019-05-28 16:43:06,5026
INFY ,2019-05-28 17:43:09,5027
INFY ,2019-05-28 18:43:06,5027
INFY ,2019-05-28 19:43:05,5023
INFY ,2019-05-28 20:43:06,5023
INFY ,2019-05-28 21:43:05,5022
INFY ,2019-05-28 22:43:05,5022
INFY ,2019-05-28 23:43:06,5022
INFY ,2019-05-29 00:43:07,5022
INFY ,2019-05-29 01:43:05,5022
INFY ,2019-05-29 02:43:06,5022
INFY ,2019-05-29 03:43:04,5022
INFY ,2019-05-29 04:43:05,5022
INFY ,2019-05-29 05:43:08,5022
INFY ,2019-05-29 06:43:06,5022
INFY ,2019-05-29 07:43:08,5022
INFY ,2019-05-29 08:43:06,5022
INFY ,2019-05-29 09:43:10,5022
INFY ,2019-05-29 10:43:06,5022
INFY ,2019-05-29 11:43:05,5022
INFY ,2019-05-29 13:06:10,5020
INFY ,2019-05-29 13:43:08,5020
INFY ,2019-05-29 14:43:08,5018
INFY ,2019-05-29 15:43:06,5014
INFY ,2019-05-29 16:43:06,5009
INFY ,2019-05-29 17:43:07,5008
INFY ,2019-05-29 18:43:07,5011
INFY ,2019-05-29 19:43:08,5012
INFY ,2019-05-29 20:43:05,5011
INFY ,2019-05-29 21:43:06,5012
INFY ,2019-05-29 22:43:06,5011
INFY ,2019-05-29 23:43:07,5011
INFY ,2019-05-30 00:43:05,5011
INFY ,2019-05-30 01:43:06,5011
INFY ,2019-05-30 02:43:07,5011
INFY ,2019-05-30 03:43:06,5011
INFY ,2019-05-30 04:43:07,5011
INFY ,2019-05-30 05:43:08,5011
INFY ,2019-05-30 06:43:06,5011
INFY ,2019-05-30 07:43:05,5011
INFY ,2019-05-30 08:43:10,5011
INFY ,2019-05-30 09:43:06,5011
INFY ,2019-05-30 10:43:05,5011
INFY ,2019-05-30 11:43:06,5011
INFY ,2019-05-30 12:43:09,5011
INFY ,2019-05-30 13:43:05,5011
INFY ,2019-05-30 14:43:08,5006
INFY ,2019-05-30 15:43:07,5000
INFY ,2019-05-30 16:43:05,5000
INFY ,2019-05-30 17:43:06,4990
INFY ,2019-05-30 18:43:06,4989
INFY ,2019-05-30 19:43:06,4990
INFY ,2019-05-30 20:43:05,4985
INFY ,2019-05-30 21:43:05,4984
INFY ,2019-05-30 22:43:07,4984
INFY ,2019-05-30 23:43:05,4984
INFY ,2019-05-31 00:43:04,4984
INFY ,2019-05-31 01:43:06,4984
INFY ,2019-05-31 02:43:05,4984
INFY ,2019-05-31 03:43:04,4984
INFY ,2019-05-31 04:43:05,4984
INFY ,2019-05-31 05:43:05,4984
INFY ,2019-05-31 06:43:06,4984
INFY ,2019-05-31 07:43:04,4984
INFY ,2019-05-31 08:43:05,4984
INFY ,2019-05-31 09:43:07,4984
INFY ,2019-05-31 10:43:05,4984
INFY ,2019-05-31 11:43:05,4984
INFY ,2019-05-31 12:43:50,4983
INFY ,2019-05-31 13:43:07,4983
INFY ,2019-05-31 14:43:06,4977
INFY ,2019-05-31 15:43:06,4977
INFY ,2019-05-31 16:43:05,4975
INFY ,2019-05-31 17:43:09,4971
INFY ,2019-05-31 18:43:05,4970
INFY ,2019-05-31 19:43:04,4970
INFY ,2019-05-31 20:43:05,4972
INFY ,2019-05-31 21:43:06,4972
INFY ,2019-05-31 22:43:03,4973
INFY ,2019-05-31 23:43:05,4973
INFY ,2019-06-01 00:43:05,4973
INFY ,2019-06-01 01:43:05,4973
INFY ,2019-06-01 02:43:05,4973
INFY ,2019-06-01 03:43:05,4973
INFY ,2019-06-01 04:43:05,4973
INFY ,2019-06-01 05:43:05,4973
INFY ,2019-06-01 06:43:08,4973
INFY ,2019-06-01 07:43:04,4973
INFY ,2019-06-01 08:43:05,4973
INFY ,2019-06-01 09:43:05,4973
INFY ,2019-06-01 10:43:06,4973
INFY ,2019-06-01 11:43:05,4973
INFY ,2019-06-01 12:43:05,4973
INFY ,2019-06-01 13:43:04,4973
INFY ,2019-06-01 14:43:08,4973
INFY ,2019-06-01 15:43:07,4973
INFY ,2019-06-01 16:43:05,4973
INFY ,2019-06-01 17:43:06,4973
INFY ,2019-06-01 18:43:05,4973
INFY ,2019-06-01 19:43:07,4973
INFY ,2019-06-01 20:43:04,4973
INFY ,2019-06-01 21:43:06,4973
INFY ,2019-06-01 22:43:06,4973
INFY ,2019-06-01 23:43:06,4973
INFY ,2019-06-02 00:43:07,4973
INFY ,2019-06-02 01:43:09,4973
INFY ,2019-06-02 02:43:06,4973
INFY ,2019-06-02 03:43:05,4973
INFY ,2019-06-02 04:43:05,4973
INFY ,2019-06-02 05:43:09,4973
INFY ,2019-06-02 06:43:06,4973
INFY ,2019-06-02 07:43:05,4973
INFY ,2019-06-02 08:43:05,4973
INFY ,2019-06-02 09:43:05,4973
INFY ,2019-06-02 10:43:05,4973
INFY ,2019-06-02 11:43:05,4973
INFY ,2019-06-02 12:43:09,4973
INFY ,2019-06-02 13:43:06,4973
INFY ,2019-06-02 14:43:07,4973
INFY ,2019-06-02 15:43:03,4973
INFY ,2019-06-02 16:43:04,4973
INFY ,2019-06-02 17:43:06,4973
INFY ,2019-06-02 18:43:06,4973
INFY ,2019-06-02 19:43:06,4973
INFY ,2019-06-02 20:43:05,4973
INFY ,2019-06-02 21:43:06,4973
INFY ,2019-06-02 22:43:06,4973
INFY ,2019-06-02 23:43:04,4973
INFY ,2019-06-03 00:43:05,4973
INFY ,2019-06-03 01:43:08,4973
INFY ,2019-06-03 02:43:06,4973
INFY ,2019-06-03 03:43:05,4973
INFY ,2019-06-03 04:43:05,4973
INFY ,2019-06-03 05:43:05,4973
INFY ,2019-06-03 06:43:06,4973
INFY ,2019-06-03 07:43:05,4973
INFY ,2019-06-03 08:43:06,4973
INFY ,2019-06-03 09:43:05,4973
INFY ,2019-06-03 10:43:08,4973
INFY ,2019-06-03 11:43:07,4973
INFY ,2019-06-03 12:43:05,4973
INFY ,2019-06-03 13:43:07,4972
INFY ,2019-06-03 14:43:07,4962
INFY ,2019-06-03 15:43:06,4958
INFY ,2019-06-03 16:43:05,4958
INFY ,2019-06-03 17:43:05,4961
INFY ,2019-06-03 18:43:07,4964
INFY ,2019-06-03 19:43:07,4962
INFY ,2019-06-03 20:43:04,4959
INFY ,2019-06-03 21:43:06,4959
INFY ,2019-06-03 22:43:06,4959
INFY ,2019-06-03 23:43:08,4959
INFY ,2019-06-04 00:43:05,4959
INFY ,2019-06-04 01:43:06,4959
INFY ,2019-06-04 02:43:06,4959
INFY ,2019-06-04 03:43:10,4959
INFY ,2019-06-04 04:43:06,4959
INFY ,2019-06-04 05:43:05,4959
INFY ,2019-06-04 06:43:05,4959
INFY ,2019-06-04 07:43:04,4959
INFY ,2019-06-04 08:43:09,4959
INFY ,2019-06-04 09:43:05,4959
INFY ,2019-06-04 10:43:07,4959
INFY ,2019-06-04 11:43:05,4959
INFY ,2019-06-04 13:05:39,4959
INFY ,2019-06-04 13:43:07,4959
INFY ,2019-06-04 14:43:10,4957
INFY ,2019-06-04 15:43:07,4957
INFY ,2019-06-04 16:43:07,4962
INFY ,2019-06-04 17:43:08,4960
INFY ,2019-06-04 18:43:07,4956
INFY ,2019-06-04 19:43:07,4955
INFY ,2019-06-04 20:43:07,4951
INFY ,2019-06-04 21:43:05,4951
INFY ,2019-06-04 22:43:06,4951
INFY ,2019-06-04 23:43:10,4951
INFY ,2019-06-05 00:43:06,4951
INFY ,2019-06-05 01:43:07,4951
INFY ,2019-06-05 02:43:09,4951
INFY ,2019-06-05 03:43:08,4951
INFY ,2019-06-05 04:43:10,4951
INFY ,2019-06-05 05:43:06,4951
INFY ,2019-06-05 06:43:06,4951
INFY ,2019-06-05 07:43:07,4951
INFY ,2019-06-05 08:43:11,4951
INFY ,2019-06-05 09:43:06,4951
INFY ,2019-06-05 10:43:06,4951
INFY ,2019-06-05 11:43:10,4951
INFY ,2019-06-05 13:07:10,4952
INFY ,2019-06-05 13:43:05,4952
INFY ,2019-06-05 14:43:06,4956
INFY ,2019-06-05 15:43:07,4953
INFY ,2019-06-05 16:43:06,4956
INFY ,2019-06-05 17:43:07,4959
INFY ,2019-06-05 18:43:06,4959
INFY ,2019-06-05 19:43:10,4957
INFY ,2019-06-05 20:43:07,4958
INFY ,2019-06-05 21:43:06,4957
INFY ,2019-06-05 22:43:07,4957
INFY ,2019-06-05 23:43:06,4957
INFY ,2019-06-06 00:43:06,4957
INFY ,2019-06-06 01:43:05,4957
INFY ,2019-06-06 02:43:07,4957
INFY ,2019-06-06 03:43:07,4957
INFY ,2019-06-06 04:43:12,4957
INFY ,2019-06-06 05:43:07,4957
INFY ,2019-06-06 06:43:09,4957
INFY ,2019-06-06 07:43:07,4957
INFY ,2019-06-06 08:43:11,4957
INFY ,2019-06-06 09:43:09,4957
INFY ,2019-06-06 10:43:12,4957
INFY ,2019-06-06 11:43:06,4957
INFY ,2019-06-06 13:07:10,4958
INFY ,2019-06-06 13:43:07,4958
INFY ,2019-06-06 14:43:07,4955
INFY ,2019-06-06 15:43:09,4952
INFY ,2019-06-06 16:43:07,4952
INFY ,2019-06-06 17:43:09,4954
INFY ,2019-06-06 18:43:10,4951
INFY ,2019-06-06 19:43:09,4954
INFY ,2019-06-06 20:43:05,4953
INFY ,2019-06-06 21:43:07,4953
INFY ,2019-06-06 22:43:06,4953
INFY ,2019-06-06 23:43:05,4953
INFY ,2019-06-07 00:43:09,4953
INFY ,2019-06-07 01:43:07,4953
INFY ,2019-06-07 02:43:08,4953
INFY ,2019-06-07 03:43:08,4953
INFY ,2019-06-07 04:43:10,4953
INFY ,2019-06-07 05:43:06,4953
INFY ,2019-06-07 06:43:08,4953
INFY ,2019-06-07 07:43:07,4953
INFY ,2019-06-07 08:43:08,4953
INFY ,2019-06-07 09:43:09,4953
INFY ,2019-06-07 10:43:07,4953
INFY ,2019-06-07 11:43:07,4952
INFY ,2019-06-07 13:07:13,4952
INFY ,2019-06-07 13:43:09,4952
INFY ,2019-06-07 14:43:08,4950
INFY ,2019-06-07 15:43:08,4946
INFY ,2019-06-07 16:43:08,4945
INFY ,2019-06-07 17:43:07,4947
INFY ,2019-06-07 18:43:07,4951
INFY ,2019-06-07 19:43:06,4951
INFY ,2019-06-07 20:43:07,4948
INFY ,2019-06-07 21:43:08,4947
INFY ,2019-06-07 22:43:06,4947
INFY ,2019-06-07 23:43:10,4947
INFY ,2019-06-08 00:43:08,4947
INFY ,2019-06-08 01:43:11,4947
INFY ,2019-06-08 02:43:09,4947
INFY ,2019-06-08 03:43:10,4947
INFY ,2019-06-08 04:43:07,4947
INFY ,2019-06-08 05:43:13,4947
INFY ,2019-06-08 06:43:10,4947
INFY ,2019-06-08 07:43:10,4947
INFY ,2019-06-08 08:43:07,4947
INFY ,2019-06-08 09:43:08,4947
INFY ,2019-06-08 10:43:08,4947
INFY ,2019-06-08 11:43:09,4947
INFY ,2019-06-08 12:43:08,4947
INFY ,2019-06-08 13:43:06,4947
INFY ,2019-06-08 14:43:05,4947
INFY ,2019-06-08 15:43:09,4947
INFY ,2019-06-08 16:43:08,4947
INFY ,2019-06-08 17:43:08,4947
INFY ,2019-06-08 18:43:08,4947
INFY ,2019-06-08 19:43:06,4947
INFY ,2019-06-08 20:43:07,4947
INFY ,2019-06-08 21:43:06,4947
INFY ,2019-06-08 22:43:07,4947
INFY ,2019-06-08 23:43:10,4947
INFY ,2019-06-09 00:43:06,4947
INFY ,2019-06-09 01:43:07,4947
INFY ,2019-06-09 02:43:13,4947
INFY ,2019-06-09 03:43:12,4947
INFY ,2019-06-09 04:43:07,4947
INFY ,2019-06-09 05:43:11,4947
INFY ,2019-06-09 06:43:06,4947
INFY ,2019-06-09 07:43:10,4947
INFY ,2019-06-09 08:43:06,4947
INFY ,2019-06-09 09:43:08,4947
INFY ,2019-06-09 10:43:07,4947
INFY ,2019-06-09 11:43:08,4947
INFY ,2019-06-09 12:43:09,4947
INFY ,2019-06-09 13:43:07,4947
INFY ,2019-06-09 14:43:06,4947
INFY ,2019-06-09 15:43:09,4947
INFY ,2019-06-09 16:43:07,4947
INFY ,2019-06-09 17:43:09,4947
INFY ,2019-06-09 18:43:07,4947
INFY ,2019-06-09 19:43:07,4947
INFY ,2019-06-09 20:43:07,4947
INFY ,2019-06-09 21:43:07,4947
INFY ,2019-06-09 22:43:11,4947
INFY ,2019-06-09 23:43:08,4947
INFY ,2019-06-10 00:43:07,4947
INFY ,2019-06-10 01:43:11,4947
INFY ,2019-06-10 02:43:07,4947
INFY ,2019-06-10 03:43:10,4947
INFY ,2019-06-10 04:43:08,4947
INFY ,2019-06-10 05:43:09,4947
INFY ,2019-06-10 06:43:06,4947
INFY ,2019-06-10 07:43:11,4947
INFY ,2019-06-10 08:43:07,4947
INFY ,2019-06-10 09:43:07,4947
INFY ,2019-06-10 10:43:12,4947
INFY ,2019-06-10 11:43:09,4947
INFY ,2019-06-10 12:43:14,4946
INFY ,2019-06-10 13:43:12,4942
INFY ,2019-06-10 14:43:08,4944
INFY ,2019-06-10 15:43:10,4944
INFY ,2019-06-10 16:43:12,4939
INFY ,2019-06-10 17:43:09,4938
INFY ,2019-06-10 18:43:10,4930
INFY ,2019-06-10 19:43:11,4926
INFY ,2019-06-10 20:43:09,4927
INFY ,2019-06-10 21:43:08,4927
INFY ,2019-06-10 22:43:09,4927
INFY ,2019-06-10 23:43:09,4927
INFY ,2019-06-11 00:43:10,4927
INFY ,2019-06-11 01:43:12,4927
INFY ,2019-06-11 02:43:11,4927
INFY ,2019-06-11 03:43:10,4927
INFY ,2019-06-11 04:43:09,4927
INFY ,2019-06-11 05:43:10,4927
INFY ,2019-06-11 06:43:09,4927
INFY ,2019-06-11 07:43:09,4927
INFY ,2019-06-11 08:43:08,4927
INFY ,2019-06-11 09:43:11,4927
INFY ,2019-06-11 10:43:09,4927
INFY ,2019-06-11 11:43:10,4927
INFY ,2019-06-11 13:06:44,4929
INFY ,2019-06-11 13:43:12,4929
INFY ,2019-06-11 14:43:09,4936
INFY ,2019-06-11 15:43:09,4940
INFY ,2019-06-11 16:43:13,4940
INFY ,2019-06-11 17:43:10,4938
INFY ,2019-06-11 18:43:12,4941
INFY ,2019-06-11 19:43:09,4939
INFY ,2019-06-11 20:43:11,4937
INFY ,2019-06-11 21:43:10,4937
INFY ,2019-06-11 22:43:08,4937
INFY ,2019-06-11 23:43:08,4937
INFY ,2019-06-12 00:43:12,4937
INFY ,2019-06-12 01:43:10,4937
INFY ,2019-06-12 02:43:11,4937
INFY ,2019-06-12 03:43:16,4937
INFY ,2019-06-12 04:43:12,4937
INFY ,2019-06-12 05:43:11,4937
INFY ,2019-06-12 06:43:11,4937
INFY ,2019-06-12 07:43:13,4937
INFY ,2019-06-12 08:43:11,4937
INFY ,2019-06-12 09:43:15,4937
INFY ,2019-06-12 10:43:12,4937
INFY ,2019-06-12 11:43:13,4937
INFY ,2019-06-12 13:06:15,4937
INFY ,2019-06-12 13:43:11,4937
INFY ,2019-06-12 14:43:11,4945
INFY ,2019-06-12 15:43:12,4944
INFY ,2019-06-12 16:43:11,4948
INFY ,2019-06-12 17:43:10,4950
INFY ,2019-06-12 18:43:12,4955
INFY ,2019-06-12 19:43:13,4952
INFY ,2019-06-12 20:43:12,4954
INFY ,2019-06-12 21:43:12,4954
INFY ,2019-06-12 22:43:11,4954
INFY ,2019-06-12 23:43:11,4954
INFY ,2019-06-13 00:43:12,4954
INFY ,2019-06-13 01:43:13,4954
INFY ,2019-06-13 02:43:13,4954
INFY ,2019-06-13 03:43:11,4954
INFY ,2019-06-13 04:43:11,4954
INFY ,2019-06-13 05:43:13,4954
INFY ,2019-06-13 06:43:10,4954
INFY ,2019-06-13 07:43:09,4954
INFY ,2019-06-13 08:43:09,4954
INFY ,2019-06-13 09:43:09,4954
INFY ,2019-06-13 10:43:15,4954
INFY ,2019-06-13 11:43:08,4954
INFY ,2019-06-13 13:07:13,4954
INFY ,2019-06-13 13:43:14,4954
INFY ,2019-06-13 14:43:12,4946
INFY ,2019-06-13 15:43:13,4945
INFY ,2019-06-13 16:43:12,4946
INFY ,2019-06-13 17:43:10,4945
INFY ,2019-06-13 18:43:11,4949
INFY ,2019-06-13 19:43:11,4948
INFY ,2019-06-13 20:43:08,4947
INFY ,2019-06-13 21:43:09,4947
INFY ,2019-06-13 22:43:09,4947
INFY ,2019-06-13 23:43:11,4947
INFY ,2019-06-14 00:43:12,4947
INFY ,2019-06-14 01:43:12,4947
INFY ,2019-06-14 02:43:12,4947
INFY ,2019-06-14 03:43:10,4947
INFY ,2019-06-14 04:43:11,4947
INFY ,2019-06-14 05:43:12,4947
INFY ,2019-06-14 06:43:17,4947
INFY ,2019-06-14 07:43:13,4947
INFY ,2019-06-14 08:43:12,4947
INFY ,2019-06-14 09:43:11,4947
INFY ,2019-06-14 10:43:13,4947
INFY ,2019-06-14 11:43:13,4947
INFY ,2019-06-14 12:43:12,4947
INFY ,2019-06-14 13:43:11,4948
INFY ,2019-06-14 14:43:13,4939
INFY ,2019-06-14 15:43:14,4939
INFY ,2019-06-14 16:43:13,4937
INFY ,2019-06-14 17:43:11,4936
INFY ,2019-06-14 18:43:11,4934
INFY ,2019-06-14 19:43:11,4937
INFY ,2019-06-14 20:43:11,4940
INFY ,2019-06-14 21:43:13,4940
INFY ,2019-06-14 22:43:10,4940
INFY ,2019-06-14 23:43:12,4940
INFY ,2019-06-15 00:43:12,4940
INFY ,2019-06-15 01:43:14,4940
INFY ,2019-06-15 02:43:11,4940
INFY ,2019-06-15 03:43:11,4940
INFY ,2019-06-15 04:43:12,4940
INFY ,2019-06-15 05:43:14,4940
INFY ,2019-06-15 06:43:11,4940
INFY ,2019-06-15 07:43:11,4940
INFY ,2019-06-15 08:43:12,4940
INFY ,2019-06-15 09:43:12,4940
INFY ,2019-06-15 10:43:12,4940
INFY ,2019-06-15 11:43:11,4940
INFY ,2019-06-15 12:43:13,4940
INFY ,2019-06-15 13:43:16,4940
INFY ,2019-06-15 14:43:11,4940
INFY ,2019-06-15 15:43:11,4940
INFY ,2019-06-15 16:43:11,4940
INFY ,2019-06-15 17:43:11,4940
INFY ,2019-06-15 18:43:13,4940
INFY ,2019-06-15 19:43:11,4940
INFY ,2019-06-15 20:43:12,4940
INFY ,2019-06-15 21:43:16,4940
INFY ,2019-06-15 22:43:17,4940
INFY ,2019-06-15 23:43:12,4940
INFY ,2019-06-16 00:43:11,4940
INFY ,2019-06-16 01:43:14,4940
INFY ,2019-06-16 02:43:13,4940
INFY ,2019-06-16 03:43:12,4940
INFY ,2019-06-16 04:43:15,4940
INFY ,2019-06-16 05:43:12,4940
INFY ,2019-06-16 06:43:14,4940
INFY ,2019-06-16 07:43:15,4940
INFY ,2019-06-16 08:43:12,4940
INFY ,2019-06-16 09:43:10,4940
INFY ,2019-06-16 10:43:10,4940
INFY ,2019-06-16 11:43:10,4940
INFY ,2019-06-16 12:43:12,4940
INFY ,2019-06-16 13:43:10,4940
INFY ,2019-06-16 14:43:12,4940
INFY ,2019-06-16 15:43:12,4940
INFY ,2019-06-16 16:43:13,4940
INFY ,2019-06-16 17:43:14,4940
INFY ,2019-06-16 18:43:15,4940
INFY ,2019-06-16 19:43:11,4940
INFY ,2019-06-16 20:43:11,4940
INFY ,2019-06-16 21:43:13,4940
INFY ,2019-06-16 22:43:11,4940
INFY ,2019-06-16 23:43:12,4940
INFY ,2019-06-17 00:43:11,4940
INFY ,2019-06-17 01:43:11,4940
INFY ,2019-06-17 02:43:15,4940
INFY ,2019-06-17 03:43:15,4940
INFY ,2019-06-17 04:43:14,4940
INFY ,2019-06-17 05:43:13,4940
INFY ,2019-06-17 06:43:11,4940
INFY ,2019-06-17 07:43:11,4940
INFY ,2019-06-17 08:43:12,4940
INFY ,2019-06-17 09:43:10,4940
INFY ,2019-06-17 10:43:12,4940
INFY ,2019-06-17 11:43:13,4940
INFY ,2019-06-17 13:07:45,4940
INFY ,2019-06-17 13:43:11,4940
INFY ,2019-06-17 14:43:11,4933
INFY ,2019-06-17 15:43:13,4935
INFY ,2019-06-17 16:43:23,4935
INFY ,2019-06-17 17:43:14,4935
INFY ,2019-06-17 18:43:16,4926
INFY ,2019-06-17 19:43:12,4929
INFY ,2019-06-17 20:43:15,4925
INFY ,2019-06-17 21:43:11,4927
INFY ,2019-06-17 22:43:13,4927
INFY ,2019-06-17 23:43:10,4927
INFY ,2019-06-18 00:43:11,4927
INFY ,2019-06-18 01:43:11,4927
INFY ,2019-06-18 02:43:21,4927
INFY ,2019-06-18 03:43:14,4927
INFY ,2019-06-18 04:43:13,4927
INFY ,2019-06-18 05:43:14,4927
INFY ,2019-06-18 06:43:12,4927
INFY ,2019-06-18 07:43:13,4927
INFY ,2019-06-18 08:43:18,4927
INFY ,2019-06-18 09:43:10,4927
INFY ,2019-06-18 10:43:10,4927
INFY ,2019-06-18 11:43:11,4927
INFY ,2019-06-18 13:05:45,4926
INFY ,2019-06-18 13:43:12,4926
INFY ,2019-06-18 14:43:12,4912
INFY ,2019-06-18 15:43:11,4905
INFY ,2019-06-18 16:43:12,4902
INFY ,2019-06-18 17:43:10,4902
INFY ,2019-06-18 18:43:14,4899
INFY ,2019-06-18 19:43:14,4892
INFY ,2019-06-18 20:43:11,4891
INFY ,2019-06-18 21:43:10,4891
INFY ,2019-06-18 22:43:11,4891
INFY ,2019-06-18 23:43:12,4891
INFY ,2019-06-19 00:43:11,4891
INFY ,2019-06-19 01:43:14,4891
INFY ,2019-06-19 02:43:14,4891
INFY ,2019-06-19 03:43:13,4891
INFY ,2019-06-19 04:43:10,4891
INFY ,2019-06-19 05:43:23,4891
INFY ,2019-06-19 06:43:26,4891
INFY ,2019-06-19 07:43:15,4891
INFY ,2019-06-19 08:43:15,4891
INFY ,2019-06-19 09:43:11,4891
INFY ,2019-06-19 10:43:14,4891
INFY ,2019-06-19 11:43:12,4891
INFY ,2019-06-19 13:05:47,4891
INFY ,2019-06-19 13:43:12,4891
INFY ,2019-06-19 14:43:12,4889
INFY ,2019-06-19 15:43:12,4889
INFY ,2019-06-19 16:43:22,4886
INFY ,2019-06-19 17:43:13,4882
INFY ,2019-06-19 18:43:11,4883
INFY ,2019-06-19 19:43:14,4884
INFY ,2019-06-19 20:43:13,4886
INFY ,2019-06-19 21:43:12,4885
INFY ,2019-06-19 22:43:11,4885
INFY ,2019-06-19 23:43:11,4885
INFY ,2019-06-20 00:43:12,4885
INFY ,2019-06-20 01:43:11,4885
INFY ,2019-06-20 02:43:10,4885
INFY ,2019-06-20 03:43:11,4885
INFY ,2019-06-20 04:43:13,4885
INFY ,2019-06-20 05:43:09,4885
INFY ,2019-06-20 06:43:11,4885
INFY ,2019-06-20 07:43:12,4885
INFY ,2019-06-20 08:43:11,4885
INFY ,2019-06-20 09:43:13,4885
INFY ,2019-06-20 10:43:12,4885
INFY ,2019-06-20 11:43:10,4885
INFY ,2019-06-20 13:07:25,4886
INFY ,2019-06-20 13:43:14,4886
INFY ,2019-06-20 14:43:12,4889
INFY ,2019-06-20 15:43:13,4885
INFY ,2019-06-20 16:43:13,4884
INFY ,2019-06-20 17:43:14,4885
INFY ,2019-06-20 18:43:11,4881
INFY ,2019-06-20 19:43:11,4878
INFY ,2019-06-20 20:43:19,4876
INFY ,2019-06-20 21:43:12,4877
INFY ,2019-06-20 22:43:11,4877
INFY ,2019-06-20 23:43:13,4877
INFY ,2019-06-21 00:43:12,4877
INFY ,2019-06-21 01:43:13,4877
INFY ,2019-06-21 02:43:13,4877
INFY ,2019-06-21 03:43:12,4877
INFY ,2019-06-21 04:43:13,4877
INFY ,2019-06-21 05:43:13,4877
INFY ,2019-06-21 06:43:13,4877
INFY ,2019-06-21 07:43:15,4877
INFY ,2019-06-21 08:43:12,4877
INFY ,2019-06-21 09:43:12,4877
INFY ,2019-06-21 10:43:11,4877
INFY ,2019-06-21 11:43:10,4877
INFY ,2019-06-21 12:43:12,4877
INFY ,2019-06-21 13:43:13,4877
INFY ,2019-06-21 14:43:11,4876
INFY ,2019-06-21 15:43:12,4873
INFY ,2019-06-21 16:43:13,4870
INFY ,2019-06-21 17:43:12,4870
INFY ,2019-06-21 18:43:12,4870
INFY ,2019-06-21 19:43:10,4871
INFY ,2019-06-21 20:43:10,4869
INFY ,2019-06-21 21:43:12,4869
INFY ,2019-06-21 22:43:11,4869
INFY ,2019-06-21 23:43:40,4869
INFY ,2019-06-22 00:43:12,4869
INFY ,2019-06-22 01:43:17,4869
INFY ,2019-06-22 02:43:14,4869
INFY ,2019-06-22 03:43:10,4869
INFY ,2019-06-22 04:43:11,4869
INFY ,2019-06-22 05:43:13,4869
INFY ,2019-06-22 06:43:14,4869
INFY ,2019-06-22 07:43:12,4869
INFY ,2019-06-22 08:43:12,4869
INFY ,2019-06-22 09:43:14,4869
INFY ,2019-06-22 10:43:15,4869
INFY ,2019-06-22 11:43:11,4869
INFY ,2019-06-22 12:43:17,4869
INFY ,2019-06-22 13:43:12,4869
INFY ,2019-06-22 14:43:15,4869
INFY ,2019-06-22 15:43:25,4869
INFY ,2019-06-22 16:43:20,4869
INFY ,2019-06-22 17:43:12,4869
INFY ,2019-06-22 18:43:17,4869
INFY ,2019-06-22 19:43:13,4869
INFY ,2019-06-22 20:43:13,4869
INFY ,2019-06-22 21:43:12,4869
INFY ,2019-06-22 22:43:17,4869
INFY ,2019-06-22 23:43:14,4869
INFY ,2019-06-23 00:43:24,4869
INFY ,2019-06-23 01:43:16,4869
INFY ,2019-06-23 02:43:17,4869
INFY ,2019-06-23 03:43:14,4869
INFY ,2019-06-23 04:43:12,4869
INFY ,2019-06-23 05:43:17,4869
INFY ,2019-06-23 06:43:12,4869
INFY ,2019-06-23 07:43:11,4869
INFY ,2019-06-23 08:43:12,4869
INFY ,2019-06-23 09:43:13,4869
INFY ,2019-06-23 10:43:12,4869
INFY ,2019-06-23 11:43:13,4869
INFY ,2019-06-23 12:43:11,4869
INFY ,2019-06-23 13:43:12,4869
INFY ,2019-06-23 14:43:11,4869
INFY ,2019-06-23 15:43:11,4869
INFY ,2019-06-23 16:43:13,4869
INFY ,2019-06-23 17:43:13,4869
INFY ,2019-06-23 18:43:09,4869
INFY ,2019-06-23 19:43:10,4869
INFY ,2019-06-23 20:43:13,4869
INFY ,2019-06-23 21:43:11,4869
INFY ,2019-06-23 22:43:12,4869
INFY ,2019-06-23 23:43:11,4869
INFY ,2019-06-24 00:43:13,4869
INFY ,2019-06-24 01:43:12,4869
INFY ,2019-06-24 02:43:12,4869
INFY ,2019-06-24 03:43:15,4869
INFY ,2019-06-24 04:43:14,4869
INFY ,2019-06-24 05:43:14,4869
INFY ,2019-06-24 06:43:16,4869
INFY ,2019-06-24 07:43:11,4869
INFY ,2019-06-24 08:43:12,4869
INFY ,2019-06-24 09:43:15,4869
INFY ,2019-06-24 10:43:10,4869
INFY ,2019-06-24 11:43:17,4869
INFY ,2019-06-24 12:43:16,4869
INFY ,2019-06-24 13:43:12,4869
INFY ,2019-06-24 14:43:14,4870
INFY ,2019-06-24 15:43:13,4867
INFY ,2019-06-24 16:43:18,4865
INFY ,2019-06-24 17:43:15,4864
INFY ,2019-06-24 18:43:16,4862
INFY ,2019-06-24 19:43:15,4862
INFY ,2019-06-24 20:43:13,4862
INFY ,2019-06-24 21:43:15,4862
INFY ,2019-06-24 22:43:12,4862
INFY ,2019-06-24 23:43:13,4862
INFY ,2019-06-25 00:43:12,4862
INFY ,2019-06-25 01:43:14,4862
INFY ,2019-06-25 02:43:14,4862
INFY ,2019-06-25 03:43:14,4862
INFY ,2019-06-25 04:43:12,4862
INFY ,2019-06-25 05:43:13,4862
INFY ,2019-06-25 06:43:16,4862
INFY ,2019-06-25 07:43:13,4862
INFY ,2019-06-25 08:43:12,4862
INFY ,2019-06-25 09:43:15,4862
INFY ,2019-06-25 10:43:13,4862
INFY ,2019-06-25 11:43:10,4862
INFY ,2019-06-25 13:06:45,4862
INFY ,2019-06-25 13:43:13,4862
INFY ,2019-06-25 14:43:14,4862
INFY ,2019-06-25 15:43:13,4858
INFY ,2019-06-25 16:43:14,4858
INFY ,2019-06-25 17:43:16,4858
INFY ,2019-06-25 18:43:16,4856
INFY ,2019-06-25 19:43:12,4855
INFY ,2019-06-25 20:43:14,4853
INFY ,2019-06-25 21:43:11,4853
INFY ,2019-06-25 22:43:11,4853
INFY ,2019-06-25 23:43:16,4853
INFY ,2019-06-26 00:43:15,4853
INFY ,2019-06-26 01:43:13,4853
INFY ,2019-06-26 02:43:14,4853
INFY ,2019-06-26 03:43:25,4853
INFY ,2019-06-26 04:43:14,4853
INFY ,2019-06-26 05:43:14,4853
INFY ,2019-06-26 06:43:14,4853
INFY ,2019-06-26 07:43:15,4853
INFY ,2019-06-26 08:43:12,4853
INFY ,2019-06-26 09:43:10,4853
INFY ,2019-06-26 10:43:12,4853
INFY ,2019-06-26 11:43:12,4853
INFY ,2019-06-26 13:05:44,4853
INFY ,2019-06-26 13:43:13,4853
INFY ,2019-06-26 14:43:13,4847
INFY ,2019-06-26 15:43:12,4843
INFY ,2019-06-26 16:43:15,4841
INFY ,2019-06-26 17:43:12,4840
INFY ,2019-06-26 18:43:13,4838
INFY ,2019-06-26 19:43:13,4841
INFY ,2019-06-26 20:43:12,4840
INFY ,2019-06-26 21:43:12,4840
INFY ,2019-06-26 22:43:14,4840
INFY ,2019-06-26 23:43:12,4840
INFY ,2019-06-27 00:43:15,4840
INFY ,2019-06-27 01:43:12,4840
INFY ,2019-06-27 02:43:15,4840
INFY ,2019-06-27 03:43:11,4840
INFY ,2019-06-27 04:43:15,4840
INFY ,2019-06-27 05:43:13,4840
INFY ,2019-06-27 06:43:15,4840
INFY ,2019-06-27 07:43:10,4840
INFY ,2019-06-27 08:43:12,4840
INFY ,2019-06-27 09:43:12,4840
INFY ,2019-06-27 10:43:12,4840
INFY ,2019-06-27 11:43:11,4840
INFY ,2019-06-27 13:05:46,4841
INFY ,2019-06-27 13:43:11,4841
INFY ,2019-06-27 14:43:12,4844
INFY ,2019-06-27 15:43:14,4843
INFY ,2019-06-27 16:43:12,4844
INFY ,2019-06-27 17:43:11,4847
INFY ,2019-06-27 18:43:11,4849
INFY ,2019-06-27 19:43:10,4846
INFY ,2019-06-27 20:43:14,4847
INFY ,2019-06-27 21:43:15,4847
INFY ,2019-06-27 22:43:10,4847
INFY ,2019-06-27 23:43:30,4847
INFY ,2019-06-28 00:43:13,4847
INFY ,2019-06-28 01:43:11,4847
INFY ,2019-06-28 02:43:11,4847
INFY ,2019-06-28 03:43:14,4847
INFY ,2019-06-28 04:43:15,4847
INFY ,2019-06-28 05:43:12,4847
INFY ,2019-06-28 06:43:12,4847
INFY ,2019-06-28 07:43:11,4847
INFY ,2019-06-28 08:43:10,4847
INFY ,2019-06-28 09:43:11,4847
INFY ,2019-06-28 10:43:09,4847
INFY ,2019-06-28 11:43:11,4847
INFY ,2019-06-28 13:06:47,4847
INFY ,2019-06-28 13:43:10,4847
INFY ,2019-06-28 14:43:10,4849
INFY ,2019-06-28 15:43:12,4848
INFY ,2019-06-28 16:43:12,4847
INFY ,2019-06-28 17:43:11,4846
INFY ,2019-06-28 18:43:10,4845
INFY ,2019-06-28 19:43:10,4844
INFY ,2019-06-28 20:43:11,4845
INFY ,2019-06-28 21:43:12,4845
INFY ,2019-06-28 22:43:11,4845
INFY ,2019-06-28 23:43:10,4845
INFY ,2019-06-29 00:43:13,4845
INFY ,2019-06-29 01:43:17,4845
INFY ,2019-06-29 02:43:12,4845
INFY ,2019-06-29 03:43:10,4845
INFY ,2019-06-29 04:43:11,4845
INFY ,2019-06-29 05:43:11,4845
INFY ,2019-06-29 06:43:11,4845
INFY ,2019-06-29 07:43:12,4845
INFY ,2019-06-29 08:43:11,4845
INFY ,2019-06-29 09:43:11,4845
INFY ,2019-06-29 10:43:11,4845
INFY ,2019-06-29 11:43:16,4845
INFY ,2019-06-29 12:43:14,4845
INFY ,2019-06-29 13:43:12,4845
INFY ,2019-06-29 14:43:13,4845
INFY ,2019-06-29 15:43:13,4845
INFY ,2019-06-29 16:43:16,4845
INFY ,2019-06-29 17:43:11,4845
INFY ,2019-06-29 18:43:12,4845
INFY ,2019-06-29 19:43:13,4845
INFY ,2019-06-29 20:43:12,4845
INFY ,2019-06-29 21:43:14,4845
INFY ,2019-06-29 22:43:10,4845
INFY ,2019-06-29 23:43:13,4845
INFY ,2019-06-30 00:43:12,4845
INFY ,2019-06-30 01:43:16,4845
INFY ,2019-06-30 02:43:13,4845
INFY ,2019-06-30 03:43:13,4845
INFY ,2019-06-30 04:43:14,4845
INFY ,2019-06-30 05:43:12,4845
INFY ,2019-06-30 06:43:13,4845
INFY ,2019-06-30 07:43:14,4845
INFY ,2019-06-30 08:43:13,4845
INFY ,2019-06-30 09:43:12,4845
INFY ,2019-06-30 10:43:12,4845
INFY ,2019-06-30 11:43:12,4845
INFY ,2019-06-30 12:43:12,4845
INFY ,2019-06-30 13:43:13,4845
INFY ,2019-06-30 14:43:11,4845
INFY ,2019-06-30 15:43:12,4845
INFY ,2019-06-30 16:43:13,4845
INFY ,2019-06-30 17:43:12,4845
INFY ,2019-06-30 18:43:12,4845
INFY ,2019-06-30 19:43:13,4845
INFY ,2019-06-30 20:43:13,4845
INFY ,2019-06-30 21:43:12,4845
INFY ,2019-06-30 22:43:12,4845
INFY ,2019-06-30 23:43:13,4845
INFY ,2019-07-01 00:43:14,4845
INFY ,2019-07-01 01:43:13,4845
INFY ,2019-07-01 02:43:14,4845
INFY ,2019-07-01 03:43:13,4845
INFY ,2019-07-01 04:43:12,4845
INFY ,2019-07-01 05:43:17,4845
INFY ,2019-07-01 06:43:12,4845
INFY ,2019-07-01 07:43:19,4845
INFY ,2019-07-01 08:43:23,4845
INFY ,2019-07-01 09:43:13,4845
INFY ,2019-07-01 10:43:11,4845
INFY ,2019-07-01 11:43:14,4845
INFY ,2019-07-01 13:06:46,4846
INFY ,2019-07-01 13:43:17,4846
INFY ,2019-07-01 14:43:36,4858
INFY ,2019-07-01 15:43:16,4858
INFY ,2019-07-01 16:43:16,4858
INFY ,2019-07-01 17:43:14,4859
INFY ,2019-07-01 18:43:14,4857
INFY ,2019-07-01 19:43:16,4860
INFY ,2019-07-01 20:43:15,4856
INFY ,2019-07-01 21:43:14,4856
INFY ,2019-07-01 22:43:15,4856
INFY ,2019-07-01 23:43:15,4856
INFY ,2019-07-02 00:43:18,4856
INFY ,2019-07-02 01:43:13,4856
INFY ,2019-07-02 02:43:26,4856
INFY ,2019-07-02 03:43:23,4856
INFY ,2019-07-02 04:43:14,4856
INFY ,2019-07-02 05:43:31,4856
INFY ,2019-07-02 06:43:15,4856
INFY ,2019-07-02 07:43:16,4856
INFY ,2019-07-02 08:43:14,4856
INFY ,2019-07-02 09:43:12,4856
INFY ,2019-07-02 10:43:13,4856
INFY ,2019-07-02 11:43:14,4856
INFY ,2019-07-02 12:43:17,4856
INFY ,2019-07-02 13:43:14,4856
INFY ,2019-07-02 14:43:16,4855
INFY ,2019-07-02 15:43:14,4852
INFY ,2019-07-02 16:43:13,4851
INFY ,2019-07-02 17:43:14,4851
INFY ,2019-07-02 18:43:13,4850
INFY ,2019-07-02 19:43:15,4852
INFY ,2019-07-02 20:43:13,4853
INFY ,2019-07-02 21:43:15,4853
INFY ,2019-07-02 22:43:18,4853
INFY ,2019-07-03 00:43:15,4853
INFY ,2019-07-03 01:43:12,4853
INFY ,2019-07-03 02:43:17,4853
INFY ,2019-07-03 03:43:17,4853
INFY ,2019-07-03 04:43:16,4853
INFY ,2019-07-03 05:43:16,4853
INFY ,2019-07-03 06:43:15,4853
INFY ,2019-07-03 07:43:14,4853
INFY ,2019-07-03 08:43:26,4853
INFY ,2019-07-03 09:43:14,4853
INFY ,2019-07-03 10:43:20,4853
INFY ,2019-07-03 11:43:14,4853
INFY ,2019-07-03 13:07:47,4853
INFY ,2019-07-03 13:43:14,4853
INFY ,2019-07-03 14:43:21,4855
INFY ,2019-07-03 15:43:15,4855
INFY ,2019-07-03 16:43:32,4848
INFY ,2019-07-03 17:43:15,4845
INFY ,2019-07-03 18:43:16,4846
INFY ,2019-07-03 19:43:13,4845
INFY ,2019-07-03 20:43:13,4845
INFY ,2019-07-03 21:43:14,4845
INFY ,2019-07-03 22:43:13,4845
INFY ,2019-07-03 23:43:15,4845
INFY ,2019-07-04 00:43:15,4845
INFY ,2019-07-04 01:43:13,4845
INFY ,2019-07-04 02:43:19,4845
INFY ,2019-07-04 03:43:14,4845
INFY ,2019-07-04 04:43:13,4845
INFY ,2019-07-04 05:43:15,4845
INFY ,2019-07-04 06:43:14,4845
INFY ,2019-07-04 07:43:13,4845
INFY ,2019-07-04 08:43:12,4845
INFY ,2019-07-04 09:43:12,4845
INFY ,2019-07-04 10:43:14,4845
INFY ,2019-07-04 11:43:13,4845
INFY ,2019-07-04 12:43:16,4845
INFY ,2019-07-04 13:43:18,4845
INFY ,2019-07-04 14:43:15,4845
INFY ,2019-07-04 15:43:14,4845
INFY ,2019-07-04 16:43:14,4845
INFY ,2019-07-04 17:43:12,4845
INFY ,2019-07-04 18:43:13,4845
INFY ,2019-07-04 19:43:13,4845
INFY ,2019-07-04 20:43:14,4845
INFY ,2019-07-04 21:43:15,4845
INFY ,2019-07-04 22:43:15,4845
INFY ,2019-07-04 23:43:13,4845
INFY ,2019-07-05 00:43:14,4845
INFY ,2019-07-05 01:43:13,4845
INFY ,2019-07-05 02:43:13,4845
INFY ,2019-07-05 03:43:14,4845
INFY ,2019-07-05 04:43:12,4845
INFY ,2019-07-05 05:43:17,4845
INFY ,2019-07-05 06:43:17,4845
INFY ,2019-07-05 07:43:14,4845
INFY ,2019-07-05 08:43:13,4845
INFY ,2019-07-05 09:43:12,4845
INFY ,2019-07-05 10:43:19,4845
INFY ,2019-07-05 11:43:22,4845
INFY ,2019-07-05 12:43:13,4843
INFY ,2019-07-05 13:43:21,4843
INFY ,2019-07-05 14:43:15,4847
INFY ,2019-07-05 15:43:13,4847
INFY ,2019-07-05 16:43:25,4847
INFY ,2019-07-05 17:43:15,4846
INFY ,2019-07-05 18:43:14,4850
INFY ,2019-07-05 19:43:13,4849
INFY ,2019-07-05 20:43:14,4851
INFY ,2019-07-05 21:43:15,4853
INFY ,2019-07-05 22:43:17,4852
INFY ,2019-07-05 23:43:14,4852
INFY ,2019-07-06 00:43:18,4852
INFY ,2019-07-06 01:43:17,4852
INFY ,2019-07-06 02:43:20,4852
INFY ,2019-07-06 03:43:14,4852
INFY ,2019-07-06 04:43:13,4852
INFY ,2019-07-06 05:43:15,4852
INFY ,2019-07-06 06:43:16,4852
INFY ,2019-07-06 07:43:12,4852
INFY ,2019-07-06 08:43:13,4852
INFY ,2019-07-06 09:43:13,4852
INFY ,2019-07-06 10:43:13,4852
INFY ,2019-07-06 11:43:32,4852
INFY ,2019-07-06 12:43:16,4852
INFY ,2019-07-06 13:43:14,4852
INFY ,2019-07-06 14:43:13,4852
INFY ,2019-07-06 15:43:12,4852
INFY ,2019-07-06 16:43:16,4852
INFY ,2019-07-06 17:43:15,4852
INFY ,2019-07-06 18:43:14,4852
INFY ,2019-07-06 19:43:17,4852
INFY ,2019-07-06 20:43:12,4852
INFY ,2019-07-06 21:43:14,4852
INFY ,2019-07-06 22:43:13,4852
INFY ,2019-07-06 23:43:14,4852
INFY ,2019-07-07 00:43:13,4852
INFY ,2019-07-07 01:43:13,4852
INFY ,2019-07-07 02:43:16,4852
INFY ,2019-07-07 03:43:12,4852
INFY ,2019-07-07 04:43:14,4852
INFY ,2019-07-07 05:43:17,4852
INFY ,2019-07-07 06:43:13,4852
INFY ,2019-07-07 07:43:13,4852
INFY ,2019-07-07 08:43:14,4852
INFY ,2019-07-07 09:43:13,4852
INFY ,2019-07-07 10:43:15,4852
INFY ,2019-07-07 11:43:11,4852
INFY ,2019-07-07 12:43:11,4852
INFY ,2019-07-07 13:43:11,4852
INFY ,2019-07-07 14:43:12,4852
INFY ,2019-07-07 15:43:14,4852
INFY ,2019-07-07 16:43:14,4852
INFY ,2019-07-07 17:43:13,4852
INFY ,2019-07-07 18:43:13,4852
INFY ,2019-07-07 19:43:11,4852
INFY ,2019-07-07 20:43:12,4852
INFY ,2019-07-07 21:43:13,4852
INFY ,2019-07-07 22:43:14,4852
INFY ,2019-07-07 23:43:12,4852
INFY ,2019-07-08 00:43:12,4852
INFY ,2019-07-08 01:43:16,4852
INFY ,2019-07-08 02:43:13,4852
INFY ,2019-07-08 03:43:17,4852
INFY ,2019-07-08 04:43:13,4852
INFY ,2019-07-08 05:43:11,4852
INFY ,2019-07-08 06:43:18,4852
INFY ,2019-07-08 07:43:19,4852
INFY ,2019-07-08 08:43:17,4852
INFY ,2019-07-08 09:43:20,4852
INFY ,2019-07-08 10:43:21,4852
INFY ,2019-07-08 11:43:30,4852
INFY ,2019-07-08 12:43:13,4852
INFY ,2019-07-08 13:43:13,4852
INFY ,2019-07-08 14:43:13,4858
INFY ,2019-07-08 15:43:13,4859
INFY ,2019-07-08 16:43:14,4856
INFY ,2019-07-08 17:43:12,4856
INFY ,2019-07-08 18:43:14,4852
INFY ,2019-07-08 19:43:12,4855
INFY ,2019-07-08 20:43:12,4855
INFY ,2019-07-08 21:43:13,4855
INFY ,2019-07-08 22:43:13,4857
INFY ,2019-07-08 23:43:12,4857
INFY ,2019-07-09 00:43:12,4857
INFY ,2019-07-09 01:43:11,4857
INFY ,2019-07-09 02:43:20,4857
INFY ,2019-07-09 03:43:16,4857
INFY ,2019-07-09 04:43:15,4857
INFY ,2019-07-09 05:43:21,4857
INFY ,2019-07-09 06:43:16,4857
INFY ,2019-07-09 07:43:16,4857
INFY ,2019-07-09 08:43:13,4857
INFY ,2019-07-09 09:43:13,4857
INFY ,2019-07-09 10:43:11,4857
INFY ,2019-07-09 11:43:14,4857
INFY ,2019-07-09 13:06:16,4858
INFY ,2019-07-09 13:43:11,4858
INFY ,2019-07-09 14:43:13,4863
INFY ,2019-07-09 15:43:13,4866
INFY ,2019-07-09 16:43:12,4865
INFY ,2019-07-09 17:43:16,4870
INFY ,2019-07-09 18:43:13,4875
INFY ,2019-07-09 19:43:13,4874
INFY ,2019-07-09 20:43:13,4874
INFY ,2019-07-09 21:43:12,4875
INFY ,2019-07-09 22:43:11,4874
INFY ,2019-07-09 23:43:13,4874
INFY ,2019-07-10 00:43:12,4874
INFY ,2019-07-10 01:43:13,4874
INFY ,2019-07-10 02:43:12,4874
INFY ,2019-07-10 03:43:12,4874
INFY ,2019-07-10 04:43:12,4874
INFY ,2019-07-10 05:43:16,4874
INFY ,2019-07-10 06:43:14,4874
INFY ,2019-07-10 07:43:10,4874
INFY ,2019-07-10 08:43:11,4874
INFY ,2019-07-10 09:43:10,4874
INFY ,2019-07-10 10:43:12,4874
INFY ,2019-07-10 11:43:14,4874
INFY ,2019-07-10 12:43:15,4874
INFY ,2019-07-10 13:43:13,4874
INFY ,2019-07-10 14:43:12,4881
INFY ,2019-07-10 15:43:15,4890
INFY ,2019-07-10 16:43:25,4901
INFY ,2019-07-10 17:43:13,4915
INFY ,2019-07-10 18:43:12,4932
INFY ,2019-07-10 19:43:12,4951
INFY ,2019-07-10 20:43:12,4962
INFY ,2019-07-10 21:43:12,4964
INFY ,2019-07-10 22:43:18,4964
INFY ,2019-07-10 23:43:12,4964
INFY ,2019-07-11 00:43:11,4964
INFY ,2019-07-11 01:43:13,4964
INFY ,2019-07-11 02:43:17,4964
INFY ,2019-07-11 03:43:15,4964
INFY ,2019-07-11 04:43:18,4964
INFY ,2019-07-11 05:43:15,4964
INFY ,2019-07-11 06:43:14,4964
INFY ,2019-07-11 07:43:13,4964
INFY ,2019-07-11 08:43:17,4964
INFY ,2019-07-11 09:43:12,4964
INFY ,2019-07-11 10:43:14,4964
INFY ,2019-07-11 11:43:12,4964
INFY ,2019-07-11 12:43:11,4964
INFY ,2019-07-11 13:43:12,4964
INFY ,2019-07-11 14:43:13,5011
INFY ,2019-07-11 15:43:12,5023
INFY ,2019-07-11 16:43:12,5045
INFY ,2019-07-11 17:43:12,5063
INFY ,2019-07-11 18:43:13,5092
INFY ,2019-07-11 19:43:12,5129
INFY ,2019-07-11 20:43:12,5195
INFY ,2019-07-11 21:43:17,5203
INFY ,2019-07-11 22:43:10,5207
INFY ,2019-07-11 23:43:13,5207
INFY ,2019-07-12 00:43:11,5207
INFY ,2019-07-12 01:43:13,5207
INFY ,2019-07-12 02:43:12,5207
INFY ,2019-07-12 03:43:12,5207
INFY ,2019-07-12 04:43:11,5207
INFY ,2019-07-12 05:43:16,5207
INFY ,2019-07-12 06:43:18,5207
INFY ,2019-07-12 07:43:12,5207
INFY ,2019-07-12 08:43:13,5207
INFY ,2019-07-12 09:43:18,5207
INFY ,2019-07-12 10:43:14,5207
INFY ,2019-07-12 11:43:12,5207
INFY ,2019-07-12 13:06:46,5187
INFY ,2019-07-12 13:43:14,5187
INFY ,2019-07-12 14:43:12,5192
INFY ,2019-07-12 15:43:30,5217
INFY ,2019-07-12 16:43:16,5249
INFY ,2019-07-12 17:43:16,5256
INFY ,2019-07-12 18:43:13,5278
INFY ,2019-07-12 19:43:11,5302
INFY ,2019-07-12 20:43:11,5321
INFY ,2019-07-12 21:43:12,5325
INFY ,2019-07-12 22:43:19,5333
INFY ,2019-07-12 23:43:12,5333
INFY ,2019-07-13 00:43:12,5333
INFY ,2019-07-13 01:43:14,5333
INFY ,2019-07-13 02:43:16,5333
INFY ,2019-07-13 03:43:11,5333
INFY ,2019-07-13 04:43:13,5333
INFY ,2019-07-13 05:43:12,5333
INFY ,2019-07-13 06:43:12,5333
INFY ,2019-07-13 07:43:13,5333
INFY ,2019-07-13 08:43:11,5333
INFY ,2019-07-13 09:43:12,5333
INFY ,2019-07-13 10:43:13,5333
INFY ,2019-07-13 11:43:15,5333
INFY ,2019-07-13 12:43:15,5333
INFY ,2019-07-13 13:43:12,5333
INFY ,2019-07-13 14:43:11,5333
INFY ,2019-07-13 15:43:13,5333
INFY ,2019-07-13 16:43:39,5333
INFY ,2019-07-13 17:43:16,5333
INFY ,2019-07-13 18:43:17,5333
INFY ,2019-07-13 19:43:16,5333
INFY ,2019-07-13 20:43:17,5333
INFY ,2019-07-13 21:43:15,5333
INFY ,2019-07-13 22:43:12,5333
INFY ,2019-07-13 23:43:13,5333
INFY ,2019-07-14 00:43:12,5333
INFY ,2019-07-14 01:43:21,5333
INFY ,2019-07-14 02:43:13,5333
INFY ,2019-07-14 03:43:14,5333
INFY ,2019-07-14 04:43:13,5333
INFY ,2019-07-14 05:43:15,5333
INFY ,2019-07-14 06:43:15,5333
INFY ,2019-07-14 07:43:12,5333
INFY ,2019-07-14 08:43:13,5333
INFY ,2019-07-14 09:43:10,5333
INFY ,2019-07-14 10:43:12,5333
INFY ,2019-07-14 11:43:14,5333
INFY ,2019-07-14 12:43:12,5333
INFY ,2019-07-14 13:43:14,5333
INFY ,2019-07-14 14:43:12,5333
INFY ,2019-07-14 15:43:13,5333
INFY ,2019-07-14 16:43:17,5333
INFY ,2019-07-14 17:43:13,5333
INFY ,2019-07-14 18:43:12,5333
INFY ,2019-07-14 19:43:12,5333
INFY ,2019-07-14 20:43:21,5333
INFY ,2019-07-14 21:43:11,5333
INFY ,2019-07-14 22:43:11,5333
INFY ,2019-07-14 23:43:12,5333
INFY ,2019-07-15 00:43:13,5333
INFY ,2019-07-15 01:43:11,5333
INFY ,2019-07-15 02:43:12,5333
INFY ,2019-07-15 03:43:11,5333
INFY ,2019-07-15 04:43:11,5333
INFY ,2019-07-15 05:43:16,5333
INFY ,2019-07-15 06:43:18,5333
INFY ,2019-07-15 07:43:13,5333
INFY ,2019-07-15 08:43:11,5333
INFY ,2019-07-15 09:43:12,5333
INFY ,2019-07-15 10:43:12,5333
INFY ,2019-07-15 11:43:11,5333
INFY ,2019-07-15 13:07:16,5334
INFY ,2019-07-15 13:43:14,5334
INFY ,2019-07-15 14:43:13,5613
INFY ,2019-07-15 15:43:12,5585
INFY ,2019-07-15 16:43:27,5577
INFY ,2019-07-15 17:43:13,5565
INFY ,2019-07-15 18:43:11,5565
INFY ,2019-07-15 19:43:12,5551
INFY ,2019-07-15 20:43:13,5542
INFY ,2019-07-15 21:43:12,5541
INFY ,2019-07-15 22:43:17,5540
INFY ,2019-07-15 23:43:12,5540
INFY ,2019-07-16 00:43:11,5540
INFY ,2019-07-16 01:43:12,5540
INFY ,2019-07-16 02:43:18,5540
INFY ,2019-07-16 03:43:12,5540
INFY ,2019-07-16 04:43:11,5540
INFY ,2019-07-16 05:43:17,5540
INFY ,2019-07-16 06:43:18,5540
INFY ,2019-07-16 07:43:12,5540
INFY ,2019-07-16 08:43:12,5540
INFY ,2019-07-16 09:43:12,5540
INFY ,2019-07-16 10:43:14,5540
INFY ,2019-07-16 11:43:11,5540
INFY ,2019-07-16 13:07:15,5539
INFY ,2019-07-16 13:43:14,5539
INFY ,2019-07-16 14:43:12,5516
INFY ,2019-07-16 15:43:21,5515
INFY ,2019-07-16 16:43:14,5514
INFY ,2019-07-16 17:43:15,5502
INFY ,2019-07-16 18:43:13,5501
INFY ,2019-07-16 19:43:11,5486
INFY ,2019-07-16 20:43:34,5481
INFY ,2019-07-16 21:43:12,5483
INFY ,2019-07-16 22:43:13,5481
INFY ,2019-07-16 23:43:12,5481
INFY ,2019-07-17 00:43:12,5481
INFY ,2019-07-17 01:43:13,5481
INFY ,2019-07-17 02:43:14,5481
INFY ,2019-07-17 03:43:14,5481
INFY ,2019-07-17 04:43:14,5481
INFY ,2019-07-17 05:43:27,5481
INFY ,2019-07-17 06:43:15,5481
INFY ,2019-07-17 07:43:16,5481
INFY ,2019-07-17 08:43:13,5481
INFY ,2019-07-17 09:43:13,5481
INFY ,2019-07-17 10:43:13,5481
INFY ,2019-07-17 11:43:12,5481
INFY ,2019-07-17 13:06:48,5480
INFY ,2019-07-17 13:43:14,5480
INFY ,2019-07-17 14:43:15,5464
INFY ,2019-07-17 15:43:21,5466
INFY ,2019-07-17 16:43:19,5466
INFY ,2019-07-17 17:43:13,5457
INFY ,2019-07-17 18:43:14,5453
INFY ,2019-07-17 19:43:12,5442
INFY ,2019-07-17 20:43:13,5433
INFY ,2019-07-17 21:43:13,5431
INFY ,2019-07-17 22:43:13,5431
INFY ,2019-07-17 23:43:13,5431
INFY ,2019-07-18 00:43:12,5431
INFY ,2019-07-18 01:43:19,5431
INFY ,2019-07-18 02:43:15,5431
INFY ,2019-07-18 03:43:14,5431
INFY ,2019-07-18 04:43:13,5431
INFY ,2019-07-18 05:43:17,5431
INFY ,2019-07-18 06:43:17,5431
INFY ,2019-07-18 07:43:12,5431
INFY ,2019-07-18 08:43:17,5431
INFY ,2019-07-18 09:43:13,5431
INFY ,2019-07-18 10:43:14,5431
INFY ,2019-07-18 11:43:12,5431
INFY ,2019-07-18 13:07:20,5430
INFY ,2019-07-18 13:43:13,5430
INFY ,2019-07-18 14:43:13,5418
INFY ,2019-07-18 15:43:13,5411
INFY ,2019-07-18 16:43:21,5405
INFY ,2019-07-18 17:43:14,5398
INFY ,2019-07-18 18:43:14,5400
INFY ,2019-07-18 19:43:16,5389
INFY ,2019-07-18 20:43:14,5387
INFY ,2019-07-18 21:43:14,5385
INFY ,2019-07-18 22:43:14,5386
INFY ,2019-07-18 23:43:17,5386
INFY ,2019-07-19 00:43:14,5386
INFY ,2019-07-19 01:43:14,5386
INFY ,2019-07-19 02:43:16,5386
INFY ,2019-07-19 03:43:14,5386
INFY ,2019-07-19 04:43:15,5386
INFY ,2019-07-19 05:43:30,5386
INFY ,2019-07-19 06:43:15,5386
INFY ,2019-07-19 07:43:17,5386
INFY ,2019-07-19 08:43:13,5386
INFY ,2019-07-19 09:43:13,5386
INFY ,2019-07-19 10:43:13,5386
INFY ,2019-07-19 11:43:13,5386
INFY ,2019-07-19 13:06:46,5389
INFY ,2019-07-19 13:43:13,5389
INFY ,2019-07-19 14:43:13,5376
INFY ,2019-07-19 15:43:14,5376
INFY ,2019-07-19 16:43:13,5371
INFY ,2019-07-19 17:43:15,5363
INFY ,2019-07-19 18:43:14,5358
INFY ,2019-07-19 19:43:13,5355
INFY ,2019-07-19 20:43:13,5346
INFY ,2019-07-19 21:43:12,5346
INFY ,2019-07-19 22:43:14,5345
INFY ,2019-07-19 23:43:12,5345
INFY ,2019-07-20 00:43:13,5345
INFY ,2019-07-20 01:43:21,5345
INFY ,2019-07-20 02:43:21,5345
INFY ,2019-07-20 03:43:15,5345
INFY ,2019-07-20 04:43:22,5345
INFY ,2019-07-20 05:43:18,5345
INFY ,2019-07-20 06:43:13,5345
INFY ,2019-07-20 07:43:12,5345
INFY ,2019-07-20 08:43:14,5345
INFY ,2019-07-20 09:43:11,5345
INFY ,2019-07-20 10:43:11,5345
INFY ,2019-07-20 11:43:13,5345
INFY ,2019-07-20 12:43:13,5345
INFY ,2019-07-20 13:43:13,5345
INFY ,2019-07-20 14:43:12,5345
INFY ,2019-07-20 15:43:12,5345
INFY ,2019-07-20 16:43:15,5345
INFY ,2019-07-20 17:43:13,5345
INFY ,2019-07-20 18:43:12,5345
INFY ,2019-07-20 19:43:13,5345
INFY ,2019-07-20 20:43:11,5345
INFY ,2019-07-20 21:43:14,5345
INFY ,2019-07-20 22:43:11,5345
INFY ,2019-07-20 23:43:12,5345
INFY ,2019-07-21 00:43:14,5345
INFY ,2019-07-21 01:43:13,5345
INFY ,2019-07-21 02:43:14,5345
INFY ,2019-07-21 03:43:12,5345
INFY ,2019-07-21 04:43:13,5345
INFY ,2019-07-21 05:43:20,5345
INFY ,2019-07-21 06:43:21,5345
INFY ,2019-07-21 07:43:11,5345
INFY ,2019-07-21 08:43:13,5345
INFY ,2019-07-21 09:43:14,5345
INFY ,2019-07-21 10:43:21,5345
INFY ,2019-07-21 11:43:13,5345
INFY ,2019-07-21 12:43:12,5345
INFY ,2019-07-21 13:43:14,5345
INFY ,2019-07-21 14:43:13,5345
INFY ,2019-07-21 15:43:12,5345
INFY ,2019-07-21 16:43:13,5345
INFY ,2019-07-21 17:43:13,5345
INFY ,2019-07-21 18:43:13,5345
INFY ,2019-07-21 19:43:13,5345
INFY ,2019-07-21 20:43:14,5345
INFY ,2019-07-21 21:43:14,5345
INFY ,2019-07-21 22:43:12,5345
INFY ,2019-07-21 23:43:13,5345
INFY ,2019-07-22 00:43:12,5345
INFY ,2019-07-22 01:43:13,5345
INFY ,2019-07-22 02:43:13,5345
INFY ,2019-07-22 03:43:13,5345
INFY ,2019-07-22 04:43:13,5345
INFY ,2019-07-22 05:43:16,5340
INFY ,2019-07-22 06:43:21,5340
INFY ,2019-07-22 07:43:12,5340
INFY ,2019-07-22 08:43:13,5340
INFY ,2019-07-22 09:43:12,5340
INFY ,2019-07-22 10:43:12,5340
INFY ,2019-07-22 11:43:23,5340
INFY ,2019-07-22 12:43:17,5340
INFY ,2019-07-22 13:43:13,5339
INFY ,2019-07-22 14:43:14,5320
INFY ,2019-07-22 15:43:13,5317
INFY ,2019-07-22 16:43:15,5312
INFY ,2019-07-22 17:43:14,5311
INFY ,2019-07-22 18:43:19,5305
INFY ,2019-07-22 19:43:16,5304
INFY ,2019-07-22 20:43:16,5300
INFY ,2019-07-22 21:43:17,5300
INFY ,2019-07-22 22:43:13,5299
INFY ,2019-07-22 23:43:13,5299
INFY ,2019-07-23 00:43:12,5299
INFY ,2019-07-23 01:43:12,5299
INFY ,2019-07-23 02:43:17,5299
INFY ,2019-07-23 03:43:15,5299
INFY ,2019-07-23 04:43:15,5299
INFY ,2019-07-23 05:43:17,5299
INFY ,2019-07-23 06:43:19,5299
INFY ,2019-07-23 07:43:15,5299
INFY ,2019-07-23 08:43:12,5299
INFY ,2019-07-23 09:43:15,5299
INFY ,2019-07-23 10:43:14,5299
INFY ,2019-07-23 11:43:14,5299
INFY ,2019-07-23 13:06:18,5298
INFY ,2019-07-23 13:43:14,5298
INFY ,2019-07-23 14:43:14,5293
INFY ,2019-07-23 15:43:19,5291
INFY ,2019-07-23 16:43:15,5294
INFY ,2019-07-23 17:43:12,5291
INFY ,2019-07-23 18:43:14,5289
INFY ,2019-07-23 19:43:13,5285
INFY ,2019-07-23 20:43:14,5283
INFY ,2019-07-23 21:43:14,5283
INFY ,2019-07-23 22:43:17,5283
INFY ,2019-07-23 23:43:14,5283
INFY ,2019-07-24 00:43:14,5283
INFY ,2019-07-24 01:43:14,5283
INFY ,2019-07-24 02:43:19,5283
INFY ,2019-07-24 03:43:14,5283
INFY ,2019-07-24 04:43:13,5283
INFY ,2019-07-24 05:43:15,5283
INFY ,2019-07-24 06:43:12,5283
INFY ,2019-07-24 07:43:12,5283
INFY ,2019-07-24 08:43:15,5283
INFY ,2019-07-24 09:43:15,5283
INFY ,2019-07-24 10:43:15,5283
INFY ,2019-07-24 11:43:12,5283
INFY ,2019-07-24 13:05:48,5282
INFY ,2019-07-24 13:43:15,5282
INFY ,2019-07-24 14:43:13,5277
INFY ,2019-07-24 15:43:16,5269
INFY ,2019-07-24 16:43:15,5262
INFY ,2019-07-24 17:43:13,5260
INFY ,2019-07-24 18:43:17,5262
INFY ,2019-07-24 19:43:14,5261
INFY ,2019-07-24 20:43:15,5262
INFY ,2019-07-24 21:43:15,5264
INFY ,2019-07-24 22:43:14,5264
INFY ,2019-07-24 23:43:14,5264
INFY ,2019-07-25 00:43:14,5264
INFY ,2019-07-25 01:43:19,5264
INFY ,2019-07-25 02:43:28,5264
INFY ,2019-07-25 03:43:14,5264
INFY ,2019-07-25 04:43:14,5264
INFY ,2019-07-25 05:43:20,5264
INFY ,2019-07-25 06:43:18,5264
INFY ,2019-07-25 07:43:15,5264
INFY ,2019-07-25 08:43:17,5264
INFY ,2019-07-25 09:43:14,5264
INFY ,2019-07-25 10:43:24,5264
INFY ,2019-07-25 11:43:14,5264
INFY ,2019-07-25 13:06:19,5263
INFY ,2019-07-25 13:43:18,5263
INFY ,2019-07-25 14:43:16,5261
INFY ,2019-07-25 15:43:14,5264
INFY ,2019-07-25 16:43:17,5261
INFY ,2019-07-25 17:43:16,5261
INFY ,2019-07-25 18:43:22,5258
INFY ,2019-07-25 19:43:50,5258
INFY ,2019-07-25 20:43:20,5254
INFY ,2019-07-25 21:43:19,5251
INFY ,2019-07-25 22:43:15,5250
INFY ,2019-07-25 23:43:15,5250
INFY ,2019-07-26 00:43:28,5250
INFY ,2019-07-26 01:43:16,5250
INFY ,2019-07-26 02:43:18,5250
INFY ,2019-07-26 03:43:18,5250
INFY ,2019-07-26 04:43:19,5250
INFY ,2019-07-26 05:43:23,5250
INFY ,2019-07-26 06:43:31,5250
INFY ,2019-07-26 07:43:22,5250
INFY ,2019-07-26 08:43:13,5250
INFY ,2019-07-26 09:43:14,5250
INFY ,2019-07-26 10:43:17,5250
INFY ,2019-07-26 11:43:19,5250
INFY ,2019-07-26 13:08:19,5250
INFY ,2019-07-26 13:43:16,5250
INFY ,2019-07-26 14:43:16,5248
INFY ,2019-07-26 15:43:15,5240
INFY ,2019-07-26 16:43:17,5232
INFY ,2019-07-26 17:43:17,5232
INFY ,2019-07-26 18:43:18,5229
INFY ,2019-07-26 19:43:15,5228
INFY ,2019-07-26 20:43:14,5219
INFY ,2019-07-26 22:43:14,5219
INFY ,2019-07-26 23:43:13,5219
INFY ,2019-07-27 00:43:14,5219
INFY ,2019-07-27 01:43:14,5219
INFY ,2019-07-27 02:43:16,5219
INFY ,2019-07-27 03:43:15,5219
INFY ,2019-07-27 04:43:14,5219
INFY ,2019-07-27 05:43:15,5219
INFY ,2019-07-27 06:43:14,5219
INFY ,2019-07-27 07:43:13,5219
INFY ,2019-07-27 08:43:14,5219
INFY ,2019-07-27 09:43:13,5219
INFY ,2019-07-27 10:43:15,5219
INFY ,2019-07-27 11:43:13,5219
INFY ,2019-07-27 12:43:15,5219
INFY ,2019-07-27 13:43:13,5219
INFY ,2019-07-27 14:43:14,5219
INFY ,2019-07-27 15:43:17,5219
INFY ,2019-07-27 16:43:22,5219
INFY ,2019-07-27 17:43:18,5219
INFY ,2019-07-27 18:43:16,5219
INFY ,2019-07-27 19:43:15,5219
INFY ,2019-07-27 20:43:17,5219
INFY ,2019-07-27 21:43:15,5219
INFY ,2019-07-27 22:43:15,5219
INFY ,2019-07-27 23:43:14,5219
INFY ,2019-07-28 00:43:14,5219
INFY ,2019-07-28 01:43:13,5219
INFY ,2019-07-28 02:43:13,5219
INFY ,2019-07-28 03:43:12,5219
INFY ,2019-07-28 04:43:14,5219
INFY ,2019-07-28 05:43:13,5219
INFY ,2019-07-28 06:43:13,5219
INFY ,2019-07-28 07:43:14,5219
INFY ,2019-07-28 08:43:13,5219
INFY ,2019-07-28 09:43:12,5219
INFY ,2019-07-28 10:43:11,5219
INFY ,2019-07-28 11:43:12,5219
INFY ,2019-07-28 12:43:13,5219
INFY ,2019-07-28 13:43:13,5219
INFY ,2019-07-28 14:43:14,5219
INFY ,2019-07-28 15:43:12,5219
INFY ,2019-07-28 16:43:15,5219
INFY ,2019-07-28 17:43:14,5219
INFY ,2019-07-28 18:43:13,5219
INFY ,2019-07-28 19:43:13,5219
INFY ,2019-07-28 20:43:12,5219
INFY ,2019-07-28 21:43:13,5219
INFY ,2019-07-28 22:43:15,5219
INFY ,2019-07-28 23:43:15,5219
INFY ,2019-07-29 00:43:14,5219
INFY ,2019-07-29 01:43:14,5219
INFY ,2019-07-29 02:43:14,5219
INFY ,2019-07-29 03:43:15,5219
INFY ,2019-07-29 04:43:15,5219
INFY ,2019-07-29 05:43:18,5219
INFY ,2019-07-29 06:43:26,5219
INFY ,2019-07-29 07:43:15,5219
INFY ,2019-07-29 08:43:13,5219
INFY ,2019-07-29 09:43:14,5219
INFY ,2019-07-29 10:43:14,5219
INFY ,2019-07-29 11:43:14,5219
INFY ,2019-07-29 13:07:17,5219
INFY ,2019-07-29 13:43:16,5219
INFY ,2019-07-29 14:43:14,5207
INFY ,2019-07-29 15:43:14,5204
INFY ,2019-07-29 16:43:14,5205
INFY ,2019-07-29 17:43:14,5203
INFY ,2019-07-29 18:43:14,5202
INFY ,2019-07-29 19:43:14,5203
INFY ,2019-07-29 20:43:14,5203
INFY ,2019-07-29 21:43:13,5203
INFY ,2019-07-29 22:43:15,5203
INFY ,2019-07-29 23:43:13,5203
INFY ,2019-07-30 00:43:14,5203
INFY ,2019-07-30 01:43:14,5203
INFY ,2019-07-30 02:43:15,5203
INFY ,2019-07-30 03:43:13,5203
INFY ,2019-07-30 04:43:13,5203
INFY ,2019-07-30 05:43:14,5203
INFY ,2019-07-30 06:43:14,5203
INFY ,2019-07-30 07:43:21,5203
INFY ,2019-07-30 08:43:14,5203
INFY ,2019-07-30 09:43:14,5203
INFY ,2019-07-30 10:43:12,5203
INFY ,2019-07-30 11:43:16,5203
INFY ,2019-07-30 12:43:14,5203
INFY ,2019-07-30 13:43:15,5203
INFY ,2019-07-30 14:43:16,5195
INFY ,2019-07-30 15:43:16,5194
INFY ,2019-07-30 16:43:16,5197
INFY ,2019-07-30 17:43:20,5196
INFY ,2019-07-30 18:43:18,5199
INFY ,2019-07-30 19:43:18,5195
INFY ,2019-07-30 20:43:16,5189
INFY ,2019-07-30 21:43:15,5190
INFY ,2019-07-30 22:43:17,5189
INFY ,2019-07-30 23:43:15,5189
INFY ,2019-07-31 00:43:15,5189
INFY ,2019-07-31 01:43:15,5189
INFY ,2019-07-31 02:43:15,5189
INFY ,2019-07-31 03:43:16,5189
INFY ,2019-07-31 04:43:16,5189
INFY ,2019-07-31 05:43:24,5189
INFY ,2019-07-31 06:43:16,5189
INFY ,2019-07-31 07:43:15,5189
INFY ,2019-07-31 08:43:16,5189
INFY ,2019-07-31 09:43:16,5189
INFY ,2019-07-31 10:43:14,5189
INFY ,2019-07-31 11:43:13,5189
INFY ,2019-07-31 13:07:21,5187
INFY ,2019-07-31 13:43:15,5187
INFY ,2019-07-31 14:43:16,5179
INFY ,2019-07-31 15:43:16,5175
INFY ,2019-07-31 16:43:20,5173
INFY ,2019-07-31 17:43:15,5169
INFY ,2019-07-31 18:43:14,5162
INFY ,2019-07-31 19:43:15,5159
INFY ,2019-07-31 20:43:16,5156
INFY ,2019-07-31 21:43:16,5156
INFY ,2019-07-31 22:43:15,5156
INFY ,2019-07-31 23:43:15,5156
INFY ,2019-08-01 00:43:15,5156
INFY ,2019-08-01 01:43:27,5156
INFY ,2019-08-01 02:43:17,5156
INFY ,2019-08-01 03:43:15,5156
INFY ,2019-08-01 04:43:14,5156
INFY ,2019-08-01 05:43:19,5156
INFY ,2019-08-01 06:43:16,5156
INFY ,2019-08-01 07:43:20,5156
INFY ,2019-08-01 08:43:14,5156
INFY ,2019-08-01 09:43:16,5156
INFY ,2019-08-01 10:43:15,5156
INFY ,2019-08-01 11:43:13,5156
INFY ,2019-08-01 13:05:49,5156
INFY ,2019-08-01 13:43:17,5156
INFY ,2019-08-01 14:43:17,5144
INFY ,2019-08-01 15:43:23,5145
INFY ,2019-08-01 16:43:21,5143
INFY ,2019-08-01 17:43:19,5140
INFY ,2019-08-01 18:43:15,5141
INFY ,2019-08-01 19:43:16,5138
INFY ,2019-08-01 20:43:16,5137
INFY ,2019-08-01 21:43:16,5137
INFY ,2019-08-01 22:43:14,5137
INFY ,2019-08-01 23:43:17,5137
INFY ,2019-08-02 00:43:15,5137
INFY ,2019-08-02 01:43:16,5137
INFY ,2019-08-02 02:43:15,5137
INFY ,2019-08-02 03:43:15,5137
INFY ,2019-08-02 04:43:16,5137
INFY ,2019-08-02 05:43:18,5137
INFY ,2019-08-02 06:43:16,5137
INFY ,2019-08-02 07:43:13,5137
INFY ,2019-08-02 08:43:16,5137
INFY ,2019-08-02 09:43:17,5137
INFY ,2019-08-02 10:43:26,5137
INFY ,2019-08-02 11:43:15,5137
INFY ,2019-08-02 13:07:21,5137
INFY ,2019-08-02 13:43:17,5137
INFY ,2019-08-02 14:43:17,5130
INFY ,2019-08-02 15:43:17,5129
INFY ,2019-08-02 16:43:19,5131
INFY ,2019-08-02 17:43:15,5132
INFY ,2019-08-02 18:43:16,5134
INFY ,2019-08-02 19:43:17,5130
INFY ,2019-08-02 20:43:17,5130
INFY ,2019-08-02 21:43:16,5130
INFY ,2019-08-02 22:43:15,5131
INFY ,2019-08-02 23:43:15,5131
INFY ,2019-08-03 00:43:16,5131
INFY ,2019-08-03 01:43:15,5131
INFY ,2019-08-03 02:43:22,5131
INFY ,2019-08-03 03:43:16,5131
INFY ,2019-08-03 04:43:14,5131
INFY ,2019-08-03 05:43:22,5131
INFY ,2019-08-03 06:43:16,5131
INFY ,2019-08-03 07:43:14,5131
INFY ,2019-08-03 08:43:16,5131
INFY ,2019-08-03 09:43:15,5131
INFY ,2019-08-03 10:43:16,5131
INFY ,2019-08-03 11:43:15,5131
INFY ,2019-08-03 12:43:16,5131
INFY ,2019-08-03 13:43:16,5131
INFY ,2019-08-03 14:43:16,5131
INFY ,2019-08-03 15:43:14,5131
INFY ,2019-08-03 16:43:16,5131
INFY ,2019-08-03 17:43:16,5131
INFY ,2019-08-03 18:43:16,5131
INFY ,2019-08-03 19:43:15,5131
INFY ,2019-08-03 20:43:14,5131
INFY ,2019-08-03 21:43:14,5131
INFY ,2019-08-03 22:43:14,5131
INFY ,2019-08-03 23:43:14,5131
INFY ,2019-08-04 00:43:15,5131
INFY ,2019-08-04 01:43:14,5131
INFY ,2019-08-04 02:43:21,5131
INFY ,2019-08-04 03:43:16,5131
INFY ,2019-08-04 04:43:15,5131
INFY ,2019-08-04 05:43:20,5131
INFY ,2019-08-04 06:43:15,5131
INFY ,2019-08-04 07:43:15,5131
INFY ,2019-08-04 08:43:17,5131
INFY ,2019-08-04 09:43:15,5131
INFY ,2019-08-04 10:43:15,5131
INFY ,2019-08-04 11:43:12,5131
INFY ,2019-08-04 12:43:15,5131
INFY ,2019-08-04 13:43:15,5131
INFY ,2019-08-04 14:43:14,5131
INFY ,2019-08-04 15:43:15,5131
INFY ,2019-08-04 16:43:16,5131
INFY ,2019-08-04 17:43:15,5131
INFY ,2019-08-04 18:43:16,5131
INFY ,2019-08-04 19:43:15,5131
INFY ,2019-08-04 20:43:15,5131
INFY ,2019-08-04 21:43:15,5131
INFY ,2019-08-04 22:43:16,5131
INFY ,2019-08-04 23:43:15,5131
INFY ,2019-08-05 00:43:14,5131
INFY ,2019-08-05 01:43:16,5131
INFY ,2019-08-05 02:43:17,5131
INFY ,2019-08-05 03:43:15,5131
INFY ,2019-08-05 04:43:16,5131
INFY ,2019-08-05 05:43:18,5131
INFY ,2019-08-05 06:43:15,5131
INFY ,2019-08-05 07:43:19,5131
INFY ,2019-08-05 08:43:16,5131
INFY ,2019-08-05 09:43:17,5131
INFY ,2019-08-05 10:43:15,5131
INFY ,2019-08-05 11:43:15,5131
INFY ,2019-08-05 13:07:51,5130
INFY ,2019-08-05 13:43:18,5130
INFY ,2019-08-05 14:43:17,5119
INFY ,2019-08-05 15:43:15,5109
INFY ,2019-08-05 16:43:17,5106
INFY ,2019-08-05 17:43:18,5101
INFY ,2019-08-05 18:43:18,5096
INFY ,2019-08-05 19:43:17,5094
INFY ,2019-08-05 20:43:15,5089
INFY ,2019-08-05 21:43:16,5089
INFY ,2019-08-05 22:43:17,5088
INFY ,2019-08-05 23:43:17,5088
INFY ,2019-08-06 00:43:27,5088
INFY ,2019-08-06 01:43:20,5088
INFY ,2019-08-06 02:43:16,5088
INFY ,2019-08-06 03:43:15,5088
INFY ,2019-08-06 04:43:17,5088
INFY ,2019-08-06 05:43:18,5088
INFY ,2019-08-06 06:43:15,5088
INFY ,2019-08-06 07:43:16,5088
INFY ,2019-08-06 08:43:15,5088
INFY ,2019-08-06 09:43:21,5088
INFY ,2019-08-06 10:43:14,5088
INFY ,2019-08-06 11:43:14,5088
INFY ,2019-08-06 12:43:16,5088
INFY ,2019-08-06 13:43:18,5088
INFY ,2019-08-06 14:43:15,5087
INFY ,2019-08-06 15:43:16,5089
INFY ,2019-08-06 16:43:18,5091
INFY ,2019-08-06 17:43:16,5087
INFY ,2019-08-06 18:43:14,5085
INFY ,2019-08-06 19:43:16,5085
INFY ,2019-08-06 20:43:17,5085
INFY ,2019-08-06 21:43:15,5085
INFY ,2019-08-06 22:43:14,5085
INFY ,2019-08-06 23:43:16,5085
INFY ,2019-08-07 00:43:17,5085
INFY ,2019-08-07 01:43:17,5085
INFY ,2019-08-07 02:43:18,5085
INFY ,2019-08-07 03:43:16,5085
INFY ,2019-08-07 04:43:15,5085
INFY ,2019-08-07 05:43:17,5085
INFY ,2019-08-07 06:43:21,5085
INFY ,2019-08-07 07:43:14,5085
INFY ,2019-08-07 08:43:16,5085
INFY ,2019-08-07 09:43:15,5085
INFY ,2019-08-07 10:43:23,5085
INFY ,2019-08-07 11:43:15,5085
INFY ,2019-08-07 12:43:18,5085
INFY ,2019-08-07 13:43:18,5085
INFY ,2019-08-07 14:43:17,5078
INFY ,2019-08-07 15:43:16,5082
INFY ,2019-08-07 16:43:17,5084
INFY ,2019-08-07 17:43:16,5085
INFY ,2019-08-07 18:43:16,5079
INFY ,2019-08-07 19:43:16,5081
INFY ,2019-08-07 20:43:15,5081
INFY ,2019-08-07 21:43:16,5081
INFY ,2019-08-07 22:43:15,5081
INFY ,2019-08-07 23:43:17,5081
INFY ,2019-08-08 00:43:17,5081
INFY ,2019-08-08 01:43:16,5081
INFY ,2019-08-08 02:43:22,5081
INFY ,2019-08-08 03:43:15,5081
INFY ,2019-08-08 04:43:15,5081
INFY ,2019-08-08 05:43:16,5081
INFY ,2019-08-08 06:43:19,5081
INFY ,2019-08-08 07:43:15,5081
INFY ,2019-08-08 08:43:15,5081
INFY ,2019-08-08 09:43:15,5081
INFY ,2019-08-08 10:43:19,5081
INFY ,2019-08-08 11:43:14,5081
INFY ,2019-08-08 12:43:17,5081
INFY ,2019-08-08 13:43:17,5080
INFY ,2019-08-08 14:43:16,5082
INFY ,2019-08-08 15:43:17,5082
INFY ,2019-08-08 16:43:18,5080
INFY ,2019-08-08 17:43:17,5083
INFY ,2019-08-08 18:43:16,5081
INFY ,2019-08-08 19:43:17,5081
INFY ,2019-08-08 20:43:18,5083
INFY ,2019-08-08 21:43:18,5083
INFY ,2019-08-08 22:43:18,5083
INFY ,2019-08-08 23:43:18,5083
INFY ,2019-08-09 00:43:19,5083
INFY ,2019-08-09 01:43:20,5083
INFY ,2019-08-09 02:43:20,5083
INFY ,2019-08-09 03:43:18,5083
INFY ,2019-08-09 04:43:20,5083
INFY ,2019-08-09 05:43:23,5083
INFY ,2019-08-09 06:43:20,5083
INFY ,2019-08-09 07:43:25,5083
INFY ,2019-08-09 08:43:20,5083
INFY ,2019-08-09 09:43:25,5083
INFY ,2019-08-09 10:43:20,5083
INFY ,2019-08-09 11:43:19,5083
INFY ,2019-08-09 13:07:23,5083
INFY ,2019-08-09 13:43:19,5083
INFY ,2019-08-09 14:43:24,5076
INFY ,2019-08-09 15:43:19,5073
INFY ,2019-08-09 16:43:26,5075
INFY ,2019-08-09 17:43:18,5075
INFY ,2019-08-09 18:43:19,5080
INFY ,2019-08-09 19:43:19,5080
INFY ,2019-08-09 20:43:18,5080
INFY ,2019-08-09 21:43:20,5080
INFY ,2019-08-09 22:43:19,5080
INFY ,2019-08-09 23:43:20,5080
INFY ,2019-08-10 00:43:20,5080
INFY ,2019-08-10 01:43:19,5080
INFY ,2019-08-10 02:43:33,5080
INFY ,2019-08-10 03:43:18,5080
INFY ,2019-08-10 04:43:19,5080
INFY ,2019-08-10 05:43:22,5080
INFY ,2019-08-10 06:43:19,5080
INFY ,2019-08-10 07:43:18,5080
INFY ,2019-08-10 08:43:18,5080
INFY ,2019-08-10 09:43:19,5080
INFY ,2019-08-10 10:43:20,5080
INFY ,2019-08-10 11:43:17,5080
INFY ,2019-08-10 12:43:21,5080
INFY ,2019-08-10 13:43:21,5080
INFY ,2019-08-10 14:43:17,5080
INFY ,2019-08-10 15:43:17,5080
INFY ,2019-08-10 16:43:26,5080
INFY ,2019-08-10 17:43:18,5080
INFY ,2019-08-10 18:43:18,5080
INFY ,2019-08-10 19:43:19,5080
INFY ,2019-08-10 20:43:18,5080
INFY ,2019-08-10 21:43:16,5080
INFY ,2019-08-10 22:43:18,5080
INFY ,2019-08-10 23:43:18,5080
INFY ,2019-08-11 00:43:16,5080
INFY ,2019-08-11 01:43:18,5080
INFY ,2019-08-11 02:43:27,5080
INFY ,2019-08-11 03:43:20,5080
INFY ,2019-08-11 04:43:18,5080
INFY ,2019-08-11 05:43:26,5080
INFY ,2019-08-11 06:43:17,5080
INFY ,2019-08-11 07:43:19,5080
INFY ,2019-08-11 08:43:17,5080
INFY ,2019-08-11 09:43:17,5080
INFY ,2019-08-11 10:43:17,5080
INFY ,2019-08-11 11:43:18,5080
INFY ,2019-08-11 12:43:18,5080
INFY ,2019-08-11 13:43:20,5080
INFY ,2019-08-11 14:43:18,5080
INFY ,2019-08-11 15:43:18,5080
INFY ,2019-08-11 16:43:19,5080
INFY ,2019-08-11 17:43:18,5080
INFY ,2019-08-11 18:43:19,5080
INFY ,2019-08-11 19:43:20,5080
INFY ,2019-08-11 20:43:21,5080
INFY ,2019-08-11 21:43:20,5080
INFY ,2019-08-11 22:43:20,5080
INFY ,2019-08-11 23:43:21,5080
INFY ,2019-08-12 00:43:21,5080
INFY ,2019-08-12 01:43:20,5080
INFY ,2019-08-12 02:43:25,5080
INFY ,2019-08-12 03:43:21,5080
INFY ,2019-08-12 04:43:19,5080
INFY ,2019-08-12 05:43:25,5080
INFY ,2019-08-12 06:43:27,5080
INFY ,2019-08-12 07:43:18,5080
INFY ,2019-08-12 08:43:21,5080
INFY ,2019-08-12 09:43:19,5080
INFY ,2019-08-12 10:43:23,5080
INFY ,2019-08-12 11:43:19,5080
INFY ,2019-08-12 12:43:23,5080
INFY ,2019-08-12 13:43:31,5080
INFY ,2019-08-12 14:43:20,5076
INFY ,2019-08-12 15:43:21,5074
INFY ,2019-08-12 16:43:30,5076
INFY ,2019-08-12 17:43:20,5076
INFY ,2019-08-12 18:43:18,5072
INFY ,2019-08-12 19:43:18,5070
INFY ,2019-08-12 20:43:20,5069
INFY ,2019-08-12 21:43:18,5069
INFY ,2019-08-12 22:43:19,5069
INFY ,2019-08-12 23:43:20,5069
INFY ,2019-08-13 00:43:17,5069
INFY ,2019-08-13 01:43:20,5069
INFY ,2019-08-13 02:43:23,5069
INFY ,2019-08-13 03:43:20,5069
INFY ,2019-08-13 04:43:16,5069
INFY ,2019-08-13 05:43:21,5069
INFY ,2019-08-13 06:43:18,5069
INFY ,2019-08-13 07:43:18,5069
INFY ,2019-08-13 08:43:16,5069
INFY ,2019-08-13 09:43:19,5069
INFY ,2019-08-13 10:43:21,5069
INFY ,2019-08-13 11:43:20,5069
INFY ,2019-08-13 12:43:21,5069
INFY ,2019-08-13 13:43:20,5070
INFY ,2019-08-13 14:43:19,5066
INFY ,2019-08-13 15:43:23,5061
INFY ,2019-08-13 16:43:21,5061
INFY ,2019-08-13 17:43:19,5059
INFY ,2019-08-13 18:43:19,5058
INFY ,2019-08-13 19:43:19,5059
INFY ,2019-08-13 20:43:18,5059
INFY ,2019-08-13 21:43:20,5058
INFY ,2019-08-13 22:43:27,5058
INFY ,2019-08-13 23:43:19,5058
INFY ,2019-08-14 00:43:21,5058
INFY ,2019-08-14 01:43:21,5058
INFY ,2019-08-14 02:43:22,5058
INFY ,2019-08-14 03:43:19,5058
INFY ,2019-08-14 04:43:18,5058
INFY ,2019-08-14 05:43:36,5058
INFY ,2019-08-14 06:43:20,5058
INFY ,2019-08-14 07:43:18,5058
INFY ,2019-08-14 08:43:18,5058
INFY ,2019-08-14 09:43:22,5058
INFY ,2019-08-14 10:43:16,5058
INFY ,2019-08-14 11:43:17,5058
INFY ,2019-08-14 13:06:26,5058
INFY ,2019-08-14 13:43:21,5058
INFY ,2019-08-14 14:43:21,5052
INFY ,2019-08-14 15:43:22,5055
INFY ,2019-08-14 16:43:19,5054
INFY ,2019-08-14 17:43:18,5054
INFY ,2019-08-14 18:43:21,5048
INFY ,2019-08-14 19:43:22,5044
INFY ,2019-08-14 20:43:19,5048
INFY ,2019-08-14 21:43:25,5046
INFY ,2019-08-14 22:43:19,5045
INFY ,2019-08-14 23:43:18,5045
INFY ,2019-08-15 00:43:19,5045
INFY ,2019-08-15 01:43:19,5045
INFY ,2019-08-15 02:43:22,5045
INFY ,2019-08-15 03:43:20,5045
INFY ,2019-08-15 04:43:21,5045
INFY ,2019-08-15 05:43:25,5045
INFY ,2019-08-15 06:43:18,5045
INFY ,2019-08-15 07:43:17,5045
INFY ,2019-08-15 08:43:33,5045
INFY ,2019-08-15 09:43:19,5045
INFY ,2019-08-15 10:43:18,5045
INFY ,2019-08-15 11:43:18,5045
INFY ,2019-08-15 13:06:24,5045
INFY ,2019-08-15 13:43:26,5045
INFY ,2019-08-15 14:43:20,5042
INFY ,2019-08-15 15:43:17,5038
INFY ,2019-08-15 16:43:36,5039
INFY ,2019-08-15 17:43:16,5039
INFY ,2019-08-15 18:43:19,5040
INFY ,2019-08-15 19:43:18,5040
INFY ,2019-08-15 20:43:18,5044
INFY ,2019-08-15 21:43:16,5044
INFY ,2019-08-15 22:43:16,5044
INFY ,2019-08-15 23:43:25,5044
INFY ,2019-08-16 00:43:22,5044
INFY ,2019-08-16 01:43:31,5044
INFY ,2019-08-16 02:43:19,5044
INFY ,2019-08-16 03:43:20,5044
INFY ,2019-08-16 04:43:16,5044
INFY ,2019-08-16 05:43:34,5044
INFY ,2019-08-16 06:43:16,5044
INFY ,2019-08-16 07:43:17,5044
INFY ,2019-08-16 08:43:18,5044
INFY ,2019-08-16 09:43:17,5044
INFY ,2019-08-16 10:43:16,5044
INFY ,2019-08-16 11:43:16,5044
INFY ,2019-08-16 12:43:17,5043
INFY ,2019-08-16 13:43:21,5042
INFY ,2019-08-16 14:43:18,5041
INFY ,2019-08-16 15:43:19,5042
INFY ,2019-08-16 16:43:28,5044
INFY ,2019-08-16 18:44:04,5035
INFY ,2019-08-16 19:43:21,5038
INFY ,2019-08-16 20:43:24,5035
INFY ,2019-08-16 21:43:21,5035
INFY ,2019-08-16 22:43:23,5035
INFY ,2019-08-16 23:43:21,5035
INFY ,2019-08-17 00:43:22,5035
INFY ,2019-08-17 01:43:26,5035
INFY ,2019-08-17 02:43:36,5035
INFY ,2019-08-17 03:43:22,5035
INFY ,2019-08-17 04:43:23,5035
INFY ,2019-08-17 05:43:22,5035
INFY ,2019-08-17 06:43:20,5035
INFY ,2019-08-17 07:43:21,5035
INFY ,2019-08-17 08:43:22,5035
INFY ,2019-08-17 09:43:21,5035
INFY ,2019-08-17 10:43:20,5035
INFY ,2019-08-17 11:43:20,5035
INFY ,2019-08-17 12:43:19,5035
INFY ,2019-08-17 13:43:22,5035
INFY ,2019-08-17 14:43:47,5035
INFY ,2019-08-17 15:43:21,5035
INFY ,2019-08-17 16:43:21,5035
INFY ,2019-08-17 17:43:19,5035
INFY ,2019-08-17 18:43:19,5035
INFY ,2019-08-17 19:43:20,5035
INFY ,2019-08-17 20:43:22,5035
INFY ,2019-08-17 21:43:19,5035
INFY ,2019-08-17 22:43:19,5035
INFY ,2019-08-17 23:43:19,5035
INFY ,2019-08-18 00:43:20,5035
INFY ,2019-08-18 01:43:19,5035
INFY ,2019-08-18 02:43:22,5035
INFY ,2019-08-18 03:43:20,5035
INFY ,2019-08-18 04:43:19,5035
INFY ,2019-08-18 05:43:35,5035
INFY ,2019-08-18 06:43:39,5035
INFY ,2019-08-18 07:43:22,5035
INFY ,2019-08-18 08:43:24,5035
INFY ,2019-08-18 09:43:23,5035
INFY ,2019-08-18 10:43:20,5035
INFY ,2019-08-18 11:43:21,5035
INFY ,2019-08-18 12:43:22,5035
INFY ,2019-08-18 13:43:21,5035
INFY ,2019-08-18 14:43:21,5035
INFY ,2019-08-18 15:43:22,5035
INFY ,2019-08-18 16:43:25,5035
INFY ,2019-08-18 17:43:20,5035
INFY ,2019-08-18 18:43:21,5035
INFY ,2019-08-18 19:43:21,5035
INFY ,2019-08-18 20:43:22,5035
INFY ,2019-08-18 21:43:29,5035
INFY ,2019-08-18 22:43:23,5035
INFY ,2019-08-18 23:43:21,5035
INFY ,2019-08-19 00:43:22,5035
INFY ,2019-08-19 01:43:24,5035
INFY ,2019-08-19 02:43:23,5035
INFY ,2019-08-19 03:43:20,5035
INFY ,2019-08-19 04:43:20,5035
INFY ,2019-08-19 05:43:25,5035
INFY ,2019-08-19 06:43:23,5035
INFY ,2019-08-19 07:43:33,5035
INFY ,2019-08-19 08:43:21,5035
INFY ,2019-08-19 09:43:28,5035
INFY ,2019-08-19 10:43:22,5035
INFY ,2019-08-19 11:43:21,5035
INFY ,2019-08-19 12:43:26,5035
INFY ,2019-08-19 13:43:23,5035
INFY ,2019-08-19 14:43:17,5036
INFY ,2019-08-19 15:43:19,5031
INFY ,2019-08-19 16:43:18,5030
INFY ,2019-08-19 17:43:18,5027
INFY ,2019-08-19 18:43:20,5025
INFY ,2019-08-19 19:43:18,5025
INFY ,2019-08-19 20:43:18,5025
INFY ,2019-08-19 21:43:19,5026
INFY ,2019-08-19 22:43:17,5024
INFY ,2019-08-19 23:43:18,5024
INFY ,2019-08-20 00:43:21,5024
INFY ,2019-08-20 01:43:18,5024
INFY ,2019-08-20 02:43:21,5024
INFY ,2019-08-20 03:43:18,5024
INFY ,2019-08-20 04:43:18,5024
INFY ,2019-08-20 05:43:32,5024
INFY ,2019-08-20 06:43:23,5024
INFY ,2019-08-20 07:43:17,5024
INFY ,2019-08-20 08:43:18,5024
INFY ,2019-08-20 09:43:17,5024
INFY ,2019-08-20 10:43:38,5024
INFY ,2019-08-20 11:43:17,5024
INFY ,2019-08-20 13:05:24,5024
INFY ,2019-08-20 13:43:27,5024
INFY ,2019-08-20 14:43:19,5024
INFY ,2019-08-20 15:43:18,5023
INFY ,2019-08-20 16:43:20,5022
INFY ,2019-08-20 17:43:19,5021
INFY ,2019-08-20 18:43:20,5020
INFY ,2019-08-20 19:43:19,5020
INFY ,2019-08-20 20:43:20,5018
INFY ,2019-08-20 21:43:22,5018
INFY ,2019-08-20 22:43:20,5017
INFY ,2019-08-20 23:43:19,5017
INFY ,2019-08-21 00:43:20,5017
INFY ,2019-08-21 01:43:22,5017
INFY ,2019-08-21 02:43:25,5017
INFY ,2019-08-21 03:43:24,5017
INFY ,2019-08-21 04:43:20,5017
INFY ,2019-08-21 05:43:22,5017
INFY ,2019-08-21 06:43:26,5017
INFY ,2019-08-21 07:43:20,5017
INFY ,2019-08-21 08:43:20,5017
INFY ,2019-08-21 09:43:19,5017
INFY ,2019-08-21 10:43:18,5017
INFY ,2019-08-21 11:43:19,5017
INFY ,2019-08-21 12:43:19,5017
INFY ,2019-08-21 13:43:22,5017
INFY ,2019-08-21 14:43:21,5011
INFY ,2019-08-21 15:43:23,5005
INFY ,2019-08-21 16:43:35,5002
INFY ,2019-08-21 17:43:19,4999
INFY ,2019-08-21 18:43:21,4997
INFY ,2019-08-21 19:43:21,4996
INFY ,2019-08-21 20:43:21,4989
INFY ,2019-08-21 21:43:21,4989
INFY ,2019-08-21 22:43:23,4989
INFY ,2019-08-21 23:43:21,4989
INFY ,2019-08-22 00:43:22,4989
INFY ,2019-08-22 01:43:20,4989
INFY ,2019-08-22 02:43:24,4989
INFY ,2019-08-22 03:43:20,4989
INFY ,2019-08-22 04:43:19,4989
INFY ,2019-08-22 05:43:22,4989
INFY ,2019-08-22 06:43:20,4989
INFY ,2019-08-22 07:43:21,4989
INFY ,2019-08-22 08:43:21,4989
INFY ,2019-08-22 09:43:20,4989
INFY ,2019-08-22 10:43:22,4989
INFY ,2019-08-22 11:43:22,4989
INFY ,2019-08-22 12:43:21,4989
INFY ,2019-08-22 13:43:22,4989
INFY ,2019-08-22 14:43:25,4988
INFY ,2019-08-22 15:43:24,4987
INFY ,2019-08-22 16:43:28,4985
INFY ,2019-08-22 17:43:24,4981
INFY ,2019-08-22 18:43:25,4982
INFY ,2019-08-22 19:43:23,4980
INFY ,2019-08-22 20:43:24,4976
INFY ,2019-08-22 21:43:25,4975
INFY ,2019-08-22 22:43:23,4975
INFY ,2019-08-22 23:43:23,4975
INFY ,2019-08-23 00:43:26,4975
INFY ,2019-08-23 01:43:27,4975
INFY ,2019-08-23 02:43:28,4975
INFY ,2019-08-23 03:43:22,4975
INFY ,2019-08-23 04:43:22,4975
INFY ,2019-08-23 05:43:23,4976
INFY ,2019-08-23 06:43:22,4976
INFY ,2019-08-23 07:43:21,4976
INFY ,2019-08-23 08:43:23,4976
INFY ,2019-08-23 09:43:20,4976
INFY ,2019-08-23 10:43:26,4976
INFY ,2019-08-23 11:43:20,4976
INFY ,2019-08-23 12:43:25,4976
INFY ,2019-08-23 13:43:25,4976
INFY ,2019-08-23 14:43:22,4974
INFY ,2019-08-23 15:43:24,4972
INFY ,2019-08-23 16:43:25,4970
INFY ,2019-08-23 17:43:20,4967
INFY ,2019-08-23 18:43:24,4961
INFY ,2019-08-23 19:43:23,4962
INFY ,2019-08-23 20:43:20,4962
INFY ,2019-08-23 21:43:22,4962
INFY ,2019-08-23 22:44:01,4962
INFY ,2019-08-23 23:43:21,4962
INFY ,2019-08-24 00:43:21,4962
INFY ,2019-08-24 01:43:20,4962
INFY ,2019-08-24 02:43:41,4962
INFY ,2019-08-24 03:43:20,4962
INFY ,2019-08-24 04:43:18,4962
INFY ,2019-08-24 05:43:23,4962
INFY ,2019-08-24 06:43:23,4962
INFY ,2019-08-24 07:43:25,4962
INFY ,2019-08-24 08:43:23,4962
INFY ,2019-08-24 09:43:22,4962
INFY ,2019-08-24 10:43:21,4962
INFY ,2019-08-24 11:43:20,4962
INFY ,2019-08-24 12:43:23,4962
INFY ,2019-08-24 13:43:20,4962
INFY ,2019-08-24 14:43:21,4962
INFY ,2019-08-24 15:43:22,4962
INFY ,2019-08-24 16:43:34,4962
INFY ,2019-08-24 17:43:21,4962
INFY ,2019-08-24 18:43:24,4962
INFY ,2019-08-24 19:43:21,4962
INFY ,2019-08-24 20:43:21,4962
INFY ,2019-08-24 21:43:21,4962
INFY ,2019-08-24 22:43:22,4962
INFY ,2019-08-24 23:43:20,4962
INFY ,2019-08-25 00:43:19,4962
INFY ,2019-08-25 01:43:24,4962
INFY ,2019-08-25 02:43:34,4962
INFY ,2019-08-25 03:43:19,4962
INFY ,2019-08-25 04:43:20,4962
INFY ,2019-08-25 05:43:20,4962
INFY ,2019-08-25 06:43:20,4962
INFY ,2019-08-25 07:43:21,4962
INFY ,2019-08-25 08:43:23,4962
INFY ,2019-08-25 09:43:19,4962
INFY ,2019-08-25 10:43:20,4962
INFY ,2019-08-25 11:43:23,4962
INFY ,2019-08-25 12:43:20,4962
INFY ,2019-08-25 13:43:21,4962
INFY ,2019-08-25 14:43:20,4962
INFY ,2019-08-25 15:43:22,4962
INFY ,2019-08-25 16:43:25,4962
INFY ,2019-08-25 17:43:19,4962
INFY ,2019-08-25 18:43:19,4962
INFY ,2019-08-25 19:43:22,4962
INFY ,2019-08-25 20:43:21,4962
INFY ,2019-08-25 21:43:21,4962
INFY ,2019-08-25 22:43:20,4962
INFY ,2019-08-25 23:43:21,4962
INFY ,2019-08-26 00:43:20,4962
INFY ,2019-08-26 01:43:18,4962
INFY ,2019-08-26 02:43:25,4962
INFY ,2019-08-26 03:43:19,4962
INFY ,2019-08-26 04:43:21,4962
INFY ,2019-08-26 05:43:24,4962
INFY ,2019-08-26 06:43:20,4962
INFY ,2019-08-26 07:43:22,4962
INFY ,2019-08-26 08:43:19,4962
INFY ,2019-08-26 09:43:19,4962
INFY ,2019-08-26 10:43:22,4962
INFY ,2019-08-26 11:43:19,4962
INFY ,2019-08-26 12:43:23,4962
INFY ,2019-08-26 13:43:21,4962
INFY ,2019-08-26 14:43:20,4959
INFY ,2019-08-26 15:43:23,4959
INFY ,2019-08-26 16:43:29,4956
INFY ,2019-08-26 17:43:20,4958
INFY ,2019-08-26 18:43:20,4957
INFY ,2019-08-26 19:43:24,4960
INFY ,2019-08-26 20:43:22,4958
INFY ,2019-08-26 21:43:22,4959
INFY ,2019-08-26 22:43:19,4959
INFY ,2019-08-26 23:43:20,4959
INFY ,2019-08-27 00:43:22,4959
INFY ,2019-08-27 01:43:21,4959
INFY ,2019-08-27 02:43:26,4959
INFY ,2019-08-27 03:43:21,4959
INFY ,2019-08-27 04:43:20,4959
INFY ,2019-08-27 05:43:26,4959
INFY ,2019-08-27 06:43:26,4959
INFY ,2019-08-27 07:43:20,4959
INFY ,2019-08-27 08:43:24,4959
INFY ,2019-08-27 09:43:20,4959
INFY ,2019-08-27 10:43:19,4959
INFY ,2019-08-27 11:43:25,4959
INFY ,2019-08-27 12:43:24,4959
INFY ,2019-08-27 13:43:37,4960
INFY ,2019-08-27 14:43:21,4960
INFY ,2019-08-27 15:43:24,4954
INFY ,2019-08-27 16:43:25,4949
INFY ,2019-08-27 17:43:20,4950
INFY ,2019-08-27 18:43:21,4947
INFY ,2019-08-27 19:43:23,4945
INFY ,2019-08-27 20:43:21,4947
INFY ,2019-08-27 21:43:22,4947
INFY ,2019-08-27 22:43:22,4947
INFY ,2019-08-27 23:43:24,4947
INFY ,2019-08-28 00:43:26,4947
INFY ,2019-08-28 01:43:23,4947
INFY ,2019-08-28 02:43:29,4947
INFY ,2019-08-28 03:43:30,4947
INFY ,2019-08-28 04:43:23,4947
INFY ,2019-08-28 05:43:24,4947
INFY ,2019-08-28 06:43:25,4947
INFY ,2019-08-28 07:43:26,4947
INFY ,2019-08-28 08:43:20,4947
INFY ,2019-08-28 09:43:24,4947
INFY ,2019-08-28 10:43:23,4947
INFY ,2019-08-28 11:43:26,4947
INFY ,2019-08-28 12:43:22,4947
INFY ,2019-08-28 13:43:21,4946
INFY ,2019-08-28 14:43:19,4959
INFY ,2019-08-28 15:43:20,4968
INFY ,2019-08-28 16:43:35,4971
INFY ,2019-08-28 17:43:19,4966
INFY ,2019-08-28 18:43:21,4965
INFY ,2019-08-28 19:43:21,4965
INFY ,2019-08-28 20:43:22,4969
INFY ,2019-08-28 21:43:22,4971
INFY ,2019-08-28 22:43:21,4971
INFY ,2019-08-28 23:43:24,4971
INFY ,2019-08-29 00:43:19,4971
INFY ,2019-08-29 01:43:22,4971
INFY ,2019-08-29 02:43:23,4971
INFY ,2019-08-29 03:43:20,4971
INFY ,2019-08-29 04:43:20,4971
INFY ,2019-08-29 05:43:33,4971
INFY ,2019-08-29 06:43:18,4971
INFY ,2019-08-29 07:43:22,4971
INFY ,2019-08-29 08:43:21,4971
INFY ,2019-08-29 09:43:21,4971
INFY ,2019-08-29 10:43:18,4971
INFY ,2019-08-29 11:43:18,4971
INFY ,2019-08-29 12:43:22,4971
INFY ,2019-08-29 13:43:21,4971
INFY ,2019-08-29 14:43:19,4979
INFY ,2019-08-29 15:43:19,4977
INFY ,2019-08-29 16:43:25,4976
INFY ,2019-08-29 17:43:19,4976
INFY ,2019-08-29 18:43:19,4975
INFY ,2019-08-29 19:43:16,4971
INFY ,2019-08-29 20:43:19,4974
INFY ,2019-08-29 21:43:19,4974
INFY ,2019-08-29 22:43:17,4974
INFY ,2019-08-29 23:43:19,4974
INFY ,2019-08-30 00:43:21,4974
INFY ,2019-08-30 01:43:25,4974
INFY ,2019-08-30 02:43:20,4974
INFY ,2019-08-30 03:43:21,4974
INFY ,2019-08-30 04:43:20,4974
INFY ,2019-08-30 05:43:29,4974
INFY ,2019-08-30 06:43:17,4974
INFY ,2019-08-30 07:43:17,4974
INFY ,2019-08-30 08:43:17,4974
INFY ,2019-08-30 09:43:18,4974
INFY ,2019-08-30 10:43:16,4974
INFY ,2019-08-30 11:43:16,4974
INFY ,2019-08-30 12:43:19,4974
INFY ,2019-08-30 13:43:18,4973
INFY ,2019-08-30 14:43:18,4974
INFY ,2019-08-30 15:43:18,4974
INFY ,2019-08-30 16:43:20,4974
INFY ,2019-08-30 17:43:19,4973
INFY ,2019-08-30 18:43:17,4972
INFY ,2019-08-30 19:43:16,4974
INFY ,2019-08-30 20:43:33,4974
INFY ,2019-08-30 21:43:28,4973
INFY ,2019-08-30 22:43:31,4973
INFY ,2019-08-30 23:43:29,4973
INFY ,2019-08-31 00:43:29,4973
INFY ,2019-08-31 01:43:32,4973
INFY ,2019-08-31 02:43:29,4973
INFY ,2019-08-31 03:43:30,4973
INFY ,2019-08-31 04:43:29,4973
INFY ,2019-08-31 23:43:47,4973
INFY ,2019-09-01 00:43:33,4973
INFY ,2019-09-01 01:43:29,4973
INFY ,2019-09-01 02:43:31,4973
INFY ,2019-09-01 03:43:30,4973
INFY ,2019-09-01 04:43:29,4973
INFY ,2019-09-01 05:43:29,4973
INFY ,2019-09-01 06:43:29,4973
INFY ,2019-09-01 07:43:27,4973
INFY ,2019-09-01 08:43:29,4973
INFY ,2019-09-01 09:43:28,4973
INFY ,2019-09-01 10:43:29,4973
INFY ,2019-09-01 11:43:28,4973
INFY ,2019-09-01 12:43:31,4973
INFY ,2019-09-01 13:43:29,4973
INFY ,2019-09-01 14:43:29,4973
INFY ,2019-09-01 15:43:29,4973
INFY ,2019-09-01 16:43:35,4973
INFY ,2019-09-01 17:43:32,4973
INFY ,2019-09-01 18:43:29,4973
INFY ,2019-09-01 19:43:28,4973
INFY ,2019-09-01 20:43:29,4973
INFY ,2019-09-01 21:43:29,4973
INFY ,2019-09-01 22:43:30,4973
INFY ,2019-09-01 23:43:30,4973
INFY ,2019-09-02 00:43:28,4973
INFY ,2019-09-02 01:43:27,4973
INFY ,2019-09-02 02:43:27,4973
INFY ,2019-09-02 03:43:30,4973
INFY ,2019-09-02 04:43:31,4973
INFY ,2019-09-02 05:43:39,4973
INFY ,2019-09-02 06:43:31,4973
INFY ,2019-09-02 07:43:32,4973
INFY ,2019-09-02 08:43:29,4973
INFY ,2019-09-02 09:43:32,4973
INFY ,2019-09-02 10:43:36,4973
INFY ,2019-09-02 11:43:30,4973
INFY ,2019-09-02 12:43:28,4973
INFY ,2019-09-02 13:43:30,4973
INFY ,2019-09-02 14:43:29,4973
INFY ,2019-09-02 15:43:29,4973
INFY ,2019-09-02 16:43:40,4973
INFY ,2019-09-02 17:43:29,4973
INFY ,2019-09-02 18:43:31,4973
INFY ,2019-09-02 19:43:30,4973
INFY ,2019-09-02 20:43:29,4973
INFY ,2019-09-02 21:43:30,4973
INFY ,2019-09-02 22:43:30,4973
INFY ,2019-09-02 23:43:31,4973
INFY ,2019-09-03 00:43:30,4973
INFY ,2019-09-03 01:43:32,4973
INFY ,2019-09-03 02:43:33,4973
INFY ,2019-09-03 03:43:29,4973
INFY ,2019-09-03 04:43:28,4973
INFY ,2019-09-03 05:43:37,4973
INFY ,2019-09-03 06:43:33,4973
INFY ,2019-09-03 07:43:28,4973
INFY ,2019-09-03 08:43:36,4973
INFY ,2019-09-03 09:43:29,4973
INFY ,2019-09-03 10:43:33,4973
INFY ,2019-09-03 11:43:28,4973
INFY ,2019-09-03 13:07:39,4974
INFY ,2019-09-03 13:43:36,4974
INFY ,2019-09-03 14:43:31,4981
INFY ,2019-09-03 15:43:31,4980
INFY ,2019-09-03 16:43:34,4981
INFY ,2019-09-03 17:43:30,4982
INFY ,2019-09-03 18:43:29,4983
INFY ,2019-09-03 19:43:28,4982
INFY ,2019-09-03 20:43:30,4984
INFY ,2019-09-03 21:43:29,4984
INFY ,2019-09-03 22:43:35,4984
INFY ,2019-09-03 23:43:29,4984
INFY ,2019-09-04 00:43:32,4984
INFY ,2019-09-04 01:43:31,4984
INFY ,2019-09-04 02:43:30,4984
INFY ,2019-09-04 03:43:29,4984
INFY ,2019-09-04 04:43:28,4984
INFY ,2019-09-04 05:43:39,4984
INFY ,2019-09-04 06:43:31,4984
INFY ,2019-09-04 07:43:29,4984
INFY ,2019-09-04 08:43:29,4984
INFY ,2019-09-04 09:43:31,4984
INFY ,2019-09-04 10:43:30,4984
INFY ,2019-09-04 11:43:29,4984
INFY ,2019-09-04 13:06:36,4984
INFY ,2019-09-04 13:43:30,4984
INFY ,2019-09-04 14:43:30,4977
INFY ,2019-09-04 15:43:30,4974
INFY ,2019-09-04 16:43:38,4966
INFY ,2019-09-04 17:43:29,4962
INFY ,2019-09-04 18:43:31,4960
INFY ,2019-09-04 19:43:30,4957
INFY ,2019-09-04 20:43:30,4959
INFY ,2019-09-04 21:43:28,4962
INFY ,2019-09-04 22:43:29,4962
INFY ,2019-09-04 23:43:32,4962
INFY ,2019-09-05 01:43:29,4962
INFY ,2019-09-05 02:43:35,4962
INFY ,2019-09-05 03:43:28,4962
INFY ,2019-09-05 04:43:29,4962
INFY ,2019-09-05 05:43:40,4962
INFY ,2019-09-05 06:43:28,4962
INFY ,2019-09-05 07:43:33,4962
INFY ,2019-09-05 08:43:29,4962
INFY ,2019-09-05 09:43:27,4962
INFY ,2019-09-05 10:43:35,4962
INFY ,2019-09-05 11:43:29,4962
INFY ,2019-09-05 13:07:33,4962
INFY ,2019-09-05 13:43:30,4962
INFY ,2019-09-05 14:43:33,4954
INFY ,2019-09-05 15:43:30,4954
INFY ,2019-09-05 16:43:42,4952
INFY ,2019-09-05 17:43:31,4956
INFY ,2019-09-05 18:43:28,4957
INFY ,2019-09-05 19:43:28,4949
INFY ,2019-09-05 20:43:31,4953
INFY ,2019-09-05 21:43:29,4953
INFY ,2019-09-05 22:43:30,4953
INFY ,2019-09-05 23:43:32,4953
INFY ,2019-09-06 00:43:31,4953
INFY ,2019-09-06 01:43:31,4953
INFY ,2019-09-06 02:43:29,4953
INFY ,2019-09-06 03:43:27,4953
INFY ,2019-09-06 04:43:28,4953
INFY ,2019-09-06 05:43:41,4953
INFY ,2019-09-06 06:43:30,4953
INFY ,2019-09-06 07:43:32,4953
INFY ,2019-09-06 08:43:29,4953
INFY ,2019-09-06 09:43:30,4953
INFY ,2019-09-06 10:43:30,4953
INFY ,2019-09-06 11:43:42,4953
INFY ,2019-09-06 13:06:34,4953
INFY ,2019-09-06 13:43:31,4953
INFY ,2019-09-06 14:43:28,4950
INFY ,2019-09-06 15:43:28,4948
INFY ,2019-09-06 16:43:40,4948
INFY ,2019-09-06 17:43:30,4949
INFY ,2019-09-06 18:43:32,4946
INFY ,2019-09-06 19:43:29,4947
INFY ,2019-09-06 20:43:30,4948
INFY ,2019-09-06 21:43:30,4946
INFY ,2019-09-06 22:43:30,4946
INFY ,2019-09-06 23:43:28,4946
INFY ,2019-09-07 00:43:29,4946
INFY ,2019-09-07 01:43:31,4946
INFY ,2019-09-07 02:43:31,4946
INFY ,2019-09-07 03:43:31,4946
INFY ,2019-09-07 04:43:30,4946
INFY ,2019-09-07 05:43:53,4946
INFY ,2019-09-07 06:43:30,4946
INFY ,2019-09-07 07:43:28,4946
INFY ,2019-09-07 08:43:28,4946
INFY ,2019-09-07 09:43:29,4946
INFY ,2019-09-07 10:43:31,4946
INFY ,2019-09-07 11:43:29,4946
INFY ,2019-09-07 12:43:28,4946
INFY ,2019-09-07 13:43:31,4946
INFY ,2019-09-07 14:43:30,4946
INFY ,2019-09-07 15:43:30,4946
INFY ,2019-09-07 16:43:30,4946
INFY ,2019-09-07 17:43:30,4946
INFY ,2019-09-07 18:43:29,4946
INFY ,2019-09-07 19:43:28,4946
INFY ,2019-09-07 20:43:29,4946
INFY ,2019-09-07 22:43:27,4946
INFY ,2019-09-07 23:43:31,4946
INFY ,2019-09-08 00:43:30,4946
INFY ,2019-09-08 01:43:32,4946
INFY ,2019-09-08 02:43:35,4946
INFY ,2019-09-08 03:43:31,4946
INFY ,2019-09-08 04:43:29,4946
INFY ,2019-09-08 05:43:34,4946
INFY ,2019-09-08 06:43:30,4946
INFY ,2019-09-08 07:43:28,4946
INFY ,2019-09-08 08:43:30,4946
INFY ,2019-09-08 09:43:28,4946
INFY ,2019-09-08 10:43:32,4946
INFY ,2019-09-08 11:43:28,4946
INFY ,2019-09-08 12:43:29,4946
INFY ,2019-09-08 13:43:30,4946
INFY ,2019-09-08 14:43:30,4946
INFY ,2019-09-08 15:43:28,4946
INFY ,2019-09-08 16:43:36,4946
INFY ,2019-09-08 17:43:30,4946
INFY ,2019-09-08 18:43:29,4946
INFY ,2019-09-08 19:43:35,4946
INFY ,2019-09-08 20:43:32,4946
INFY ,2019-09-08 21:43:30,4946
INFY ,2019-09-08 22:43:28,4946
INFY ,2019-09-08 23:43:29,4946
INFY ,2019-09-09 00:43:28,4946
INFY ,2019-09-09 01:43:30,4946
INFY ,2019-09-09 02:43:30,4946
INFY ,2019-09-09 03:43:30,4946
INFY ,2019-09-09 04:43:28,4946
INFY ,2019-09-09 05:43:43,4946
INFY ,2019-09-09 06:43:28,4946
INFY ,2019-09-09 07:43:29,4946
INFY ,2019-09-09 08:43:29,4946
INFY ,2019-09-09 09:43:27,4946
INFY ,2019-09-09 10:43:28,4946
INFY ,2019-09-09 11:43:30,4946
INFY ,2019-09-09 13:06:35,4948
INFY ,2019-09-09 13:43:33,4948
INFY ,2019-09-09 14:43:36,4948
INFY ,2019-09-09 15:43:31,4945
INFY ,2019-09-09 16:43:44,4948
INFY ,2019-09-09 17:43:29,4943
INFY ,2019-09-09 18:43:30,4939
INFY ,2019-09-09 19:43:29,4936
INFY ,2019-09-09 20:43:29,4938
INFY ,2019-09-09 21:43:29,4939
INFY ,2019-09-09 22:43:28,4939
INFY ,2019-09-09 23:43:29,4939
INFY ,2019-09-10 00:43:30,4939
INFY ,2019-09-10 01:43:29,4939
INFY ,2019-09-10 02:43:33,4939
INFY ,2019-09-10 03:43:31,4939
INFY ,2019-09-10 04:43:30,4939
INFY ,2019-09-10 05:43:34,4939
INFY ,2019-09-10 06:43:29,4939
INFY ,2019-09-10 07:43:28,4939
INFY ,2019-09-10 08:43:30,4939
INFY ,2019-09-10 09:43:40,4939
INFY ,2019-09-10 10:43:29,4939
INFY ,2019-09-10 11:43:28,4939
INFY ,2019-09-10 12:43:31,4939
INFY ,2019-09-10 13:43:30,4940
INFY ,2019-09-10 14:43:29,4940
INFY ,2019-09-10 15:43:28,4932
INFY ,2019-09-10 16:43:35,4935
INFY ,2019-09-10 17:43:29,4930
INFY ,2019-09-10 18:43:29,4930
INFY ,2019-09-10 19:43:36,4927
INFY ,2019-09-10 20:43:27,4929
INFY ,2019-09-10 21:43:30,4929
INFY ,2019-09-10 22:43:28,4929
INFY ,2019-09-10 23:43:30,4929
INFY ,2019-09-11 00:43:29,4929
INFY ,2019-09-11 01:43:30,4929
INFY ,2019-09-11 02:43:28,4929
INFY ,2019-09-11 03:43:27,4929
INFY ,2019-09-11 04:43:28,4929
INFY ,2019-09-11 05:43:37,4929
INFY ,2019-09-11 06:43:31,4929
INFY ,2019-09-11 07:43:27,4929
INFY ,2019-09-11 08:43:28,4929
INFY ,2019-09-11 09:43:33,4929
INFY ,2019-09-11 10:43:41,4929
INFY ,2019-09-11 11:43:36,4929
INFY ,2019-09-11 12:43:29,4929
INFY ,2019-09-11 13:43:33,4929
INFY ,2019-09-11 14:43:29,4929
INFY ,2019-09-11 15:43:29,4928
INFY ,2019-09-11 16:43:32,4924
INFY ,2019-09-11 17:43:28,4924
INFY ,2019-09-11 18:43:29,4924
INFY ,2019-09-11 19:43:29,4922
INFY ,2019-09-11 20:43:28,4923
INFY ,2019-09-11 21:43:34,4923
INFY ,2019-09-11 22:43:28,4923
INFY ,2019-09-11 23:43:28,4923
INFY ,2019-09-12 00:43:30,4923
INFY ,2019-09-12 01:43:29,4923
INFY ,2019-09-12 02:43:36,4923
INFY ,2019-09-12 03:43:29,4923
INFY ,2019-09-12 04:43:27,4923
INFY ,2019-09-12 05:43:40,4923
INFY ,2019-09-12 06:43:30,4923
INFY ,2019-09-12 07:43:29,4923
INFY ,2019-09-12 08:43:27,4923
INFY ,2019-09-12 09:43:28,4923
INFY ,2019-09-12 10:43:41,4923
INFY ,2019-09-12 11:43:31,4923
INFY ,2019-09-12 13:07:36,4923
INFY ,2019-09-12 13:43:31,4923
INFY ,2019-09-12 14:43:34,4932
INFY ,2019-09-12 15:43:31,4934
INFY ,2019-09-12 16:43:31,4936
INFY ,2019-09-12 17:43:29,4938
INFY ,2019-09-12 18:43:29,4938
INFY ,2019-09-12 19:43:29,4945
INFY ,2019-09-12 20:43:27,4942
INFY ,2019-09-12 21:43:26,4942
INFY ,2019-09-12 22:43:29,4944
INFY ,2019-09-12 23:43:29,4944
INFY ,2019-09-13 00:43:28,4944
INFY ,2019-09-13 01:43:31,4944
INFY ,2019-09-13 02:43:29,4944
INFY ,2019-09-13 03:43:29,4944
INFY ,2019-09-13 04:43:27,4944
INFY ,2019-09-13 05:43:29,4944
INFY ,2019-09-13 06:43:30,4944
INFY ,2019-09-13 07:43:27,4944
INFY ,2019-09-13 08:43:29,4944
INFY ,2019-09-13 09:43:28,4944
INFY ,2019-09-13 10:43:29,4944
INFY ,2019-09-13 11:43:28,4944
INFY ,2019-09-13 13:07:31,4944
INFY ,2019-09-13 14:08:33,4947
INFY ,2019-09-13 14:43:29,4947
INFY ,2019-09-13 15:43:28,4947
INFY ,2019-09-13 16:43:28,4943
INFY ,2019-09-13 17:43:28,4944
INFY ,2019-09-13 18:43:27,4943
INFY ,2019-09-13 19:43:28,4946
INFY ,2019-09-13 20:43:25,4950
INFY ,2019-09-13 21:43:31,4951
INFY ,2019-09-13 22:43:26,4952
INFY ,2019-09-13 23:43:28,4952
INFY ,2019-09-14 00:43:31,4952
INFY ,2019-09-14 01:43:25,4952
INFY ,2019-09-14 02:43:28,4952
INFY ,2019-09-14 03:43:29,4952
INFY ,2019-09-14 04:43:26,4952
INFY ,2019-09-14 05:43:28,4952
INFY ,2019-09-14 06:43:27,4952
INFY ,2019-09-14 07:43:27,4952
INFY ,2019-09-14 08:43:27,4952
INFY ,2019-09-14 09:43:26,4952
INFY ,2019-09-14 10:43:28,4952
INFY ,2019-09-14 11:43:24,4952
INFY ,2019-09-14 12:43:27,4952
INFY ,2019-09-14 13:43:25,4952
INFY ,2019-09-14 14:43:27,4952
INFY ,2019-09-14 15:43:25,4952
INFY ,2019-09-14 16:43:29,4952
INFY ,2019-09-14 17:43:28,4952
INFY ,2019-09-14 18:43:25,4952
INFY ,2019-09-14 19:43:26,4952
INFY ,2019-09-14 20:43:25,4952
INFY ,2019-09-14 21:43:29,4952
INFY ,2019-09-14 22:43:26,4952
INFY ,2019-09-14 23:43:28,4952
INFY ,2019-09-15 00:43:28,4952
INFY ,2019-09-15 01:43:25,4952
INFY ,2019-09-15 02:43:30,4952
INFY ,2019-09-15 03:43:29,4952
INFY ,2019-09-15 04:43:28,4952
INFY ,2019-09-15 05:43:25,4952
INFY ,2019-09-15 06:43:30,4952
INFY ,2019-09-15 07:43:29,4952
INFY ,2019-09-15 08:43:29,4952
INFY ,2019-09-15 09:43:26,4952
INFY ,2019-09-15 10:43:27,4952
INFY ,2019-09-15 11:43:28,4952
INFY ,2019-09-15 12:43:29,4952
INFY ,2019-09-15 13:43:29,4952
INFY ,2019-09-15 14:43:27,4952
INFY ,2019-09-15 15:43:25,4952
INFY ,2019-09-15 16:43:29,4952
INFY ,2019-09-15 17:43:24,4952
INFY ,2019-09-15 18:43:26,4952
INFY ,2019-09-15 19:43:27,4952
INFY ,2019-09-15 20:43:26,4952
INFY ,2019-09-15 21:43:29,4952
INFY ,2019-09-15 22:43:26,4952
INFY ,2019-09-15 23:43:25,4952
INFY ,2019-09-16 00:43:28,4952
INFY ,2019-09-16 01:43:27,4952
INFY ,2019-09-16 02:43:29,4952
INFY ,2019-09-16 03:43:29,4952
INFY ,2019-09-16 04:43:26,4952
INFY ,2019-09-16 05:43:29,4952
INFY ,2019-09-16 06:43:29,4952
INFY ,2019-09-16 07:43:26,4952
INFY ,2019-09-16 08:43:28,4952
INFY ,2019-09-16 09:43:28,4952
INFY ,2019-09-16 10:43:27,4952
INFY ,2019-09-16 11:43:24,4952
INFY ,2019-09-16 13:07:03,4953
INFY ,2019-09-16 13:43:29,4953
INFY ,2019-09-16 14:43:32,4962
INFY ,2019-09-16 15:43:29,4961
INFY ,2019-09-16 16:43:32,4965
INFY ,2019-09-16 17:43:28,4964
INFY ,2019-09-16 18:43:30,4968
INFY ,2019-09-16 19:43:36,4968
INFY ,2019-09-16 20:43:34,4967
INFY ,2019-09-16 21:43:30,4967
INFY ,2019-09-16 22:43:32,4967
INFY ,2019-09-16 23:43:31,4967
INFY ,2019-09-17 00:43:30,4967
INFY ,2019-09-17 01:43:28,4967
INFY ,2019-09-17 02:43:30,4967
INFY ,2019-09-17 03:43:31,4967
INFY ,2019-09-17 04:43:28,4967
INFY ,2019-09-17 05:43:29,4967
INFY ,2019-09-17 06:43:27,4967
INFY ,2019-09-17 07:43:30,4967
INFY ,2019-09-17 08:43:27,4967
INFY ,2019-09-17 09:43:32,4967
INFY ,2019-09-17 10:43:31,4967
INFY ,2019-09-17 11:43:29,4967
INFY ,2019-09-17 12:43:29,4967
INFY ,2019-09-17 13:43:31,4967
INFY ,2019-09-17 14:43:30,4972
INFY ,2019-09-17 15:43:30,4972
INFY ,2019-09-17 16:43:32,4969
INFY ,2019-09-17 17:43:28,4965
INFY ,2019-09-17 18:43:29,4964
INFY ,2019-09-17 19:43:28,4963
INFY ,2019-09-17 20:43:29,4965
INFY ,2019-09-17 21:43:29,4965
INFY ,2019-09-17 22:43:31,4964
INFY ,2019-09-17 23:43:29,4964
INFY ,2019-09-18 00:43:29,4964
INFY ,2019-09-18 01:43:28,4964
INFY ,2019-09-18 02:43:27,4964
INFY ,2019-09-18 03:43:28,4964
INFY ,2019-09-18 04:43:36,4964
INFY ,2019-09-18 05:43:29,4964
INFY ,2019-09-18 06:43:31,4964
INFY ,2019-09-18 07:43:28,4964
INFY ,2019-09-18 08:43:30,4964
INFY ,2019-09-18 09:43:30,4964
INFY ,2019-09-18 10:43:28,4964
INFY ,2019-09-18 11:43:28,4964
INFY ,2019-09-18 13:38:38,4965
INFY ,2019-09-18 13:45:53,4965
INFY ,2019-09-18 14:43:30,4967
INFY ,2019-09-18 15:43:32,4971
INFY ,2019-09-18 16:43:33,4974
INFY ,2019-09-18 17:43:28,4973
INFY ,2019-09-18 18:43:27,4973
INFY ,2019-09-18 19:43:31,4976
INFY ,2019-09-18 20:43:29,4975
INFY ,2019-09-18 21:43:28,4977
INFY ,2019-09-18 22:43:30,4977
INFY ,2019-09-18 23:43:32,4977
INFY ,2019-09-19 00:43:26,4977
INFY ,2019-09-19 01:43:29,4977
INFY ,2019-09-19 02:43:32,4977
INFY ,2019-09-19 03:43:30,4977
INFY ,2019-09-19 04:43:27,4977
INFY ,2019-09-19 05:43:30,4977
INFY ,2019-09-19 06:43:31,4977
INFY ,2019-09-19 07:43:26,4977
INFY ,2019-09-19 08:43:29,4977
INFY ,2019-09-19 09:43:28,4977
INFY ,2019-09-19 10:43:29,4977
INFY ,2019-09-19 11:43:26,4977
INFY ,2019-09-19 13:07:05,4977
INFY ,2019-09-19 13:43:33,4977
INFY ,2019-09-19 14:43:28,4981
INFY ,2019-09-19 15:43:31,4985
INFY ,2019-09-19 16:43:35,4985
INFY ,2019-09-19 17:43:31,4982
INFY ,2019-09-19 18:43:31,4983
INFY ,2019-09-19 19:43:27,4983
INFY ,2019-09-19 20:43:32,4984
INFY ,2019-09-19 21:43:28,4983
INFY ,2019-09-19 22:43:32,4983
INFY ,2019-09-19 23:43:28,4983
INFY ,2019-09-20 00:43:33,4983
INFY ,2019-09-20 01:43:36,4983
INFY ,2019-09-20 02:43:27,4983
INFY ,2019-09-20 03:43:31,4983
INFY ,2019-09-20 04:43:30,4983
INFY ,2019-09-20 05:43:32,4983
INFY ,2019-09-20 06:43:29,4983
INFY ,2019-09-20 07:43:29,4983
INFY ,2019-09-20 08:43:32,4983
INFY ,2019-09-20 09:43:27,4983
INFY ,2019-09-20 10:43:28,4983
INFY ,2019-09-20 11:43:31,4983
INFY ,2019-09-20 12:43:32,4983
INFY ,2019-09-20 13:43:26,4983
INFY ,2019-09-20 14:43:30,4998
INFY ,2019-09-20 15:43:31,5001
INFY ,2019-09-20 16:43:30,5002
INFY ,2019-09-20 17:43:33,5008
INFY ,2019-09-20 18:43:28,5011
INFY ,2019-09-20 19:43:31,5014
INFY ,2019-09-20 20:43:26,5022
INFY ,2019-09-20 21:43:28,5023
INFY ,2019-09-20 22:43:31,5023
INFY ,2019-09-20 23:43:26,5023
INFY ,2019-09-21 00:43:26,5023
INFY ,2019-09-21 01:43:26,5023
INFY ,2019-09-21 02:43:29,5023
INFY ,2019-09-21 03:43:31,5023
INFY ,2019-09-21 04:43:25,5023
INFY ,2019-09-21 05:43:30,5023
INFY ,2019-09-21 06:43:30,5023
INFY ,2019-09-21 07:43:26,5023
INFY ,2019-09-21 08:43:26,5023
INFY ,2019-09-21 09:43:28,5023
INFY ,2019-09-21 10:43:26,5023
INFY ,2019-09-21 11:43:28,5023
INFY ,2019-09-21 12:43:30,5023
INFY ,2019-09-21 13:43:30,5023
INFY ,2019-09-21 14:43:27,5023
INFY ,2019-09-21 15:43:26,5023
INFY ,2019-09-21 16:43:30,5023
INFY ,2019-09-21 17:43:28,5023
INFY ,2019-09-21 18:43:27,5023
INFY ,2019-09-21 19:43:27,5023
INFY ,2019-09-21 20:43:26,5023
INFY ,2019-09-21 21:43:27,5023
INFY ,2019-09-21 22:43:27,5023
INFY ,2019-09-21 23:43:29,5023
INFY ,2019-09-22 00:43:26,5023
INFY ,2019-09-22 01:43:27,5023
INFY ,2019-09-22 02:43:28,5023
INFY ,2019-09-22 03:43:27,5023
INFY ,2019-09-22 04:43:29,5023
INFY ,2019-09-22 05:43:27,5023
INFY ,2019-09-22 06:43:30,5023
INFY ,2019-09-22 07:43:30,5023
INFY ,2019-09-22 08:43:27,5023
INFY ,2019-09-22 09:43:29,5023
INFY ,2019-09-22 10:43:27,5023
INFY ,2019-09-22 11:43:26,5023
INFY ,2019-09-22 12:43:28,5023
INFY ,2019-09-22 13:43:26,5023
INFY ,2019-09-22 14:43:30,5023
INFY ,2019-09-22 15:43:26,5023
INFY ,2019-09-22 16:43:30,5023
INFY ,2019-09-22 17:43:27,5023
INFY ,2019-09-22 18:43:27,5023
INFY ,2019-09-22 19:43:30,5023
INFY ,2019-09-22 20:43:26,5023
INFY ,2019-09-22 21:43:27,5023
INFY ,2019-09-22 22:43:26,5023
INFY ,2019-09-22 23:43:27,5023
INFY ,2019-09-23 00:43:29,5023
INFY ,2019-09-23 01:43:26,5023
INFY ,2019-09-23 02:43:26,5023
INFY ,2019-09-23 03:43:29,5023
INFY ,2019-09-23 04:43:27,5023
INFY ,2019-09-23 05:43:25,5023
INFY ,2019-09-23 06:43:29,5022
INFY ,2019-09-23 07:43:27,5022
INFY ,2019-09-23 08:43:29,5022
INFY ,2019-09-23 09:43:28,5022
INFY ,2019-09-23 10:43:28,5022
INFY ,2019-09-23 11:43:31,5022
INFY ,2019-09-23 12:43:29,5022
INFY ,2019-09-23 13:43:27,5026
INFY ,2019-09-23 14:43:30,5030
INFY ,2019-09-23 15:43:26,5039
INFY ,2019-09-23 16:43:30,5044
INFY ,2019-09-23 17:43:27,5045
INFY ,2019-09-23 18:43:31,5049
INFY ,2019-09-23 19:43:27,5055
INFY ,2019-09-23 20:43:27,5060
INFY ,2019-09-23 21:43:28,5062
INFY ,2019-09-23 22:43:29,5062
INFY ,2019-09-23 23:43:26,5062
INFY ,2019-09-24 00:43:29,5062
INFY ,2019-09-24 01:43:27,5062
INFY ,2019-09-24 03:43:30,5062
INFY ,2019-09-24 04:43:27,5062
INFY ,2019-09-24 05:43:33,5062
INFY ,2019-09-24 06:43:27,5062
INFY ,2019-09-24 07:43:28,5062
INFY ,2019-09-24 08:43:29,5062
INFY ,2019-09-24 09:43:26,5062
INFY ,2019-09-24 10:43:28,5062
INFY ,2019-09-24 11:43:30,5062
INFY ,2019-09-24 12:43:30,5062
INFY ,2019-09-24 13:43:28,5062
INFY ,2019-09-24 14:43:29,5065
INFY ,2019-09-24 15:43:31,5062
INFY ,2019-09-24 16:43:29,5059
INFY ,2019-09-24 17:43:29,5057
INFY ,2019-09-24 18:43:30,5062
INFY ,2019-09-24 19:43:27,5063
INFY ,2019-09-24 20:43:28,5068
INFY ,2019-09-24 21:43:30,5067
INFY ,2019-09-24 22:43:27,5067
INFY ,2019-09-24 23:43:26,5067
INFY ,2019-09-25 00:43:29,5067
INFY ,2019-09-25 01:43:32,5067
INFY ,2019-09-25 02:43:25,5067
INFY ,2019-09-25 03:43:32,5067
INFY ,2019-09-25 04:43:30,5067
INFY ,2019-09-25 05:43:26,5067
INFY ,2019-09-25 06:43:29,5067
INFY ,2019-09-25 07:43:32,5067
INFY ,2019-09-25 08:43:29,5067
INFY ,2019-09-25 09:43:29,5067
INFY ,2019-09-25 10:43:30,5067
INFY ,2019-09-25 11:43:28,5067
INFY ,2019-09-25 12:43:31,5067
INFY ,2019-09-25 13:43:32,5067
INFY ,2019-09-25 14:43:31,5072
INFY ,2019-09-25 15:43:32,5076
INFY ,2019-09-25 16:43:30,5083
INFY ,2019-09-25 17:43:29,5088
INFY ,2019-09-25 18:43:29,5088
INFY ,2019-09-25 19:43:32,5094
INFY ,2019-09-25 20:43:27,5098
INFY ,2019-09-25 21:43:29,5100
INFY ,2019-09-25 22:43:27,5100
INFY ,2019-09-25 23:43:31,5100
INFY ,2019-09-26 00:43:28,5100
INFY ,2019-09-26 01:43:28,5100
INFY ,2019-09-26 02:43:31,5100
INFY ,2019-09-26 03:43:29,5100
INFY ,2019-09-26 04:43:33,5100
INFY ,2019-09-26 05:43:30,5100
INFY ,2019-09-26 06:43:29,5100
INFY ,2019-09-26 07:43:27,5100
INFY ,2019-09-26 08:43:30,5100
INFY ,2019-09-26 09:43:29,5100
INFY ,2019-09-26 10:43:27,5100
INFY ,2019-09-26 11:43:27,5100
INFY ,2019-09-26 13:06:34,5100
INFY ,2019-09-26 13:43:35,5100
INFY ,2019-09-26 14:43:30,5105
INFY ,2019-09-26 15:43:31,5104
INFY ,2019-09-26 16:43:32,5107
INFY ,2019-09-26 17:43:32,5103
INFY ,2019-09-26 18:43:34,5106
INFY ,2019-09-26 19:43:30,5113
INFY ,2019-09-26 20:43:28,5113
INFY ,2019-09-26 21:43:32,5114
INFY ,2019-09-26 22:43:31,5114
INFY ,2019-09-26 23:43:30,5114
INFY ,2019-09-27 00:43:30,5114
INFY ,2019-09-27 01:43:26,5114
INFY ,2019-09-27 02:43:38,5114
INFY ,2019-09-27 03:43:30,5114
INFY ,2019-09-27 04:43:28,5114
INFY ,2019-09-27 05:43:30,5114
INFY ,2019-09-27 06:43:30,5114
INFY ,2019-09-27 07:43:34,5114
INFY ,2019-09-27 08:43:28,5114
INFY ,2019-09-27 09:43:28,5114
INFY ,2019-09-27 10:43:31,5114
INFY ,2019-09-27 11:43:28,5114
INFY ,2019-09-27 13:07:34,5114
INFY ,2019-09-27 13:43:33,5114
INFY ,2019-09-27 14:43:31,5123
INFY ,2019-09-27 15:43:30,5122
INFY ,2019-09-27 16:43:31,5122
INFY ,2019-09-27 17:43:30,5117
INFY ,2019-09-27 18:43:26,5117
INFY ,2019-09-27 19:43:30,5115
INFY ,2019-09-27 20:43:25,5115
INFY ,2019-09-27 21:43:27,5116
INFY ,2019-09-27 22:43:32,5116
INFY ,2019-09-27 23:43:29,5116
INFY ,2019-09-28 00:43:28,5116
INFY ,2019-09-28 01:43:31,5116
INFY ,2019-09-28 02:43:29,5116
INFY ,2019-09-28 03:43:29,5116
INFY ,2019-09-28 04:43:29,5116
INFY ,2019-09-28 05:43:32,5116
INFY ,2019-09-28 06:43:26,5116
INFY ,2019-09-28 07:43:31,5116
INFY ,2019-09-28 08:43:28,5116
INFY ,2019-09-28 09:43:29,5116
INFY ,2019-09-28 10:43:25,5116
INFY ,2019-09-28 11:43:29,5116
INFY ,2019-09-28 12:43:30,5116
INFY ,2019-09-28 13:43:32,5116
INFY ,2019-09-28 14:43:27,5116
INFY ,2019-09-28 15:43:26,5116
INFY ,2019-09-28 16:43:31,5116
INFY ,2019-09-28 17:43:30,5116
INFY ,2019-09-28 18:43:26,5116
INFY ,2019-09-28 19:43:27,5116
INFY ,2019-09-28 20:43:30,5116
INFY ,2019-09-28 21:43:27,5116
INFY ,2019-09-28 22:43:29,5116
INFY ,2019-09-28 23:43:26,5116
INFY ,2019-09-29 00:43:27,5116
INFY ,2019-09-29 01:43:29,5116
INFY ,2019-09-29 02:43:30,5116
INFY ,2019-09-29 03:43:30,5116
INFY ,2019-09-29 04:43:27,5116
INFY ,2019-09-29 05:43:30,5116
INFY ,2019-09-29 06:43:26,5116
INFY ,2019-09-29 07:43:29,5116
INFY ,2019-09-29 08:43:27,5116
INFY ,2019-09-29 09:43:29,5116
INFY ,2019-09-29 10:43:26,5116
INFY ,2019-09-29 11:43:28,5116
INFY ,2019-09-29 12:43:27,5116
INFY ,2019-09-29 13:43:27,5116
INFY ,2019-09-29 14:43:29,5116
INFY ,2019-09-29 15:43:26,5116
INFY ,2019-09-29 16:43:29,5116
INFY ,2019-09-29 17:43:33,5116
INFY ,2019-09-29 18:43:27,5116
INFY ,2019-09-29 19:43:32,5116
INFY ,2019-09-29 20:43:30,5116
INFY ,2019-09-29 21:43:27,5116
INFY ,2019-09-29 22:43:28,5116
INFY ,2019-09-29 23:43:31,5116
INFY ,2019-09-30 00:43:25,5116
INFY ,2019-09-30 01:43:29,5116
INFY ,2019-09-30 02:43:26,5116
INFY ,2019-09-30 03:43:30,5116
INFY ,2019-09-30 04:43:28,5116
INFY ,2019-09-30 05:43:29,5116
INFY ,2019-09-30 06:43:27,5116
INFY ,2019-09-30 07:43:31,5116
INFY ,2019-09-30 08:43:28,5116
INFY ,2019-09-30 09:43:29,5116
INFY ,2019-09-30 10:43:26,5116
INFY ,2019-09-30 11:43:27,5116
INFY ,2019-09-30 12:43:30,5116
INFY ,2019-09-30 13:43:28,5115
INFY ,2019-09-30 14:43:32,5124
INFY ,2019-09-30 15:43:30,5125
INFY ,2019-09-30 16:43:36,5120
INFY ,2019-09-30 17:43:30,5120
INFY ,2019-09-30 18:43:33,5121
INFY ,2019-09-30 19:43:28,5121
INFY ,2019-09-30 20:43:27,5124
INFY ,2019-09-30 21:43:29,5125
INFY ,2019-09-30 22:43:27,5127
INFY ,2019-09-30 23:43:30,5127
INFY ,2019-10-01 00:43:29,5127
INFY ,2019-10-01 01:43:27,5127
INFY ,2019-10-01 02:43:29,5127
INFY ,2019-10-01 03:43:30,5127
INFY ,2019-10-01 04:43:26,5127
INFY ,2019-10-01 05:43:27,5127
INFY ,2019-10-01 06:43:28,5127
INFY ,2019-10-01 07:43:31,5127
INFY ,2019-10-01 08:43:27,5127
INFY ,2019-10-01 09:43:33,5127
INFY ,2019-10-01 10:43:28,5127
INFY ,2019-10-01 11:43:27,5127
INFY ,2019-10-01 13:06:32,5128
INFY ,2019-10-01 13:43:30,5128
INFY ,2019-10-01 14:43:27,5139
INFY ,2019-10-01 15:43:27,5142
INFY ,2019-10-01 16:43:31,5142
INFY ,2019-10-01 17:43:25,5143
INFY ,2019-10-01 18:43:29,5142
INFY ,2019-10-01 19:43:29,5146
INFY ,2019-10-01 20:43:26,5147
INFY ,2019-10-01 21:43:27,5149
INFY ,2019-10-01 22:43:28,5149
INFY ,2019-10-01 23:43:27,5149
INFY ,2019-10-02 00:43:41,5149
INFY ,2019-10-02 01:43:27,5149
INFY ,2019-10-02 02:43:26,5149
INFY ,2019-10-02 03:43:28,5149
INFY ,2019-10-02 04:43:31,5149
INFY ,2019-10-02 05:43:29,5149
INFY ,2019-10-02 06:43:26,5149
INFY ,2019-10-02 07:43:26,5149
INFY ,2019-10-02 08:43:26,5149
INFY ,2019-10-02 09:43:29,5149
INFY ,2019-10-02 10:43:25,5149
INFY ,2019-10-02 11:43:25,5149
INFY ,2019-10-02 13:07:03,5151
INFY ,2019-10-02 13:43:29,5151
INFY ,2019-10-02 14:43:28,5152
INFY ,2019-10-02 15:43:30,5148
INFY ,2019-10-02 16:43:26,5149
INFY ,2019-10-02 17:43:27,5152
INFY ,2019-10-02 18:43:28,5154
INFY ,2019-10-02 19:43:28,5155
INFY ,2019-10-02 20:43:28,5158
INFY ,2019-10-02 21:43:28,5157
INFY ,2019-10-02 22:43:30,5156
INFY ,2019-10-02 23:43:26,5156
INFY ,2019-10-03 00:43:26,5156
INFY ,2019-10-03 01:43:27,5156
INFY ,2019-10-03 02:43:27,5156
INFY ,2019-10-03 03:43:28,5156
INFY ,2019-10-03 04:43:28,5156
INFY ,2019-10-03 06:43:27,5156
INFY ,2019-10-03 07:43:29,5156
INFY ,2019-10-03 08:43:28,5156
INFY ,2019-10-03 09:43:27,5156
INFY ,2019-10-03 10:43:30,5156
INFY ,2019-10-03 11:43:26,5156
INFY ,2019-10-03 13:06:59,5157
INFY ,2019-10-03 13:44:22,5157
INFY ,2019-10-03 14:43:30,5162
INFY ,2019-10-03 15:43:26,5168
INFY ,2019-10-03 16:43:27,5172
INFY ,2019-10-03 17:43:28,5173
INFY ,2019-10-03 18:43:29,5175
INFY ,2019-10-03 19:43:28,5178
INFY ,2019-10-03 20:43:27,5175
INFY ,2019-10-03 21:43:27,5177
INFY ,2019-10-03 22:43:27,5177
INFY ,2019-10-03 23:43:30,5177
INFY ,2019-10-04 00:43:27,5177
INFY ,2019-10-04 01:43:27,5177
INFY ,2019-10-04 02:43:26,5177
INFY ,2019-10-04 03:43:27,5177
INFY ,2019-10-04 04:43:27,5177
INFY ,2019-10-04 05:43:32,5177
INFY ,2019-10-04 06:43:30,5177
INFY ,2019-10-04 07:43:27,5177
INFY ,2019-10-04 08:43:28,5177
INFY ,2019-10-04 09:43:27,5177
INFY ,2019-10-04 10:43:29,5177
INFY ,2019-10-04 11:43:27,5177
INFY ,2019-10-04 12:43:28,5177
INFY ,2019-10-04 13:43:30,5177
INFY ,2019-10-04 14:43:26,5189
INFY ,2019-10-04 15:43:27,5188
INFY ,2019-10-04 16:43:30,5190
INFY ,2019-10-04 17:43:26,5190
INFY ,2019-10-04 18:43:28,5192
INFY ,2019-10-04 19:43:28,5194
INFY ,2019-10-04 20:43:28,5192
INFY ,2019-10-04 21:43:29,5192
INFY ,2019-10-04 22:43:26,5192
INFY ,2019-10-04 23:43:26,5192
INFY ,2019-10-05 00:43:30,5192
INFY ,2019-10-05 01:43:27,5192
INFY ,2019-10-05 02:43:27,5192
INFY ,2019-10-05 03:43:26,5192
INFY ,2019-10-05 04:43:26,5192
INFY ,2019-10-05 05:43:31,5192
INFY ,2019-10-05 06:43:26,5192
INFY ,2019-10-05 07:43:27,5192
INFY ,2019-10-05 08:43:29,5192
INFY ,2019-10-05 09:43:26,5192
INFY ,2019-10-05 10:43:26,5192
INFY ,2019-10-05 11:43:27,5192
INFY ,2019-10-05 12:43:28,5192
INFY ,2019-10-05 13:43:29,5192
INFY ,2019-10-05 14:43:27,5192
INFY ,2019-10-05 15:43:26,5192
INFY ,2019-10-05 16:43:28,5192
INFY ,2019-10-05 17:43:31,5192
INFY ,2019-10-05 18:43:28,5192
INFY ,2019-10-05 19:43:27,5192
INFY ,2019-10-05 20:43:29,5192
INFY ,2019-10-05 21:43:27,5192
INFY ,2019-10-05 22:43:27,5192
INFY ,2019-10-05 23:43:28,5192
INFY ,2019-10-06 00:43:27,5192
INFY ,2019-10-06 01:43:28,5192
INFY ,2019-10-06 02:43:33,5192
INFY ,2019-10-06 03:43:29,5192
INFY ,2019-10-06 04:43:27,5192
INFY ,2019-10-06 05:43:27,5192
INFY ,2019-10-06 06:43:31,5192
INFY ,2019-10-06 07:43:28,5192
INFY ,2019-10-06 08:43:30,5192
INFY ,2019-10-06 09:43:28,5192
INFY ,2019-10-06 10:43:27,5192
INFY ,2019-10-06 11:43:28,5192
INFY ,2019-10-06 12:43:29,5192
INFY ,2019-10-06 13:43:26,5192
INFY ,2019-10-06 14:43:28,5192
INFY ,2019-10-06 15:43:26,5192
INFY ,2019-10-06 16:43:27,5192
INFY ,2019-10-06 17:43:27,5192
INFY ,2019-10-06 18:43:30,5192
INFY ,2019-10-06 19:43:30,5192
INFY ,2019-10-06 20:43:26,5192
INFY ,2019-10-06 21:43:26,5192
INFY ,2019-10-06 22:43:26,5192
INFY ,2019-10-06 23:43:26,5192
INFY ,2019-10-07 00:43:27,5192
INFY ,2019-10-07 01:43:28,5192
INFY ,2019-10-07 02:43:29,5192
INFY ,2019-10-07 03:43:27,5192
INFY ,2019-10-07 04:43:27,5192
INFY ,2019-10-07 05:43:27,5192
INFY ,2019-10-07 06:43:28,5192
INFY ,2019-10-07 07:43:27,5192
INFY ,2019-10-07 08:43:27,5192
INFY ,2019-10-07 09:43:33,5192
INFY ,2019-10-07 10:43:27,5192
INFY ,2019-10-07 11:43:27,5192
INFY ,2019-10-07 12:43:35,5192
INFY ,2019-10-07 13:43:29,5195
INFY ,2019-10-07 14:43:27,5215
INFY ,2019-10-07 15:43:28,5214
INFY ,2019-10-07 16:43:29,5214
INFY ,2019-10-07 17:43:27,5217
INFY ,2019-10-07 18:43:27,5216
INFY ,2019-10-07 19:43:29,5216
INFY ,2019-10-07 20:43:26,5217
INFY ,2019-10-07 21:43:26,5218
INFY ,2019-10-07 22:43:26,5219
INFY ,2019-10-07 23:43:30,5219
INFY ,2019-10-08 00:43:27,5219
INFY ,2019-10-08 01:43:26,5219
INFY ,2019-10-08 02:43:26,5219
INFY ,2019-10-08 03:43:30,5219
INFY ,2019-10-08 04:43:27,5219
INFY ,2019-10-08 05:43:26,5219
INFY ,2019-10-08 06:43:28,5219
INFY ,2019-10-08 07:43:27,5219
INFY ,2019-10-08 08:43:27,5219
INFY ,2019-10-08 09:43:28,5219
INFY ,2019-10-08 10:43:29,5219
INFY ,2019-10-08 11:43:26,5219
INFY ,2019-10-08 12:43:28,5219
INFY ,2019-10-08 13:43:29,5220
INFY ,2019-10-08 14:43:26,5222
INFY ,2019-10-08 15:43:27,5225
INFY ,2019-10-08 16:43:31,5229
INFY ,2019-10-08 17:43:30,5226
INFY ,2019-10-08 18:43:29,5230
INFY ,2019-10-08 19:43:29,5230
INFY ,2019-10-08 20:43:27,5233
INFY ,2019-10-08 21:43:27,5234
INFY ,2019-10-08 22:43:28,5235
INFY ,2019-10-08 23:43:28,5235
INFY ,2019-10-09 00:43:27,5235
INFY ,2019-10-09 01:43:28,5235
INFY ,2019-10-09 02:43:28,5235
INFY ,2019-10-09 03:43:26,5235
INFY ,2019-10-09 04:43:29,5235
INFY ,2019-10-09 05:43:27,5235
INFY ,2019-10-09 06:43:27,5235
INFY ,2019-10-09 07:43:32,5235
INFY ,2019-10-09 08:43:28,5235
INFY ,2019-10-09 09:43:26,5235
INFY ,2019-10-09 10:43:28,5235
INFY ,2019-10-09 11:43:26,5235
INFY ,2019-10-09 12:43:32,5235
INFY ,2019-10-09 13:43:28,5234
INFY ,2019-10-09 14:43:28,5240
INFY ,2019-10-09 15:43:33,5257
INFY ,2019-10-09 16:43:29,5274
INFY ,2019-10-09 17:43:35,5290
INFY ,2019-10-09 18:43:31,5303
INFY ,2019-10-09 19:43:32,5306
INFY ,2019-10-09 20:43:28,5320
INFY ,2019-10-09 21:43:26,5322
INFY ,2019-10-09 22:43:28,5322
INFY ,2019-10-09 23:43:28,5322
INFY ,2019-10-10 00:43:30,5322
INFY ,2019-10-10 01:43:27,5322
INFY ,2019-10-10 02:43:29,5322
INFY ,2019-10-10 03:43:27,5322
INFY ,2019-10-10 04:43:27,5322
INFY ,2019-10-10 05:43:32,5322
INFY ,2019-10-10 06:43:28,5322
INFY ,2019-10-10 07:43:30,5322
INFY ,2019-10-10 08:43:28,5322
INFY ,2019-10-10 09:43:27,5322
INFY ,2019-10-10 10:43:27,5322
INFY ,2019-10-10 11:43:29,5322
INFY ,2019-10-10 13:06:35,5324
INFY ,2019-10-10 13:43:30,5324
INFY ,2019-10-10 14:43:28,5351
INFY ,2019-10-10 15:43:29,5362
INFY ,2019-10-10 16:43:28,5362
INFY ,2019-10-10 17:43:28,5365
INFY ,2019-10-10 18:43:27,5361
INFY ,2019-10-10 19:43:29,5366
INFY ,2019-10-10 20:43:28,5407
INFY ,2019-10-10 21:43:29,5408
INFY ,2019-10-10 22:43:28,5413
INFY ,2019-10-10 23:43:41,5413
INFY ,2019-10-11 00:43:29,5413
INFY ,2019-10-11 01:43:29,5413
INFY ,2019-10-11 02:43:29,5413
INFY ,2019-10-11 03:43:33,5413
INFY ,2019-10-11 04:43:28,5413
INFY ,2019-10-11 05:43:27,5413
INFY ,2019-10-11 06:43:31,5413
INFY ,2019-10-11 07:43:29,5413
INFY ,2019-10-11 08:43:28,5413
INFY ,2019-10-11 09:43:32,5413
INFY ,2019-10-11 10:43:28,5413
INFY ,2019-10-11 11:43:28,5413
INFY ,2019-10-11 13:07:04,5412
INFY ,2019-10-11 13:43:31,5412
INFY ,2019-10-11 14:43:27,5397
INFY ,2019-10-11 15:43:36,5408
INFY ,2019-10-11 16:43:30,5413
INFY ,2019-10-11 17:43:29,5414
INFY ,2019-10-11 18:43:30,5427
INFY ,2019-10-11 19:43:30,5435
INFY ,2019-10-11 20:43:28,5439
INFY ,2019-10-11 21:43:28,5438
INFY ,2019-10-11 22:43:28,5438
INFY ,2019-10-11 23:43:27,5438
INFY ,2019-10-12 00:43:31,5438
INFY ,2019-10-12 01:43:27,5438
INFY ,2019-10-12 02:43:29,5438
INFY ,2019-10-12 03:43:30,5438
INFY ,2019-10-12 04:43:27,5438
INFY ,2019-10-12 05:43:31,5438
INFY ,2019-10-12 06:43:33,5438
INFY ,2019-10-12 07:43:27,5438
INFY ,2019-10-12 08:43:28,5438
INFY ,2019-10-12 09:43:31,5438
INFY ,2019-10-12 10:43:27,5438
INFY ,2019-10-12 11:43:27,5438
INFY ,2019-10-12 12:43:32,5438
INFY ,2019-10-12 13:43:28,5438
INFY ,2019-10-12 14:43:28,5438
INFY ,2019-10-12 15:43:28,5438
INFY ,2019-10-12 16:43:31,5438
INFY ,2019-10-12 17:43:31,5438
INFY ,2019-10-12 18:43:28,5438
INFY ,2019-10-12 19:43:29,5438
INFY ,2019-10-12 20:43:29,5438
INFY ,2019-10-12 21:43:27,5438
INFY ,2019-10-12 22:43:29,5438
INFY ,2019-10-12 23:43:28,5438
INFY ,2019-10-13 00:43:31,5438
INFY ,2019-10-13 01:43:28,5438
INFY ,2019-10-13 02:43:28,5438
INFY ,2019-10-13 03:43:31,5438
INFY ,2019-10-13 04:43:27,5438
INFY ,2019-10-13 05:43:27,5438
INFY ,2019-10-13 06:43:29,5438
INFY ,2019-10-13 07:43:28,5438
INFY ,2019-10-13 08:43:31,5438
INFY ,2019-10-13 09:43:30,5438
INFY ,2019-10-13 10:43:26,5438
INFY ,2019-10-13 11:43:31,5438
INFY ,2019-10-13 12:43:27,5438
INFY ,2019-10-13 13:43:31,5438
INFY ,2019-10-13 14:43:30,5438
INFY ,2019-10-13 15:43:28,5438
INFY ,2019-10-13 16:43:34,5438
INFY ,2019-10-13 17:43:28,5438
INFY ,2019-10-13 18:43:29,5438
INFY ,2019-10-13 19:43:30,5438
INFY ,2019-10-13 20:43:32,5438
INFY ,2019-10-13 21:43:31,5438
INFY ,2019-10-13 22:43:30,5438
INFY ,2019-10-13 23:43:34,5438
INFY ,2019-10-14 00:43:28,5438
INFY ,2019-10-14 01:43:30,5438
INFY ,2019-10-14 02:43:28,5438
INFY ,2019-10-14 03:43:29,5438
INFY ,2019-10-14 04:43:30,5438
INFY ,2019-10-14 05:43:28,5438
INFY ,2019-10-14 06:43:31,5438
INFY ,2019-10-14 07:43:28,5438
INFY ,2019-10-14 08:43:28,5438
INFY ,2019-10-14 09:43:31,5438
INFY ,2019-10-14 10:43:29,5438
INFY ,2019-10-14 11:43:31,5438
INFY ,2019-10-14 12:43:32,5438
INFY ,2019-10-14 13:43:30,5437
INFY ,2019-10-14 14:43:29,5471
INFY ,2019-10-14 15:43:29,5472
INFY ,2019-10-14 16:43:34,5484
INFY ,2019-10-14 17:43:28,5484
INFY ,2019-10-14 18:43:32,5488
INFY ,2019-10-14 19:43:28,5488
INFY ,2019-10-14 20:43:30,5494
INFY ,2019-10-14 21:43:30,5496
INFY ,2019-10-14 22:43:31,5497
INFY ,2019-10-14 23:43:37,5497
INFY ,2019-10-15 00:43:28,5497
INFY ,2019-10-15 02:43:34,5497
INFY ,2019-10-15 03:43:28,5497
INFY ,2019-10-15 04:43:28,5497
INFY ,2019-10-15 05:43:31,5498
INFY ,2019-10-15 06:43:31,5498
INFY ,2019-10-15 07:43:34,5498
INFY ,2019-10-15 08:43:30,5498
INFY ,2019-10-15 09:43:29,5498
INFY ,2019-10-15 10:43:29,5498
INFY ,2019-10-15 11:43:32,5498
INFY ,2019-10-15 12:43:29,5498
INFY ,2019-10-15 13:43:33,5498
INFY ,2019-10-15 14:43:28,5496
INFY ,2019-10-15 15:43:27,5499
INFY ,2019-10-15 16:43:30,5506
INFY ,2019-10-15 17:43:31,5505
INFY ,2019-10-15 18:43:33,5509
INFY ,2019-10-15 19:43:32,5508
INFY ,2019-10-15 20:43:36,5508
INFY ,2019-10-15 21:43:29,5509
INFY ,2019-10-15 22:43:27,5510
INFY ,2019-10-15 23:43:28,5510
INFY ,2019-10-16 00:43:29,5510
INFY ,2019-10-16 01:43:28,5510
INFY ,2019-10-16 02:43:29,5510
INFY ,2019-10-16 03:43:34,5510
INFY ,2019-10-16 04:43:29,5510
INFY ,2019-10-16 05:43:29,5510
INFY ,2019-10-16 06:43:28,5510
INFY ,2019-10-16 07:43:34,5510
INFY ,2019-10-16 08:43:36,5510
INFY ,2019-10-16 09:43:29,5510
INFY ,2019-10-16 10:43:30,5510
INFY ,2019-10-16 11:43:28,5510
INFY ,2019-10-16 12:43:29,5510
INFY ,2019-10-16 13:43:34,5509
INFY ,2019-10-16 14:43:29,5506
INFY ,2019-10-16 15:43:35,5511
INFY ,2019-10-16 16:43:29,5510
INFY ,2019-10-16 17:43:27,5510
INFY ,2019-10-16 18:43:30,5508
INFY ,2019-10-16 19:43:27,5507
INFY ,2019-10-16 20:43:29,5507
INFY ,2019-10-16 21:43:30,5508
INFY ,2019-10-16 22:43:27,5508
INFY ,2019-10-16 23:43:29,5508
INFY ,2019-10-17 00:43:28,5508
INFY ,2019-10-17 01:43:30,5508
INFY ,2019-10-17 02:43:29,5508
INFY ,2019-10-17 04:43:31,5508
INFY ,2019-10-17 05:43:27,5508
INFY ,2019-10-17 06:43:28,5508
INFY ,2019-10-17 07:43:31,5508
INFY ,2019-10-17 08:43:29,5508
INFY ,2019-10-17 09:43:27,5508
INFY ,2019-10-17 10:43:26,5508
INFY ,2019-10-17 11:43:31,5508
INFY ,2019-10-17 12:43:29,5508
INFY ,2019-10-17 13:43:30,5508
INFY ,2019-10-17 14:43:32,5503
INFY ,2019-10-17 15:43:27,5507
INFY ,2019-10-17 16:43:27,5515
INFY ,2019-10-17 17:43:29,5514
INFY ,2019-10-17 18:43:28,5513
INFY ,2019-10-17 19:43:31,5516
INFY ,2019-10-17 20:43:29,5513
INFY ,2019-10-17 21:43:28,5513
INFY ,2019-10-17 22:43:28,5514
INFY ,2019-10-17 23:43:29,5514
INFY ,2019-10-18 00:43:28,5514
INFY ,2019-10-18 01:43:30,5514
INFY ,2019-10-18 02:43:29,5514
INFY ,2019-10-18 03:43:33,5514
INFY ,2019-10-18 04:43:28,5514
INFY ,2019-10-18 05:43:29,5514
INFY ,2019-10-18 06:43:33,5514
INFY ,2019-10-18 07:43:29,5514
INFY ,2019-10-18 08:43:30,5514
INFY ,2019-10-18 09:43:29,5514
INFY ,2019-10-18 10:43:32,5514
INFY ,2019-10-18 11:43:29,5514
INFY ,2019-10-18 13:06:04,5513
INFY ,2019-10-18 13:43:28,5513
INFY ,2019-10-18 14:43:29,5510
INFY ,2019-10-18 15:43:33,5499
INFY ,2019-10-18 16:43:28,5504
INFY ,2019-10-18 17:43:31,5505
INFY ,2019-10-18 18:43:29,5500
INFY ,2019-10-18 19:43:29,5501
INFY ,2019-10-18 20:43:32,5503
INFY ,2019-10-18 21:43:29,5504
INFY ,2019-10-18 22:43:28,5504
INFY ,2019-10-18 23:43:30,5504
INFY ,2019-10-19 00:43:28,5504
INFY ,2019-10-19 01:43:32,5504
INFY ,2019-10-19 02:43:29,5504
INFY ,2019-10-19 03:43:28,5504
INFY ,2019-10-19 04:43:31,5504
INFY ,2019-10-19 05:43:28,5504
INFY ,2019-10-19 06:43:32,5504
INFY ,2019-10-19 07:43:30,5504
INFY ,2019-10-19 08:43:30,5504
INFY ,2019-10-19 09:43:30,5504
INFY ,2019-10-19 10:43:32,5504
INFY ,2019-10-19 11:43:28,5504
INFY ,2019-10-19 12:43:33,5504
INFY ,2019-10-19 13:43:28,5504
INFY ,2019-10-19 14:43:30,5504
INFY ,2019-10-19 15:43:30,5504
INFY ,2019-10-19 16:43:33,5504
INFY ,2019-10-19 17:43:29,5504
INFY ,2019-10-19 18:43:28,5504
INFY ,2019-10-19 19:43:32,5504
INFY ,2019-10-19 20:43:30,5504
INFY ,2019-10-19 21:43:28,5504
INFY ,2019-10-19 22:43:29,5504
INFY ,2019-10-19 23:43:28,5504
INFY ,2019-10-20 00:43:29,5504
INFY ,2019-10-20 01:43:28,5504
INFY ,2019-10-20 02:43:32,5504
INFY ,2019-10-20 03:43:28,5504
INFY ,2019-10-20 04:43:30,5504
INFY ,2019-10-20 05:43:32,5504
INFY ,2019-10-20 06:43:30,5504
INFY ,2019-10-20 07:43:32,5504
INFY ,2019-10-20 08:43:30,5504
INFY ,2019-10-20 09:43:29,5504
INFY ,2019-10-20 10:43:32,5504
INFY ,2019-10-20 11:43:29,5504
INFY ,2019-10-20 12:43:32,5504
INFY ,2019-10-20 13:43:29,5504
INFY ,2019-10-20 14:43:28,5504
INFY ,2019-10-20 16:43:32,5504
INFY ,2019-10-20 17:43:28,5504
INFY ,2019-10-20 18:43:29,5504
INFY ,2019-10-20 19:43:28,5504
INFY ,2019-10-20 20:43:27,5504
INFY ,2019-10-20 21:43:28,5504
INFY ,2019-10-20 22:43:28,5504
INFY ,2019-10-20 23:43:29,5504
INFY ,2019-10-21 00:43:30,5504
INFY ,2019-10-21 01:43:32,5504
INFY ,2019-10-21 02:43:29,5504
INFY ,2019-10-21 03:43:29,5504
INFY ,2019-10-21 04:43:28,5504
INFY ,2019-10-21 05:43:33,5504
INFY ,2019-10-21 06:43:29,5504
INFY ,2019-10-21 07:43:31,5506
INFY ,2019-10-21 08:43:31,5506
INFY ,2019-10-21 09:43:30,5506
INFY ,2019-10-21 10:43:29,5506
INFY ,2019-10-21 11:43:32,5506
INFY ,2019-10-21 13:07:02,5514
INFY ,2019-10-21 13:43:35,5514
INFY ,2019-10-21 14:43:30,5673
INFY ,2019-10-21 15:43:31,5827
INFY ,2019-10-21 16:43:31,5978
INFY ,2019-10-21 17:43:29,6074
INFY ,2019-10-21 18:43:30,6144
INFY ,2019-10-21 19:43:30,6221
INFY ,2019-10-21 20:43:29,6289
INFY ,2019-10-21 22:43:33,6313
INFY ,2019-10-21 23:43:29,6313
INFY ,2019-10-22 00:43:29,6313
INFY ,2019-10-22 01:43:30,6313
INFY ,2019-10-22 02:43:32,6313
INFY ,2019-10-22 03:43:34,6313
INFY ,2019-10-22 04:43:32,6313
INFY ,2019-10-22 05:43:30,6313
INFY ,2019-10-22 06:43:29,6313
INFY ,2019-10-22 07:43:34,6313
INFY ,2019-10-22 08:43:30,6313
INFY ,2019-10-22 09:43:32,6313
INFY ,2019-10-22 10:43:29,6313
INFY ,2019-10-22 11:43:28,6313
INFY ,2019-10-22 12:43:37,6313
INFY ,2019-10-22 13:43:30,6330
INFY ,2019-10-22 14:43:29,6490
INFY ,2019-10-22 15:43:35,6551
INFY ,2019-10-22 16:43:31,6605
INFY ,2019-10-22 17:43:34,6651
INFY ,2019-10-22 18:43:32,6685
INFY ,2019-10-22 19:43:29,6696
INFY ,2019-10-22 20:43:31,6732
INFY ,2019-10-22 21:43:30,6734
INFY ,2019-10-22 22:43:32,6743
INFY ,2019-10-22 23:43:31,6743
INFY ,2019-10-23 00:43:37,6743
INFY ,2019-10-23 01:43:32,6743
INFY ,2019-10-23 02:43:30,6743
INFY ,2019-10-23 03:43:29,6743
INFY ,2019-10-23 04:43:34,6743
INFY ,2019-10-23 05:43:31,6743
INFY ,2019-10-23 06:43:38,6743
INFY ,2019-10-23 07:43:32,6743
INFY ,2019-10-23 08:43:30,6743
INFY ,2019-10-23 09:43:33,6743
INFY ,2019-10-23 10:43:32,6743
INFY ,2019-10-23 11:43:29,6743
INFY ,2019-10-23 12:43:35,6743
INFY ,2019-10-23 13:43:35,6740
INFY ,2019-10-23 14:43:30,6767
INFY ,2019-10-23 15:43:29,6768
INFY ,2019-10-23 16:43:32,6791
INFY ,2019-10-23 17:43:29,6810
INFY ,2019-10-23 18:43:28,6824
INFY ,2019-10-23 19:43:29,6836
INFY ,2019-10-23 20:43:32,6851
INFY ,2019-10-23 21:43:29,6852
INFY ,2019-10-23 22:43:30,6851
INFY ,2019-10-23 23:43:30,6851
INFY ,2019-10-24 00:51:27,6851
INFY ,2019-10-24 01:43:31,6851
INFY ,2019-10-24 02:43:31,6851
INFY ,2019-10-24 03:43:34,6851
INFY ,2019-10-24 04:43:30,6851
INFY ,2019-10-24 05:43:33,6851
INFY ,2019-10-24 06:43:37,6851
INFY ,2019-10-24 07:43:30,6851
INFY ,2019-10-24 08:43:30,6851
INFY ,2019-10-24 09:43:34,6851
INFY ,2019-10-24 10:43:29,6851
INFY ,2019-10-24 11:43:29,6851
INFY ,2019-10-24 13:07:05,6860
INFY ,2019-10-24 13:43:30,6860
INFY ,2019-10-24 14:43:29,6897
INFY ,2019-10-24 15:43:33,6908
INFY ,2019-10-24 16:43:30,6922
INFY ,2019-10-24 17:43:31,6921
INFY ,2019-10-24 18:43:30,6929
INFY ,2019-10-24 19:43:33,6942
INFY ,2019-10-24 20:43:29,6944
INFY ,2019-10-24 21:43:30,6945
INFY ,2019-10-24 22:43:30,6944
INFY ,2019-10-24 23:43:31,6944
INFY ,2019-10-25 00:43:30,6944
INFY ,2019-10-25 01:43:31,6944
INFY ,2019-10-25 02:43:34,6944
INFY ,2019-10-25 03:43:30,6944
INFY ,2019-10-25 04:43:28,6944
INFY ,2019-10-25 05:43:32,6944
INFY ,2019-10-25 06:43:31,6944
INFY ,2019-10-25 07:43:32,6944
INFY ,2019-10-25 08:43:33,6944
INFY ,2019-10-25 09:43:29,6944
INFY ,2019-10-25 10:43:29,6944
INFY ,2019-10-25 11:43:36,6944
INFY ,2019-10-25 13:07:03,6945
INFY ,2019-10-25 13:43:33,6945
INFY ,2019-10-25 14:43:35,6947
INFY ,2019-10-25 15:43:30,6948
INFY ,2019-10-25 16:43:35,6925
INFY ,2019-10-25 17:43:30,6919
INFY ,2019-10-25 18:43:30,6915
INFY ,2019-10-25 19:43:29,6912
INFY ,2019-10-25 20:43:29,6904
INFY ,2019-10-25 21:43:29,6909
INFY ,2019-10-25 22:43:30,6908
INFY ,2019-10-25 23:43:30,6908
INFY ,2019-10-26 00:43:31,6908
INFY ,2019-10-26 01:43:33,6908
INFY ,2019-10-26 02:43:30,6908
INFY ,2019-10-26 03:43:31,6908
INFY ,2019-10-26 04:43:34,6908
INFY ,2019-10-26 05:43:30,6908
INFY ,2019-10-26 06:43:28,6908
INFY ,2019-10-26 07:43:34,6908
INFY ,2019-10-26 08:43:29,6908
INFY ,2019-10-26 09:43:29,6908
INFY ,2019-10-26 10:43:28,6908
INFY ,2019-10-26 11:43:32,6908
INFY ,2019-10-26 12:43:29,6908
INFY ,2019-10-26 13:43:32,6908
INFY ,2019-10-26 14:43:32,6908
INFY ,2019-10-26 15:43:33,6908
INFY ,2019-10-26 16:43:31,6908
INFY ,2019-10-26 17:43:32,6908
INFY ,2019-10-26 18:43:33,6908
INFY ,2019-10-26 19:43:32,6908
INFY ,2019-10-26 20:43:31,6908
INFY ,2019-10-26 21:43:32,6908
INFY ,2019-10-26 22:43:31,6908
INFY ,2019-10-26 23:43:31,6908
INFY ,2019-10-27 00:43:32,6908
INFY ,2019-10-27 01:43:30,6908
INFY ,2019-10-27 02:43:33,6908
INFY ,2019-10-27 03:43:32,6908
INFY ,2019-10-27 04:43:29,6908
INFY ,2019-10-27 05:43:34,6908
INFY ,2019-10-27 06:43:31,6908
INFY ,2019-10-27 07:43:29,6908
INFY ,2019-10-27 08:43:30,6908
INFY ,2019-10-27 09:43:29,6908
INFY ,2019-10-27 10:43:28,6908
INFY ,2019-10-27 11:43:29,6908
INFY ,2019-10-27 12:43:32,6908
INFY ,2019-10-27 13:43:30,6908
INFY ,2019-10-27 14:43:29,6908
INFY ,2019-10-27 15:43:36,6908
INFY ,2019-10-27 16:43:29,6908
INFY ,2019-10-27 17:43:30,6908
INFY ,2019-10-27 18:43:32,6908
INFY ,2019-10-27 19:43:32,6908
INFY ,2019-10-27 20:43:34,6908
INFY ,2019-10-27 21:43:29,6908
INFY ,2019-10-27 22:43:28,6908
INFY ,2019-10-27 23:43:29,6908
INFY ,2019-10-28 00:43:28,6908
INFY ,2019-10-28 01:43:30,6908
INFY ,2019-10-28 02:43:29,6908
INFY ,2019-10-28 03:43:33,6908
INFY ,2019-10-28 04:43:29,6908
INFY ,2019-10-28 05:43:29,6908
INFY ,2019-10-28 06:43:32,6908
INFY ,2019-10-28 07:43:31,6908
INFY ,2019-10-28 08:43:30,6908
INFY ,2019-10-28 09:43:29,6908
INFY ,2019-10-28 10:43:33,6908
INFY ,2019-10-28 11:43:27,6908
INFY ,2019-10-28 12:43:34,6907
INFY ,2019-10-28 14:43:33,6940
INFY ,2019-10-28 15:43:39,6940
INFY ,2019-10-28 16:43:38,6912
INFY ,2019-10-28 17:43:34,6918
INFY ,2019-10-28 18:43:34,6922
INFY ,2019-10-28 19:43:34,6926
INFY ,2019-10-28 23:43:32,6927
INFY ,2019-10-29 00:43:31,6927
INFY ,2019-10-29 01:43:35,6927
INFY ,2019-10-29 02:43:33,6927
INFY ,2019-10-29 03:43:35,6927
INFY ,2019-10-29 04:43:31,6927
INFY ,2019-10-29 05:43:34,6927
INFY ,2019-10-29 06:43:34,6927
INFY ,2019-10-29 07:43:32,6927
INFY ,2019-10-29 08:43:32,6927
INFY ,2019-10-29 09:43:30,6927
INFY ,2019-10-29 10:43:34,6927
INFY ,2019-10-29 11:43:31,6927
INFY ,2019-10-29 12:43:31,6927
INFY ,2019-10-29 13:43:38,6927
INFY ,2019-10-29 14:43:31,6931
INFY ,2019-10-29 15:43:33,6929
INFY ,2019-10-29 16:43:35,6930
INFY ,2019-10-29 17:43:30,6931
INFY ,2019-10-29 18:43:33,6924
INFY ,2019-10-29 19:43:33,6920
INFY ,2019-10-29 20:43:31,6918
INFY ,2019-10-29 21:43:34,6918
INFY ,2019-10-29 22:43:32,6917
INFY ,2019-10-29 23:43:32,6917
INFY ,2019-10-30 00:43:37,6917
INFY ,2019-10-30 01:43:32,6917
INFY ,2019-10-30 02:43:31,6917
INFY ,2019-10-30 03:43:32,6917
INFY ,2019-10-30 04:43:35,6917
INFY ,2019-10-30 05:43:36,6917
INFY ,2019-10-30 06:43:32,6917
INFY ,2019-10-30 07:43:40,6917
INFY ,2019-10-30 08:43:32,6917
INFY ,2019-10-30 09:43:33,6917
INFY ,2019-10-30 10:43:34,6917
INFY ,2019-10-30 11:43:29,6917
INFY ,2019-10-30 13:43:33,6917
INFY ,2019-10-30 14:43:30,6924
INFY ,2019-10-30 15:43:29,6926
INFY ,2019-10-30 16:43:32,6927
INFY ,2019-10-30 17:43:31,6928
INFY ,2019-10-30 18:43:31,6933
INFY ,2019-10-30 19:43:30,6932
INFY ,2019-10-30 20:43:32,6930
INFY ,2019-10-30 21:43:31,6927
INFY ,2019-10-30 22:43:30,6926
INFY ,2019-10-30 23:43:30,6926
INFY ,2019-10-31 00:43:30,6926
INFY ,2019-10-31 01:43:32,6926
INFY ,2019-10-31 02:43:30,6926
INFY ,2019-10-31 03:43:33,6926
INFY ,2019-10-31 04:43:30,6926
INFY ,2019-10-31 05:43:31,6926
INFY ,2019-10-31 06:43:34,6926
INFY ,2019-10-31 07:43:32,6926
INFY ,2019-10-31 08:43:31,6926
INFY ,2019-10-31 09:43:34,6926
INFY ,2019-10-31 10:43:31,6926
INFY ,2019-10-31 11:43:32,6926
INFY ,2019-10-31 13:08:36,6919
INFY ,2019-10-31 13:43:33,6919
INFY ,2019-10-31 14:43:31,6926
INFY ,2019-10-31 15:43:34,6921
INFY ,2019-10-31 16:43:33,6915
INFY ,2019-10-31 17:43:32,6910
INFY ,2019-10-31 18:43:31,6912
INFY ,2019-10-31 19:43:30,6915
INFY ,2019-10-31 20:43:33,6917
INFY ,2019-10-31 22:06:35,6919
INFY ,2019-10-31 22:43:36,6919
INFY ,2019-10-31 23:43:31,6919
INFY ,2019-11-01 00:43:31,6919
INFY ,2019-11-01 01:43:31,6919
INFY ,2019-11-01 02:43:31,6919
INFY ,2019-11-01 03:43:34,6919
INFY ,2019-11-01 04:43:31,6919
INFY ,2019-11-01 05:43:35,6919
INFY ,2019-11-01 06:43:30,6919
INFY ,2019-11-01 07:43:36,6919
INFY ,2019-11-01 08:43:32,6919
INFY ,2019-11-01 09:43:34,6919
INFY ,2019-11-01 10:43:33,6919
INFY ,2019-11-01 11:43:36,6919
INFY ,2019-11-01 13:39:41,6916
INFY ,2019-11-01 13:48:58,6916
INFY ,2019-11-01 14:43:31,6922
INFY ,2019-11-01 15:43:30,6925
INFY ,2019-11-01 16:43:35,6938
INFY ,2019-11-01 17:43:33,6937
INFY ,2019-11-01 18:43:36,6934
INFY ,2019-11-01 19:43:31,6939
INFY ,2019-11-01 20:43:31,6939
INFY ,2019-11-01 21:43:30,6936
INFY ,2019-11-01 22:43:30,6938
INFY ,2019-11-01 23:43:30,6938
INFY ,2019-11-02 00:43:34,6938
INFY ,2019-11-02 01:43:31,6938
INFY ,2019-11-02 02:43:31,6938
INFY ,2019-11-02 03:43:35,6938
INFY ,2019-11-02 04:43:30,6938
INFY ,2019-11-02 05:43:31,6938
INFY ,2019-11-02 06:43:33,6938
INFY ,2019-11-02 07:43:30,6938
INFY ,2019-11-02 08:43:31,6938
INFY ,2019-11-02 09:43:29,6938
INFY ,2019-11-02 10:43:34,6938
INFY ,2019-11-02 11:43:30,6938
INFY ,2019-11-02 12:43:35,6938
INFY ,2019-11-02 13:43:31,6938
INFY ,2019-11-02 14:43:32,6938
INFY ,2019-11-02 15:43:34,6938
INFY ,2019-11-02 16:43:30,6938
INFY ,2019-11-02 17:43:31,6938
INFY ,2019-11-02 18:43:31,6938
INFY ,2019-11-02 19:43:30,6938
INFY ,2019-11-02 20:43:31,6938
INFY ,2019-11-02 23:43:32,6938
INFY ,2019-11-03 00:43:30,6938
INFY ,2019-11-03 01:43:31,6938
INFY ,2019-11-03 03:43:32,6938
INFY ,2019-11-03 05:43:33,6938
INFY ,2019-11-03 06:43:30,6938
INFY ,2019-11-03 07:43:32,6938
INFY ,2019-11-03 21:43:33,6938
INFY ,2019-11-03 22:43:30,6938
INFY ,2019-11-03 23:43:34,6938
INFY ,2019-11-04 00:43:30,6938
INFY ,2019-11-04 01:43:31,6938
INFY ,2019-11-04 02:43:30,6938
INFY ,2019-11-04 03:43:30,6938
INFY ,2019-11-04 04:43:29,6938
INFY ,2019-11-04 05:43:33,6938
INFY ,2019-11-04 06:43:31,6938
INFY ,2019-11-04 07:43:29,6938
INFY ,2019-11-04 08:43:30,6938
INFY ,2019-11-04 09:43:32,6938
INFY ,2019-11-04 10:43:30,6938
INFY ,2019-11-04 11:43:29,6938
INFY ,2019-11-04 12:43:30,6938
INFY ,2019-11-04 14:09:04,6935
INFY ,2019-11-04 15:43:30,6937
INFY ,2019-11-04 16:43:31,6940
INFY ,2019-11-04 17:43:31,6938
INFY ,2019-11-04 18:43:31,6941
INFY ,2019-11-04 19:43:33,6948
INFY ,2019-11-04 20:43:30,6953
INFY ,2019-11-04 21:43:31,6957
INFY ,2019-11-04 22:43:31,6957
INFY ,2019-11-04 23:43:30,6960
INFY ,2019-11-05 00:43:31,6960
INFY ,2019-11-05 01:43:31,6960
INFY ,2019-11-05 02:43:34,6960
INFY ,2019-11-05 03:43:31,6960
INFY ,2019-11-05 04:43:30,6960
INFY ,2019-11-05 05:43:33,6960
INFY ,2019-11-05 06:43:32,6960
INFY ,2019-11-05 07:43:31,6960
INFY ,2019-11-05 08:43:31,6960
INFY ,2019-11-05 09:43:33,6960
INFY ,2019-11-05 10:43:30,6960
INFY ,2019-11-05 11:43:31,6960
INFY ,2019-11-05 12:43:30,6960
INFY ,2019-11-05 14:09:04,6962
INFY ,2019-11-05 14:43:35,6962
INFY ,2019-11-05 15:43:31,6962
INFY ,2019-11-05 16:43:31,6960
INFY ,2019-11-05 17:43:31,6954
INFY ,2019-11-05 18:43:30,6955
INFY ,2019-11-05 19:43:32,6959
INFY ,2019-11-05 20:43:33,6964
INFY ,2019-11-05 21:43:31,6961
INFY ,2019-11-05 22:43:31,6963
INFY ,2019-11-05 23:43:30,6963
INFY ,2019-11-06 00:43:30,6963
INFY ,2019-11-06 01:43:31,6963
INFY ,2019-11-06 02:43:32,6963
INFY ,2019-11-06 03:43:32,6963
INFY ,2019-11-06 04:43:35,6963
INFY ,2019-11-06 05:43:31,6963
INFY ,2019-11-06 06:43:35,6963
INFY ,2019-11-06 07:43:30,6963
INFY ,2019-11-06 08:43:30,6963
INFY ,2019-11-06 09:43:33,6963
INFY ,2019-11-06 10:43:33,6963
INFY ,2019-11-06 11:43:30,6963
INFY ,2019-11-06 12:43:30,6963
INFY ,2019-11-06 13:43:31,6963
INFY ,2019-11-06 14:43:35,6962
INFY ,2019-11-06 15:43:32,6964
INFY ,2019-11-06 16:43:33,6960
INFY ,2019-11-06 17:43:33,6962
INFY ,2019-11-06 18:43:33,6961
INFY ,2019-11-06 19:43:32,6964
INFY ,2019-11-06 20:43:34,6962
INFY ,2019-11-06 21:43:33,6957
INFY ,2019-11-06 22:43:32,6953
INFY ,2019-11-06 23:43:32,6950
INFY ,2019-11-07 00:43:32,6950
INFY ,2019-11-07 01:43:31,6950
INFY ,2019-11-07 02:43:33,6950
INFY ,2019-11-07 03:43:32,6950
INFY ,2019-11-07 04:43:34,6950
INFY ,2019-11-07 05:43:33,6950
INFY ,2019-11-07 06:43:31,6950
INFY ,2019-11-07 07:43:33,6950
INFY ,2019-11-07 08:43:32,6950
INFY ,2019-11-07 09:43:33,6950
INFY ,2019-11-07 10:43:30,6950
INFY ,2019-11-07 11:43:30,6950
INFY ,2019-11-07 12:43:31,6950
INFY ,2019-11-07 14:07:34,6947
INFY ,2019-11-07 14:44:05,6947
INFY ,2019-11-07 15:43:35,6931
INFY ,2019-11-07 16:43:34,6923
INFY ,2019-11-07 17:43:35,6917
INFY ,2019-11-07 18:43:34,6925
INFY ,2019-11-07 19:43:34,6929
INFY ,2019-11-07 21:08:08,6928
INFY ,2019-11-07 21:43:36,6928
INFY ,2019-11-07 22:43:38,6928
INFY ,2019-11-07 23:43:38,6929
INFY ,2019-11-08 00:43:39,6929
INFY ,2019-11-08 01:43:37,6929
INFY ,2019-11-08 02:43:41,6929
INFY ,2019-11-08 03:43:38,6929
INFY ,2019-11-08 04:43:37,6929
INFY ,2019-11-08 05:43:40,6929
INFY ,2019-11-08 06:43:36,6929
INFY ,2019-11-08 07:43:36,6929
INFY ,2019-11-08 08:43:40,6929
INFY ,2019-11-08 09:43:38,6929
INFY ,2019-11-08 10:43:37,6929
INFY ,2019-11-08 11:43:35,6929
INFY ,2019-11-08 12:43:36,6929
INFY ,2019-11-08 14:09:12,6929
INFY ,2019-11-08 14:44:13,6929
INFY ,2019-11-08 15:43:38,6929
INFY ,2019-11-08 16:43:38,6927
INFY ,2019-11-08 17:43:39,6932
INFY ,2019-11-08 18:43:38,6939
INFY ,2019-11-08 19:43:41,6937
INFY ,2019-11-08 20:43:37,6938
INFY ,2019-11-08 21:43:39,6952
INFY ,2019-11-08 22:43:38,6949
INFY ,2019-11-08 23:43:39,6949
INFY ,2019-11-09 00:43:40,6949
INFY ,2019-11-09 01:43:39,6949
INFY ,2019-11-09 02:43:39,6949
INFY ,2019-11-09 03:43:38,6949
INFY ,2019-11-09 04:43:40,6949
INFY ,2019-11-09 05:43:37,6949
INFY ,2019-11-09 06:43:38,6949
INFY ,2019-11-09 07:43:39,6949
INFY ,2019-11-09 08:43:40,6949
INFY ,2019-11-09 09:43:38,6949
INFY ,2019-11-09 10:43:37,6949
INFY ,2019-11-09 11:43:41,6949
INFY ,2019-11-09 12:43:38,6949
INFY ,2019-11-09 13:43:37,6949
INFY ,2019-11-09 14:43:40,6949
INFY ,2019-11-09 15:43:41,6949
INFY ,2019-11-09 16:43:39,6949
INFY ,2019-11-09 17:43:39,6949
INFY ,2019-11-09 18:43:37,6949
INFY ,2019-11-09 19:43:39,6949
INFY ,2019-11-09 20:43:41,6949
INFY ,2019-11-09 21:43:38,6949
INFY ,2019-11-09 22:43:41,6949
INFY ,2019-11-09 23:43:38,6949
INFY ,2019-11-10 00:43:37,6949
INFY ,2019-11-10 01:43:39,6949
INFY ,2019-11-10 02:43:40,6949
INFY ,2019-11-10 03:43:37,6949
INFY ,2019-11-10 04:43:38,6949
INFY ,2019-11-10 05:43:38,6949
INFY ,2019-11-10 06:43:37,6949
INFY ,2019-11-10 07:43:36,6949
INFY ,2019-11-10 08:43:40,6949
INFY ,2019-11-10 09:43:40,6949
INFY ,2019-11-10 10:43:37,6949
INFY ,2019-11-10 11:43:37,6949
INFY ,2019-11-10 12:43:38,6949
INFY ,2019-11-10 13:43:37,6949
INFY ,2019-11-10 14:43:36,6949
INFY ,2019-11-10 15:43:40,6949
INFY ,2019-11-10 16:43:37,6949
INFY ,2019-11-10 17:43:38,6949
INFY ,2019-11-10 18:43:40,6949
INFY ,2019-11-10 19:43:37,6949
INFY ,2019-11-10 20:43:37,6949
INFY ,2019-11-10 21:43:36,6949
INFY ,2019-11-10 22:43:39,6949
INFY ,2019-11-10 23:43:40,6949
INFY ,2019-11-11 00:43:38,6949
INFY ,2019-11-11 01:43:40,6949
INFY ,2019-11-11 02:43:39,6949
INFY ,2019-11-11 03:43:39,6949
INFY ,2019-11-11 04:43:38,6949
INFY ,2019-11-11 05:43:40,6949
INFY ,2019-11-11 06:43:38,6949
INFY ,2019-11-11 07:43:39,6949
INFY ,2019-11-11 08:43:42,6949
INFY ,2019-11-11 09:43:40,6949
INFY ,2019-11-11 10:43:40,6949
INFY ,2019-11-11 11:43:38,6949
INFY ,2019-11-11 12:43:40,6949
INFY ,2019-11-11 13:43:40,6949
INFY ,2019-11-11 14:43:42,6949
INFY ,2019-11-11 15:43:43,6948
INFY ,2019-11-11 16:43:40,6940
INFY ,2019-11-11 17:43:41,6936
INFY ,2019-11-11 18:43:43,6940
INFY ,2019-11-11 19:43:40,6941
INFY ,2019-11-11 21:43:39,6942
INFY ,2019-11-11 22:43:38,6940
INFY ,2019-11-11 23:43:38,6941
INFY ,2019-11-12 00:43:36,6941
INFY ,2019-11-12 01:43:37,6941
INFY ,2019-11-12 02:43:42,6941
INFY ,2019-11-12 03:43:39,6941
INFY ,2019-11-12 04:43:37,6941
INFY ,2019-11-12 05:43:40,6941
INFY ,2019-11-12 06:43:37,6942
INFY ,2019-11-12 07:43:40,6942
INFY ,2019-11-12 08:43:37,6942
INFY ,2019-11-12 09:43:37,6942
INFY ,2019-11-12 10:43:36,6942
INFY ,2019-11-12 11:43:40,6942
INFY ,2019-11-12 12:43:42,6942
INFY ,2019-11-12 14:07:41,6942
INFY ,2019-11-12 14:43:41,6942
INFY ,2019-11-12 15:43:37,6942
INFY ,2019-11-12 16:43:39,6941
INFY ,2019-11-12 17:43:39,6940
INFY ,2019-11-12 18:43:42,6940
INFY ,2019-11-12 19:43:37,6938
INFY ,2019-11-12 20:43:36,6936
INFY ,2019-11-12 21:43:38,6933
INFY ,2019-11-12 22:43:41,6933
INFY ,2019-11-12 23:43:38,6931
INFY ,2019-11-13 00:43:43,6931
INFY ,2019-11-13 01:43:38,6931
INFY ,2019-11-13 02:43:39,6931
INFY ,2019-11-13 03:43:41,6931
INFY ,2019-11-13 04:43:38,6931
INFY ,2019-11-13 05:43:45,6931
INFY ,2019-11-13 06:43:38,6931
INFY ,2019-11-13 07:43:44,6931
INFY ,2019-11-13 08:43:41,6931
INFY ,2019-11-13 09:43:39,6931
INFY ,2019-11-13 10:43:38,6931
INFY ,2019-11-13 11:43:43,6931
INFY ,2019-11-13 12:43:37,6931
INFY ,2019-11-13 13:43:37,6931
INFY ,2019-11-13 15:43:42,6935
INFY ,2019-11-13 16:43:37,6925
INFY ,2019-11-13 17:43:39,6925
INFY ,2019-11-13 18:43:41,6920
INFY ,2019-11-13 19:43:37,6917
INFY ,2019-11-13 20:43:38,6914
INFY ,2019-11-13 21:43:37,6910
INFY ,2019-11-13 22:43:39,6909
INFY ,2019-11-13 23:43:40,6909
INFY ,2019-11-14 00:43:39,6909
INFY ,2019-11-14 01:43:37,6909
INFY ,2019-11-14 02:43:43,6909
INFY ,2019-11-14 03:43:37,6909
INFY ,2019-11-14 04:43:38,6909
INFY ,2019-11-14 05:43:42,6909
INFY ,2019-11-14 06:43:37,6909
INFY ,2019-11-14 07:43:43,6909
INFY ,2019-11-14 08:43:40,6909
INFY ,2019-11-14 09:43:42,6909
INFY ,2019-11-14 10:43:40,6909
INFY ,2019-11-14 11:43:43,6909
INFY ,2019-11-14 12:43:37,6909
INFY ,2019-11-14 14:07:16,6909
INFY ,2019-11-14 14:43:40,6909
INFY ,2019-11-14 15:43:39,6907
INFY ,2019-11-14 17:43:39,6892
INFY ,2019-11-14 18:43:37,6885
INFY ,2019-11-14 19:43:38,6880
INFY ,2019-11-14 20:43:39,6880
INFY ,2019-11-14 21:43:43,6880
INFY ,2019-11-14 22:43:37,6880
INFY ,2019-11-14 23:43:39,6881
INFY ,2019-11-15 00:43:39,6881
INFY ,2019-11-15 01:43:38,6881
INFY ,2019-11-15 02:43:37,6881
INFY ,2019-11-15 03:43:39,6881
INFY ,2019-11-15 04:43:39,6881
INFY ,2019-11-15 05:43:40,6881
INFY ,2019-11-15 06:43:40,6881
INFY ,2019-11-15 07:43:37,6881
INFY ,2019-11-15 08:43:45,6881
INFY ,2019-11-15 09:43:37,6881
INFY ,2019-11-15 10:43:38,6881
INFY ,2019-11-15 11:43:37,6881
INFY ,2019-11-15 12:43:41,6881
INFY ,2019-11-15 14:10:11,6880
INFY ,2019-11-15 15:43:44,6873
INFY ,2019-11-15 16:43:37,6868
INFY ,2019-11-15 17:43:39,6866
INFY ,2019-11-15 18:43:44,6863
INFY ,2019-11-15 19:43:40,6864
INFY ,2019-11-15 20:43:41,6862
INFY ,2019-11-15 21:43:36,6862
INFY ,2019-11-15 22:43:39,6862
INFY ,2019-11-15 23:43:39,6863
INFY ,2019-11-16 00:43:40,6863
INFY ,2019-11-16 01:43:38,6863
INFY ,2019-11-16 02:43:39,6863
INFY ,2019-11-16 03:43:37,6863
INFY ,2019-11-16 04:43:40,6863
INFY ,2019-11-16 05:43:38,6863
INFY ,2019-11-16 06:43:39,6863
INFY ,2019-11-16 07:43:38,6863
INFY ,2019-11-16 08:43:39,6863
INFY ,2019-11-16 09:43:41,6863
INFY ,2019-11-16 10:43:36,6863
INFY ,2019-11-16 11:43:37,6863
INFY ,2019-11-16 12:43:41,6863
INFY ,2019-11-16 13:43:40,6863
INFY ,2019-11-16 14:43:39,6863
INFY ,2019-11-16 15:43:38,6863
INFY ,2019-11-16 16:43:38,6863
INFY ,2019-11-16 17:43:40,6863
INFY ,2019-11-16 18:43:37,6863
INFY ,2019-11-16 19:43:37,6863
INFY ,2019-11-16 20:43:36,6863
INFY ,2019-11-16 21:43:36,6863
INFY ,2019-11-16 22:43:37,6863
INFY ,2019-11-16 23:43:36,6863
INFY ,2019-11-17 00:43:37,6863
INFY ,2019-11-17 01:43:35,6863
INFY ,2019-11-17 02:43:39,6863
INFY ,2019-11-17 03:43:36,6863
INFY ,2019-11-17 04:43:38,6863
INFY ,2019-11-17 05:43:38,6863
INFY ,2019-11-17 06:43:39,6863
INFY ,2019-11-17 07:43:40,6863
INFY ,2019-11-17 08:43:37,6863
INFY ,2019-11-17 10:43:42,6863
INFY ,2019-11-17 11:43:40,6863
INFY ,2019-11-17 12:43:37,6863
INFY ,2019-11-17 13:43:38,6863
INFY ,2019-11-17 14:43:36,6863
INFY ,2019-11-17 15:43:36,6863
INFY ,2019-11-17 16:43:38,6863
INFY ,2019-11-17 17:43:36,6863
INFY ,2019-11-17 18:43:35,6863
INFY ,2019-11-17 19:43:37,6863
INFY ,2019-11-17 20:43:39,6863
INFY ,2019-11-17 21:43:40,6863
INFY ,2019-11-17 22:43:38,6863
INFY ,2019-11-17 23:43:40,6863
INFY ,2019-11-18 00:43:36,6863
INFY ,2019-11-18 01:43:36,6863
INFY ,2019-11-18 02:43:38,6863
INFY ,2019-11-18 03:43:37,6863
INFY ,2019-11-18 04:43:35,6863
INFY ,2019-11-18 05:43:39,6863
INFY ,2019-11-18 06:43:35,6863
INFY ,2019-11-18 07:43:37,6861
INFY ,2019-11-18 08:43:41,6861
INFY ,2019-11-18 09:43:42,6861
INFY ,2019-11-18 10:43:39,6861
INFY ,2019-11-18 11:43:36,6861
INFY ,2019-11-18 12:43:39,6861
INFY ,2019-11-18 14:08:43,6860
INFY ,2019-11-18 14:43:37,6860
INFY ,2019-11-18 15:43:42,6858
INFY ,2019-11-18 16:43:39,6852
INFY ,2019-11-18 17:43:41,6848
INFY ,2019-11-18 18:43:41,6852
INFY ,2019-11-18 19:43:38,6858
INFY ,2019-11-18 20:43:40,6855
INFY ,2019-11-18 21:43:39,6858
INFY ,2019-11-18 22:43:36,6858
INFY ,2019-11-18 23:43:39,6858
INFY ,2019-11-19 00:43:37,6858
INFY ,2019-11-19 01:43:38,6858
INFY ,2019-11-19 02:43:37,6858
INFY ,2019-11-19 03:43:37,6858
INFY ,2019-11-19 04:43:39,6858
INFY ,2019-11-19 05:43:36,6858
INFY ,2019-11-19 06:43:39,6858
INFY ,2019-11-19 07:43:37,6858
INFY ,2019-11-19 08:43:38,6858
INFY ,2019-11-19 09:43:42,6858
INFY ,2019-11-19 10:43:37,6858
INFY ,2019-11-19 11:43:36,6858
INFY ,2019-11-19 12:43:38,6858
INFY ,2019-11-19 14:08:43,6858
INFY ,2019-11-19 14:43:39,6858
INFY ,2019-11-19 15:43:40,6858
INFY ,2019-11-19 16:43:37,6860
INFY ,2019-11-19 17:43:44,6855
INFY ,2019-11-19 18:43:36,6858
INFY ,2019-11-19 19:43:39,6857
INFY ,2019-11-19 20:43:39,6849
INFY ,2019-11-19 21:43:42,6847
INFY ,2019-11-19 22:43:39,6849
INFY ,2019-11-19 23:43:38,6849
INFY ,2019-11-20 00:43:39,6849
INFY ,2019-11-20 01:43:39,6849
INFY ,2019-11-20 02:43:40,6849
INFY ,2019-11-20 03:43:40,6849
INFY ,2019-11-20 04:43:38,6849
INFY ,2019-11-20 05:43:39,6849
INFY ,2019-11-20 06:43:39,6849
INFY ,2019-11-20 07:43:40,6849
INFY ,2019-11-20 08:43:42,6849
INFY ,2019-11-20 09:43:45,6849
INFY ,2019-11-20 10:43:45,6849
INFY ,2019-11-20 11:43:44,6849
INFY ,2019-11-20 12:43:43,6849
INFY ,2019-11-20 14:08:15,6847
INFY ,2019-11-20 14:43:45,6847
INFY ,2019-11-20 15:43:42,6846
INFY ,2019-11-20 16:43:43,6838
INFY ,2019-11-20 22:43:41,6819
INFY ,2019-11-20 23:43:37,6818
INFY ,2019-11-21 00:43:37,6818
INFY ,2019-11-21 01:43:37,6818
INFY ,2019-11-21 02:43:40,6818
INFY ,2019-11-21 03:43:37,6818
INFY ,2019-11-21 04:43:36,6818
INFY ,2019-11-21 05:43:39,6818
INFY ,2019-11-21 06:43:41,6818
INFY ,2019-11-21 07:43:36,6818
INFY ,2019-11-21 08:43:36,6818
INFY ,2019-11-21 09:43:38,6818
INFY ,2019-11-21 10:43:38,6818
INFY ,2019-11-21 11:43:37,6818
INFY ,2019-11-21 12:43:37,6818
INFY ,2019-11-21 14:07:40,6817
INFY ,2019-11-21 14:43:42,6817
INFY ,2019-11-21 15:43:37,6803
INFY ,2019-11-21 16:43:38,6797
INFY ,2019-11-21 17:43:39,6794
INFY ,2019-11-21 18:43:36,6795
INFY ,2019-11-21 19:43:36,6790
INFY ,2019-11-21 20:43:36,6792
INFY ,2019-11-21 21:43:37,6790
INFY ,2019-11-21 22:43:37,6790
INFY ,2019-11-21 23:43:38,6790
INFY ,2019-11-22 00:43:38,6790
INFY ,2019-11-22 01:43:41,6790
INFY ,2019-11-22 02:43:37,6790
INFY ,2019-11-22 03:43:37,6790
INFY ,2019-11-22 04:43:36,6790
INFY ,2019-11-22 05:43:41,6790
INFY ,2019-11-22 06:43:38,6790
INFY ,2019-11-22 07:43:40,6790
INFY ,2019-11-22 08:43:42,6790
INFY ,2019-11-22 09:43:41,6790
INFY ,2019-11-22 10:43:41,6790
INFY ,2019-11-22 11:43:38,6790
INFY ,2019-11-22 12:43:37,6790
INFY ,2019-11-22 13:43:36,6790
INFY ,2019-11-22 14:43:39,6792
INFY ,2019-11-22 15:43:34,6802
INFY ,2019-11-22 16:43:36,6802
INFY ,2019-11-22 17:43:41,6809
INFY ,2019-11-22 18:43:39,6807
INFY ,2019-11-22 19:43:35,6813
INFY ,2019-11-22 20:43:37,6814
INFY ,2019-11-22 21:43:36,6813
INFY ,2019-11-22 22:43:35,6813
INFY ,2019-11-22 23:43:38,6813
INFY ,2019-11-23 00:43:43,6813
INFY ,2019-11-23 01:43:36,6813
INFY ,2019-11-23 02:43:36,6813
INFY ,2019-11-23 03:43:36,6813
INFY ,2019-11-23 04:43:40,6813
INFY ,2019-11-23 05:43:36,6813
INFY ,2019-11-23 06:43:37,6813
INFY ,2019-11-23 07:43:38,6813
INFY ,2019-11-23 08:43:38,6813
INFY ,2019-11-23 09:43:39,6813
INFY ,2019-11-23 10:43:38,6813
INFY ,2019-11-23 11:43:35,6813
INFY ,2019-11-23 12:43:35,6813
INFY ,2019-11-23 13:43:35,6813
INFY ,2019-11-23 14:43:36,6813
INFY ,2019-11-23 15:43:36,6813
INFY ,2019-11-23 16:43:36,6813
INFY ,2019-11-23 17:43:37,6813
INFY ,2019-11-23 18:43:36,6813
INFY ,2019-11-23 19:43:37,6813
INFY ,2019-11-23 20:43:34,6813
INFY ,2019-11-23 21:43:36,6813
INFY ,2019-11-23 22:43:34,6813
INFY ,2019-11-23 23:43:34,6813
INFY ,2019-11-24 00:43:37,6813
INFY ,2019-11-24 01:43:35,6813
INFY ,2019-11-24 02:43:35,6813
INFY ,2019-11-24 03:43:35,6813
INFY ,2019-11-24 04:43:34,6813
INFY ,2019-11-24 05:43:35,6813
INFY ,2019-11-24 06:43:35,6813
INFY ,2019-11-24 07:43:33,6813
INFY ,2019-11-24 08:43:36,6813
INFY ,2019-11-24 09:43:38,6813
INFY ,2019-11-24 10:43:38,6813
INFY ,2019-11-24 11:43:36,6813
INFY ,2019-11-24 12:43:34,6813
INFY ,2019-11-24 13:43:34,6813
INFY ,2019-11-24 14:43:35,6813
INFY ,2019-11-24 15:43:36,6813
INFY ,2019-11-24 16:43:35,6813
INFY ,2019-11-24 17:43:35,6813
INFY ,2019-11-24 18:43:37,6813
INFY ,2019-11-24 19:43:35,6813
INFY ,2019-11-24 20:43:37,6813
INFY ,2019-11-24 21:43:35,6813
INFY ,2019-11-24 22:43:38,6813
INFY ,2019-11-24 23:43:35,6813
INFY ,2019-11-25 00:43:36,6813
INFY ,2019-11-25 01:43:39,6813
INFY ,2019-11-25 02:43:37,6813
INFY ,2019-11-25 04:43:34,6813
INFY ,2019-11-25 05:43:36,6813
INFY ,2019-11-25 06:43:36,6813
INFY ,2019-11-25 07:43:36,6813
INFY ,2019-11-25 08:43:41,6813
INFY ,2019-11-25 09:43:41,6813
INFY ,2019-11-25 10:43:40,6813
INFY ,2019-11-25 11:43:39,6813
INFY ,2019-11-25 12:43:40,6813
INFY ,2019-11-25 13:43:35,6813
INFY ,2019-11-25 14:43:37,6813
INFY ,2019-11-25 15:43:39,6821
INFY ,2019-11-25 16:43:36,6813
INFY ,2019-11-25 17:43:36,6805
INFY ,2019-11-25 18:43:35,6805
INFY ,2019-11-25 19:43:38,6799
INFY ,2019-11-25 20:43:37,6794
INFY ,2019-11-25 21:43:35,6788
INFY ,2019-11-25 22:43:41,6789
INFY ,2019-11-25 23:43:37,6790
INFY ,2019-11-26 00:43:38,6790
INFY ,2019-11-26 01:43:37,6790
INFY ,2019-11-26 02:43:38,6790
INFY ,2019-11-26 03:43:37,6790
INFY ,2019-11-26 04:43:36,6790
INFY ,2019-11-26 05:43:41,6790
INFY ,2019-11-26 06:43:44,6790
INFY ,2019-11-26 07:43:38,6790
INFY ,2019-11-26 08:43:39,6790
INFY ,2019-11-26 09:43:44,6790
INFY ,2019-11-26 20:43:41,6804
INFY ,2019-11-26 21:43:38,6811
INFY ,2019-11-26 22:43:41,6812
INFY ,2019-11-26 23:43:38,6812
INFY ,2019-11-27 00:43:41,6812
INFY ,2019-11-27 01:43:37,6812
INFY ,2019-11-27 02:43:36,6812
INFY ,2019-11-27 03:43:38,6812
INFY ,2019-11-27 04:43:36,6812
INFY ,2019-11-27 05:43:38,6812
INFY ,2019-11-27 06:43:38,6812
INFY ,2019-11-27 07:43:38,6812
INFY ,2019-11-27 08:43:43,6812
INFY ,2019-11-27 09:43:43,6812
INFY ,2019-11-27 10:43:36,6812
INFY ,2019-11-27 11:43:34,6812
INFY ,2019-11-27 12:43:44,6812
INFY ,2019-11-27 13:43:37,6812
INFY ,2019-11-27 14:43:39,6812
INFY ,2019-11-27 15:43:42,6814
INFY ,2019-11-27 16:43:39,6814
INFY ,2019-11-27 17:43:37,6816
INFY ,2019-11-27 18:43:39,6813
INFY ,2019-11-27 19:43:39,6811
INFY ,2019-11-27 20:43:37,6811
INFY ,2019-11-27 21:43:37,6800
INFY ,2019-11-27 22:43:38,6800
INFY ,2019-11-27 23:43:37,6800
INFY ,2019-11-28 00:43:38,6800
INFY ,2019-11-28 01:43:38,6800
INFY ,2019-11-28 02:43:42,6800
INFY ,2019-11-28 03:43:40,6800
INFY ,2019-11-28 04:43:39,6800
INFY ,2019-11-28 05:43:37,6800
INFY ,2019-11-28 06:43:37,6800
INFY ,2019-11-28 07:43:40,6800
INFY ,2019-11-28 08:43:38,6800
INFY ,2019-11-28 09:43:43,6800
INFY ,2019-11-28 10:43:40,6800
INFY ,2019-11-28 11:43:38,6800
INFY ,2019-11-28 12:43:36,6800
INFY ,2019-11-28 13:43:35,6800
INFY ,2019-11-28 14:43:37,6800
INFY ,2019-11-28 15:43:38,6800
INFY ,2019-11-28 16:43:37,6800
INFY ,2019-11-28 17:43:38,6800
INFY ,2019-11-28 18:43:38,6800
INFY ,2019-11-28 19:43:37,6800
INFY ,2019-11-28 20:43:36,6800
INFY ,2019-11-28 21:43:37,6800
INFY ,2019-11-28 22:43:36,6800
INFY ,2019-11-28 23:43:38,6800
INFY ,2019-11-29 00:43:37,6800
INFY ,2019-11-29 01:43:37,6800
INFY ,2019-11-29 02:43:37,6800
INFY ,2019-11-29 03:43:36,6800
INFY ,2019-11-29 04:43:39,6800
INFY ,2019-11-29 05:43:39,6800
INFY ,2019-11-29 06:43:37,6800
INFY ,2019-11-29 07:43:39,6800
INFY ,2019-11-29 08:43:46,6800
INFY ,2019-11-29 09:43:48,6800
INFY ,2019-11-29 10:43:55,6800
INFY ,2019-11-29 11:43:42,6800
INFY ,2019-11-29 12:43:41,6800
INFY ,2019-11-29 13:43:45,6800
INFY ,2019-11-29 14:43:46,6800
INFY ,2019-11-29 15:43:43,6809
INFY ,2019-11-29 16:43:46,6805
INFY ,2019-11-29 17:43:46,6806
INFY ,2019-11-29 18:43:43,6800
INFY ,2019-11-29 20:43:43,6800
INFY ,2019-11-29 21:43:36,6794
INFY ,2019-11-29 22:43:44,6794
INFY ,2019-11-29 23:43:42,6794
INFY ,2019-11-30 00:43:39,6794
INFY ,2019-11-30 01:43:37,6794
INFY ,2019-11-30 02:43:40,6794
INFY ,2019-11-30 03:43:41,6794
INFY ,2019-11-30 04:43:39,6794
INFY ,2019-11-30 05:43:43,6794
INFY ,2019-11-30 06:43:41,6794
INFY ,2019-11-30 07:43:41,6794
INFY ,2019-11-30 08:43:40,6794
INFY ,2019-11-30 21:43:57,6794
INFY ,2019-11-30 22:43:45,6794
INFY ,2019-11-30 23:43:41,6794
INFY ,2019-12-01 00:43:41,6794
INFY ,2019-12-01 01:43:37,6794
INFY ,2019-12-01 02:43:43,6794
INFY ,2019-12-01 22:43:48,6794
INFY ,2019-12-01 23:43:38,6794
INFY ,2019-12-02 00:43:36,6794
INFY ,2019-12-02 01:43:41,6794
INFY ,2019-12-02 02:43:40,6794
INFY ,2019-12-02 06:16:39,6794
INFY ,2019-12-02 06:45:17,6794
INFY ,2019-12-02 07:45:24,6794
INFY ,2019-12-02 08:45:15,6794
INFY ,2019-12-02 09:45:15,6794
INFY ,2019-12-02 10:45:16,6794
INFY ,2019-12-02 11:45:16,6794
INFY ,2019-12-02 12:45:13,6794
INFY ,2019-12-02 14:08:19,6794
INFY ,2019-12-02 14:45:20,6794
INFY ,2019-12-02 15:45:23,6794
INFY ,2019-12-02 16:45:18,6820
INFY ,2019-12-02 17:45:33,6819
INFY ,2019-12-02 18:45:32,6819
INFY ,2019-12-02 19:45:34,6821
INFY ,2019-12-02 20:45:29,6822
INFY ,2019-12-02 21:45:31,6814
INFY ,2019-12-02 22:45:41,6811
INFY ,2019-12-02 23:45:34,6811
INFY ,2019-12-03 00:45:25,6811
INFY ,2019-12-03 01:45:32,6811
INFY ,2019-12-03 02:45:32,6811
INFY ,2019-12-03 03:45:32,6811
INFY ,2019-12-03 04:45:32,6811
INFY ,2019-12-03 05:45:32,6811
INFY ,2019-12-03 06:45:16,6811
INFY ,2019-12-03 07:45:16,6811
INFY ,2019-12-03 08:45:16,6811
INFY ,2019-12-03 09:45:27,6811
INFY ,2019-12-03 10:45:31,6811
INFY ,2019-12-03 11:45:26,6811
INFY ,2019-12-03 12:45:13,6811
INFY ,2019-12-03 13:45:13,6811
INFY ,2019-12-03 14:45:32,6812
INFY ,2019-12-03 15:45:16,6806
INFY ,2019-12-03 16:45:32,6805
INFY ,2019-12-03 17:45:29,6807
INFY ,2019-12-03 18:45:29,6806
INFY ,2019-12-03 19:45:29,6808
INFY ,2019-12-03 20:45:29,6803
INFY ,2019-12-03 21:45:49,6804
INFY ,2019-12-03 22:45:31,6804
INFY ,2019-12-03 23:45:38,6803
INFY ,2019-12-04 00:45:54,6803
INFY ,2019-12-04 01:46:00,6803
INFY ,2019-12-04 02:45:50,6803
INFY ,2019-12-04 03:45:37,6803
INFY ,2019-12-04 04:45:35,6803
INFY ,2019-12-04 05:45:36,6803
INFY ,2019-12-04 06:45:36,6803
INFY ,2019-12-04 07:45:36,6803
INFY ,2019-12-04 08:45:23,6803
INFY ,2019-12-04 09:45:22,6803
INFY ,2019-12-04 10:45:20,6803
INFY ,2019-12-04 11:45:24,6803
INFY ,2019-12-04 12:45:21,6803
INFY ,2019-12-04 14:07:50,6803
INFY ,2019-12-04 14:45:42,6803
INFY ,2019-12-04 15:45:40,6792
INFY ,2019-12-04 16:45:35,6792
INFY ,2019-12-04 17:45:35,6785
INFY ,2019-12-04 18:45:36,6782
INFY ,2019-12-04 19:45:35,6772
INFY ,2019-12-04 20:45:33,6769
INFY ,2019-12-04 21:45:30,6762
INFY ,2019-12-04 22:45:30,6762
INFY ,2019-12-04 23:45:31,6761
INFY ,2019-12-05 00:45:33,6761
INFY ,2019-12-05 01:45:35,6761
INFY ,2019-12-05 02:45:33,6761
INFY ,2019-12-05 03:45:33,6761
INFY ,2019-12-05 04:45:33,6761
INFY ,2019-12-05 06:45:34,6761
INFY ,2019-12-05 07:45:18,6761
INFY ,2019-12-05 08:45:32,6761
INFY ,2019-12-05 09:45:15,6761
INFY ,2019-12-05 10:45:15,6761
INFY ,2019-12-05 11:45:16,6761
INFY ,2019-12-05 12:45:15,6761
INFY ,2019-12-05 13:45:32,6761
INFY ,2019-12-05 14:45:35,6759
INFY ,2019-12-05 15:45:33,6756
INFY ,2019-12-05 16:45:32,6756
INFY ,2019-12-05 17:45:32,6752
INFY ,2019-12-05 18:45:33,6750
INFY ,2019-12-05 20:08:20,6755
INFY ,2019-12-05 20:45:43,6755
INFY ,2019-12-05 21:45:31,6751
INFY ,2019-12-05 22:45:32,6750
INFY ,2019-12-05 23:45:21,6750
INFY ,2019-12-06 00:45:32,6750
INFY ,2019-12-06 01:45:30,6750
INFY ,2019-12-06 02:45:36,6750
INFY ,2019-12-06 03:45:33,6750
INFY ,2019-12-06 04:45:30,6750
INFY ,2019-12-06 05:45:40,6749
INFY ,2019-12-06 06:45:32,6749
INFY ,2019-12-06 07:45:35,6749
INFY ,2019-12-06 08:45:34,6749
INFY ,2019-12-06 09:45:31,6749
INFY ,2019-12-06 10:45:32,6749
INFY ,2019-12-06 11:45:33,6749
INFY ,2019-12-06 12:45:16,6749
INFY ,2019-12-06 13:46:12,6749
INFY ,2019-12-06 14:45:38,6749
INFY ,2019-12-06 15:45:53,6747
INFY ,2019-12-06 16:45:34,6736
INFY ,2019-12-06 17:45:31,6733
INFY ,2019-12-06 18:45:33,6729
INFY ,2019-12-06 19:45:33,6728
INFY ,2019-12-06 20:45:31,6723
INFY ,2019-12-06 21:45:15,6721
INFY ,2019-12-06 22:45:16,6722
INFY ,2019-12-06 23:45:19,6722
INFY ,2019-12-07 00:45:20,6722
INFY ,2019-12-07 01:45:42,6722
INFY ,2019-12-07 02:45:36,6722
INFY ,2019-12-07 03:45:31,6722
INFY ,2019-12-07 04:45:25,6722
INFY ,2019-12-07 05:45:53,6722
INFY ,2019-12-07 06:45:19,6722
INFY ,2019-12-07 07:45:20,6722
INFY ,2019-12-07 08:45:18,6722
INFY ,2019-12-07 09:45:16,6722
INFY ,2019-12-07 10:45:17,6722
INFY ,2019-12-07 11:45:16,6722
INFY ,2019-12-07 12:45:32,6722
INFY ,2019-12-07 13:45:46,6722
INFY ,2019-12-07 14:45:34,6722
INFY ,2019-12-07 15:45:35,6722
INFY ,2019-12-07 16:45:32,6722
INFY ,2019-12-07 17:45:35,6722
INFY ,2019-12-07 18:45:33,6722
INFY ,2019-12-07 19:45:17,6722
INFY ,2019-12-07 20:45:33,6722
INFY ,2019-12-07 21:45:37,6722
INFY ,2019-12-07 22:45:20,6722
INFY ,2019-12-07 23:45:18,6722
INFY ,2019-12-08 00:45:26,6722
INFY ,2019-12-08 01:45:17,6722
INFY ,2019-12-08 02:45:35,6722
INFY ,2019-12-08 03:45:33,6722
INFY ,2019-12-08 04:45:30,6722
INFY ,2019-12-08 05:45:36,6722
INFY ,2019-12-08 06:45:34,6722
INFY ,2019-12-08 07:45:32,6722
INFY ,2019-12-08 08:45:32,6722
INFY ,2019-12-08 09:45:31,6722
INFY ,2019-12-08 10:45:31,6722
INFY ,2019-12-08 11:45:16,6722
INFY ,2019-12-08 12:45:19,6722
INFY ,2019-12-08 13:45:30,6722
INFY ,2019-12-08 14:45:25,6722
INFY ,2019-12-08 15:45:20,6722
INFY ,2019-12-08 16:45:32,6722
INFY ,2019-12-08 17:45:35,6722
INFY ,2019-12-08 18:45:16,6722
INFY ,2019-12-08 19:45:29,6722
INFY ,2019-12-08 20:45:30,6722
INFY ,2019-12-08 21:45:37,6722
INFY ,2019-12-08 22:45:34,6722
INFY ,2019-12-08 23:45:32,6722
INFY ,2019-12-09 00:45:31,6722
INFY ,2019-12-09 01:45:16,6722
INFY ,2019-12-09 02:45:19,6722
INFY ,2019-12-09 03:45:34,6722
INFY ,2019-12-09 04:45:20,6722
INFY ,2019-12-09 05:45:23,6722
INFY ,2019-12-09 06:45:36,6722
INFY ,2019-12-09 07:45:20,6722
INFY ,2019-12-09 08:45:20,6722
INFY ,2019-12-09 09:45:16,6722
INFY ,2019-12-09 10:45:18,6722
INFY ,2019-12-09 11:45:14,6722
INFY ,2019-12-09 12:45:15,6722
INFY ,2019-12-09 14:08:51,6721
INFY ,2019-12-09 14:45:25,6721
INFY ,2019-12-09 15:45:25,6710
INFY ,2019-12-09 16:45:39,6706
INFY ,2019-12-09 17:45:51,6706
INFY ,2019-12-09 18:45:26,6706
INFY ,2019-12-09 19:45:17,6703
INFY ,2019-12-09 20:45:36,6709
INFY ,2019-12-09 21:45:36,6710
INFY ,2019-12-09 22:45:17,6710
INFY ,2019-12-09 23:45:30,6708
INFY ,2019-12-10 00:45:38,6708
INFY ,2019-12-10 01:45:31,6708
INFY ,2019-12-10 02:45:35,6708
INFY ,2019-12-10 03:45:40,6708
INFY ,2019-12-10 04:45:32,6708
INFY ,2019-12-10 05:45:41,6708
INFY ,2019-12-10 06:45:37,6708
INFY ,2019-12-10 07:45:33,6708
INFY ,2019-12-10 08:45:37,6708
INFY ,2019-12-10 09:45:18,6708
INFY ,2019-12-10 10:45:18,6708
INFY ,2019-12-10 11:45:17,6708
INFY ,2019-12-10 12:45:38,6708
INFY ,2019-12-10 13:45:16,6708
INFY ,2019-12-10 14:45:22,6708
INFY ,2019-12-10 15:45:18,6709
INFY ,2019-12-10 16:45:39,6712
INFY ,2019-12-10 17:45:29,6713
INFY ,2019-12-10 18:45:30,6714
INFY ,2019-12-10 19:45:20,6711
INFY ,2019-12-10 20:45:32,6707
INFY ,2019-12-10 21:45:31,6702
INFY ,2019-12-10 22:45:36,6701
INFY ,2019-12-10 23:45:40,6700
INFY ,2019-12-11 00:45:37,6700
INFY ,2019-12-11 01:45:44,6700
INFY ,2019-12-11 02:45:51,6700
INFY ,2019-12-11 03:45:33,6700
INFY ,2019-12-11 04:45:42,6700
INFY ,2019-12-11 05:45:42,6700
INFY ,2019-12-11 06:45:26,6700
INFY ,2019-12-11 07:45:22,6699
INFY ,2019-12-11 08:45:32,6699
INFY ,2019-12-11 09:45:19,6699
INFY ,2019-12-11 10:45:27,6699
INFY ,2019-12-11 11:45:23,6699
INFY ,2019-12-11 12:45:38,6699
INFY ,2019-12-11 13:45:28,6699
INFY ,2019-12-11 14:45:58,6698
INFY ,2019-12-11 15:45:28,6699
INFY ,2019-12-11 16:45:46,6694
INFY ,2019-12-11 17:45:49,6690
INFY ,2019-12-11 18:45:38,6692
INFY ,2019-12-11 19:45:46,6690
INFY ,2019-12-11 20:45:30,6691
INFY ,2019-12-11 21:45:35,6686
INFY ,2019-12-11 22:45:36,6687
INFY ,2019-12-11 23:45:39,6688
INFY ,2019-12-12 00:45:28,6688
INFY ,2019-12-12 01:45:45,6688
INFY ,2019-12-12 02:45:42,6688
INFY ,2019-12-12 03:45:25,6688
INFY ,2019-12-12 04:45:38,6688
INFY ,2019-12-12 05:45:39,6687
INFY ,2019-12-12 06:45:40,6687
INFY ,2019-12-12 07:45:38,6687
INFY ,2019-12-12 08:45:26,6687
INFY ,2019-12-12 09:45:33,6687
INFY ,2019-12-12 10:45:36,6687
INFY ,2019-12-12 11:45:23,6687
INFY ,2019-12-12 12:45:18,6687
INFY ,2019-12-12 14:07:21,6689
INFY ,2019-12-12 14:45:54,6689
INFY ,2019-12-12 15:45:26,6691
INFY ,2019-12-12 16:45:44,6685
INFY ,2019-12-12 17:45:26,6683
INFY ,2019-12-12 18:45:27,6680
INFY ,2019-12-12 19:45:29,6680
INFY ,2019-12-12 20:45:29,6673
INFY ,2019-12-12 21:45:29,6672
INFY ,2019-12-12 22:45:23,6672
INFY ,2019-12-12 23:45:26,6671
INFY ,2019-12-13 00:46:10,6671
INFY ,2019-12-13 01:46:09,6671
INFY ,2019-12-13 02:46:08,6671
INFY ,2019-12-13 03:46:11,6671
INFY ,2019-12-13 04:46:00,6671
INFY ,2019-12-13 05:46:21,6671
INFY ,2019-12-13 06:46:29,6671
INFY ,2019-12-13 07:46:08,6671
INFY ,2019-12-13 08:46:00,6671
INFY ,2019-12-13 09:46:07,6671
INFY ,2019-12-13 10:45:58,6671
INFY ,2019-12-13 11:45:56,6671
INFY ,2019-12-13 12:45:58,6671
INFY ,2019-12-13 14:39:28,6671
INFY ,2019-12-13 14:47:10,6671
INFY ,2019-12-13 15:46:13,6665
INFY ,2019-12-13 16:46:03,6662
INFY ,2019-12-13 17:46:11,6669
INFY ,2019-12-13 18:46:08,6672
INFY ,2019-12-13 19:46:04,6668
INFY ,2019-12-13 20:46:44,6667
INFY ,2019-12-13 21:46:04,6665
INFY ,2019-12-13 22:46:04,6665
INFY ,2019-12-13 23:45:56,6665
INFY ,2019-12-14 00:46:04,6665
INFY ,2019-12-14 01:45:55,6665
INFY ,2019-12-14 02:46:05,6665
INFY ,2019-12-14 03:46:01,6665
INFY ,2019-12-14 04:46:04,6665
INFY ,2019-12-14 05:46:06,6665
INFY ,2019-12-14 06:46:03,6665
INFY ,2019-12-14 07:45:46,6665
INFY ,2019-12-14 08:45:52,6665
INFY ,2019-12-14 09:45:57,6665
INFY ,2019-12-14 10:45:47,6665
INFY ,2019-12-14 11:45:51,6665
INFY ,2019-12-14 12:45:47,6665
INFY ,2019-12-14 13:46:04,6665
INFY ,2019-12-14 14:45:55,6665
INFY ,2019-12-14 15:46:14,6665
INFY ,2019-12-14 16:46:11,6665
INFY ,2019-12-14 17:45:50,6665
INFY ,2019-12-14 18:46:24,6665
INFY ,2019-12-14 19:45:59,6665
INFY ,2019-12-14 20:46:08,6665
INFY ,2019-12-14 22:46:12,6665
INFY ,2019-12-14 23:46:00,6665
INFY ,2019-12-15 00:46:07,6665
INFY ,2019-12-15 01:46:13,6665
INFY ,2019-12-15 02:46:08,6665
INFY ,2019-12-15 03:46:07,6665
INFY ,2019-12-15 04:46:06,6665
INFY ,2019-12-15 05:45:54,6665
INFY ,2019-12-15 06:46:05,6665
INFY ,2019-12-15 07:45:59,6665
INFY ,2019-12-15 08:45:57,6665
INFY ,2019-12-15 09:45:40,6665
INFY ,2019-12-15 10:45:49,6665
INFY ,2019-12-15 11:46:03,6665
INFY ,2019-12-15 13:46:00,6665
INFY ,2019-12-15 14:45:42,6665
INFY ,2019-12-15 15:46:02,6665
INFY ,2019-12-15 16:46:06,6665
INFY ,2019-12-15 17:46:05,6665
INFY ,2019-12-15 19:45:59,6665
INFY ,2019-12-15 20:46:02,6665
INFY ,2019-12-15 21:45:56,6665
INFY ,2019-12-15 22:45:57,6665
INFY ,2019-12-15 23:46:04,6665
INFY ,2019-12-16 00:46:00,6665
INFY ,2019-12-16 01:46:18,6665
INFY ,2019-12-16 02:45:57,6665
INFY ,2019-12-16 04:46:27,6665
INFY ,2019-12-16 05:46:09,6665
INFY ,2019-12-16 06:46:04,6666
INFY ,2019-12-16 07:45:49,6666
INFY ,2019-12-16 08:45:54,6666
INFY ,2019-12-16 09:45:52,6666
INFY ,2019-12-16 10:45:49,6666
INFY ,2019-12-16 11:46:07,6666
INFY ,2019-12-16 12:46:00,6666
INFY ,2019-12-16 13:46:01,6666
INFY ,2019-12-16 14:47:25,6666
INFY ,2019-12-16 16:06:51,6674
INFY ,2019-12-16 16:46:23,6674
INFY ,2019-12-16 17:46:15,6677
INFY ,2019-12-16 18:46:12,6677
INFY ,2019-12-16 19:46:06,6669
INFY ,2019-12-16 20:46:11,6664
INFY ,2019-12-16 21:46:00,6664
INFY ,2019-12-16 22:46:06,6665
INFY ,2019-12-16 23:46:01,6665
INFY ,2019-12-17 00:45:52,6665
INFY ,2019-12-17 01:45:53,6665
INFY ,2019-12-17 02:46:19,6665
INFY ,2019-12-17 03:46:07,6665
INFY ,2019-12-17 04:46:11,6665
INFY ,2019-12-17 05:46:04,6664
INFY ,2019-12-17 06:46:08,6664
INFY ,2019-12-17 07:46:02,6664
INFY ,2019-12-17 08:46:18,6664
INFY ,2019-12-17 09:45:41,6664
INFY ,2019-12-17 10:45:54,6664
INFY ,2019-12-17 11:45:45,6664
INFY ,2019-12-17 12:45:42,6664
INFY ,2019-12-17 14:08:20,6662
INFY ,2019-12-17 14:46:35,6662
INFY ,2019-12-17 15:46:19,6665
INFY ,2019-12-17 16:46:01,6668
INFY ,2019-12-17 17:46:06,6671
INFY ,2019-12-17 18:45:54,6671
INFY ,2019-12-17 19:46:19,6671
INFY ,2019-12-17 20:46:07,6673
INFY ,2019-12-17 21:45:49,6676
INFY ,2019-12-17 22:45:57,6677
INFY ,2019-12-17 23:46:05,6677
INFY ,2019-12-18 01:46:15,6677
INFY ,2019-12-18 02:46:17,6677
INFY ,2019-12-18 03:46:00,6677
INFY ,2019-12-18 04:45:46,6677
INFY ,2019-12-18 05:46:01,6677
INFY ,2019-12-18 06:45:57,6677
INFY ,2019-12-18 07:45:46,6677
INFY ,2019-12-18 08:46:03,6677
INFY ,2019-12-18 09:45:52,6676
INFY ,2019-12-18 10:45:56,6676
INFY ,2019-12-18 11:45:45,6676
INFY ,2019-12-18 12:45:52,6676
INFY ,2019-12-18 14:07:21,6676
INFY ,2019-12-18 14:46:36,6676
INFY ,2019-12-18 15:46:05,6681
INFY ,2019-12-18 16:46:16,6679
INFY ,2019-12-18 17:46:10,6677
INFY ,2019-12-18 18:46:04,6675
INFY ,2019-12-18 19:45:59,6675
INFY ,2019-12-18 20:46:09,6675
INFY ,2019-12-18 21:45:57,6669
INFY ,2019-12-18 22:45:53,6669
INFY ,2019-12-18 23:46:00,6670
INFY ,2019-12-19 00:46:06,6670
INFY ,2019-12-19 01:46:06,6670
INFY ,2019-12-19 02:46:17,6670
INFY ,2019-12-19 03:46:01,6670
INFY ,2019-12-19 04:46:07,6670
INFY ,2019-12-19 05:45:53,6670
INFY ,2019-12-19 06:46:07,6670
INFY ,2019-12-19 07:45:59,6670
INFY ,2019-12-19 08:45:46,6670
INFY ,2019-12-19 09:45:50,6670
INFY ,2019-12-19 10:45:42,6670
INFY ,2019-12-19 11:45:42,6670
INFY ,2019-12-19 12:45:56,6670
INFY ,2019-12-19 14:08:53,6671
INFY ,2019-12-19 14:46:31,6671
INFY ,2019-12-19 15:46:44,6678
INFY ,2019-12-19 16:46:21,6681
INFY ,2019-12-19 17:46:23,6683
INFY ,2019-12-19 18:46:15,6684
INFY ,2019-12-19 19:46:14,6684
INFY ,2019-12-19 21:08:55,6688
INFY ,2019-12-19 21:46:12,6688
INFY ,2019-12-19 22:46:22,6689
INFY ,2019-12-19 23:46:16,6689
INFY ,2019-12-20 00:46:19,6689
INFY ,2019-12-20 01:46:05,6689
INFY ,2019-12-20 02:46:14,6689
INFY ,2019-12-20 03:46:13,6689
INFY ,2019-12-20 04:46:23,6689
INFY ,2019-12-20 05:46:18,6689
INFY ,2019-12-20 06:46:28,6689
INFY ,2019-12-20 07:46:18,6689
INFY ,2019-12-20 08:46:24,6689
INFY ,2019-12-20 09:46:17,6689
INFY ,2019-12-20 10:45:38,6689
INFY ,2019-12-20 11:46:06,6689
INFY ,2019-12-20 12:46:20,6689
INFY ,2019-12-20 14:07:52,6689
INFY ,2019-12-20 14:46:53,6689
INFY ,2019-12-20 15:46:51,6685
INFY ,2019-12-20 16:46:35,6685
INFY ,2019-12-20 17:46:39,6691
INFY ,2019-12-20 18:46:23,6696
INFY ,2019-12-20 19:46:38,6697
INFY ,2019-12-20 20:46:34,6697
INFY ,2019-12-20 21:46:24,6696
INFY ,2019-12-20 22:46:11,6695
INFY ,2019-12-20 23:46:23,6695
INFY ,2019-12-21 00:46:31,6695
INFY ,2019-12-21 01:46:17,6695
INFY ,2019-12-21 02:46:24,6695
INFY ,2019-12-21 03:46:07,6695
INFY ,2019-12-21 04:46:19,6695
INFY ,2019-12-21 05:46:01,6695
INFY ,2019-12-21 06:45:59,6695
INFY ,2019-12-21 07:46:11,6695
INFY ,2019-12-21 08:46:05,6695
INFY ,2019-12-21 09:45:46,6695
INFY ,2019-12-21 10:45:52,6695
INFY ,2019-12-21 11:45:42,6695
INFY ,2019-12-21 12:45:52,6695
INFY ,2019-12-21 13:45:54,6695
INFY ,2019-12-21 14:46:11,6695
INFY ,2019-12-21 15:45:55,6695
INFY ,2019-12-21 16:46:18,6695
INFY ,2019-12-21 17:45:59,6695
INFY ,2019-12-21 18:46:03,6695
INFY ,2019-12-21 19:45:55,6695
INFY ,2019-12-21 20:45:57,6695
INFY ,2019-12-21 22:46:19,6695
INFY ,2019-12-21 23:45:49,6695
INFY ,2019-12-22 00:45:52,6695
INFY ,2019-12-22 01:46:04,6695
INFY ,2019-12-22 02:45:57,6695
INFY ,2019-12-22 04:46:01,6695
INFY ,2019-12-22 05:45:45,6695
INFY ,2019-12-22 06:45:50,6695
INFY ,2019-12-22 07:45:59,6695
INFY ,2019-12-22 08:45:50,6695
INFY ,2019-12-22 09:45:43,6695
INFY ,2019-12-22 10:45:54,6695
INFY ,2019-12-22 11:45:51,6695
INFY ,2019-12-22 12:46:02,6695
INFY ,2019-12-22 13:45:46,6695
INFY ,2019-12-22 14:46:02,6695
INFY ,2019-12-22 15:46:13,6695
INFY ,2019-12-22 16:45:56,6695
INFY ,2019-12-22 17:45:55,6695
INFY ,2019-12-22 18:45:59,6695
INFY ,2019-12-22 19:46:04,6695
INFY ,2019-12-22 20:46:16,6695
INFY ,2019-12-22 22:46:01,6695
INFY ,2019-12-22 23:46:12,6695
INFY ,2019-12-23 00:46:08,6695
INFY ,2019-12-23 01:46:18,6695
INFY ,2019-12-23 02:46:09,6695
INFY ,2019-12-23 03:46:09,6695
INFY ,2019-12-23 04:46:16,6695
INFY ,2019-12-23 05:46:15,6695
INFY ,2019-12-23 06:46:11,6693
INFY ,2019-12-23 07:45:50,6695
INFY ,2019-12-23 08:45:48,6695
INFY ,2019-12-23 09:45:44,6695
INFY ,2019-12-23 10:45:50,6695
INFY ,2019-12-23 11:45:54,6695
INFY ,2019-12-23 12:45:50,6695
INFY ,2019-12-23 14:08:56,6696
INFY ,2019-12-23 14:46:56,6696
INFY ,2019-12-23 15:46:14,6699
INFY ,2019-12-23 16:46:06,6702
INFY ,2019-12-23 17:46:25,6700
INFY ,2019-12-23 18:46:21,6698
INFY ,2019-12-23 19:46:20,6694
INFY ,2019-12-23 20:46:33,6693
INFY ,2019-12-23 21:46:12,6692
INFY ,2019-12-23 22:45:55,6691
INFY ,2019-12-23 23:46:15,6691
INFY ,2019-12-24 00:46:05,6691
INFY ,2019-12-24 01:46:04,6691
INFY ,2019-12-24 02:46:20,6691
INFY ,2019-12-24 03:46:25,6691
INFY ,2019-12-24 04:46:31,6691
INFY ,2019-12-24 05:45:57,6690
INFY ,2019-12-24 06:46:25,6690
INFY ,2019-12-24 07:45:55,6690
INFY ,2019-12-24 08:45:55,6690
INFY ,2019-12-24 09:45:55,6690
INFY ,2019-12-24 10:45:36,6690
INFY ,2019-12-24 11:45:57,6690
INFY ,2019-12-24 12:45:44,6690
INFY ,2019-12-24 13:45:49,6690
INFY ,2019-12-24 14:46:36,6690
INFY ,2019-12-24 15:46:11,6695
INFY ,2019-12-24 16:45:59,6699
INFY ,2019-12-24 17:46:02,6695
INFY ,2019-12-24 18:45:58,6695
INFY ,2019-12-24 19:46:10,6696
INFY ,2019-12-24 20:45:51,6697
INFY ,2019-12-24 21:45:47,6697
INFY ,2019-12-24 22:46:15,6697
INFY ,2019-12-24 23:46:10,6697
INFY ,2019-12-25 00:46:13,6697
INFY ,2019-12-25 01:45:55,6697
INFY ,2019-12-25 02:45:42,6697
INFY ,2019-12-25 03:46:03,6697
INFY ,2019-12-25 04:46:10,6697
INFY ,2019-12-25 05:46:13,6697
INFY ,2019-12-25 06:45:51,6697
INFY ,2019-12-25 07:46:02,6697
INFY ,2019-12-25 08:46:16,6697
INFY ,2019-12-25 09:45:58,6697
INFY ,2019-12-25 10:45:55,6697
INFY ,2019-12-25 11:45:42,6697
INFY ,2019-12-25 12:45:51,6697
INFY ,2019-12-25 13:45:49,6697
INFY ,2019-12-25 14:46:03,6697
INFY ,2019-12-25 15:46:16,6697
INFY ,2019-12-25 16:45:57,6697
INFY ,2019-12-25 17:46:11,6697
INFY ,2019-12-25 18:45:51,6697
INFY ,2019-12-25 19:45:48,6697
INFY ,2019-12-25 20:46:00,6697
INFY ,2019-12-25 21:45:59,6697
INFY ,2019-12-25 22:46:00,6697
INFY ,2019-12-25 23:45:57,6697
INFY ,2019-12-26 00:46:10,6697
INFY ,2019-12-26 01:46:12,6697
INFY ,2019-12-26 02:46:18,6697
INFY ,2019-12-26 03:46:20,6697
INFY ,2019-12-26 04:46:25,6697
INFY ,2019-12-26 05:45:56,6697
INFY ,2019-12-26 06:46:08,6697
INFY ,2019-12-26 07:46:02,6697
INFY ,2019-12-26 08:45:48,6697
INFY ,2019-12-26 09:45:52,6697
INFY ,2019-12-26 10:45:51,6697
INFY ,2019-12-26 11:45:45,6697
INFY ,2019-12-26 12:45:45,6697
INFY ,2019-12-26 13:45:59,6697
INFY ,2019-12-26 14:46:34,6697
INFY ,2019-12-26 15:46:25,6692
INFY ,2019-12-26 16:46:14,6690
INFY ,2019-12-26 17:46:29,6684
INFY ,2019-12-26 18:46:12,6684
INFY ,2019-12-26 19:46:00,6683
INFY ,2019-12-26 20:46:35,6693
INFY ,2019-12-26 21:46:16,6696
INFY ,2019-12-26 22:46:35,6695
INFY ,2019-12-26 23:46:12,6696
INFY ,2019-12-27 00:45:58,6696
INFY ,2019-12-27 01:46:20,6696
INFY ,2019-12-27 02:46:26,6696
INFY ,2019-12-27 03:46:01,6696
INFY ,2019-12-27 04:46:23,6696
INFY ,2019-12-27 05:46:16,6695
INFY ,2019-12-27 06:46:29,6695
INFY ,2019-12-27 07:45:53,6695
INFY ,2019-12-27 08:46:09,6695
INFY ,2019-12-27 09:45:52,6695
INFY ,2019-12-27 10:45:38,6695
INFY ,2019-12-27 11:45:50,6695
INFY ,2019-12-27 12:45:58,6695
INFY ,2019-12-27 14:08:53,6694
INFY ,2019-12-27 14:46:27,6694
INFY ,2019-12-27 15:46:16,6688
INFY ,2019-12-27 16:46:11,6681
INFY ,2019-12-27 17:46:11,6680
INFY ,2019-12-27 18:46:20,6680
INFY ,2019-12-27 19:46:46,6680
INFY ,2019-12-27 20:46:14,6684
INFY ,2019-12-27 21:46:31,6687
INFY ,2019-12-27 22:46:20,6687
INFY ,2019-12-27 23:45:57,6687
INFY ,2019-12-28 00:46:14,6687
INFY ,2019-12-28 01:46:02,6687
INFY ,2019-12-28 02:46:13,6687
INFY ,2019-12-28 03:46:01,6687
INFY ,2019-12-28 04:46:21,6687
INFY ,2019-12-28 05:46:21,6687
INFY ,2019-12-28 06:46:14,6687
INFY ,2019-12-28 07:45:54,6687
INFY ,2019-12-28 08:46:17,6687
INFY ,2019-12-28 09:45:57,6687
INFY ,2019-12-28 10:46:03,6687
INFY ,2019-12-28 11:45:49,6687
INFY ,2019-12-28 12:45:40,6687
INFY ,2019-12-28 13:45:56,6687
INFY ,2019-12-28 14:46:12,6687
INFY ,2019-12-28 15:46:24,6687
INFY ,2019-12-28 16:46:00,6687
INFY ,2019-12-28 17:46:26,6687
INFY ,2019-12-28 18:46:10,6687
INFY ,2019-12-28 19:45:59,6687
INFY ,2019-12-28 20:46:17,6687
INFY ,2019-12-28 21:45:54,6687
INFY ,2019-12-28 22:46:12,6687
INFY ,2019-12-28 23:46:19,6687
INFY ,2019-12-29 00:46:00,6687
INFY ,2019-12-29 01:46:29,6687
INFY ,2019-12-29 02:46:08,6687
INFY ,2019-12-29 03:46:30,6687
INFY ,2019-12-29 04:46:13,6687
INFY ,2019-12-29 05:46:23,6687
INFY ,2019-12-29 06:46:29,6687
INFY ,2019-12-29 07:46:10,6687
INFY ,2019-12-29 08:46:20,6687
INFY ,2019-12-29 09:46:03,6687
INFY ,2019-12-29 10:46:03,6687
INFY ,2019-12-29 11:46:00,6687
INFY ,2019-12-29 12:45:57,6687
INFY ,2019-12-29 13:46:02,6687
INFY ,2019-12-29 14:46:06,6687
INFY ,2019-12-29 15:46:02,6687
INFY ,2019-12-29 16:46:19,6687
INFY ,2019-12-29 17:46:03,6687
INFY ,2019-12-29 18:46:05,6687
INFY ,2019-12-29 19:46:11,6687
INFY ,2019-12-29 20:45:56,6687
INFY ,2019-12-29 21:46:36,6687
INFY ,2019-12-29 22:46:08,6687
INFY ,2019-12-29 23:45:55,6687
INFY ,2019-12-30 00:46:03,6687
INFY ,2019-12-30 01:46:27,6687
INFY ,2019-12-30 02:46:32,6687
INFY ,2019-12-30 03:46:00,6687
INFY ,2019-12-30 04:46:36,6687
INFY ,2019-12-30 05:46:10,6687
INFY ,2019-12-30 06:45:45,6687
INFY ,2019-12-30 07:45:46,6687
INFY ,2019-12-30 08:46:00,6687
INFY ,2019-12-30 09:46:08,6687
INFY ,2019-12-30 10:45:40,6687
INFY ,2019-12-30 11:46:06,6687
INFY ,2019-12-30 12:45:55,6687
INFY ,2019-12-30 14:08:52,6687
INFY ,2019-12-30 14:47:04,6687
INFY ,2019-12-30 15:46:17,6687
INFY ,2019-12-30 16:46:17,6696
INFY ,2019-12-30 17:46:15,6697
INFY ,2019-12-30 18:46:26,6695
INFY ,2019-12-30 19:46:19,6691
INFY ,2019-12-30 20:46:03,6691
INFY ,2019-12-30 21:46:03,6691
INFY ,2019-12-30 22:45:57,6689
INFY ,2019-12-30 23:46:04,6689
INFY ,2019-12-31 00:46:03,6689
INFY ,2019-12-31 01:45:59,6689
INFY ,2019-12-31 02:46:15,6689
INFY ,2019-12-31 03:46:19,6689
INFY ,2019-12-31 04:46:05,6689
INFY ,2019-12-31 05:45:54,6689
INFY ,2019-12-31 06:46:06,6689
INFY ,2019-12-31 07:45:59,6689
INFY ,2019-12-31 08:46:15,6689
INFY ,2019-12-31 09:46:06,6689
INFY ,2019-12-31 10:46:18,6689
INFY ,2019-12-31 11:46:08,6689
INFY ,2019-12-31 12:45:58,6689
INFY ,2019-12-31 14:09:53,6689
INFY ,2019-12-31 14:46:54,6689
INFY ,2019-12-31 15:46:30,6687
INFY ,2019-12-31 16:46:15,6687
INFY ,2019-12-31 17:45:55,6687
INFY ,2019-12-31 18:46:06,6685
INFY ,2019-12-31 19:46:10,6682
INFY ,2019-12-31 20:46:13,6683
INFY ,2019-12-31 21:45:56,6677
INFY ,2019-12-31 22:46:00,6679
INFY ,2019-12-31 23:45:58,6679
INFY ,2020-01-01 00:46:04,6679
INFY ,2020-01-01 01:46:02,6679
INFY ,2020-01-01 02:45:57,6679
INFY ,2020-01-01 03:46:05,6679
INFY ,2020-01-01 04:45:45,6679
INFY ,2020-01-01 05:46:20,6679
INFY ,2020-01-01 06:46:22,6679
INFY ,2020-01-01 07:46:02,6679
INFY ,2020-01-01 08:45:58,6679
INFY ,2020-01-01 09:45:53,6679
INFY ,2020-01-01 10:45:41,6679
INFY ,2020-01-01 11:45:46,6679
INFY ,2020-01-01 12:46:00,6679
INFY ,2020-01-01 13:45:49,6679
INFY ,2020-01-01 14:45:51,6679
INFY ,2020-01-01 15:45:55,6679
INFY ,2020-01-01 16:46:03,6679
INFY ,2020-01-01 17:46:05,6679
INFY ,2020-01-01 18:46:00,6679
INFY ,2020-01-01 19:45:43,6679
INFY ,2020-01-01 20:46:06,6679
INFY ,2020-01-01 21:46:01,6679
INFY ,2020-01-01 22:46:08,6679
INFY ,2020-01-01 23:46:34,6679
INFY ,2020-01-02 00:46:19,6679
INFY ,2020-01-02 01:46:10,6679
INFY ,2020-01-02 02:46:40,6679
INFY ,2020-01-02 03:46:13,6679
INFY ,2020-01-02 04:46:06,6679
INFY ,2020-01-02 05:46:04,6679
INFY ,2020-01-02 06:45:59,6679
INFY ,2020-01-02 07:45:57,6679
INFY ,2020-01-02 08:46:00,6679
INFY ,2020-01-02 09:45:51,6679
INFY ,2020-01-02 10:45:55,6679
INFY ,2020-01-02 11:45:53,6679
INFY ,2020-01-02 12:45:55,6679
INFY ,2020-01-02 14:10:23,6679
INFY ,2020-01-02 14:47:41,6679
INFY ,2020-01-02 15:46:27,6697
INFY ,2020-01-02 16:46:13,6701
INFY ,2020-01-02 17:46:16,6701
INFY ,2020-01-02 18:46:27,6702
INFY ,2020-01-02 19:46:10,6701
INFY ,2020-01-02 20:46:21,6701
INFY ,2020-01-02 21:46:02,6696
INFY ,2020-01-02 22:46:52,6694
INFY ,2020-01-02 23:45:52,6694
INFY ,2020-01-03 00:46:18,6694
INFY ,2020-01-03 01:46:19,6694
INFY ,2020-01-03 02:46:25,6694
INFY ,2020-01-03 03:46:11,6694
INFY ,2020-01-03 04:46:07,6694
INFY ,2020-01-03 05:46:19,6694
INFY ,2020-01-03 06:46:07,6694
INFY ,2020-01-03 07:46:01,6693
INFY ,2020-01-03 08:46:13,6693
INFY ,2020-01-03 09:46:01,6693
INFY ,2020-01-03 10:45:59,6693
INFY ,2020-01-03 11:45:58,6693
INFY ,2020-01-03 12:45:57,6693
INFY ,2020-01-03 14:10:23,6694
INFY ,2020-01-03 14:50:16,6694
INFY ,2020-01-03 15:46:09,6691
INFY ,2020-01-03 16:46:21,6689
INFY ,2020-01-03 17:47:03,6686
INFY ,2020-01-03 18:46:20,6686
INFY ,2020-01-03 19:46:13,6686
INFY ,2020-01-03 20:46:21,6686
INFY ,2020-01-03 21:45:58,6677
INFY ,2020-01-03 22:46:04,6677
INFY ,2020-01-03 23:45:59,6678
INFY ,2020-01-04 00:46:13,6678
INFY ,2020-01-04 01:46:00,6678
INFY ,2020-01-04 02:46:01,6678
INFY ,2020-01-04 03:46:18,6678
INFY ,2020-01-04 04:46:11,6678
INFY ,2020-01-04 05:46:05,6678
INFY ,2020-01-04 06:46:11,6678
INFY ,2020-01-04 07:45:49,6678
INFY ,2020-01-04 08:46:01,6677
INFY ,2020-01-04 09:45:59,6677
INFY ,2020-01-04 10:45:53,6677
INFY ,2020-01-04 11:45:50,6677
INFY ,2020-01-04 12:46:00,6677
INFY ,2020-01-04 13:45:55,6677
INFY ,2020-01-04 14:45:57,6677
INFY ,2020-01-04 15:46:09,6677
INFY ,2020-01-04 16:46:06,6677
INFY ,2020-01-04 17:46:11,6677
INFY ,2020-01-04 18:46:04,6677
INFY ,2020-01-04 19:46:07,6677
INFY ,2020-01-04 20:46:10,6677
INFY ,2020-01-04 21:46:47,6677
INFY ,2020-01-04 22:46:09,6677
INFY ,2020-01-04 23:46:20,6677
INFY ,2020-01-05 00:46:01,6677
INFY ,2020-01-05 01:46:37,6677
INFY ,2020-01-05 02:46:24,6677
INFY ,2020-01-05 03:46:17,6677
INFY ,2020-01-05 04:45:58,6677
INFY ,2020-01-05 05:46:01,6677
INFY ,2020-01-05 06:45:54,6677
INFY ,2020-01-05 07:45:49,6677
INFY ,2020-01-05 08:45:42,6677
INFY ,2020-01-05 09:45:45,6677
INFY ,2020-01-05 10:45:39,6677
INFY ,2020-01-05 11:46:04,6677
INFY ,2020-01-05 12:45:43,6677
INFY ,2020-01-05 13:46:02,6677
INFY ,2020-01-05 14:45:51,6677
INFY ,2020-01-05 15:45:53,6677
INFY ,2020-01-05 16:46:06,6677
INFY ,2020-01-05 17:46:52,6677
INFY ,2020-01-05 18:46:16,6677
INFY ,2020-01-05 20:46:11,6677
INFY ,2020-01-05 21:46:27,6677
INFY ,2020-01-05 22:46:01,6677
INFY ,2020-01-05 23:46:07,6677
INFY ,2020-01-06 00:46:13,6677
INFY ,2020-01-06 01:46:09,6677
INFY ,2020-01-06 02:46:32,6677
INFY ,2020-01-06 03:46:30,6677
INFY ,2020-01-06 04:46:26,6677
INFY ,2020-01-06 05:46:17,6677
INFY ,2020-01-06 06:46:07,6677
INFY ,2020-01-06 07:46:02,6677
INFY ,2020-01-06 08:46:11,6677
INFY ,2020-01-16 06:45:56,6949
INFY ,2020-01-16 07:45:51,6949
INFY ,2020-01-16 08:45:56,6949
INFY ,2020-01-16 09:45:44,6949
INFY ,2020-01-16 10:45:45,6949
INFY ,2020-01-16 11:45:50,6949
INFY ,2020-01-16 12:45:51,6949
INFY ,2020-01-16 14:10:24,6949
INFY ,2020-01-16 15:45:55,6936
INFY ,2020-01-16 16:46:08,6933
INFY ,2020-01-16 17:46:09,6931
INFY ,2020-01-16 18:45:53,6930
INFY ,2020-01-16 19:45:56,6931
INFY ,2020-01-16 20:45:59,6931
INFY ,2020-01-16 21:45:51,6932
INFY ,2020-01-16 22:45:58,6933
INFY ,2020-01-16 23:45:50,6934
INFY ,2020-01-17 00:46:18,6934
INFY ,2020-01-17 01:46:24,6934
INFY ,2020-01-17 02:45:52,6934
INFY ,2020-01-17 03:45:46,6934
INFY ,2020-01-17 04:45:44,6934
INFY ,2020-01-17 05:45:42,6934
INFY ,2020-01-17 06:45:52,6934
INFY ,2020-01-17 07:45:36,6934
INFY ,2020-01-17 08:45:35,6934
INFY ,2020-01-17 09:46:23,6934
INFY ,2020-01-17 10:45:26,6934
INFY ,2020-01-17 11:45:29,6934
INFY ,2020-01-17 12:45:39,6934
INFY ,2020-01-17 14:08:26,6934
INFY ,2020-01-17 14:45:59,6934
INFY ,2020-01-17 15:45:55,6934
INFY ,2020-01-17 16:45:56,6931
INFY ,2020-01-17 17:45:50,6922
INFY ,2020-01-17 18:45:52,6921
INFY ,2020-01-17 19:45:48,6912
INFY ,2020-01-17 20:45:47,6910
INFY ,2020-01-17 21:45:36,6907
INFY ,2020-01-17 22:45:46,6905
INFY ,2020-01-17 23:45:41,6904
INFY ,2020-01-18 00:46:13,6904
INFY ,2020-01-18 01:45:43,6904
INFY ,2020-01-18 02:45:43,6904
INFY ,2020-01-18 03:45:47,6904
INFY ,2020-01-18 04:45:48,6904
INFY ,2020-01-18 05:45:50,6904
INFY ,2020-01-18 06:45:30,6904
INFY ,2020-01-18 07:45:43,6904
INFY ,2020-01-18 08:45:43,6904
INFY ,2020-01-18 09:45:34,6904
INFY ,2020-01-18 10:45:39,6904
INFY ,2020-01-18 11:45:33,6904
INFY ,2020-01-18 12:45:41,6904
INFY ,2020-01-18 13:45:42,6904
INFY ,2020-01-18 14:45:43,6904
INFY ,2020-01-18 15:45:49,6904
INFY ,2020-01-18 16:45:29,6904
INFY ,2020-01-18 17:45:54,6904
INFY ,2020-01-18 18:45:48,6904
INFY ,2020-01-18 19:46:17,6904
INFY ,2020-01-18 20:45:49,6904
INFY ,2020-01-18 21:45:54,6904
INFY ,2020-01-18 22:45:40,6904
INFY ,2020-01-18 23:45:42,6904
INFY ,2020-01-19 00:45:31,6904
INFY ,2020-01-19 01:45:47,6904
INFY ,2020-01-19 02:45:47,6904
INFY ,2020-01-19 03:45:54,6904
INFY ,2020-01-19 04:45:44,6904
INFY ,2020-01-19 05:45:41,6904
INFY ,2020-01-19 06:45:40,6904
INFY ,2020-01-19 07:45:32,6904
INFY ,2020-01-19 08:46:03,6904
INFY ,2020-01-19 09:45:40,6904
INFY ,2020-01-19 10:45:30,6904
INFY ,2020-01-19 11:45:32,6904
INFY ,2020-01-19 12:45:45,6904
INFY ,2020-01-19 13:45:39,6904
INFY ,2020-01-19 14:46:07,6904
INFY ,2020-01-19 15:46:20,6904
INFY ,2020-01-19 16:45:35,6904
INFY ,2020-01-19 17:45:42,6904
INFY ,2020-01-19 18:45:33,6904
INFY ,2020-01-19 19:46:26,6904
INFY ,2020-01-19 20:45:45,6904
INFY ,2020-01-19 21:45:48,6904
INFY ,2020-01-19 22:45:46,6904
INFY ,2020-01-19 23:46:33,6904
INFY ,2020-01-20 00:46:24,6904
INFY ,2020-01-20 01:46:18,6904
INFY ,2020-01-20 02:45:58,6904
INFY ,2020-01-20 03:46:19,6904
INFY ,2020-01-20 04:46:11,6904
INFY ,2020-01-20 05:45:38,6904
INFY ,2020-01-20 06:46:22,6904
INFY ,2020-01-20 07:45:33,6904
INFY ,2020-01-20 08:46:18,6904
INFY ,2020-01-20 09:53:17,6904
INFY ,2020-01-20 10:45:57,6904
INFY ,2020-01-20 11:45:32,6904
INFY ,2020-01-20 12:45:38,6904
INFY ,2020-01-20 13:46:08,6904
INFY ,2020-01-20 14:46:05,6904
INFY ,2020-01-20 15:46:16,6904
INFY ,2020-01-20 16:45:45,6904
INFY ,2020-01-20 17:46:11,6904
INFY ,2020-01-20 18:45:45,6904
INFY ,2020-01-20 19:46:14,6904
INFY ,2020-01-20 21:46:27,6904
INFY ,2020-01-20 22:46:19,6904
INFY ,2020-01-20 23:46:16,6904
INFY ,2020-01-21 00:46:21,6904
INFY ,2020-01-21 01:46:12,6904
INFY ,2020-01-21 02:46:18,6904
INFY ,2020-01-21 03:45:39,6904
INFY ,2020-01-21 04:45:45,6904
INFY ,2020-01-21 05:45:41,6904
INFY ,2020-01-21 06:45:40,6905
INFY ,2020-01-21 07:45:32,6906
INFY ,2020-01-21 08:45:48,6906
INFY ,2020-01-21 10:01:48,6906
INFY ,2020-01-21 10:46:19,6906
INFY ,2020-01-21 11:45:39,6906
INFY ,2020-01-21 12:45:38,6906
INFY ,2020-01-21 13:45:45,6906
INFY ,2020-01-21 15:46:38,6908
INFY ,2020-01-21 16:45:55,6903
INFY ,2020-01-21 17:46:25,6893
INFY ,2020-01-21 18:45:58,6891
INFY ,2020-01-21 19:46:20,6891
INFY ,2020-01-21 20:45:54,6885
INFY ,2020-01-21 21:46:24,6884
INFY ,2020-01-21 22:46:13,6884
INFY ,2020-01-21 23:45:45,6884
INFY ,2020-01-22 00:45:48,6884
INFY ,2020-01-22 01:45:53,6884
INFY ,2020-01-22 02:46:16,6884
INFY ,2020-01-22 03:45:50,6884
INFY ,2020-01-22 04:45:54,6884
INFY ,2020-01-22 05:45:53,6884
INFY ,2020-01-22 06:45:42,6884
INFY ,2020-01-22 07:45:42,6884
INFY ,2020-01-22 08:45:54,6884
INFY ,2020-01-22 09:57:59,6884
INFY ,2020-01-22 10:45:29,6884
INFY ,2020-01-22 11:45:33,6884
INFY ,2020-01-22 12:46:06,6884
INFY ,2020-01-22 13:46:14,6884
INFY ,2020-01-22 14:46:18,6884
INFY ,2020-01-22 15:45:53,6868
INFY ,2020-01-22 16:46:25,6849
INFY ,2020-01-22 17:46:16,6848
INFY ,2020-01-22 18:46:11,6839
INFY ,2020-01-22 19:46:29,6832
INFY ,2020-01-22 20:46:21,6830
INFY ,2020-01-22 21:46:28,6827
INFY ,2020-01-22 22:46:05,6824
INFY ,2020-01-22 23:46:21,6825
INFY ,2020-01-23 00:46:27,6825
INFY ,2020-01-23 01:46:25,6825
INFY ,2020-01-23 02:45:53,6825
INFY ,2020-01-23 03:45:53,6825
INFY ,2020-01-23 04:45:59,6825
INFY ,2020-01-23 05:45:37,6825
INFY ,2020-01-23 06:45:44,6825
INFY ,2020-01-23 07:45:43,6824
INFY ,2020-01-23 08:45:42,6824
INFY ,2020-01-23 10:45:37,6824
INFY ,2020-01-23 11:45:44,6824
INFY ,2020-01-23 12:45:41,6824
INFY ,2020-01-23 14:09:56,6821
INFY ,2020-01-23 14:46:13,6821
INFY ,2020-01-23 15:46:00,6822
INFY ,2020-01-23 16:45:48,6820
INFY ,2020-01-23 17:45:48,6815
INFY ,2020-01-23 18:45:59,6805
INFY ,2020-01-23 19:45:47,6802
INFY ,2020-01-23 20:45:58,6797
INFY ,2020-01-23 21:45:59,6801
INFY ,2020-01-23 22:45:46,6801
INFY ,2020-01-23 23:45:50,6799
INFY ,2020-01-24 00:45:44,6799
INFY ,2020-01-24 01:45:49,6799
INFY ,2020-01-24 02:46:20,6799
INFY ,2020-01-24 03:45:42,6799
INFY ,2020-01-24 04:45:43,6799
INFY ,2020-01-24 05:45:56,6799
INFY ,2020-01-24 06:45:32,6799
INFY ,2020-01-24 07:45:54,6799
INFY ,2020-01-24 08:45:35,6799
INFY ,2020-01-24 09:56:03,6799
INFY ,2020-01-24 10:45:40,6799
INFY ,2020-01-24 11:45:30,6799
INFY ,2020-01-24 12:45:42,6799
INFY ,2020-01-24 14:08:56,6799
INFY ,2020-01-24 14:45:59,6799
INFY ,2020-01-24 15:45:54,6792
INFY ,2020-01-24 16:45:52,6790
INFY ,2020-01-24 17:45:49,6789
INFY ,2020-01-24 18:45:47,6787
INFY ,2020-01-24 19:45:57,6781
INFY ,2020-01-24 20:45:55,6777
INFY ,2020-01-24 21:45:46,6775
INFY ,2020-01-24 22:45:39,6775
INFY ,2020-01-24 23:45:50,6776
INFY ,2020-01-25 00:45:43,6776
INFY ,2020-01-25 01:45:50,6776
INFY ,2020-01-25 02:46:01,6776
INFY ,2020-01-25 03:45:58,6776
INFY ,2020-01-25 04:45:45,6776
INFY ,2020-01-25 05:45:53,6776
INFY ,2020-01-25 06:45:43,6776
INFY ,2020-01-25 07:45:46,6776
INFY ,2020-01-25 08:45:46,6776
INFY ,2020-01-25 09:56:30,6776
INFY ,2020-01-25 10:45:35,6776
INFY ,2020-01-25 11:45:37,6776
INFY ,2020-01-25 12:45:50,6776
INFY ,2020-01-25 14:45:38,6776
INFY ,2020-01-25 15:45:37,6776
INFY ,2020-01-25 16:45:46,6776
INFY ,2020-01-25 17:45:49,6776
INFY ,2020-01-25 18:45:47,6776
INFY ,2020-01-25 19:45:45,6776
INFY ,2020-01-25 20:45:44,6776
INFY ,2020-01-25 21:45:42,6776
INFY ,2020-01-25 22:45:46,6776
INFY ,2020-01-25 23:45:40,6776
INFY ,2020-01-26 00:45:48,6776
INFY ,2020-01-26 01:45:48,6776
INFY ,2020-01-26 02:45:51,6776
INFY ,2020-01-26 03:45:46,6776
INFY ,2020-01-26 04:45:39,6776
INFY ,2020-01-26 06:45:36,6776
INFY ,2020-01-26 07:45:35,6776
INFY ,2020-01-27 02:45:49,6776
INFY ,2020-01-27 03:45:44,6776
INFY ,2020-01-27 04:45:52,6776
INFY ,2020-01-27 05:45:54,6776
INFY ,2020-01-27 06:45:54,6776
INFY ,2020-01-27 07:45:40,6776
INFY ,2020-01-27 08:45:45,6776
INFY ,2020-01-27 09:45:55,6776
INFY ,2020-01-27 10:45:40,6776
INFY ,2020-01-27 11:45:48,6776
INFY ,2020-01-27 12:45:28,6776
INFY ,2020-01-27 13:45:49,6776
INFY ,2020-01-27 14:46:49,6776
INFY ,2020-01-27 15:46:18,6773
INFY ,2020-01-27 16:45:58,6771
INFY ,2020-01-27 17:46:04,6770
INFY ,2020-01-27 18:46:00,6770
INFY ,2020-01-27 19:46:13,6771
INFY ,2020-01-27 20:45:58,6768
INFY ,2020-01-27 21:46:03,6767
INFY ,2020-01-27 22:46:32,6767
INFY ,2020-01-27 23:46:07,6766
INFY ,2020-01-28 00:45:40,6766
INFY ,2020-01-28 01:46:04,6766
INFY ,2020-01-28 02:46:05,6766
INFY ,2020-01-28 03:45:51,6766
INFY ,2020-01-28 04:45:55,6766
INFY ,2020-01-28 05:45:53,6766
INFY ,2020-01-28 06:45:37,6766
INFY ,2020-01-28 07:45:43,6766
INFY ,2020-01-28 08:45:54,6766
INFY ,2020-01-28 09:46:13,6766
INFY ,2020-01-28 10:45:38,6766
INFY ,2020-01-28 11:45:39,6766
INFY ,2020-01-28 12:45:40,6766
INFY ,2020-01-28 14:09:28,6766
INFY ,2020-01-28 14:46:25,6766
INFY ,2020-01-28 15:46:03,6759
INFY ,2020-01-28 16:46:12,6752
INFY ,2020-01-28 17:45:59,6746
INFY ,2020-01-28 18:46:00,6739
INFY ,2020-01-28 19:46:02,6738
INFY ,2020-01-28 21:46:22,6729
INFY ,2020-01-28 22:46:03,6725
INFY ,2020-01-28 23:45:48,6725
INFY ,2020-01-29 00:45:49,6725
INFY ,2020-01-29 01:46:03,6725
INFY ,2020-01-29 02:46:18,6725
INFY ,2020-01-29 03:46:04,6725
INFY ,2020-01-29 04:46:00,6725
INFY ,2020-01-29 05:45:55,6725
INFY ,2020-01-29 06:45:46,6725
INFY ,2020-01-29 07:45:35,6725
INFY ,2020-01-29 08:45:48,6725
INFY ,2020-01-29 09:45:58,6725
INFY ,2020-01-29 10:45:37,6725
INFY ,2020-01-29 11:45:40,6725
INFY ,2020-01-29 12:45:49,6725
INFY ,2020-01-29 13:46:05,6725
INFY ,2020-01-29 14:46:17,6725
INFY ,2020-01-29 15:46:15,6717
INFY ,2020-01-29 16:46:01,6720
INFY ,2020-01-29 17:46:22,6716
INFY ,2020-01-29 18:46:06,6714
INFY ,2020-01-29 19:46:12,6707
INFY ,2020-01-29 20:46:10,6711
INFY ,2020-01-29 21:45:57,6705
INFY ,2020-01-29 22:45:53,6702
INFY ,2020-01-29 23:45:48,6700
INFY ,2020-01-30 00:46:00,6700
INFY ,2020-01-30 01:46:13,6700
INFY ,2020-01-30 02:46:09,6700
INFY ,2020-01-30 03:45:52,6700
INFY ,2020-01-30 04:46:17,6700
INFY ,2020-01-30 05:46:19,6699
INFY ,2020-01-30 06:46:04,6699
INFY ,2020-01-30 07:45:39,6699
INFY ,2020-01-30 08:45:48,6699
INFY ,2020-01-30 09:45:56,6699
INFY ,2020-01-30 10:45:30,6699
INFY ,2020-01-30 11:45:41,6699
INFY ,2020-01-30 12:45:49,6699
INFY ,2020-01-30 13:45:45,6699
INFY ,2020-01-30 14:46:23,6700
INFY ,2020-01-30 15:46:14,6696
INFY ,2020-01-30 16:46:16,6693
INFY ,2020-01-30 17:46:08,6694
INFY ,2020-01-30 18:46:03,6693
INFY ,2020-01-30 19:46:14,6690
INFY ,2020-01-30 20:45:49,6690
INFY ,2020-01-30 21:46:10,6687
INFY ,2020-01-30 22:45:37,6687
INFY ,2020-01-30 23:45:40,6687
INFY ,2020-01-31 00:45:49,6687
INFY ,2020-01-31 01:46:09,6687
INFY ,2020-01-31 02:45:56,6687
INFY ,2020-01-31 03:46:00,6687
INFY ,2020-01-31 04:45:52,6687
INFY ,2020-01-31 05:45:48,6687
INFY ,2020-01-31 06:45:35,6687
INFY ,2020-01-31 07:45:45,6686
INFY ,2020-01-31 08:46:05,6686
INFY ,2020-01-31 09:46:01,6686
INFY ,2020-01-31 10:45:44,6686
INFY ,2020-01-31 11:45:40,6686
INFY ,2020-01-31 12:45:39,6686
INFY ,2020-01-31 13:45:57,6686
INFY ,2020-01-31 14:46:04,6686
INFY ,2020-01-31 15:45:59,6683
INFY ,2020-01-31 16:45:51,6683
INFY ,2020-01-31 17:45:51,6681
INFY ,2020-01-31 18:45:55,6683
INFY ,2020-01-31 19:45:56,6681
INFY ,2020-01-31 20:45:57,6675
INFY ,2020-01-31 21:45:39,6674
INFY ,2020-01-31 22:45:43,6674
INFY ,2020-01-31 23:45:51,6674
INFY ,2020-02-01 00:45:41,6674
INFY ,2020-02-01 01:46:07,6674
INFY ,2020-02-01 02:45:44,6674
INFY ,2020-02-01 03:45:43,6674
INFY ,2020-02-01 04:45:58,6674
INFY ,2020-02-01 05:46:00,6674
INFY ,2020-02-01 06:45:58,6674
INFY ,2020-02-01 07:45:46,6674
INFY ,2020-02-01 08:45:44,6674
INFY ,2020-02-01 09:45:57,6674
INFY ,2020-02-01 10:45:34,6672
INFY ,2020-02-01 11:45:42,6672
INFY ,2020-02-01 12:45:36,6672
INFY ,2020-02-01 13:45:45,6672
INFY ,2020-02-01 14:46:01,6672
INFY ,2020-02-01 15:45:50,6672
INFY ,2020-02-01 16:45:47,6672
INFY ,2020-02-01 17:45:55,6672
INFY ,2020-02-01 18:45:48,6672
INFY ,2020-02-01 19:45:55,6672
INFY ,2020-02-01 20:45:53,6672
INFY ,2020-02-01 21:46:10,6672
INFY ,2020-02-01 22:45:55,6672
INFY ,2020-02-01 23:46:01,6672
INFY ,2020-02-02 00:46:02,6672
INFY ,2020-02-02 01:46:10,6672
INFY ,2020-02-02 02:45:59,6672
INFY ,2020-02-02 03:45:58,6672
INFY ,2020-02-02 04:45:56,6672
INFY ,2020-02-02 05:45:55,6672
INFY ,2020-02-02 06:45:54,6672
INFY ,2020-02-02 07:45:53,6672
INFY ,2020-02-02 08:46:01,6672
INFY ,2020-02-02 09:45:56,6672
INFY ,2020-02-02 10:45:47,6672
INFY ,2020-02-02 11:45:51,6672
INFY ,2020-02-02 12:45:59,6672
INFY ,2020-02-02 13:45:58,6672
INFY ,2020-02-02 14:45:55,6672
INFY ,2020-02-02 15:45:55,6672
INFY ,2020-02-02 16:45:55,6672
INFY ,2020-02-02 17:46:10,6672
INFY ,2020-02-02 18:45:53,6672
INFY ,2020-02-02 19:46:04,6672
INFY ,2020-02-02 20:46:06,6672
INFY ,2020-02-02 21:45:59,6672
INFY ,2020-02-02 22:45:57,6672
INFY ,2020-02-02 23:46:17,6672
INFY ,2020-02-03 00:46:26,6672
INFY ,2020-02-03 01:46:12,6672
INFY ,2020-02-03 02:46:00,6672
INFY ,2020-02-03 03:46:02,6672
INFY ,2020-02-03 04:46:05,6672
INFY ,2020-02-03 05:46:05,6672
INFY ,2020-02-03 06:45:53,6672
INFY ,2020-02-03 07:45:56,6672
INFY ,2020-02-03 08:46:03,6672
INFY ,2020-02-03 09:46:03,6672
INFY ,2020-02-03 10:45:50,6672
INFY ,2020-02-03 11:45:53,6672
INFY ,2020-02-03 12:45:44,6672
INFY ,2020-02-03 14:46:08,6674
INFY ,2020-02-03 14:53:54,6674
INFY ,2020-02-03 15:46:23,6675
INFY ,2020-02-03 16:46:14,6670
INFY ,2020-02-03 17:46:14,6669
INFY ,2020-02-03 18:46:23,6665
INFY ,2020-02-03 19:46:17,6665
INFY ,2020-02-03 20:46:15,6665
INFY ,2020-02-03 21:46:08,6662
INFY ,2020-02-03 22:46:00,6661
INFY ,2020-02-03 23:46:07,6661
INFY ,2020-02-04 00:46:07,6661
INFY ,2020-02-04 01:46:12,6661
INFY ,2020-02-04 02:46:17,6661
INFY ,2020-02-04 03:46:12,6661
INFY ,2020-02-04 04:46:12,6661
INFY ,2020-02-04 05:46:19,6661
INFY ,2020-02-04 06:46:10,6661
INFY ,2020-02-04 07:46:10,6661
INFY ,2020-02-04 08:45:47,6661
INFY ,2020-02-04 09:46:10,6661
INFY ,2020-02-04 10:45:53,6661
INFY ,2020-02-04 11:46:08,6661
INFY ,2020-02-04 12:46:03,6661
INFY ,2020-02-04 14:13:02,6660
INFY ,2020-02-04 15:46:14,6658
INFY ,2020-02-04 16:46:07,6645
INFY ,2020-02-04 17:46:17,6639
INFY ,2020-02-04 18:46:08,6634
INFY ,2020-02-04 19:46:02,6635
INFY ,2020-02-04 20:46:04,6632
INFY ,2020-02-04 21:46:11,6631
INFY ,2020-02-04 22:46:08,6629
INFY ,2020-02-04 23:46:07,6628
INFY ,2020-02-05 00:46:10,6628
INFY ,2020-02-05 01:46:05,6628
INFY ,2020-02-05 02:46:14,6628
INFY ,2020-02-05 03:46:13,6628
INFY ,2020-02-05 04:46:38,6628
INFY ,2020-02-05 05:46:04,6628
INFY ,2020-02-05 06:46:18,6628
INFY ,2020-02-05 07:46:10,6628
INFY ,2020-02-05 08:46:06,6627
INFY ,2020-02-05 09:46:04,6627
INFY ,2020-02-05 10:46:06,6627
INFY ,2020-02-05 11:46:00,6627
INFY ,2020-02-05 12:46:10,6627
INFY ,2020-02-05 14:07:02,6628
INFY ,2020-02-05 14:46:28,6628
INFY ,2020-02-05 15:46:25,6622
INFY ,2020-02-05 16:46:17,6617
INFY ,2020-02-05 17:46:08,6620
INFY ,2020-02-05 18:46:04,6620
INFY ,2020-02-05 19:46:12,6620
INFY ,2020-02-05 20:46:22,6620
INFY ,2020-02-05 21:46:06,6620
INFY ,2020-02-05 22:46:10,6619
INFY ,2020-02-05 23:46:04,6619
INFY ,2020-02-06 00:46:17,6619
INFY ,2020-02-06 01:46:16,6619
INFY ,2020-02-06 02:46:18,6619
INFY ,2020-02-06 03:46:32,6619
INFY ,2020-02-06 04:46:28,6619
INFY ,2020-02-06 05:46:14,6619
INFY ,2020-02-06 06:46:02,6619
INFY ,2020-02-06 07:46:10,6619
INFY ,2020-02-06 08:46:04,6618
INFY ,2020-02-06 09:46:06,6618
INFY ,2020-02-06 10:45:52,6618
INFY ,2020-02-06 11:46:00,6618
INFY ,2020-02-06 12:46:03,6618
INFY ,2020-02-06 13:45:59,6618
INFY ,2020-02-06 14:46:19,6619
INFY ,2020-02-06 15:46:25,6612
INFY ,2020-02-06 16:46:09,6608
INFY ,2020-02-06 17:46:11,6608
INFY ,2020-02-06 18:46:11,6607
INFY ,2020-02-06 19:46:17,6603
INFY ,2020-02-06 20:46:18,6597
INFY ,2020-02-06 21:46:07,6597
INFY ,2020-02-06 22:46:13,6596
INFY ,2020-02-06 23:46:05,6596
INFY ,2020-02-07 00:46:10,6596
INFY ,2020-02-07 01:46:23,6596
INFY ,2020-02-07 02:46:04,6596
INFY ,2020-02-07 03:46:10,6596
INFY ,2020-02-07 04:46:15,6596
INFY ,2020-02-07 05:46:21,6596
INFY ,2020-02-07 06:46:26,6596
INFY ,2020-02-07 07:46:13,6595
INFY ,2020-02-07 08:46:13,6595
INFY ,2020-02-07 09:46:12,6595
INFY ,2020-02-07 10:46:03,6595
INFY ,2020-02-07 11:46:05,6595
INFY ,2020-02-07 12:46:00,6595
INFY ,2020-02-07 14:08:31,6596
INFY ,2020-02-07 14:46:25,6596
INFY ,2020-02-07 15:46:16,6594
INFY ,2020-02-07 16:46:20,6599
INFY ,2020-02-07 17:46:22,6600
INFY ,2020-02-07 18:46:08,6597
INFY ,2020-02-07 19:46:22,6598
INFY ,2020-02-07 20:46:16,6596
INFY ,2020-02-07 21:46:06,6606
INFY ,2020-02-07 22:46:14,6606
INFY ,2020-02-07 23:45:59,6606
INFY ,2020-02-08 00:46:03,6606
INFY ,2020-02-08 01:46:01,6606
INFY ,2020-02-08 02:46:11,6606
INFY ,2020-02-08 03:46:11,6606
INFY ,2020-02-08 04:46:09,6606
INFY ,2020-02-08 05:46:06,6606
INFY ,2020-02-08 06:46:03,6606
INFY ,2020-02-08 07:46:08,6606
INFY ,2020-02-08 08:45:57,6606
INFY ,2020-02-08 09:46:01,6606
INFY ,2020-02-08 10:45:49,6606
INFY ,2020-02-08 11:45:58,6605
INFY ,2020-02-08 12:45:55,6605
INFY ,2020-02-08 13:45:57,6605
INFY ,2020-02-08 14:46:15,6605
INFY ,2020-02-08 15:46:08,6605
INFY ,2020-02-08 16:46:11,6605
INFY ,2020-02-08 17:46:09,6605
INFY ,2020-02-08 18:48:49,6605
INFY ,2020-02-08 19:46:02,6605
INFY ,2020-02-08 20:46:12,6605
INFY ,2020-02-08 21:46:10,6605
INFY ,2020-02-08 22:46:07,6605
INFY ,2020-02-08 23:46:07,6605
INFY ,2020-02-09 00:46:00,6605
INFY ,2020-02-09 01:46:12,6605
INFY ,2020-02-09 02:46:17,6605
INFY ,2020-02-09 03:46:10,6605
INFY ,2020-02-09 04:45:58,6605
INFY ,2020-02-09 05:46:02,6605
INFY ,2020-02-09 06:46:00,6605
INFY ,2020-02-09 07:45:59,6605
INFY ,2020-02-09 08:46:00,6605
INFY ,2020-02-09 09:46:06,6605
INFY ,2020-02-09 10:46:09,6605
INFY ,2020-02-09 11:46:06,6605
INFY ,2020-02-09 12:45:58,6605
INFY ,2020-02-09 13:45:59,6605
INFY ,2020-02-09 14:46:01,6605
INFY ,2020-02-09 15:46:09,6605
INFY ,2020-02-09 16:46:07,6605
INFY ,2020-02-09 17:46:12,6605
INFY ,2020-02-09 18:46:04,6605
INFY ,2020-02-09 19:46:08,6605
INFY ,2020-02-09 20:46:04,6605
INFY ,2020-02-09 21:46:19,6605
INFY ,2020-02-09 22:46:06,6605
INFY ,2020-02-09 23:46:45,6605
INFY ,2020-02-10 00:46:16,6605
INFY ,2020-02-10 01:46:02,6605
INFY ,2020-02-10 02:46:07,6605
INFY ,2020-02-10 03:46:10,6605
INFY ,2020-02-10 04:46:03,6605
INFY ,2020-02-10 05:46:17,6605
INFY ,2020-02-10 06:46:10,6605
INFY ,2020-02-10 07:46:08,6605
INFY ,2020-02-10 08:46:03,6605
INFY ,2020-02-10 09:46:14,6605
INFY ,2020-02-10 10:46:01,6605
INFY ,2020-02-10 11:46:00,6605
INFY ,2020-02-10 12:45:55,6605
INFY ,2020-02-10 13:46:03,6605
INFY ,2020-02-10 14:46:19,6606
INFY ,2020-02-10 15:46:24,6598
INFY ,2020-02-10 16:46:20,6598
INFY ,2020-02-10 17:46:09,6597
INFY ,2020-02-10 18:46:13,6599
INFY ,2020-02-10 19:46:12,6599
INFY ,2020-02-10 20:46:18,6602
INFY ,2020-02-10 21:46:14,6604
INFY ,2020-02-10 22:46:14,6603
INFY ,2020-02-10 23:46:05,6602
INFY ,2020-02-11 00:46:12,6602
INFY ,2020-02-11 01:46:32,6602
INFY ,2020-02-11 02:46:08,6602
INFY ,2020-02-11 03:46:12,6602
INFY ,2020-02-11 04:46:05,6602
INFY ,2020-02-11 05:46:07,6602
INFY ,2020-02-11 06:46:12,6602
INFY ,2020-02-11 07:46:07,6602
INFY ,2020-02-11 08:46:06,6602
INFY ,2020-02-11 09:46:12,6602
INFY ,2020-02-11 10:45:52,6602
INFY ,2020-02-11 11:45:58,6602
INFY ,2020-02-11 12:45:52,6602
INFY ,2020-02-11 14:09:00,6602
INFY ,2020-02-11 14:46:29,6602
INFY ,2020-02-11 15:46:21,6609
INFY ,2020-02-11 16:46:24,6605
INFY ,2020-02-11 17:46:11,6602
INFY ,2020-02-11 18:46:13,6602
INFY ,2020-02-11 19:46:17,6597
INFY ,2020-02-11 20:46:17,6594
INFY ,2020-02-11 21:48:52,6593
INFY ,2020-02-11 22:46:32,6593
INFY ,2020-02-11 23:46:01,6593
INFY ,2020-02-12 00:46:31,6593
INFY ,2020-02-12 01:46:14,6593
INFY ,2020-02-12 02:46:42,6593
INFY ,2020-02-12 03:46:08,6593
INFY ,2020-02-12 04:46:19,6593
INFY ,2020-02-12 05:46:06,6593
INFY ,2020-02-12 06:46:16,6593
INFY ,2020-02-12 07:46:02,6593
INFY ,2020-02-12 08:46:02,6593
INFY ,2020-02-12 09:46:15,6593
INFY ,2020-02-12 10:45:58,6593
INFY ,2020-02-12 11:46:00,6593
INFY ,2020-02-12 12:45:59,6593
INFY ,2020-02-12 14:09:01,6592
INFY ,2020-02-12 14:46:29,6592
INFY ,2020-02-12 15:46:16,6577
INFY ,2020-02-12 16:46:12,6574
INFY ,2020-02-12 17:46:13,6571
INFY ,2020-02-12 18:46:19,6567
INFY ,2020-02-12 19:46:12,6557
INFY ,2020-02-12 20:46:25,6551
INFY ,2020-02-12 21:46:15,6547
INFY ,2020-02-12 22:45:51,6546
INFY ,2020-02-12 23:45:41,6547
INFY ,2020-02-13 00:46:12,6547
INFY ,2020-02-13 01:45:58,6547
INFY ,2020-02-13 02:46:26,6547
INFY ,2020-02-13 03:46:17,6547
INFY ,2020-02-13 04:46:10,6547
INFY ,2020-02-13 05:46:11,6547
INFY ,2020-02-13 06:46:13,6547
INFY ,2020-02-13 07:45:54,6546
INFY ,2020-02-13 08:46:08,6546
INFY ,2020-02-13 09:45:53,6546
INFY ,2020-02-13 10:45:46,6546
INFY ,2020-02-13 11:46:07,6546
INFY ,2020-02-13 12:45:54,6546
INFY ,2020-02-13 14:08:58,6546
INFY ,2020-02-13 14:46:09,6546
INFY ,2020-02-13 15:46:08,6551
INFY ,2020-02-13 16:46:07,6552
INFY ,2020-02-13 17:46:23,6551
INFY ,2020-02-13 18:46:23,6545
INFY ,2020-02-13 19:46:12,6547
INFY ,2020-02-13 20:46:02,6543
INFY ,2020-02-13 21:46:11,6542
INFY ,2020-02-13 22:45:52,6542
INFY ,2020-02-13 23:45:56,6542
INFY ,2020-02-14 00:45:48,6542
INFY ,2020-02-14 01:46:12,6542
INFY ,2020-02-14 02:46:09,6542
INFY ,2020-02-14 03:45:53,6542
INFY ,2020-02-14 04:46:05,6542
INFY ,2020-02-14 05:46:02,6542
INFY ,2020-02-14 06:45:41,6542
INFY ,2020-02-14 07:45:37,6542
INFY ,2020-02-14 08:45:57,6539
INFY ,2020-02-14 09:45:53,6539
INFY ,2020-02-14 10:45:48,6539
INFY ,2020-02-14 11:45:44,6539
INFY ,2020-02-14 12:45:52,6539
INFY ,2020-02-14 13:45:56,6539
INFY ,2020-02-14 14:46:16,6539
INFY ,2020-02-14 15:46:24,6539
INFY ,2020-02-14 16:46:01,6539
INFY ,2020-02-14 17:46:04,6534
INFY ,2020-02-14 18:45:49,6537
INFY ,2020-02-14 19:45:57,6536
INFY ,2020-02-14 20:46:13,6538
INFY ,2020-02-14 21:45:57,6540
INFY ,2020-02-14 22:45:50,6540
INFY ,2020-02-14 23:46:06,6540
INFY ,2020-02-15 00:45:49,6540
INFY ,2020-02-15 01:46:05,6540
INFY ,2020-02-15 02:46:06,6540
INFY ,2020-02-15 03:45:58,6540
INFY ,2020-02-15 04:45:54,6540
INFY ,2020-02-15 05:45:22,6540
INFY ,2020-02-15 06:45:38,6540
INFY ,2020-02-15 07:45:27,6540
INFY ,2020-02-15 08:45:24,6540
INFY ,2020-02-15 09:45:28,6540
INFY ,2020-02-15 10:45:21,6540
INFY ,2020-02-15 11:45:25,6540
INFY ,2020-02-15 12:45:34,6540
INFY ,2020-02-15 13:45:24,6540
INFY ,2020-02-15 14:45:27,6540
INFY ,2020-02-15 15:45:29,6540
INFY ,2020-02-15 16:45:23,6540
INFY ,2020-02-15 17:45:24,6540
INFY ,2020-02-15 18:45:43,6540
INFY ,2020-02-15 19:45:24,6540
INFY ,2020-02-15 20:45:25,6540
INFY ,2020-02-15 21:45:24,6540
INFY ,2020-02-15 22:45:26,6540
INFY ,2020-02-15 23:45:25,6540
INFY ,2020-02-16 00:45:24,6540
INFY ,2020-02-16 01:45:25,6540
INFY ,2020-02-16 02:45:24,6540
INFY ,2020-02-16 03:45:24,6540
INFY ,2020-02-16 04:45:27,6540
INFY ,2020-02-16 05:45:27,6540
INFY ,2020-02-16 06:45:24,6540
INFY ,2020-02-16 07:45:22,6540
INFY ,2020-02-16 08:45:24,6540
INFY ,2020-02-16 09:45:26,6540
INFY ,2020-02-16 10:45:23,6540
INFY ,2020-02-16 11:45:24,6540
INFY ,2020-02-16 12:45:26,6540
INFY ,2020-02-16 13:45:23,6540
INFY ,2020-02-16 14:45:26,6540
INFY ,2020-02-16 15:45:43,6540
INFY ,2020-02-16 16:45:38,6540
INFY ,2020-02-16 17:45:26,6540
INFY ,2020-02-16 18:45:28,6540
INFY ,2020-02-16 19:45:24,6540
INFY ,2020-02-16 20:45:26,6540
INFY ,2020-02-16 21:45:25,6540
INFY ,2020-02-16 22:45:26,6540
INFY ,2020-02-16 23:45:26,6540
INFY ,2020-02-17 00:45:25,6540
INFY ,2020-02-17 01:45:22,6540
INFY ,2020-02-17 02:45:30,6540
INFY ,2020-02-17 03:45:23,6540
INFY ,2020-02-17 04:45:26,6540
INFY ,2020-02-17 05:45:26,6540
INFY ,2020-02-17 06:45:28,6540
INFY ,2020-02-17 07:45:23,6540
INFY ,2020-02-17 08:45:27,6540
INFY ,2020-02-17 09:45:28,6540
INFY ,2020-02-17 10:45:23,6540
INFY ,2020-02-17 11:45:22,6540
INFY ,2020-02-17 12:45:36,6540
INFY ,2020-02-17 13:45:22,6540
INFY ,2020-02-17 14:45:19,6540
INFY ,2020-02-17 15:45:24,6540
INFY ,2020-02-17 16:45:36,6540
INFY ,2020-02-17 17:45:24,6540
INFY ,2020-02-17 18:45:24,6540
INFY ,2020-02-17 19:45:22,6540
INFY ,2020-02-17 20:45:24,6540
INFY ,2020-02-17 22:45:35,6540
INFY ,2020-02-17 23:45:39,6540
INFY ,2020-02-18 00:45:22,6540
INFY ,2020-02-18 01:45:24,6540
INFY ,2020-02-18 02:45:29,6540
INFY ,2020-02-18 03:45:26,6540
INFY ,2020-02-18 04:45:26,6540
INFY ,2020-02-18 05:46:01,6540
INFY ,2020-02-18 06:45:42,6540
INFY ,2020-02-18 07:45:46,6540
INFY ,2020-02-18 08:45:55,6540
INFY ,2020-02-18 09:45:52,6540
INFY ,2020-02-18 10:45:44,6540
INFY ,2020-02-18 11:45:46,6540
INFY ,2020-02-18 12:46:06,6540
INFY ,2020-02-18 14:09:28,6540
INFY ,2020-02-18 14:46:13,6540
INFY ,2020-02-18 15:46:10,6522
INFY ,2020-02-18 16:46:09,6520
INFY ,2020-02-18 17:45:55,6523
INFY ,2020-02-18 18:45:58,6523
INFY ,2020-02-18 19:46:01,6524
INFY ,2020-02-18 20:46:00,6520
INFY ,2020-02-18 21:45:49,6523
INFY ,2020-02-18 22:45:47,6523
INFY ,2020-02-18 23:45:59,6523
INFY ,2020-02-19 01:45:52,6523
INFY ,2020-02-19 02:45:57,6523
INFY ,2020-02-19 03:46:07,6523
INFY ,2020-02-19 04:45:56,6523
INFY ,2020-02-19 05:45:44,6523
INFY ,2020-02-19 06:46:06,6523
INFY ,2020-02-19 07:45:51,6523
INFY ,2020-02-19 08:45:47,6523
INFY ,2020-02-19 09:46:00,6523
INFY ,2020-02-19 10:45:39,6522
INFY ,2020-02-19 11:45:39,6522
INFY ,2020-02-19 12:45:51,6522
INFY ,2020-02-19 14:10:59,6522
INFY ,2020-02-19 14:46:12,6522
INFY ,2020-02-19 15:46:14,6516
INFY ,2020-02-19 16:45:50,6513
INFY ,2020-02-19 17:46:02,6506
INFY ,2020-02-19 18:46:01,6502
INFY ,2020-02-19 19:45:48,6503
INFY ,2020-02-19 20:45:52,6502
INFY ,2020-02-19 21:46:17,6497
INFY ,2020-02-19 22:46:00,6497
INFY ,2020-02-19 23:45:50,6497
INFY ,2020-02-20 00:45:55,6497
INFY ,2020-02-20 01:46:02,6497
INFY ,2020-02-20 02:46:06,6497
INFY ,2020-02-20 03:45:55,6497
INFY ,2020-02-20 04:46:04,6497
INFY ,2020-02-20 05:45:56,6497
INFY ,2020-02-20 06:46:15,6497
INFY ,2020-02-20 07:46:05,6497
INFY ,2020-02-20 08:46:06,6497
INFY ,2020-02-20 09:45:54,6497
INFY ,2020-02-20 10:45:55,6497
INFY ,2020-02-20 11:46:03,6497
INFY ,2020-02-20 12:46:04,6497
INFY ,2020-02-20 13:46:11,6497
INFY ,2020-02-20 14:45:39,6498
INFY ,2020-02-20 15:45:48,6501
INFY ,2020-02-20 16:45:43,6502
INFY ,2020-02-20 17:45:57,6497
INFY ,2020-02-20 18:46:18,6496
INFY ,2020-02-20 19:46:30,6491
INFY ,2020-02-20 20:46:21,6491
INFY ,2020-02-20 21:46:20,6486
INFY ,2020-02-20 22:46:22,6487
INFY ,2020-02-20 23:46:11,6488
INFY ,2020-02-21 00:46:16,6488
INFY ,2020-02-21 01:46:16,6488
INFY ,2020-02-21 02:46:31,6488
INFY ,2020-02-21 03:46:50,6488
INFY ,2020-02-21 04:46:50,6488
INFY ,2020-02-21 05:46:24,6488
INFY ,2020-02-21 06:46:23,6488
INFY ,2020-02-21 07:46:30,6488
INFY ,2020-02-21 08:46:17,6488
INFY ,2020-02-21 09:46:52,6488
INFY ,2020-02-21 10:47:26,6488
INFY ,2020-02-21 11:46:46,6488
INFY ,2020-02-21 12:46:43,6488
INFY ,2020-02-21 13:46:54,6488
INFY ,2020-02-21 14:46:48,6488
INFY ,2020-02-21 15:47:07,6491
INFY ,2020-02-21 16:47:31,6491
INFY ,2020-02-21 17:47:25,6492
INFY ,2020-02-21 18:46:57,6494
INFY ,2020-02-21 19:46:29,6494
INFY ,2020-02-21 20:46:24,6493
INFY ,2020-02-21 21:46:58,6496
INFY ,2020-02-21 22:46:32,6498
INFY ,2020-02-21 23:48:27,6498
INFY ,2020-02-22 00:47:17,6498
INFY ,2020-02-22 01:46:42,6498
INFY ,2020-02-22 02:46:40,6498
INFY ,2020-02-22 03:47:07,6498
INFY ,2020-02-22 04:46:51,6498
INFY ,2020-02-22 05:46:17,6498
INFY ,2020-02-22 06:45:50,6497
INFY ,2020-02-22 07:46:14,6497
INFY ,2020-02-22 08:46:43,6496
INFY ,2020-02-22 09:45:49,6496
INFY ,2020-02-22 10:46:07,6496
INFY ,2020-02-22 11:45:48,6496
INFY ,2020-02-22 12:46:23,6496
INFY ,2020-02-22 13:47:53,6496
INFY ,2020-02-22 14:45:49,6496
INFY ,2020-02-22 15:46:01,6496
INFY ,2020-02-22 16:47:09,6496
INFY ,2020-02-22 17:46:34,6496
INFY ,2020-02-22 18:45:56,6496
INFY ,2020-02-22 19:45:53,6496
INFY ,2020-02-22 20:46:23,6496
INFY ,2020-02-22 21:47:26,6496
INFY ,2020-02-22 22:46:41,6496
INFY ,2020-02-22 23:45:48,6496
INFY ,2020-02-23 00:45:57,6496
INFY ,2020-02-23 01:46:05,6496
INFY ,2020-02-23 02:46:16,6496
INFY ,2020-02-23 03:45:58,6496
INFY ,2020-02-23 04:46:24,6496
INFY ,2020-02-23 05:46:23,6496
INFY ,2020-02-23 06:45:57,6496
INFY ,2020-02-23 07:46:03,6496
INFY ,2020-02-23 08:46:42,6496
INFY ,2020-02-23 09:45:58,6496
INFY ,2020-02-23 10:46:00,6496
INFY ,2020-02-23 11:46:01,6496
INFY ,2020-02-23 12:46:00,6496
INFY ,2020-02-23 13:45:59,6496
INFY ,2020-02-23 14:46:28,6496
INFY ,2020-02-23 15:45:58,6496
INFY ,2020-02-23 16:46:03,6496
INFY ,2020-02-23 17:45:51,6496
INFY ,2020-02-23 18:46:01,6496
INFY ,2020-02-23 19:46:00,6496
INFY ,2020-02-23 20:45:58,6496
INFY ,2020-02-23 21:46:26,6496
INFY ,2020-02-23 22:45:44,6496
INFY ,2020-02-23 23:46:03,6496
INFY ,2020-02-24 00:46:37,6496
INFY ,2020-02-24 01:45:52,6496
INFY ,2020-02-24 02:46:33,6496
INFY ,2020-02-24 03:46:00,6496
INFY ,2020-02-24 04:46:07,6496
INFY ,2020-02-24 05:47:07,6496
INFY ,2020-02-24 06:46:34,6496
INFY ,2020-02-24 07:46:23,6496
INFY ,2020-02-24 08:46:33,6496
INFY ,2020-02-24 09:57:23,6496
INFY ,2020-02-24 10:46:15,6496
INFY ,2020-02-24 11:46:55,6496
INFY ,2020-02-24 12:46:22,6496
INFY ,2020-02-24 13:46:41,6496
INFY ,2020-02-24 14:47:30,6496
INFY ,2020-02-24 15:46:29,6499
INFY ,2020-02-24 16:47:06,6499
INFY ,2020-02-24 17:46:35,6489
INFY ,2020-02-24 18:46:42,6483
INFY ,2020-02-24 19:47:07,6480
INFY ,2020-02-24 20:47:08,6478
INFY ,2020-02-24 21:46:58,6476
INFY ,2020-02-24 22:46:57,6477
INFY ,2020-02-24 23:46:21,6477
INFY ,2020-02-25 00:46:23,6477
INFY ,2020-02-25 01:46:19,6477
INFY ,2020-02-25 02:46:45,6477
INFY ,2020-02-25 03:46:33,6477
INFY ,2020-02-25 04:46:36,6477
INFY ,2020-02-25 05:47:24,6477
INFY ,2020-02-25 06:46:40,6477
INFY ,2020-02-25 07:46:42,6477
INFY ,2020-02-25 08:46:51,6477
INFY ,2020-02-25 09:58:07,6477
INFY ,2020-02-25 10:46:48,6477
INFY ,2020-02-25 11:46:26,6477
INFY ,2020-02-25 12:46:39,6477
INFY ,2020-02-25 14:10:25,6478
INFY ,2020-02-25 14:46:44,6478
INFY ,2020-02-25 15:46:38,6475
INFY ,2020-02-25 16:46:34,6472
INFY ,2020-02-25 17:46:33,6467
INFY ,2020-02-25 18:46:58,6461
INFY ,2020-02-25 19:46:26,6457
INFY ,2020-02-25 20:47:06,6445
INFY ,2020-02-25 21:47:02,6442
INFY ,2020-02-25 22:46:25,6442
INFY ,2020-02-25 23:46:32,6442
INFY ,2020-02-26 00:46:28,6442
INFY ,2020-02-26 01:46:31,6442
INFY ,2020-02-26 02:46:37,6442
INFY ,2020-02-26 03:46:29,6442
INFY ,2020-02-26 04:47:16,6442
INFY ,2020-02-26 05:47:01,6442
INFY ,2020-02-26 06:46:59,6442
INFY ,2020-02-26 07:47:27,6442
INFY ,2020-02-26 08:46:50,6442
INFY ,2020-02-26 09:46:40,6442
INFY ,2020-02-26 10:46:29,6442
INFY ,2020-02-26 11:46:50,6442
INFY ,2020-02-26 12:46:23,6442
INFY ,2020-02-26 13:47:02,6442
INFY ,2020-02-26 14:47:31,6442
INFY ,2020-02-26 15:47:07,6438
INFY ,2020-02-26 16:46:36,6433
INFY ,2020-02-26 17:46:42,6432
INFY ,2020-02-26 18:46:41,6433
INFY ,2020-02-26 19:47:01,6433
INFY ,2020-02-26 20:46:59,6432
INFY ,2020-02-26 21:46:57,6431
INFY ,2020-02-26 22:46:55,6431
INFY ,2020-02-26 23:46:57,6431
INFY ,2020-02-27 00:46:31,6431
INFY ,2020-02-27 01:46:39,6431
INFY ,2020-02-27 02:46:23,6431
INFY ,2020-02-27 03:47:18,6431
INFY ,2020-02-27 04:46:32,6431
INFY ,2020-02-27 05:46:29,6431
INFY ,2020-02-27 06:46:30,6431
INFY ,2020-02-27 07:46:17,6431
INFY ,2020-02-27 08:46:46,6431
INFY ,2020-02-27 09:46:31,6431
INFY ,2020-02-27 10:47:04,6431
INFY ,2020-02-27 11:46:37,6431
INFY ,2020-02-27 12:46:55,6431
INFY ,2020-02-27 14:08:57,6431
INFY ,2020-02-27 14:47:34,6431
INFY ,2020-02-27 15:47:05,6398
INFY ,2020-02-27 16:47:06,6392
INFY ,2020-02-27 17:46:46,6394
INFY ,2020-02-27 18:46:59,6395
INFY ,2020-02-27 19:46:27,6391
INFY ,2020-02-27 20:46:50,6395
INFY ,2020-02-27 21:46:31,6397
INFY ,2020-02-27 22:46:57,6397
INFY ,2020-02-27 23:46:38,6396
INFY ,2020-02-28 00:47:14,6396
INFY ,2020-02-28 01:46:28,6396
INFY ,2020-02-28 02:46:27,6396
INFY ,2020-02-28 03:47:08,6396
INFY ,2020-02-28 04:47:21,6396
INFY ,2020-02-28 05:47:02,6396
INFY ,2020-02-28 06:46:53,6396
INFY ,2020-02-28 07:47:03,6396
INFY ,2020-02-28 08:47:13,6396
INFY ,2020-02-28 09:47:08,6396
INFY ,2020-02-28 10:46:25,6396
INFY ,2020-02-28 11:46:43,6396
INFY ,2020-02-28 12:46:57,6396
INFY ,2020-02-28 14:09:31,6397
INFY ,2020-02-28 14:46:44,6397
INFY ,2020-02-28 15:46:38,6360
INFY ,2020-02-28 16:46:45,6359
INFY ,2020-02-28 17:46:40,6357
INFY ,2020-02-28 18:46:42,6358
INFY ,2020-02-28 19:47:15,6359
INFY ,2020-02-28 20:46:34,6360
INFY ,2020-02-28 21:46:28,6369
INFY ,2020-02-28 22:46:59,6367
INFY ,2020-02-28 23:46:32,6367
INFY ,2020-02-29 00:46:38,6367
INFY ,2020-02-29 01:46:33,6367
INFY ,2020-02-29 02:46:37,6367
INFY ,2020-02-29 03:46:26,6367
INFY ,2020-02-29 04:46:46,6367
INFY ,2020-02-29 05:46:40,6367
INFY ,2020-02-29 06:46:23,6367
INFY ,2020-02-29 07:47:27,6367
INFY ,2020-02-29 08:47:59,6367
INFY ,2020-02-29 09:47:27,6367
INFY ,2020-02-29 10:45:56,6367
INFY ,2020-02-29 11:45:52,6367
INFY ,2020-02-29 12:47:30,6367
INFY ,2020-02-29 13:47:26,6367
INFY ,2020-02-29 14:46:01,6367
INFY ,2020-02-29 15:46:00,6367
INFY ,2020-02-29 16:46:34,6367
INFY ,2020-02-29 17:46:26,6367
INFY ,2020-02-29 18:46:02,6367
INFY ,2020-02-29 19:45:59,6367
INFY ,2020-02-29 20:45:54,6367
INFY ,2020-02-29 21:46:14,6367
INFY ,2020-02-29 22:48:00,6367
INFY ,2020-02-29 23:47:21,6367
INFY ,2020-03-01 00:47:24,6367
INFY ,2020-03-01 01:47:26,6367
INFY ,2020-03-01 02:46:03,6367
INFY ,2020-03-01 03:47:26,6367
INFY ,2020-03-01 04:45:57,6367
INFY ,2020-03-01 05:46:27,6367
INFY ,2020-03-01 06:45:59,6367
INFY ,2020-03-01 07:46:20,6367
INFY ,2020-03-01 08:45:51,6367
INFY ,2020-03-01 09:47:25,6367
INFY ,2020-03-01 10:47:19,6367
INFY ,2020-03-01 11:46:18,6367
INFY ,2020-03-01 12:46:26,6367
INFY ,2020-03-01 13:45:55,6367
INFY ,2020-03-01 14:45:50,6367
INFY ,2020-03-01 15:47:29,6367
INFY ,2020-03-01 16:46:31,6367
INFY ,2020-03-01 17:47:21,6367
INFY ,2020-03-01 18:47:31,6367
INFY ,2020-03-01 19:47:32,6367
INFY ,2020-03-01 20:47:30,6367
INFY ,2020-03-01 21:45:57,6367
INFY ,2020-03-01 22:45:58,6367
INFY ,2020-03-01 23:47:28,6367
INFY ,2020-03-02 00:45:47,6367
INFY ,2020-03-02 01:46:30,6367
INFY ,2020-03-02 02:47:23,6367
INFY ,2020-03-02 03:48:00,6367
INFY ,2020-03-02 04:46:33,6367
INFY ,2020-03-02 05:48:03,6367
INFY ,2020-03-02 07:46:34,6367
INFY ,2020-03-02 08:48:06,6367
INFY ,2020-03-02 09:47:50,6367
INFY ,2020-03-02 10:46:52,6367
INFY ,2020-03-02 11:46:28,6367
INFY ,2020-03-02 12:46:58,6367
INFY ,2020-03-02 13:48:07,6367
INFY ,2020-03-02 18:47:48,6368
INFY ,2020-03-03 00:46:57,6379
INFY ,2020-03-03 01:47:17,6380
INFY ,2020-03-03 02:47:04,6380
INFY ,2020-03-03 03:47:34,6380
INFY ,2020-03-03 04:48:09,6380
INFY ,2020-03-03 06:48:33,6380
INFY ,2020-03-03 07:46:59,6380
INFY ,2020-03-03 08:48:38,6380
INFY ,2020-03-03 09:48:48,6380
INFY ,2020-03-03 10:47:00,6380
INFY ,2020-03-03 11:49:13,6380
INFY ,2020-03-03 12:46:59,6380
INFY ,2020-03-03 13:48:49,6380
INFY ,2020-03-03 14:48:22,6381
INFY ,2020-03-03 16:49:20,6401
INFY ,2020-03-03 17:48:55,6403
INFY ,2020-03-03 18:46:35,6407
INFY ,2020-03-03 19:46:32,6416
INFY ,2020-03-03 20:47:11,6415
INFY ,2020-03-03 21:47:03,6416
INFY ,2020-03-03 22:49:32,6415
INFY ,2020-03-03 23:48:02,6415
INFY ,2020-03-04 00:48:29,6415
INFY ,2020-03-04 01:48:06,6415
INFY ,2020-03-04 02:46:40,6415
INFY ,2020-03-04 03:46:56,6415
INFY ,2020-03-04 04:48:37,6415
INFY ,2020-03-04 05:46:43,6415
INFY ,2020-03-04 06:48:34,6415
INFY ,2020-03-04 07:47:00,6415
INFY ,2020-03-04 08:48:05,6415
INFY ,2020-03-04 09:46:58,6415
INFY ,2020-03-04 10:46:22,6415
INFY ,2020-03-04 11:48:34,6415
INFY ,2020-03-04 12:48:22,6415
INFY ,2020-03-04 13:48:35,6415
INFY ,2020-03-04 14:46:36,6415
INFY ,2020-03-04 15:48:44,6422
INFY ,2020-03-04 16:46:42,6420
INFY ,2020-03-04 17:46:59,6414
INFY ,2020-03-04 18:48:04,6422
INFY ,2020-03-04 19:48:44,6421
INFY ,2020-03-04 20:48:16,6419
INFY ,2020-03-04 21:46:23,6417
INFY ,2020-03-04 22:48:06,6417
INFY ,2020-03-04 23:46:43,6417
INFY ,2020-03-05 00:46:54,6417
INFY ,2020-03-05 01:47:01,6417
INFY ,2020-03-05 02:46:41,6417
INFY ,2020-03-05 03:46:43,6417
INFY ,2020-03-05 04:47:04,6417
INFY ,2020-03-05 05:47:07,6417
INFY ,2020-03-05 06:46:46,6417
INFY ,2020-03-05 07:46:31,6415
INFY ,2020-03-05 08:48:09,6415
INFY ,2020-03-05 09:47:07,6415
INFY ,2020-03-05 10:46:33,6415
INFY ,2020-03-05 11:48:05,6415
INFY ,2020-03-05 12:46:56,6415
INFY ,2020-03-05 13:47:03,6415
INFY ,2020-03-05 14:48:15,6416
INFY ,2020-03-05 15:47:06,6423
INFY ,2020-03-05 16:48:08,6425
INFY ,2020-03-05 17:46:38,6427
INFY ,2020-03-05 18:46:47,6427
INFY ,2020-03-05 19:46:36,6426
INFY ,2020-03-05 20:46:37,6431
INFY ,2020-03-05 21:46:31,6429
INFY ,2020-03-05 22:48:05,6429
INFY ,2020-03-05 23:48:08,6429
INFY ,2020-03-06 00:46:27,6429
INFY ,2020-03-06 01:46:41,6429
INFY ,2020-03-06 02:48:37,6429
INFY ,2020-03-06 03:48:08,6429
INFY ,2020-03-06 04:48:11,6429
INFY ,2020-03-06 05:48:14,6429
INFY ,2020-03-06 06:48:41,6429
INFY ,2020-03-06 07:48:00,6429
INFY ,2020-03-06 08:46:52,6427
INFY ,2020-03-06 09:48:18,6427
INFY ,2020-03-06 10:46:32,6427
INFY ,2020-03-06 11:48:31,6427
INFY ,2020-03-06 12:46:39,6427
INFY ,2020-03-06 13:46:18,6427
INFY ,2020-03-06 14:48:56,6428
INFY ,2020-03-06 15:47:11,6428
INFY ,2020-03-06 16:47:09,6436
INFY ,2020-03-06 17:46:48,6444
INFY ,2020-03-06 18:46:31,6448
INFY ,2020-03-06 19:46:56,6450
INFY ,2020-03-06 20:46:39,6456
INFY ,2020-03-06 21:46:32,6478
INFY ,2020-03-06 22:46:34,6478
INFY ,2020-03-06 23:47:06,6478
INFY ,2020-03-07 00:46:24,6478
INFY ,2020-03-07 01:47:00,6478
INFY ,2020-03-07 02:46:31,6478
INFY ,2020-03-07 03:48:34,6478
INFY ,2020-03-07 04:48:45,6478
INFY ,2020-03-07 05:48:15,6478
INFY ,2020-03-07 06:48:09,6478
INFY ,2020-03-07 07:47:08,6478
INFY ,2020-03-07 08:48:01,6478
INFY ,2020-03-07 09:46:52,6478
INFY ,2020-03-07 10:47:04,6478
INFY ,2020-03-07 11:48:01,6478
INFY ,2020-03-07 12:46:57,6478
INFY ,2020-03-07 13:46:30,6477
INFY ,2020-03-07 14:46:47,6477
INFY ,2020-03-07 15:46:37,6477
INFY ,2020-03-07 16:46:40,6477
INFY ,2020-03-07 17:47:04,6477
INFY ,2020-03-07 18:46:43,6477
INFY ,2020-03-07 19:46:42,6477
INFY ,2020-03-07 20:48:11,6477
INFY ,2020-03-07 21:48:45,6477
INFY ,2020-03-07 22:48:11,6477
INFY ,2020-03-07 23:48:10,6477
INFY ,2020-03-08 00:46:41,6477
INFY ,2020-03-08 01:47:01,6477
INFY ,2020-03-08 02:47:05,6477
INFY ,2020-03-08 03:48:13,6477
INFY ,2020-03-08 04:48:10,6477
INFY ,2020-03-08 05:48:12,6477
INFY ,2020-03-08 06:47:28,6477
INFY ,2020-03-08 07:48:06,6477
INFY ,2020-03-08 08:48:15,6477
INFY ,2020-03-08 09:47:04,6477
INFY ,2020-03-08 10:48:13,6477
INFY ,2020-03-08 11:47:01,6477
INFY ,2020-03-08 12:48:32,6477
INFY ,2020-03-08 13:48:44,6477
INFY ,2020-03-08 14:46:37,6477
INFY ,2020-03-08 15:48:17,6477
INFY ,2020-03-08 16:46:34,6477
INFY ,2020-03-08 17:46:37,6477
INFY ,2020-03-08 18:48:45,6477
INFY ,2020-03-08 19:47:27,6477
INFY ,2020-03-08 20:47:13,6477
INFY ,2020-03-08 21:46:26,6477
INFY ,2020-03-08 22:48:04,6477
INFY ,2020-03-08 23:46:42,6477
INFY ,2020-03-09 00:48:27,6477
INFY ,2020-03-09 01:46:39,6477
INFY ,2020-03-09 02:48:28,6477
INFY ,2020-03-09 03:48:22,6477
INFY ,2020-03-09 04:48:12,6477
INFY ,2020-03-09 05:46:32,6477
INFY ,2020-03-09 06:46:32,6477
INFY ,2020-03-09 07:46:41,6477
INFY ,2020-03-09 08:46:29,6477
INFY ,2020-03-09 09:46:59,6477
INFY ,2020-03-09 10:47:58,6477
INFY ,2020-03-09 11:48:03,6477
INFY ,2020-03-09 12:47:25,6477
INFY ,2020-03-09 13:46:17,6479
INFY ,2020-03-09 14:48:03,6482
INFY ,2020-03-09 15:46:59,6492
INFY ,2020-03-09 16:46:38,6488
INFY ,2020-03-09 17:46:01,6491
INFY ,2020-03-09 18:46:09,6490
INFY ,2020-03-09 19:46:33,6482
INFY ,2020-03-09 20:46:39,6482
INFY ,2020-03-09 21:48:05,6484
INFY ,2020-03-09 22:47:58,6484
INFY ,2020-03-09 23:48:40,6484
INFY ,2020-03-10 00:46:22,6484
INFY ,2020-03-10 01:48:08,6484
INFY ,2020-03-10 02:46:58,6484
INFY ,2020-03-10 03:48:34,6484
INFY ,2020-03-10 04:46:57,6484
INFY ,2020-03-10 06:48:34,6484
INFY ,2020-03-10 07:48:24,6484
INFY ,2020-03-10 08:46:44,6484
INFY ,2020-03-10 09:47:57,6484
INFY ,2020-03-10 10:47:46,6484
INFY ,2020-03-10 11:48:00,6484
INFY ,2020-03-10 12:46:58,6484
INFY ,2020-03-10 13:47:17,6484
INFY ,2020-03-10 14:48:39,6489
INFY ,2020-03-10 15:48:43,6502
INFY ,2020-03-10 16:46:28,6509
INFY ,2020-03-10 17:48:15,6514
INFY ,2020-03-10 18:48:12,6514
INFY ,2020-03-10 19:48:16,6513
INFY ,2020-03-10 20:49:56,6514
INFY ,2020-03-10 21:48:35,6513
INFY ,2020-03-10 22:48:07,6512
INFY ,2020-03-10 23:46:58,6512
INFY ,2020-03-11 00:48:21,6512
INFY ,2020-03-11 01:48:26,6512
INFY ,2020-03-11 02:48:39,6512
INFY ,2020-03-11 03:47:03,6512
INFY ,2020-03-11 04:47:09,6512
INFY ,2020-03-11 05:48:31,6512
INFY ,2020-03-11 06:48:06,6509
INFY ,2020-03-11 07:46:34,6509
INFY ,2020-03-11 08:47:11,6509
INFY ,2020-03-11 09:46:23,6509
INFY ,2020-03-11 10:46:28,6509
INFY ,2020-03-11 11:48:13,6509
INFY ,2020-03-11 12:48:30,6509
INFY ,2020-03-11 13:48:12,6510
INFY ,2020-03-11 14:47:02,6522
INFY ,2020-03-11 15:46:38,6520
INFY ,2020-03-11 16:48:34,6521
INFY ,2020-03-11 17:47:04,6524
INFY ,2020-03-11 18:46:37,6526
INFY ,2020-03-11 19:48:37,6530
INFY ,2020-03-11 20:48:40,6535
INFY ,2020-03-11 21:47:02,6535
INFY ,2020-03-11 22:47:06,6536
INFY ,2020-03-11 23:47:21,6536
INFY ,2020-03-12 00:46:30,6536
INFY ,2020-03-12 01:48:10,6536
INFY ,2020-03-12 02:46:57,6536
INFY ,2020-03-12 03:48:11,6536
INFY ,2020-03-12 04:48:32,6536
INFY ,2020-03-12 05:47:08,6536
INFY ,2020-03-12 06:46:51,6535
INFY ,2020-03-12 07:46:59,6535
INFY ,2020-03-12 08:48:18,6535
INFY ,2020-03-12 09:47:31,6535
INFY ,2020-03-12 10:48:08,6535
INFY ,2020-03-12 11:48:08,6535
INFY ,2020-03-12 12:48:06,6535
INFY ,2020-03-12 13:48:48,6540
INFY ,2020-03-12 14:46:25,6543
INFY ,2020-03-12 15:46:30,6543
INFY ,2020-03-12 16:46:45,6558
INFY ,2020-03-12 17:46:36,6562
INFY ,2020-03-12 18:48:36,6567
INFY ,2020-03-12 19:47:09,6578
INFY ,2020-03-12 20:46:44,6583
INFY ,2020-03-12 21:48:51,6582
INFY ,2020-03-12 22:46:30,6579
INFY ,2020-03-12 23:48:40,6579
INFY ,2020-03-13 00:48:45,6579
INFY ,2020-03-13 01:46:29,6579
INFY ,2020-03-13 02:48:12,6579
INFY ,2020-03-13 03:48:17,6579
INFY ,2020-03-13 04:46:59,6579
INFY ,2020-03-13 05:47:20,6579
INFY ,2020-03-13 06:49:08,6579
INFY ,2020-03-13 07:48:56,6578
INFY ,2020-03-13 08:49:04,6578
INFY ,2020-03-13 09:49:12,6578
INFY ,2020-03-13 10:47:07,6578
INFY ,2020-03-13 11:48:01,6578
INFY ,2020-03-13 13:09:02,6577
INFY ,2020-03-13 13:47:22,6577
INFY ,2020-03-13 14:47:17,6565
INFY ,2020-03-13 15:47:13,6576
INFY ,2020-03-13 16:48:17,6577
INFY ,2020-03-13 17:48:10,6579
INFY ,2020-03-13 18:48:44,6589
INFY ,2020-03-13 19:48:10,6593
INFY ,2020-03-13 20:46:39,6625
INFY ,2020-03-13 21:47:06,6627
INFY ,2020-03-13 22:46:41,6629
INFY ,2020-03-13 23:48:03,6629
INFY ,2020-03-14 00:47:03,6629
INFY ,2020-03-14 01:48:36,6629
INFY ,2020-03-14 02:48:18,6629
INFY ,2020-03-14 03:47:03,6629
INFY ,2020-03-14 04:48:40,6629
INFY ,2020-03-14 05:48:16,6629
INFY ,2020-03-14 06:47:11,6629
INFY ,2020-03-14 07:48:34,6629
INFY ,2020-03-14 08:48:10,6629
INFY ,2020-03-14 09:48:16,6628
INFY ,2020-03-14 10:46:48,6628
INFY ,2020-03-14 11:46:48,6628
INFY ,2020-03-14 12:46:57,6628
INFY ,2020-03-14 13:46:38,6628
INFY ,2020-03-14 14:48:15,6628
INFY ,2020-03-14 15:46:36,6628
INFY ,2020-03-14 16:48:03,6628
INFY ,2020-03-14 17:47:02,6628
INFY ,2020-03-14 18:48:14,6628
INFY ,2020-03-14 19:47:09,6628
INFY ,2020-03-14 20:48:26,6628
INFY ,2020-03-14 21:48:09,6628
INFY ,2020-03-14 22:48:45,6628
INFY ,2020-03-14 23:48:01,6628
INFY ,2020-03-15 00:46:53,6628
INFY ,2020-03-15 01:47:00,6628
INFY ,2020-03-15 02:48:33,6628
INFY ,2020-03-15 03:48:38,6628
INFY ,2020-03-15 04:46:44,6628
INFY ,2020-03-15 05:48:36,6628
INFY ,2020-03-15 06:47:11,6628
INFY ,2020-03-15 07:48:46,6628
INFY ,2020-03-15 09:01:53,6628
INFY ,2020-03-15 09:47:31,6628
INFY ,2020-03-15 10:48:02,6628
INFY ,2020-03-15 11:48:41,6628
INFY ,2020-03-15 12:48:07,6628
INFY ,2020-03-15 13:46:42,6628
INFY ,2020-03-15 14:47:28,6628
INFY ,2020-03-15 15:46:57,6628
INFY ,2020-03-15 16:48:05,6628
INFY ,2020-03-15 17:47:11,6628
INFY ,2020-03-15 18:48:37,6628
INFY ,2020-03-15 19:48:11,6628
INFY ,2020-03-15 20:47:06,6628
INFY ,2020-03-15 21:47:09,6628
INFY ,2020-03-15 22:48:11,6628
INFY ,2020-03-15 23:48:05,6628
INFY ,2020-03-16 00:46:40,6628
INFY ,2020-03-16 01:46:39,6628
INFY ,2020-03-16 02:46:35,6628
INFY ,2020-03-16 03:47:46,6628
INFY ,2020-03-16 04:48:14,6628
INFY ,2020-03-16 05:48:41,6628
INFY ,2020-03-16 06:46:59,6628
INFY ,2020-03-16 07:48:35,6628
INFY ,2020-03-16 09:00:29,6628
INFY ,2020-03-16 09:48:06,6628
INFY ,2020-03-16 10:47:06,6628
INFY ,2020-03-16 11:48:01,6628
INFY ,2020-03-16 13:10:38,6638
INFY ,2020-03-16 13:48:22,6638
INFY ,2020-03-16 14:46:53,6659
INFY ,2020-03-16 15:48:04,6689
INFY ,2020-03-16 16:46:43,6699
INFY ,2020-03-16 17:47:12,6709
INFY ,2020-03-16 18:46:41,6737
INFY ,2020-03-16 19:48:35,6748
INFY ,2020-03-16 20:46:30,6760
INFY ,2020-03-16 21:47:12,6762
INFY ,2020-03-16 22:46:48,6762
INFY ,2020-03-16 23:48:17,6762
INFY ,2020-03-17 00:48:16,6762
INFY ,2020-03-17 01:46:48,6762
INFY ,2020-03-17 02:48:12,6762
INFY ,2020-03-17 20:12:27,6809
INFY ,2020-03-17 20:20:15,6809
INFY ,2020-03-17 20:47:09,6809
INFY ,2020-03-17 21:46:51,6811
INFY ,2020-03-17 22:46:42,6811
INFY ,2020-03-17 23:46:52,6811
INFY ,2020-03-18 00:47:02,6811
INFY ,2020-03-18 01:47:14,6811
INFY ,2020-03-18 02:47:12,6811
INFY ,2020-03-18 03:47:19,6811
INFY ,2020-03-18 04:47:10,6811
INFY ,2020-03-18 05:47:21,6811
INFY ,2020-03-18 06:46:51,6811
INFY ,2020-03-18 07:47:17,6811
INFY ,2020-03-18 08:46:29,6811
INFY ,2020-03-18 09:47:03,6810
INFY ,2020-03-18 10:46:39,6810
INFY ,2020-03-18 11:46:37,6810
INFY ,2020-03-18 13:10:34,6812
INFY ,2020-03-18 13:47:26,6812
INFY ,2020-03-18 14:46:52,6825
INFY ,2020-03-18 15:46:58,6836
INFY ,2020-03-18 16:46:53,6838
INFY ,2020-03-18 17:47:20,6840
INFY ,2020-03-18 18:46:47,6843
INFY ,2020-03-18 19:47:07,6851
INFY ,2020-03-18 20:46:48,6854
INFY ,2020-03-18 21:46:48,6856
INFY ,2020-03-18 22:46:40,6858
INFY ,2020-03-18 23:47:01,6858
INFY ,2020-03-19 00:46:53,6858
INFY ,2020-03-19 01:47:03,6858
INFY ,2020-03-19 02:46:38,6858
INFY ,2020-03-19 03:46:33,6858
INFY ,2020-03-19 04:46:41,6858
INFY ,2020-03-19 05:48:48,6858
INFY ,2020-03-19 06:46:51,6858
INFY ,2020-03-19 07:46:54,6858
INFY ,2020-03-19 08:46:44,6856
INFY ,2020-03-19 09:47:01,6856
INFY ,2020-03-19 10:46:28,6856
INFY ,2020-03-19 11:46:40,6856
INFY ,2020-03-19 12:46:36,6856
INFY ,2020-03-19 13:46:47,6857
INFY ,2020-03-19 14:46:53,6864
INFY ,2020-03-19 15:46:51,6880
INFY ,2020-03-19 16:46:53,6892
INFY ,2020-03-19 17:46:49,6911
INFY ,2020-03-19 18:46:36,6912
INFY ,2020-03-19 19:47:01,6913
INFY ,2020-03-19 20:47:21,6928
INFY ,2020-03-19 21:47:05,6928
INFY ,2020-03-19 22:46:39,6928
INFY ,2020-03-19 23:47:39,6928
INFY ,2020-03-20 00:46:41,6928
INFY ,2020-03-20 01:46:42,6928
INFY ,2020-03-20 02:47:41,6928
INFY ,2020-03-20 03:46:53,6928
INFY ,2020-03-20 04:46:52,6928
INFY ,2020-03-20 06:47:18,6928
INFY ,2020-03-20 07:46:54,6928
INFY ,2020-03-20 08:47:44,6928
INFY ,2020-03-20 09:47:10,6928
INFY ,2020-03-20 10:46:51,6928
INFY ,2020-03-20 11:46:43,6928
INFY ,2020-03-20 13:09:29,6928
INFY ,2020-03-20 13:47:27,6928
INFY ,2020-03-20 14:46:52,6935
INFY ,2020-03-20 15:46:43,6937
INFY ,2020-03-20 16:46:48,6943
INFY ,2020-03-20 17:46:54,6960
INFY ,2020-03-20 18:46:41,6968
INFY ,2020-03-20 19:46:54,7011
INFY ,2020-03-20 20:46:49,7027
INFY ,2020-03-20 21:46:42,7027
INFY ,2020-03-20 22:47:18,7029
INFY ,2020-03-20 23:47:19,7029
INFY ,2020-03-21 00:46:55,7029
INFY ,2020-03-21 01:46:50,7029
INFY ,2020-03-21 02:47:09,7029
INFY ,2020-03-21 03:47:18,7029
INFY ,2020-03-21 04:46:42,7029
INFY ,2020-03-21 05:46:39,7029
INFY ,2020-03-21 06:46:47,7029
INFY ,2020-03-21 07:47:07,7029
INFY ,2020-03-21 09:11:56,7029
INFY ,2020-03-21 09:46:46,7029
INFY ,2020-03-21 10:46:53,7029
INFY ,2020-03-21 11:46:57,7025
INFY ,2020-03-21 12:46:35,7025
INFY ,2020-03-21 13:46:46,7025
INFY ,2020-03-21 14:47:35,7025
INFY ,2020-03-21 15:47:11,7025
INFY ,2020-03-21 16:47:04,7025
INFY ,2020-03-21 17:47:21,7025
INFY ,2020-03-21 18:46:54,7025
INFY ,2020-03-21 19:46:53,7025
INFY ,2020-03-21 20:46:32,7025
INFY ,2020-03-21 21:46:58,7025
INFY ,2020-03-21 22:46:39,7025
INFY ,2020-03-21 23:46:45,7025
INFY ,2020-03-22 00:46:38,7025
INFY ,2020-03-22 01:47:09,7025
INFY ,2020-03-22 02:46:42,7025
INFY ,2020-03-22 03:47:28,7025
INFY ,2020-03-22 04:46:55,7025
INFY ,2020-03-22 05:46:56,7025
INFY ,2020-03-22 06:47:16,7025
INFY ,2020-03-22 07:47:12,7025
INFY ,2020-03-22 09:16:11,7025
INFY ,2020-03-22 09:46:50,7025
INFY ,2020-03-22 10:47:08,7025
INFY ,2020-03-22 11:46:41,7025
INFY ,2020-03-22 12:47:07,7025
INFY ,2020-03-22 21:56:45,7025
INFY ,2020-03-22 22:47:12,7025
INFY ,2020-03-22 23:46:50,7025
INFY ,2020-03-23 00:47:33,7025
INFY ,2020-03-23 01:47:10,7025
INFY ,2020-03-23 02:46:41,7025
INFY ,2020-03-23 03:46:47,7025
INFY ,2020-03-23 04:47:20,7025
INFY ,2020-03-23 05:47:12,7025
INFY ,2020-03-23 06:47:07,7025
INFY ,2020-03-23 07:46:46,7025
INFY ,2020-03-23 08:46:53,7025
INFY ,2020-03-23 09:47:15,7025
INFY ,2020-03-23 10:46:48,7025
INFY ,2020-03-23 11:47:14,7025
INFY ,2020-03-23 13:08:59,7024
INFY ,2020-03-23 13:46:51,7024
INFY ,2020-03-23 14:47:15,7043
INFY ,2020-03-23 15:47:00,7056
INFY ,2020-03-23 16:47:22,7050
INFY ,2020-03-23 17:46:51,7053
INFY ,2020-03-23 18:46:45,7055
INFY ,2020-03-23 19:47:10,7058
INFY ,2020-03-23 20:47:12,7063
INFY ,2020-03-23 21:46:54,7063
INFY ,2020-03-23 22:46:47,7063
INFY ,2020-03-23 23:46:45,7063
INFY ,2020-03-24 00:46:46,7063
INFY ,2020-03-24 01:46:47,7063
INFY ,2020-03-24 02:46:40,7063
INFY ,2020-03-24 03:46:53,7063
INFY ,2020-03-24 04:47:16,7063
INFY ,2020-03-24 05:48:47,7063
INFY ,2020-03-24 06:47:21,7063
INFY ,2020-03-24 07:47:29,7062
INFY ,2020-03-24 09:10:30,7062
INFY ,2020-03-24 09:46:33,7062
INFY ,2020-03-24 10:46:33,7062
INFY ,2020-03-24 11:46:43,7062
INFY ,2020-03-24 12:46:26,7062
INFY ,2020-03-24 13:47:51,7061
INFY ,2020-03-24 14:48:07,7041
INFY ,2020-03-24 15:47:37,7042
INFY ,2020-03-24 16:47:49,7042
INFY ,2020-03-24 17:47:16,7045
INFY ,2020-03-24 18:47:13,7045
INFY ,2020-03-24 19:46:59,7043
INFY ,2020-03-24 20:46:38,7046
INFY ,2020-03-24 21:46:35,7043
INFY ,2020-03-24 22:47:13,7046
INFY ,2020-03-24 23:47:07,7046
INFY ,2020-03-25 00:46:47,7046
INFY ,2020-03-25 01:46:50,7046
INFY ,2020-03-25 02:46:40,7046
INFY ,2020-03-25 03:46:40,7046
INFY ,2020-03-25 04:46:29,7046
INFY ,2020-03-25 06:47:24,7046
INFY ,2020-03-25 07:46:44,7046
INFY ,2020-03-25 09:48:02,7046
INFY ,2020-03-25 10:46:48,7046
INFY ,2020-03-25 11:47:08,7046
INFY ,2020-03-25 12:47:13,7046
INFY ,2020-03-25 13:47:25,7047
INFY ,2020-03-25 14:47:31,7072
INFY ,2020-03-25 15:47:44,7086
INFY ,2020-03-25 16:47:23,7080
INFY ,2020-03-25 17:48:13,7084
INFY ,2020-03-25 18:46:46,7086
INFY ,2020-03-25 19:46:49,7080
INFY ,2020-03-25 20:47:00,7078
INFY ,2020-03-25 21:46:40,7080
INFY ,2020-03-25 22:46:42,7081
INFY ,2020-03-25 23:46:51,7081
INFY ,2020-03-26 02:07:21,7081
INFY ,2020-03-26 02:46:50,7081
INFY ,2020-03-26 03:47:07,7081
INFY ,2020-03-26 04:47:49,7081
INFY ,2020-03-26 05:46:59,7081
INFY ,2020-03-26 06:46:59,7081
INFY ,2020-03-26 07:46:59,7081
INFY ,2020-03-26 08:46:43,7081
INFY ,2020-03-26 09:47:10,7081
INFY ,2020-03-26 10:46:34,7081
INFY ,2020-03-26 11:46:54,7081
INFY ,2020-03-26 12:46:52,7081
INFY ,2020-03-26 13:46:58,7078
INFY ,2020-03-26 14:47:09,7088
INFY ,2020-03-26 15:47:01,7090
INFY ,2020-03-26 16:46:54,7106
INFY ,2020-03-26 17:47:12,7105
INFY ,2020-03-26 18:46:46,7101
INFY ,2020-03-26 19:46:50,7096
INFY ,2020-03-26 20:46:50,7084
INFY ,2020-03-26 21:47:04,7086
INFY ,2020-03-26 22:46:40,7088
INFY ,2020-03-26 23:47:15,7088
INFY ,2020-03-27 00:46:56,7088
INFY ,2020-03-27 01:47:03,7088
INFY ,2020-03-27 02:47:15,7088
INFY ,2020-03-27 03:46:53,7088
INFY ,2020-03-27 04:46:58,7088
INFY ,2020-03-27 05:46:44,7088
INFY ,2020-03-27 06:47:09,7088
INFY ,2020-03-27 07:47:13,7088
INFY ,2020-03-27 08:48:56,7088
INFY ,2020-03-27 09:47:32,7088
INFY ,2020-03-27 10:46:56,7088
INFY ,2020-03-27 11:46:39,7088
INFY ,2020-03-27 12:46:36,7088
INFY ,2020-03-27 13:47:13,7089
INFY ,2020-03-27 14:46:52,7087
INFY ,2020-03-27 15:46:53,7076
INFY ,2020-03-27 16:47:08,7072
INFY ,2020-03-27 17:46:51,7080
INFY ,2020-03-27 18:47:23,7084
INFY ,2020-03-27 19:46:51,7087
INFY ,2020-03-27 20:46:47,7092
INFY ,2020-03-27 21:47:21,7092
INFY ,2020-03-27 22:46:50,7092
INFY ,2020-03-27 23:47:05,7092
INFY ,2020-03-28 00:47:09,7092
INFY ,2020-03-28 01:46:34,7092
INFY ,2020-03-28 02:46:37,7092
INFY ,2020-03-28 03:46:53,7092
INFY ,2020-03-28 04:46:43,7092
INFY ,2020-03-28 05:47:40,7092
INFY ,2020-03-28 06:46:55,7092
INFY ,2020-03-28 07:46:35,7092
INFY ,2020-03-28 08:46:49,7092
INFY ,2020-03-28 09:47:06,7092
INFY ,2020-03-28 10:47:20,7092
INFY ,2020-03-28 11:46:45,7092
INFY ,2020-03-28 12:47:10,7092
INFY ,2020-03-28 13:47:09,7092
INFY ,2020-03-28 14:46:50,7092
INFY ,2020-03-28 15:46:45,7092
INFY ,2020-03-28 16:46:41,7092
INFY ,2020-03-28 17:46:54,7092
INFY ,2020-03-28 18:46:54,7092
INFY ,2020-03-28 19:46:39,7092
INFY ,2020-03-28 20:46:54,7092
INFY ,2020-03-28 21:46:39,7092
INFY ,2020-03-28 22:47:36,7092
INFY ,2020-03-28 23:46:55,7092
INFY ,2020-03-29 00:47:03,7092
INFY ,2020-03-29 01:47:14,7092
INFY ,2020-03-29 02:47:38,7092
INFY ,2020-03-29 03:47:46,7092
INFY ,2020-03-29 04:47:09,7092
INFY ,2020-03-29 05:47:04,7092
INFY ,2020-03-29 06:47:52,7092
INFY ,2020-03-29 07:47:08,7092
INFY ,2020-03-29 08:46:53,7092
INFY ,2020-03-29 09:46:52,7092
INFY ,2020-03-29 10:47:29,7092
INFY ,2020-03-29 11:46:50,7092
INFY ,2020-03-29 12:46:41,7092
INFY ,2020-03-29 13:46:44,7092
INFY ,2020-03-29 14:46:43,7092
INFY ,2020-03-29 15:46:48,7092
INFY ,2020-03-29 16:46:54,7092
INFY ,2020-03-29 17:47:15,7092
INFY ,2020-03-29 18:46:45,7092
INFY ,2020-03-29 19:46:47,7092
INFY ,2020-03-29 20:46:44,7092
INFY ,2020-03-29 21:47:35,7092
INFY ,2020-03-29 22:46:55,7092
INFY ,2020-03-29 23:46:56,7092
INFY ,2020-03-30 00:46:53,7092
INFY ,2020-03-30 01:46:50,7092
INFY ,2020-03-30 02:47:25,7092
INFY ,2020-03-30 03:46:52,7092
INFY ,2020-03-30 04:47:19,7092
INFY ,2020-03-30 05:46:37,7092
INFY ,2020-03-30 06:46:56,7092
INFY ,2020-03-30 07:47:10,7092
INFY ,2020-03-30 08:46:46,7092
INFY ,2020-03-30 09:46:33,7092
INFY ,2020-03-30 10:46:39,7092
INFY ,2020-03-30 11:46:27,7092
INFY ,2020-03-30 12:46:40,7092
INFY ,2020-03-30 13:47:24,7092
INFY ,2020-03-30 14:46:44,7091
INFY ,2020-03-30 15:47:16,7090
INFY ,2020-03-30 16:46:53,7094
INFY ,2020-03-30 17:47:12,7098
INFY ,2020-03-30 18:46:58,7096
INFY ,2020-03-30 19:47:17,7102
INFY ,2020-03-30 20:46:50,7101
INFY ,2020-03-30 21:47:08,7101
INFY ,2020-03-30 22:46:40,7101
INFY ,2020-03-30 23:46:36,7101
INFY ,2020-03-31 00:46:30,7101
INFY ,2020-03-31 01:46:48,7101
INFY ,2020-03-31 02:46:44,7101
INFY ,2020-03-31 03:47:03,7101
INFY ,2020-03-31 04:46:41,7101
INFY ,2020-03-31 05:46:46,7101
INFY ,2020-03-31 06:46:36,7101
INFY ,2020-03-31 07:46:53,7101
INFY ,2020-03-31 08:46:48,7101
INFY ,2020-03-31 09:46:49,7101
INFY ,2020-03-31 10:46:43,7101
INFY ,2020-03-31 11:47:14,7101
INFY ,2020-03-31 13:08:00,7101
INFY ,2020-03-31 13:46:51,7101
INFY ,2020-03-31 14:47:29,7102
INFY ,2020-03-31 15:46:47,7110
INFY ,2020-03-31 16:47:28,7115
INFY ,2020-03-31 17:46:53,7118
INFY ,2020-03-31 18:47:12,7120
INFY ,2020-03-31 19:46:47,7123
INFY ,2020-03-31 20:47:12,7134
INFY ,2020-03-31 21:46:44,7134
INFY ,2020-03-31 22:46:51,7135
INFY ,2020-03-31 23:46:31,7135
INFY ,2020-04-01 00:46:10,7135
INFY ,2020-04-01 01:46:10,7135
INFY ,2020-04-01 02:46:08,7135
INFY ,2020-04-01 03:46:14,7135
INFY ,2020-04-01 04:46:29,7135
INFY ,2020-04-01 05:46:46,7135
INFY ,2020-04-01 06:46:18,7135
INFY ,2020-04-01 07:46:39,7135
INFY ,2020-04-01 08:46:07,7135
INFY ,2020-04-01 09:46:21,7135
INFY ,2020-04-01 10:45:56,7135
INFY ,2020-04-01 11:46:54,7135
INFY ,2020-04-01 13:11:02,7137
INFY ,2020-04-01 13:46:12,7137
INFY ,2020-04-01 14:46:55,7155
INFY ,2020-04-01 15:46:33,7156
INFY ,2020-04-01 16:46:00,7158
INFY ,2020-04-01 17:45:58,7163
INFY ,2020-04-01 18:46:02,7171
INFY ,2020-04-01 19:46:08,7176
INFY ,2020-04-01 20:46:12,7188
INFY ,2020-04-01 21:46:00,7188
INFY ,2020-04-01 22:46:00,7189
INFY ,2020-04-01 23:46:36,7189
INFY ,2020-04-02 00:46:07,7189
INFY ,2020-04-02 01:46:35,7189
INFY ,2020-04-02 02:46:07,7189
INFY ,2020-04-02 03:46:33,7189
INFY ,2020-04-02 04:46:09,7189
INFY ,2020-04-02 05:46:17,7189
INFY ,2020-04-02 06:45:52,7188
INFY ,2020-04-02 07:46:35,7188
INFY ,2020-04-02 08:47:09,7188
INFY ,2020-04-02 09:46:33,7188
INFY ,2020-04-02 10:46:10,7188
INFY ,2020-04-02 11:46:04,7188
INFY ,2020-04-02 13:12:03,7188
INFY ,2020-04-02 13:46:42,7188
INFY ,2020-04-02 14:45:58,7196
INFY ,2020-04-02 15:46:16,7201
INFY ,2020-04-02 16:45:53,7195
INFY ,2020-04-02 17:46:00,7197
INFY ,2020-04-02 18:47:15,7201
INFY ,2020-04-02 19:46:02,7211
INFY ,2020-04-02 20:46:26,7214
INFY ,2020-04-02 21:47:00,7216
INFY ,2020-04-02 22:46:41,7216
INFY ,2020-04-02 23:46:00,7216
INFY ,2020-04-03 00:46:15,7216
INFY ,2020-04-03 01:46:33,7216
INFY ,2020-04-03 02:46:08,7216
INFY ,2020-04-03 03:46:00,7216
INFY ,2020-04-03 04:46:25,7216
INFY ,2020-04-03 05:46:35,7216
INFY ,2020-04-03 06:46:08,7216
INFY ,2020-04-03 08:46:09,7216
INFY ,2020-04-03 09:46:08,7216
INFY ,2020-04-03 10:46:31,7216
INFY ,2020-04-03 11:46:02,7216
INFY ,2020-04-03 13:13:03,7216
INFY ,2020-04-03 13:46:16,7216
INFY ,2020-04-03 14:46:19,7227
INFY ,2020-04-03 15:46:37,7235
INFY ,2020-04-03 16:46:34,7239
INFY ,2020-04-03 17:46:36,7245
INFY ,2020-04-03 18:46:36,7256
INFY ,2020-04-03 19:46:04,7272
INFY ,2020-04-03 20:46:03,7287
INFY ,2020-04-03 21:46:14,7288
INFY ,2020-04-03 22:46:55,7289
INFY ,2020-04-03 23:46:09,7289
INFY ,2020-04-04 00:45:58,7289
INFY ,2020-04-04 01:46:32,7289
INFY ,2020-04-04 02:46:12,7289
INFY ,2020-04-04 03:46:16,7289
INFY ,2020-04-04 04:46:24,7289
INFY ,2020-04-04 05:46:31,7289
INFY ,2020-04-04 06:46:00,7289
INFY ,2020-04-04 07:46:40,7289
INFY ,2020-04-04 08:46:28,7289
INFY ,2020-04-04 09:46:24,7289
INFY ,2020-04-04 10:46:07,7289
INFY ,2020-04-04 11:46:07,7289
INFY ,2020-04-04 12:46:06,7289
INFY ,2020-04-04 13:46:04,7289
INFY ,2020-04-04 14:46:21,7289
INFY ,2020-04-04 15:45:57,7289
INFY ,2020-04-04 16:46:07,7289
INFY ,2020-04-04 17:46:07,7289
INFY ,2020-04-04 18:46:03,7289
INFY ,2020-04-04 19:46:07,7289
INFY ,2020-04-04 20:46:00,7289
INFY ,2020-04-04 21:46:02,7289
INFY ,2020-04-04 22:46:39,7289
INFY ,2020-04-04 23:46:01,7289
INFY ,2020-04-05 00:46:51,7289
INFY ,2020-04-05 01:46:31,7289
INFY ,2020-04-05 02:45:59,7289
INFY ,2020-04-05 03:46:08,7289
INFY ,2020-04-05 04:46:31,7289
INFY ,2020-04-05 05:46:23,7289
INFY ,2020-04-05 06:46:28,7289
INFY ,2020-04-05 07:46:09,7289
INFY ,2020-04-05 08:46:14,7289
INFY ,2020-04-05 09:46:04,7289
INFY ,2020-04-05 10:46:39,7289
INFY ,2020-04-05 11:46:31,7289
INFY ,2020-04-05 12:46:01,7289
INFY ,2020-04-05 13:46:35,7289
INFY ,2020-04-05 14:46:07,7289
INFY ,2020-04-05 15:45:58,7289
INFY ,2020-04-05 16:46:34,7289
INFY ,2020-04-05 17:45:55,7289
INFY ,2020-04-05 18:46:09,7289
INFY ,2020-04-05 19:46:01,7289
INFY ,2020-04-05 20:46:08,7289
INFY ,2020-04-05 21:46:11,7289
INFY ,2020-04-05 22:46:27,7289
INFY ,2020-04-05 23:46:00,7289
INFY ,2020-04-06 00:45:58,7289
INFY ,2020-04-06 01:46:10,7289
INFY ,2020-04-06 02:46:28,7289
INFY ,2020-04-06 03:47:01,7289
INFY ,2020-04-06 04:45:53,7289
INFY ,2020-04-06 05:46:19,7289
INFY ,2020-04-06 06:46:21,7289
INFY ,2020-04-06 07:46:07,7289
INFY ,2020-04-06 08:46:32,7289
INFY ,2020-04-06 09:46:04,7289
INFY ,2020-04-06 10:46:19,7289
INFY ,2020-04-06 11:45:55,7289
INFY ,2020-04-06 12:46:18,7289
INFY ,2020-04-06 13:46:12,7289
INFY ,2020-04-06 14:46:08,7318
INFY ,2020-04-06 15:46:09,7318
INFY ,2020-04-06 16:46:01,7318
INFY ,2020-04-06 17:46:01,7318
INFY ,2020-04-06 18:48:45,7322
INFY ,2020-04-06 19:46:30,7326
INFY ,2020-04-06 20:46:04,7312
INFY ,2020-04-06 21:45:56,7313
INFY ,2020-04-06 22:46:09,7313
INFY ,2020-04-06 23:46:21,7313
INFY ,2020-04-07 00:46:09,7313
INFY ,2020-04-07 01:46:20,7313
INFY ,2020-04-07 02:46:10,7313
INFY ,2020-04-07 03:46:02,7313
INFY ,2020-04-07 04:46:01,7313
INFY ,2020-04-07 05:45:55,7313
INFY ,2020-04-07 06:46:15,7313
INFY ,2020-04-07 07:46:08,7313
INFY ,2020-04-07 08:46:28,7313
INFY ,2020-04-07 09:46:02,7313
INFY ,2020-04-07 10:45:51,7313
INFY ,2020-04-07 11:45:59,7313
INFY ,2020-04-07 12:46:02,7313
INFY ,2020-04-07 13:46:07,7311
INFY ,2020-04-07 14:45:49,7307
INFY ,2020-04-07 15:45:57,7296
INFY ,2020-04-07 16:46:11,7302
INFY ,2020-04-07 17:45:53,7295
INFY ,2020-04-07 18:45:56,7296
INFY ,2020-04-07 19:45:56,7295
INFY ,2020-04-07 20:46:05,7298
INFY ,2020-04-07 21:46:12,7300
INFY ,2020-04-07 22:45:58,7301
INFY ,2020-04-07 23:46:03,7301
INFY ,2020-04-08 00:46:11,7301
INFY ,2020-04-08 01:45:56,7301
INFY ,2020-04-08 02:45:46,7301
INFY ,2020-04-08 03:46:11,7301
INFY ,2020-04-08 04:45:51,7301
INFY ,2020-04-08 06:46:06,7301
INFY ,2020-04-08 07:46:15,7301
INFY ,2020-04-08 08:46:21,7301
INFY ,2020-04-08 09:46:04,7301
INFY ,2020-04-08 10:45:57,7301
INFY ,2020-04-08 11:45:55,7301
INFY ,2020-04-08 12:45:55,7301
INFY ,2020-04-08 13:46:01,7301
INFY ,2020-04-08 14:45:51,7309
INFY ,2020-04-08 15:46:06,7320
INFY ,2020-04-08 16:45:55,7327
INFY ,2020-04-08 17:46:16,7324
INFY ,2020-04-08 18:45:54,7324
INFY ,2020-04-08 19:46:14,7321
INFY ,2020-04-08 20:46:03,7325
INFY ,2020-04-08 21:45:57,7326
INFY ,2020-04-08 22:45:51,7326
INFY ,2020-04-08 23:46:00,7326
INFY ,2020-04-09 00:45:55,7326
INFY ,2020-04-09 02:45:59,7326
INFY ,2020-04-09 03:45:55,7326
INFY ,2020-04-09 04:46:19,7326
INFY ,2020-04-09 05:46:05,7326
INFY ,2020-04-09 06:46:22,7326
INFY ,2020-04-09 07:45:48,7326
INFY ,2020-04-09 08:45:52,7326
INFY ,2020-04-09 09:45:49,7326
INFY ,2020-04-09 10:45:57,7326
INFY ,2020-04-09 11:45:55,7326
INFY ,2020-04-09 12:45:52,7326
INFY ,2020-04-09 13:46:08,7325
INFY ,2020-04-09 14:46:05,7336
INFY ,2020-04-09 15:45:43,7323
INFY ,2020-04-09 16:45:56,7325
INFY ,2020-04-09 17:45:55,7328
INFY ,2020-04-09 18:45:42,7325
INFY ,2020-04-09 19:46:13,7331
INFY ,2020-04-09 20:45:55,7336
INFY ,2020-04-09 21:45:54,7336
INFY ,2020-04-09 22:45:52,7335
INFY ,2020-04-09 23:45:49,7335
INFY ,2020-04-10 00:45:56,7335
INFY ,2020-04-10 01:45:48,7335
INFY ,2020-04-10 02:46:01,7335
INFY ,2020-04-10 03:45:59,7335
INFY ,2020-04-10 04:45:51,7335
INFY ,2020-04-10 05:46:03,7335
INFY ,2020-04-10 06:45:51,7335
INFY ,2020-04-10 07:45:54,7335
INFY ,2020-04-10 08:46:02,7335
INFY ,2020-04-10 09:45:54,7335
INFY ,2020-04-10 10:45:59,7335
INFY ,2020-04-10 11:45:56,7335
INFY ,2020-04-10 12:45:55,7335
INFY ,2020-04-10 13:45:59,7335
INFY ,2020-04-10 14:46:09,7335
INFY ,2020-04-10 15:45:56,7335
INFY ,2020-04-10 16:45:48,7335
INFY ,2020-04-10 17:45:55,7335
INFY ,2020-04-10 18:45:55,7335
INFY ,2020-04-10 19:45:54,7335
INFY ,2020-04-10 20:46:17,7335
INFY ,2020-04-10 21:45:37,7335
INFY ,2020-04-10 22:45:35,7335
INFY ,2020-04-10 23:45:36,7335
INFY ,2020-04-11 00:45:42,7335
INFY ,2020-04-11 01:45:31,7335
INFY ,2020-04-11 02:45:36,7335
INFY ,2020-04-11 03:45:36,7335
INFY ,2020-04-11 04:45:42,7335
INFY ,2020-04-11 05:45:33,7335
INFY ,2020-04-11 06:45:35,7335
INFY ,2020-04-11 07:45:34,7335
INFY ,2020-04-11 08:45:28,7335
INFY ,2020-04-11 09:45:30,7335
INFY ,2020-04-11 10:45:42,7335
INFY ,2020-04-11 11:45:29,7335
INFY ,2020-04-11 12:45:34,7335
INFY ,2020-04-11 13:45:41,7335
INFY ,2020-04-11 14:45:29,7335
INFY ,2020-04-11 15:45:42,7335
INFY ,2020-04-11 16:45:39,7335
INFY ,2020-04-11 17:45:39,7335
INFY ,2020-04-11 18:45:38,7335
INFY ,2020-04-11 19:45:34,7335
INFY ,2020-04-11 20:45:28,7335
INFY ,2020-04-11 21:45:35,7335
INFY ,2020-04-11 22:45:34,7335
INFY ,2020-04-11 23:45:35,7335
INFY ,2020-04-12 00:45:43,7335
INFY ,2020-04-12 01:45:33,7335
INFY ,2020-04-12 02:45:34,7335
INFY ,2020-04-12 03:45:31,7335
INFY ,2020-04-12 04:45:47,7335
INFY ,2020-04-12 05:45:39,7335
INFY ,2020-04-12 06:45:37,7335
INFY ,2020-04-12 07:45:32,7335
INFY ,2020-04-12 08:45:33,7335
INFY ,2020-04-12 09:45:37,7335
INFY ,2020-04-12 10:45:37,7335
INFY ,2020-04-12 11:45:31,7335
INFY ,2020-04-12 12:45:35,7335
INFY ,2020-04-12 13:45:42,7335
INFY ,2020-04-12 14:45:38,7335
INFY ,2020-04-12 15:45:36,7335
INFY ,2020-04-12 16:45:34,7335
INFY ,2020-04-12 17:45:30,7335
INFY ,2020-04-12 18:45:37,7335
INFY ,2020-04-12 19:45:35,7335
INFY ,2020-04-12 20:45:52,7335
INFY ,2020-04-12 21:45:39,7335
INFY ,2020-04-12 22:45:44,7335
INFY ,2020-04-12 23:45:49,7335
INFY ,2020-04-13 00:45:58,7335
INFY ,2020-04-13 01:45:45,7335
INFY ,2020-04-13 02:45:48,7335
INFY ,2020-04-13 03:46:04,7335
INFY ,2020-04-13 04:45:52,7335
INFY ,2020-04-13 05:45:54,7335
INFY ,2020-04-13 06:45:36,7335
INFY ,2020-04-13 07:45:29,7335
INFY ,2020-04-13 08:45:39,7335
INFY ,2020-04-13 09:45:33,7335
INFY ,2020-04-13 10:45:33,7335
INFY ,2020-04-13 11:45:41,7335
INFY ,2020-04-13 13:09:58,7338
INFY ,2020-04-13 13:45:32,7338
INFY ,2020-04-13 14:45:31,7398
INFY ,2020-04-13 15:45:36,7407
INFY ,2020-04-13 16:45:38,7410
INFY ,2020-04-13 17:45:47,7415
INFY ,2020-04-13 18:45:30,7412
INFY ,2020-04-13 19:45:32,7418
INFY ,2020-04-13 20:45:37,7418
INFY ,2020-04-13 21:45:44,7421
INFY ,2020-04-13 22:45:32,7422
INFY ,2020-04-13 23:45:38,7422
INFY ,2020-04-14 00:46:03,7422
INFY ,2020-04-14 01:45:57,7422
INFY ,2020-04-14 02:45:52,7422
INFY ,2020-04-14 03:45:52,7422
INFY ,2020-04-14 04:45:52,7422
INFY ,2020-04-14 05:45:58,7422
INFY ,2020-04-14 06:45:43,7422
INFY ,2020-04-14 07:45:36,7422
INFY ,2020-04-14 08:45:40,7422
INFY ,2020-04-14 09:45:39,7422
INFY ,2020-04-14 10:45:38,7422
INFY ,2020-04-14 11:45:39,7422
INFY ,2020-04-14 12:45:35,7422
INFY ,2020-04-14 13:45:40,7422
INFY ,2020-04-14 14:45:48,7420
INFY ,2020-04-14 15:45:50,7423
INFY ,2020-04-14 16:45:57,7434
INFY ,2020-04-14 17:45:30,7446
INFY ,2020-04-14 18:45:54,7461
INFY ,2020-04-14 19:45:36,7458
INFY ,2020-04-14 20:45:35,7459
INFY ,2020-04-14 21:45:37,7460
INFY ,2020-04-14 22:45:35,7460
INFY ,2020-04-14 23:45:51,7460
INFY ,2020-04-15 00:45:48,7460
INFY ,2020-04-15 01:45:49,7460
INFY ,2020-04-15 02:45:43,7460
INFY ,2020-04-15 03:45:48,7460
INFY ,2020-04-15 04:45:51,7460
INFY ,2020-04-15 05:45:33,7460
INFY ,2020-04-15 06:45:32,7460
INFY ,2020-04-15 07:45:38,7460
INFY ,2020-04-15 08:45:41,7459
INFY ,2020-04-15 09:45:36,7459
INFY ,2020-04-15 10:45:31,7459
INFY ,2020-04-15 11:45:30,7459
INFY ,2020-04-15 13:13:01,7461
INFY ,2020-04-15 14:45:36,7473
INFY ,2020-04-15 15:45:31,7481
INFY ,2020-04-15 16:45:47,7488
INFY ,2020-04-15 17:45:33,7509
INFY ,2020-04-15 18:45:34,7517
INFY ,2020-04-15 19:45:43,7522
INFY ,2020-04-15 20:45:33,7538
INFY ,2020-04-15 21:45:41,7537
INFY ,2020-04-15 22:45:42,7537
INFY ,2020-04-15 23:45:42,7537
INFY ,2020-04-16 00:45:48,7537
INFY ,2020-04-16 01:45:52,7537
INFY ,2020-04-16 02:45:56,7537
INFY ,2020-04-16 03:45:55,7537
INFY ,2020-04-16 04:45:57,7537
INFY ,2020-04-16 05:45:41,7537
INFY ,2020-04-16 06:45:53,7537
INFY ,2020-04-16 07:45:38,7537
INFY ,2020-04-16 08:45:38,7537
INFY ,2020-04-16 09:45:33,7537
INFY ,2020-04-16 10:45:38,7537
INFY ,2020-04-16 11:45:38,7537
INFY ,2020-04-16 12:45:38,7537
INFY ,2020-04-16 13:45:40,7537
INFY ,2020-04-16 14:45:35,7554
INFY ,2020-04-16 15:45:55,7563
INFY ,2020-04-16 16:45:56,7572
INFY ,2020-04-16 17:45:40,7577
INFY ,2020-04-16 18:45:51,7580
INFY ,2020-04-16 19:45:35,7583
INFY ,2020-04-16 20:45:37,7588
INFY ,2020-04-16 21:45:59,7588
INFY ,2020-04-16 22:45:39,7586
INFY ,2020-04-16 23:45:57,7586
INFY ,2020-04-17 00:45:51,7586
INFY ,2020-04-17 01:45:47,7586
INFY ,2020-04-17 02:45:55,7586
INFY ,2020-04-17 03:45:43,7586
INFY ,2020-04-17 04:45:39,7586
INFY ,2020-04-17 05:45:43,7586
INFY ,2020-04-17 06:45:44,7586
INFY ,2020-04-17 07:45:58,7585
INFY ,2020-04-17 08:45:43,7585
INFY ,2020-04-17 09:45:38,7585
INFY ,2020-04-17 10:45:40,7585
INFY ,2020-04-17 11:45:32,7585
INFY ,2020-04-17 13:10:00,7587
INFY ,2020-04-17 13:45:52,7587
INFY ,2020-04-17 14:45:40,7598
INFY ,2020-04-17 15:45:44,7605
INFY ,2020-04-17 16:45:32,7608
INFY ,2020-04-17 17:45:37,7617
INFY ,2020-04-17 18:45:55,7629
INFY ,2020-04-17 19:45:49,7631
INFY ,2020-04-17 20:45:54,7641
INFY ,2020-04-17 21:45:51,7641
INFY ,2020-04-17 22:45:45,7650
INFY ,2020-04-17 23:45:52,7650
INFY ,2020-04-18 00:45:50,7650
INFY ,2020-04-18 01:45:47,7650
INFY ,2020-04-18 02:45:44,7650
INFY ,2020-04-18 03:45:44,7650
INFY ,2020-04-18 04:45:53,7650
INFY ,2020-04-18 05:45:52,7650
INFY ,2020-04-18 06:45:40,7650
INFY ,2020-04-18 07:45:34,7650
INFY ,2020-04-18 08:45:52,7650
INFY ,2020-04-18 09:45:29,7649
INFY ,2020-04-18 10:45:37,7649
INFY ,2020-04-18 11:45:40,7649
INFY ,2020-04-18 12:45:29,7649
INFY ,2020-04-18 13:45:47,7649
INFY ,2020-04-18 14:45:38,7649
INFY ,2020-04-18 15:45:37,7649
INFY ,2020-04-18 16:45:30,7649
INFY ,2020-04-18 17:45:44,7649
INFY ,2020-04-18 18:45:41,7649
INFY ,2020-04-18 19:45:31,7649
INFY ,2020-04-18 20:45:44,7649
INFY ,2020-04-18 21:45:35,7649
INFY ,2020-04-18 22:45:45,7649
INFY ,2020-04-18 23:46:00,7649
INFY ,2020-04-19 00:45:57,7649
INFY ,2020-04-19 01:46:08,7649
INFY ,2020-04-19 02:45:53,7649
INFY ,2020-04-19 03:45:54,7649
INFY ,2020-04-19 04:46:09,7649
INFY ,2020-04-19 05:45:49,7649
INFY ,2020-04-19 06:45:52,7649
INFY ,2020-04-19 07:45:47,7649
INFY ,2020-04-19 08:45:38,7649
INFY ,2020-04-19 09:45:38,7649
INFY ,2020-04-19 10:45:37,7649
INFY ,2020-04-19 11:45:30,7649
INFY ,2020-04-19 12:45:33,7649
INFY ,2020-04-19 13:45:50,7649
INFY ,2020-04-19 14:45:31,7649
INFY ,2020-04-19 15:45:41,7649
INFY ,2020-04-19 16:45:43,7649
INFY ,2020-04-19 17:46:02,7649
INFY ,2020-04-19 18:45:40,7649
INFY ,2020-04-19 19:45:36,7649
INFY ,2020-04-19 20:45:31,7649
INFY ,2020-04-19 21:46:04,7649
INFY ,2020-04-19 22:45:57,7649
INFY ,2020-04-19 23:45:49,7649
INFY ,2020-04-20 00:46:04,7649
INFY ,2020-04-20 01:45:57,7649
INFY ,2020-04-20 02:46:07,7649
INFY ,2020-04-20 03:46:07,7649
INFY ,2020-04-20 04:45:58,7649
INFY ,2020-04-20 05:46:07,7649
INFY ,2020-04-20 06:45:54,7649
INFY ,2020-04-20 07:45:37,7649
INFY ,2020-04-20 08:45:35,7649
INFY ,2020-04-20 09:45:37,7649
INFY ,2020-04-20 10:45:36,7649
INFY ,2020-04-20 11:45:36,7649
INFY ,2020-04-20 12:45:37,7649
INFY ,2020-04-20 13:45:35,7654
INFY ,2020-04-20 14:46:00,7758
INFY ,2020-04-20 15:45:41,7768
INFY ,2020-04-20 16:45:47,7779
INFY ,2020-04-20 17:45:43,7784
INFY ,2020-04-20 18:45:53,7788
INFY ,2020-04-20 20:46:26,7803
INFY ,2020-04-20 21:46:19,7801
INFY ,2020-04-20 22:46:32,7806
INFY ,2020-04-20 23:45:55,7806
INFY ,2020-04-21 00:46:02,7806
INFY ,2020-04-21 01:45:56,7806
INFY ,2020-04-21 02:45:54,7806
INFY ,2020-04-21 03:47:20,7806
INFY ,2020-04-21 04:47:39,7806
INFY ,2020-04-21 05:47:39,7806
INFY ,2020-04-21 06:45:55,7806
INFY ,2020-04-21 07:45:47,7803
INFY ,2020-04-21 08:45:43,7803
INFY ,2020-04-21 09:45:40,7803
INFY ,2020-04-21 10:45:39,7803
INFY ,2020-04-21 11:45:38,7803
INFY ,2020-04-21 12:45:39,7803
INFY ,2020-04-21 13:46:00,7806
INFY ,2020-04-21 14:45:55,7813
INFY ,2020-04-21 15:45:30,7813
INFY ,2020-04-21 16:45:30,7811
INFY ,2020-04-21 17:45:53,7813
INFY ,2020-04-21 18:45:31,7810
INFY ,2020-04-21 19:45:37,7811
INFY ,2020-04-21 20:45:59,7817
INFY ,2020-04-21 21:46:03,7817
INFY ,2020-04-21 22:46:01,7818
INFY ,2020-04-21 23:45:35,7818
INFY ,2020-04-22 00:45:50,7818
INFY ,2020-04-22 01:45:58,7818
INFY ,2020-04-22 02:45:59,7818
INFY ,2020-04-22 03:45:48,7818
INFY ,2020-04-22 04:45:35,7818
INFY ,2020-04-22 05:45:37,7818
INFY ,2020-04-22 06:45:50,7818
INFY ,2020-04-22 07:45:45,7818
INFY ,2020-04-22 08:45:33,7818
INFY ,2020-04-22 09:45:42,7818
INFY ,2020-04-22 10:46:04,7818
INFY ,2020-04-22 11:45:32,7818
INFY ,2020-04-22 12:45:38,7818
INFY ,2020-04-22 13:45:30,7817
INFY ,2020-04-22 14:45:42,7816
INFY ,2020-04-22 15:45:35,7821
INFY ,2020-04-22 16:45:57,7820
INFY ,2020-04-22 17:46:05,7816
INFY ,2020-04-22 18:45:51,7815
INFY ,2020-04-22 19:45:36,7818
INFY ,2020-04-22 20:45:37,7810
INFY ,2020-04-22 21:45:54,7809
INFY ,2020-04-22 22:45:44,7809
INFY ,2020-04-22 23:45:52,7809
INFY ,2020-04-23 00:45:36,7809
INFY ,2020-04-23 01:45:50,7809
INFY ,2020-04-23 02:45:56,7809
INFY ,2020-04-23 03:45:56,7809
INFY ,2020-04-23 04:45:52,7809
INFY ,2020-04-23 05:45:32,7809
INFY ,2020-04-23 06:45:38,7809
INFY ,2020-04-23 07:45:43,7809
INFY ,2020-04-23 08:45:38,7809
INFY ,2020-04-23 09:45:30,7809
INFY ,2020-04-23 10:45:37,7809
INFY ,2020-04-23 11:45:51,7809
INFY ,2020-04-23 12:45:32,7809
INFY ,2020-04-23 13:45:33,7808
INFY ,2020-04-23 14:45:35,7799
INFY ,2020-04-23 15:45:39,7792
INFY ,2020-04-23 16:45:53,7786
INFY ,2020-04-23 17:45:34,7778
INFY ,2020-04-23 18:45:43,7775
INFY ,2020-04-23 19:45:33,7776
INFY ,2020-04-23 20:45:59,7776
INFY ,2020-04-23 21:45:43,7777
INFY ,2020-04-23 22:45:37,7778
INFY ,2020-04-23 23:45:42,7778
INFY ,2020-04-24 00:45:52,7778
INFY ,2020-04-24 01:46:19,7778
INFY ,2020-04-24 02:45:31,7778
INFY ,2020-04-24 03:45:59,7778
INFY ,2020-04-24 04:45:44,7778
INFY ,2020-04-24 05:45:35,7776
INFY ,2020-04-24 06:45:36,7776
INFY ,2020-04-24 07:45:31,7776
INFY ,2020-04-24 08:45:48,7776
INFY ,2020-04-24 09:45:37,7776
INFY ,2020-04-24 10:45:36,7776
INFY ,2020-04-24 11:45:31,7776
INFY ,2020-04-24 13:11:03,7778
INFY ,2020-04-24 13:46:04,7778
INFY ,2020-04-24 14:45:45,7795
INFY ,2020-04-24 15:45:37,7802
INFY ,2020-04-24 16:45:37,7796
INFY ,2020-04-24 17:45:41,7802
INFY ,2020-04-24 18:45:46,7799
INFY ,2020-04-24 19:45:38,7800
INFY ,2020-04-24 20:45:44,7800
INFY ,2020-04-24 21:46:02,7801
INFY ,2020-04-24 22:46:05,7801
INFY ,2020-04-24 23:45:45,7801
INFY ,2020-04-25 00:46:06,7801
INFY ,2020-04-25 01:46:02,7801
INFY ,2020-04-25 02:45:57,7801
INFY ,2020-04-25 03:45:54,7801
INFY ,2020-04-25 04:45:59,7801
INFY ,2020-04-25 05:46:07,7801
INFY ,2020-04-25 06:45:46,7801
INFY ,2020-04-25 07:45:39,7801
INFY ,2020-04-25 08:45:46,7801
INFY ,2020-04-25 09:45:42,7801
INFY ,2020-04-25 10:45:35,7801
INFY ,2020-04-25 11:45:41,7801
INFY ,2020-04-25 12:45:38,7801
INFY ,2020-04-25 13:45:51,7801
INFY ,2020-04-25 14:45:42,7801
INFY ,2020-04-25 15:45:46,7801
INFY ,2020-04-25 16:45:49,7801
INFY ,2020-04-25 17:45:46,7801
INFY ,2020-04-25 18:45:38,7801
INFY ,2020-04-25 19:45:46,7801
INFY ,2020-04-25 20:45:40,7801
INFY ,2020-04-25 21:45:38,7801
INFY ,2020-04-25 22:45:44,7801
INFY ,2020-04-25 23:45:49,7801
INFY ,2020-04-26 00:45:41,7801
INFY ,2020-04-26 01:45:54,7801
INFY ,2020-04-26 02:45:54,7801
INFY ,2020-04-26 03:46:00,7801
INFY ,2020-04-26 04:45:36,7801
INFY ,2020-04-26 05:46:09,7801
INFY ,2020-04-26 06:45:47,7801
INFY ,2020-04-26 07:45:43,7801
INFY ,2020-04-26 08:45:40,7801
INFY ,2020-04-26 09:45:41,7801
INFY ,2020-04-26 10:45:35,7801
INFY ,2020-04-26 11:45:45,7801
INFY ,2020-04-26 12:45:40,7801
INFY ,2020-04-26 13:45:33,7801
INFY ,2020-04-26 14:45:38,7801
INFY ,2020-04-26 15:45:44,7801
INFY ,2020-04-26 16:45:42,7801
INFY ,2020-04-26 17:45:40,7801
INFY ,2020-04-26 18:45:40,7801
INFY ,2020-04-26 19:45:35,7801
INFY ,2020-04-26 20:45:37,7801
INFY ,2020-04-26 21:45:39,7801
INFY ,2020-04-26 22:45:54,7801
INFY ,2020-04-26 23:46:08,7801
INFY ,2020-04-27 00:46:07,7801
INFY ,2020-04-27 01:46:06,7801
INFY ,2020-04-27 02:45:59,7801
INFY ,2020-04-27 03:46:00,7801
INFY ,2020-04-27 04:46:04,7801
INFY ,2020-04-27 05:45:47,7801
INFY ,2020-04-27 06:45:44,7801
INFY ,2020-04-27 07:45:37,7801
INFY ,2020-04-27 08:45:45,7801
INFY ,2020-04-27 09:45:45,7801
INFY ,2020-04-27 10:45:45,7801
INFY ,2020-04-27 11:45:31,7801
INFY ,2020-04-27 12:45:39,7801
INFY ,2020-04-27 13:46:08,7801
INFY ,2020-04-27 14:45:48,7811
INFY ,2020-04-27 15:45:42,7806
INFY ,2020-04-27 16:45:32,7800
INFY ,2020-04-27 17:45:41,7805
INFY ,2020-04-27 18:45:38,7806
INFY ,2020-04-27 19:45:38,7806
INFY ,2020-04-27 20:45:39,7800
INFY ,2020-04-27 21:45:53,7800
INFY ,2020-04-27 22:45:39,7800
INFY ,2020-04-27 23:45:56,7800
INFY ,2020-04-28 00:46:25,7800
INFY ,2020-04-28 01:45:45,7800
INFY ,2020-04-28 02:46:09,7800
INFY ,2020-04-28 03:46:03,7800
INFY ,2020-04-28 04:46:01,7800
INFY ,2020-04-28 05:45:40,7799
INFY ,2020-04-28 06:45:39,7799
INFY ,2020-04-28 07:46:07,7799
INFY ,2020-04-28 08:46:00,7799
INFY ,2020-04-28 09:45:44,7799
INFY ,2020-04-28 10:45:32,7799
INFY ,2020-04-28 11:45:43,7799
INFY ,2020-04-28 12:45:45,7799
INFY ,2020-04-28 13:45:41,7799
INFY ,2020-04-28 14:46:08,7822
INFY ,2020-04-28 15:46:00,7822
INFY ,2020-04-28 16:45:36,7833
INFY ,2020-04-28 17:45:43,7837
INFY ,2020-04-28 18:45:41,7839
INFY ,2020-04-28 19:45:38,7839
INFY ,2020-04-28 20:45:40,7849
INFY ,2020-04-28 21:45:45,7850
INFY ,2020-04-28 22:45:34,7849
INFY ,2020-04-28 23:45:36,7849
INFY ,2020-04-29 00:46:10,7849
INFY ,2020-04-29 01:46:13,7849
INFY ,2020-04-29 02:46:03,7849
INFY ,2020-04-29 03:45:38,7849
INFY ,2020-04-29 04:45:46,7849
INFY ,2020-04-29 05:45:35,7849
INFY ,2020-04-29 06:45:45,7849
INFY ,2020-04-29 07:45:44,7849
INFY ,2020-04-29 08:45:39,7849
INFY ,2020-04-29 09:45:56,7849
INFY ,2020-04-29 10:45:44,7849
INFY ,2020-04-29 11:45:31,7849
INFY ,2020-04-29 13:08:57,7847
INFY ,2020-04-29 13:45:45,7847
INFY ,2020-04-29 14:45:36,7833
INFY ,2020-04-29 15:45:33,7799
INFY ,2020-04-29 16:45:45,7797
INFY ,2020-04-29 17:45:45,7785
INFY ,2020-04-29 18:46:07,7782
INFY ,2020-04-29 19:46:07,7782
INFY ,2020-04-29 20:45:40,7783
INFY ,2020-04-29 21:46:08,7780
INFY ,2020-04-29 22:46:06,7779
INFY ,2020-04-29 23:45:51,7779
INFY ,2020-04-30 00:46:06,7779
INFY ,2020-04-30 01:46:07,7779
INFY ,2020-04-30 02:46:32,7779
INFY ,2020-04-30 03:46:25,7779
INFY ,2020-04-30 04:45:56,7779
INFY ,2020-04-30 05:45:52,7779
INFY ,2020-04-30 06:45:43,7779
INFY ,2020-04-30 07:45:42,7779
INFY ,2020-04-30 08:45:45,7779
INFY ,2020-04-30 09:45:40,7779
INFY ,2020-04-30 10:45:32,7779
INFY ,2020-04-30 11:45:56,7779
INFY ,2020-04-30 12:45:37,7779
INFY ,2020-04-30 13:45:39,7779
INFY ,2020-04-30 14:45:57,7815
INFY ,2020-04-30 15:45:42,7816
INFY ,2020-04-30 16:45:38,7828
INFY ,2020-04-30 17:49:05,7829
INFY ,2020-04-30 18:45:51,7828
INFY ,2020-04-30 20:45:41,7837
INFY ,2020-04-30 21:45:44,7835
INFY ,2020-04-30 22:45:47,7837
INFY ,2020-04-30 23:45:43,7837
INFY ,2020-05-01 00:46:06,7837
INFY ,2020-05-01 01:46:04,7837
INFY ,2020-05-01 02:45:42,7837
INFY ,2020-05-01 03:45:36,7837
INFY ,2020-05-01 04:45:45,7837
INFY ,2020-05-01 05:45:50,7835
INFY ,2020-05-01 06:45:45,7835
INFY ,2020-05-01 07:45:47,7835
INFY ,2020-05-01 08:45:41,7835
INFY ,2020-05-01 09:45:43,7835
INFY ,2020-05-01 10:45:37,7835
INFY ,2020-05-01 11:45:39,7835
INFY ,2020-05-01 13:10:00,7837
INFY ,2020-05-01 13:46:12,7837
INFY ,2020-05-01 14:45:37,7843
INFY ,2020-05-01 15:45:37,7835
INFY ,2020-05-01 16:45:38,7831
INFY ,2020-05-01 17:45:39,7826
INFY ,2020-05-01 18:45:37,7833
INFY ,2020-05-01 19:45:46,7838
INFY ,2020-05-01 20:45:33,7841
INFY ,2020-05-01 21:46:05,7841
INFY ,2020-05-01 22:45:38,7841
INFY ,2020-05-01 23:45:38,7841
INFY ,2020-05-02 00:45:39,7841
INFY ,2020-05-02 01:45:59,7841
INFY ,2020-05-02 02:45:53,7841
INFY ,2020-05-02 03:45:53,7841
INFY ,2020-05-02 04:45:41,7841
INFY ,2020-05-02 05:45:54,7840
INFY ,2020-05-02 06:45:43,7840
INFY ,2020-05-02 07:45:50,7840
INFY ,2020-05-02 08:45:45,7840
INFY ,2020-05-02 09:45:41,7840
INFY ,2020-05-02 10:45:35,7840
INFY ,2020-05-02 11:45:42,7840
INFY ,2020-05-02 12:45:34,7840
INFY ,2020-05-02 13:45:44,7840
INFY ,2020-05-02 14:45:45,7840
INFY ,2020-05-02 15:45:48,7840
INFY ,2020-05-02 16:45:44,7840
INFY ,2020-05-02 17:45:41,7840
INFY ,2020-05-02 18:45:56,7840
INFY ,2020-05-02 19:45:45,7840
INFY ,2020-05-02 20:45:46,7840
INFY ,2020-05-02 21:45:43,7840
INFY ,2020-05-02 22:45:34,7840
INFY ,2020-05-02 23:46:00,7840
INFY ,2020-05-03 00:45:42,7840
INFY ,2020-05-03 01:46:03,7840
INFY ,2020-05-03 02:45:59,7840
INFY ,2020-05-03 03:45:59,7840
INFY ,2020-05-03 04:45:51,7840
INFY ,2020-05-03 05:45:40,7840
INFY ,2020-05-03 06:45:39,7840
INFY ,2020-05-03 07:45:47,7840
INFY ,2020-05-03 08:45:44,7840
INFY ,2020-05-03 09:46:10,7840
INFY ,2020-05-03 10:45:44,7840
INFY ,2020-05-03 11:45:43,7840
INFY ,2020-05-03 12:45:40,7840
INFY ,2020-05-03 13:45:42,7840
INFY ,2020-05-03 14:45:48,7840
INFY ,2020-05-03 15:45:45,7840
INFY ,2020-05-03 16:46:02,7840
INFY ,2020-05-03 17:46:07,7840
INFY ,2020-05-03 18:45:37,7840
INFY ,2020-05-03 19:46:25,7840
INFY ,2020-05-03 20:46:04,7840
INFY ,2020-05-03 21:45:57,7840
INFY ,2020-05-03 22:46:03,7840
INFY ,2020-05-03 23:46:05,7840
INFY ,2020-05-04 00:46:02,7840
INFY ,2020-05-04 01:46:04,7840
INFY ,2020-05-04 02:46:03,7840
INFY ,2020-05-04 03:46:04,7840
INFY ,2020-05-04 04:45:40,7840
INFY ,2020-05-04 05:45:43,7840
INFY ,2020-05-04 06:45:48,7840
INFY ,2020-05-04 09:31:44,7840
INFY ,2020-05-04 10:50:04,7840
INFY ,2020-05-04 10:57:50,7840
INFY ,2020-05-04 11:05:25,7840
INFY ,2020-05-04 11:45:52,7840
INFY ,2020-05-04 13:09:04,7842
INFY ,2020-05-04 13:45:42,7842
INFY ,2020-05-04 14:45:48,7842
INFY ,2020-05-04 15:45:43,7904
INFY ,2020-05-04 16:45:43,7907
INFY ,2020-05-04 17:45:41,7907
INFY ,2020-05-04 18:46:08,7913
INFY ,2020-05-04 19:46:03,7918
INFY ,2020-05-04 20:46:00,7919
INFY ,2020-05-04 21:46:02,7918
INFY ,2020-05-04 22:45:37,7918
INFY ,2020-05-04 23:45:41,7918
INFY ,2020-05-05 00:45:37,7918
INFY ,2020-05-05 01:45:56,7918
INFY ,2020-05-05 02:45:35,7918
INFY ,2020-05-05 03:46:06,7918
INFY ,2020-05-05 04:45:41,7918
INFY ,2020-05-05 05:45:42,7918
INFY ,2020-05-05 06:45:44,7918
INFY ,2020-05-05 07:45:51,7918
INFY ,2020-05-05 08:46:04,7918
INFY ,2020-05-05 09:45:35,7918
INFY ,2020-05-05 10:45:36,7918
INFY ,2020-05-05 11:46:03,7918
INFY ,2020-05-05 12:45:47,7918
INFY ,2020-05-05 13:45:44,7918
INFY ,2020-05-05 14:45:43,7927
INFY ,2020-05-05 15:45:40,7927
INFY ,2020-05-05 16:45:47,7928
INFY ,2020-05-05 17:45:40,7933
INFY ,2020-05-05 18:45:37,7940
INFY ,2020-05-05 19:46:07,7940
INFY ,2020-05-05 20:45:47,7949
INFY ,2020-05-05 21:45:32,7951
INFY ,2020-05-05 22:45:34,7949
INFY ,2020-05-05 23:46:04,7949
INFY ,2020-05-06 00:45:45,7949
INFY ,2020-05-06 01:45:47,7949
INFY ,2020-05-06 02:45:39,7949
INFY ,2020-05-06 03:45:33,7949
INFY ,2020-05-06 04:45:45,7949
INFY ,2020-05-06 05:45:43,7949
INFY ,2020-05-06 06:45:34,7949
INFY ,2020-05-06 17:46:02,7951
INFY ,2020-05-06 18:46:12,7953
INFY ,2020-05-06 19:45:38,7952
INFY ,2020-05-06 20:45:56,7957
INFY ,2020-05-06 21:46:03,7957
INFY ,2020-05-06 22:46:06,7956
INFY ,2020-05-06 23:46:09,7956
INFY ,2020-05-07 00:45:48,7956
INFY ,2020-05-07 01:45:48,7956
INFY ,2020-05-07 02:45:32,7956
INFY ,2020-05-07 03:45:44,7956
INFY ,2020-05-07 04:45:48,7956
INFY ,2020-05-07 05:45:37,7956
INFY ,2020-05-07 06:45:44,7956
INFY ,2020-05-07 08:45:47,7956
INFY ,2020-05-07 09:45:41,7956
INFY ,2020-05-07 10:45:58,7956
INFY ,2020-05-07 11:45:47,7956
INFY ,2020-05-07 12:45:45,7956
INFY ,2020-05-07 13:45:53,7955
INFY ,2020-05-07 14:45:59,7955
INFY ,2020-05-07 15:45:40,7957
INFY ,2020-05-07 16:45:48,7955
INFY ,2020-05-07 17:45:40,7954
INFY ,2020-05-07 18:45:35,7955
INFY ,2020-05-07 19:46:14,7956
INFY ,2020-05-07 20:45:35,7958
INFY ,2020-05-07 21:45:33,7959
INFY ,2020-05-07 22:45:33,7955
INFY ,2020-05-07 23:45:46,7955
INFY ,2020-05-08 00:45:40,7955
INFY ,2020-05-08 01:45:33,7955
INFY ,2020-05-08 02:45:38,7955
INFY ,2020-05-08 03:45:45,7955
INFY ,2020-05-08 04:45:35,7955
INFY ,2020-05-08 05:45:36,7955
INFY ,2020-05-08 06:45:37,7955
INFY ,2020-05-08 07:45:42,7955
INFY ,2020-05-08 08:45:50,7955
INFY ,2020-05-08 09:45:43,7955
INFY ,2020-05-08 10:45:40,7955
INFY ,2020-05-08 11:45:45,7955
INFY ,2020-05-08 13:09:01,7955
INFY ,2020-05-08 13:45:50,7955
INFY ,2020-05-08 14:45:43,7977
INFY ,2020-05-08 15:45:45,7980
INFY ,2020-05-08 16:46:03,7990
INFY ,2020-05-08 17:46:02,7987
INFY ,2020-05-08 18:45:48,7978
INFY ,2020-05-08 19:45:38,7976
INFY ,2020-05-08 20:45:46,7970
INFY ,2020-05-08 21:45:42,7971
INFY ,2020-05-08 22:45:48,7971
INFY ,2020-05-08 23:45:43,7971
INFY ,2020-05-09 00:45:39,7971
INFY ,2020-05-09 01:45:55,7971
INFY ,2020-05-09 02:45:43,7971
INFY ,2020-05-09 03:46:10,7971
INFY ,2020-05-09 04:45:40,7971
INFY ,2020-05-09 05:45:46,7971
INFY ,2020-05-09 06:45:51,7971
INFY ,2020-05-09 07:45:38,7971
INFY ,2020-05-09 08:45:52,7971
INFY ,2020-05-09 09:45:43,7971
INFY ,2020-05-09 10:45:43,7971
INFY ,2020-05-09 11:45:36,7971
INFY ,2020-05-09 12:45:38,7971
INFY ,2020-05-09 13:45:41,7971
INFY ,2020-05-09 14:45:37,7971
INFY ,2020-05-09 15:45:42,7971
INFY ,2020-05-09 16:45:36,7971
INFY ,2020-05-09 17:45:44,7971
INFY ,2020-05-09 18:45:45,7971
INFY ,2020-05-09 19:45:41,7971
INFY ,2020-05-09 20:45:37,7971
INFY ,2020-05-09 21:45:49,7971
INFY ,2020-05-09 22:45:45,7971
INFY ,2020-05-09 23:45:40,7971
INFY ,2020-05-10 00:46:01,7971
INFY ,2020-05-10 01:45:41,7971
INFY ,2020-05-10 02:46:08,7971
INFY ,2020-05-10 03:45:49,7971
INFY ,2020-05-10 04:45:50,7971
INFY ,2020-05-10 05:45:55,7971
INFY ,2020-05-10 06:45:43,7971
INFY ,2020-05-10 07:45:51,7971
INFY ,2020-05-10 08:45:45,7971
INFY ,2020-05-10 09:45:48,7971
INFY ,2020-05-10 10:45:47,7971
INFY ,2020-05-10 11:45:50,7971
INFY ,2020-05-10 12:45:42,7971
INFY ,2020-05-10 13:45:48,7971
INFY ,2020-05-10 14:45:37,7971
INFY ,2020-05-10 15:45:44,7971
INFY ,2020-05-10 16:45:42,7971
INFY ,2020-05-10 17:45:40,7971
INFY ,2020-05-10 18:45:46,7971
INFY ,2020-05-10 19:45:42,7971
INFY ,2020-05-10 20:45:52,7971
INFY ,2020-05-10 21:45:44,7971
INFY ,2020-05-10 22:45:44,7971
INFY ,2020-05-10 23:45:46,7971
INFY ,2020-05-11 00:45:46,7971
INFY ,2020-05-11 01:45:37,7971
INFY ,2020-05-11 02:45:45,7971
INFY ,2020-05-11 03:46:11,7971
INFY ,2020-05-11 04:45:43,7971
INFY ,2020-05-11 05:45:42,7971
INFY ,2020-05-11 06:45:44,7971
INFY ,2020-05-11 07:45:50,7971
INFY ,2020-05-11 08:45:55,7971
INFY ,2020-05-11 09:46:29,7971
INFY ,2020-05-11 10:45:41,7971
INFY ,2020-05-11 11:45:35,7971
INFY ,2020-05-11 13:08:00,7973
INFY ,2020-05-11 13:45:53,7973
INFY ,2020-05-11 14:45:48,8013
INFY ,2020-05-11 15:46:06,8023
INFY ,2020-05-11 16:45:47,8023
INFY ,2020-05-11 17:45:49,8024
INFY ,2020-05-11 18:45:46,8027
INFY ,2020-05-11 19:45:39,8031
INFY ,2020-05-11 20:45:41,8023
INFY ,2020-05-11 21:45:42,8020
INFY ,2020-05-11 22:45:33,8020
INFY ,2020-05-11 23:45:50,8020
INFY ,2020-05-12 00:45:45,8020
INFY ,2020-05-12 01:45:45,8020
INFY ,2020-05-12 02:45:40,8020
INFY ,2020-05-12 03:45:36,8020
INFY ,2020-05-12 04:45:41,8018
INFY ,2020-05-12 05:45:39,8018
INFY ,2020-05-12 06:45:50,8018
INFY ,2020-05-12 07:45:40,8018
INFY ,2020-05-12 08:45:41,8018
INFY ,2020-05-12 09:47:00,8018
INFY ,2020-05-12 10:45:47,8018
INFY ,2020-05-12 11:45:36,8018
INFY ,2020-05-12 13:14:00,8017
INFY ,2020-05-12 17:45:36,8006
INFY ,2020-05-12 18:45:37,8006
INFY ,2020-05-12 19:45:57,8015
INFY ,2020-05-12 20:46:05,8025
INFY ,2020-05-12 21:45:54,8028
INFY ,2020-05-12 22:45:34,8031
INFY ,2020-05-12 23:45:36,8031
INFY ,2020-05-13 00:45:58,8031
INFY ,2020-05-13 01:46:01,8031
INFY ,2020-05-13 02:46:02,8031
INFY ,2020-05-13 03:46:04,8031
INFY ,2020-05-13 06:45:40,8031
INFY ,2020-05-13 07:46:01,8031
INFY ,2020-05-13 08:45:54,8031
INFY ,2020-05-13 09:45:34,8031
INFY ,2020-05-13 10:45:37,8031
INFY ,2020-05-13 11:45:35,8031
INFY ,2020-05-13 12:45:36,8031
INFY ,2020-05-13 13:45:36,8030
INFY ,2020-05-13 14:45:36,8047
INFY ,2020-05-13 15:45:42,8048
INFY ,2020-05-13 16:45:59,8048
INFY ,2020-05-13 17:45:38,8057
INFY ,2020-05-13 18:45:53,8067
INFY ,2020-05-13 19:45:39,8088
INFY ,2020-05-13 20:45:38,8108
INFY ,2020-05-13 21:45:36,8108
INFY ,2020-05-13 22:45:41,8108
INFY ,2020-05-13 23:45:45,8108
INFY ,2020-05-14 00:45:42,8108
INFY ,2020-05-14 01:45:43,8108
INFY ,2020-05-14 02:45:37,8108
INFY ,2020-05-14 03:45:43,8108
INFY ,2020-05-14 04:45:38,8106
INFY ,2020-05-14 05:45:43,8106
INFY ,2020-05-14 06:45:49,8106
INFY ,2020-05-14 07:45:40,8106
INFY ,2020-05-14 08:45:49,8106
INFY ,2020-05-14 09:45:36,8106
INFY ,2020-05-14 10:45:43,8106
INFY ,2020-05-14 11:45:47,8106
INFY ,2020-05-14 12:45:43,8106
INFY ,2020-05-14 13:45:48,8107
INFY ,2020-05-14 14:45:45,8103
INFY ,2020-05-14 15:45:41,8108
INFY ,2020-05-14 16:45:34,8108
INFY ,2020-05-14 17:45:37,8118
INFY ,2020-05-14 18:45:52,8120
INFY ,2020-05-14 19:45:51,8122
INFY ,2020-05-14 20:45:37,8132
INFY ,2020-05-14 21:45:41,8132
INFY ,2020-05-14 22:45:59,8132
INFY ,2020-05-14 23:45:46,8132
INFY ,2020-05-15 00:45:58,8132
INFY ,2020-05-15 01:46:04,8132
INFY ,2020-05-15 02:46:02,8132
INFY ,2020-05-15 03:46:01,8131
INFY ,2020-05-15 04:46:02,8131
INFY ,2020-05-15 05:45:42,8131
INFY ,2020-05-15 06:45:58,8131
INFY ,2020-05-15 07:45:36,8131
INFY ,2020-05-15 08:45:45,8131
INFY ,2020-05-15 09:45:52,8131
INFY ,2020-05-15 10:45:36,8131
INFY ,2020-05-15 11:45:40,8131
INFY ,2020-05-15 12:45:39,8131
INFY ,2020-05-15 13:45:44,8131
INFY ,2020-05-15 14:45:35,8145
INFY ,2020-05-15 15:45:41,8142
INFY ,2020-05-15 16:45:35,8144
INFY ,2020-05-15 17:45:55,8145
INFY ,2020-05-15 18:45:36,8149
INFY ,2020-05-15 19:45:46,8152
INFY ,2020-05-15 20:45:41,8158
INFY ,2020-05-15 21:45:42,8157
INFY ,2020-05-15 22:45:35,8157
INFY ,2020-05-15 23:45:33,8157
INFY ,2020-05-16 00:45:55,8157
INFY ,2020-05-16 01:45:57,8157
INFY ,2020-05-16 02:46:05,8157
INFY ,2020-05-16 03:45:49,8157
INFY ,2020-05-16 04:45:40,8157
INFY ,2020-05-16 05:45:39,8157
INFY ,2020-05-16 06:46:04,8157
INFY ,2020-05-16 07:46:02,8157
INFY ,2020-05-16 08:45:39,8157
INFY ,2020-05-16 09:45:48,8157
INFY ,2020-05-16 10:45:37,8157
INFY ,2020-05-16 11:45:34,8157
INFY ,2020-05-16 12:45:44,8157
INFY ,2020-05-16 13:45:40,8157
INFY ,2020-05-16 14:45:35,8157
INFY ,2020-05-16 15:45:45,8157
INFY ,2020-05-16 16:45:40,8157
INFY ,2020-05-16 17:45:37,8157
INFY ,2020-05-16 18:45:41,8157
INFY ,2020-05-16 19:45:37,8157
INFY ,2020-05-16 20:45:43,8157
INFY ,2020-05-16 21:45:41,8157
INFY ,2020-05-16 22:45:45,8157
INFY ,2020-05-16 23:45:43,8157
INFY ,2020-05-17 00:45:45,8157
INFY ,2020-05-17 01:45:47,8157
INFY ,2020-05-18 09:15:41,8157
INFY ,2020-05-18 09:16:50,8157
INFY ,2020-05-18 09:20:46,8157
INFY ,2020-05-18 09:20:53,8157
INFY ,2020-05-18 09:21:02,8157
INFY ,2020-05-18 09:21:17,8157
INFY ,2020-05-18 09:22:19,8157
INFY ,2020-05-18 09:22:36,8157
INFY ,2020-05-18 09:23:00,8157
INFY ,2020-05-18 09:24:04,8157
INFY ,2020-05-18 09:24:24,8157
INFY ,2020-05-18 09:25:53,8157
INFY ,2020-05-18 09:26:02,8157
INFY ,2020-05-18 09:26:13,8157
INFY ,2020-05-18 09:26:22,8157
INFY ,2020-05-18 09:33:45,8157
INFY ,2020-05-18 09:34:38,8157
INFY ,2020-05-18 10:06:49,8157
INFY ,2020-05-18 10:10:14,8157
INFY ,2020-05-18 10:22:55,8157
INFY ,2020-05-18 10:57:49,8157
INFY ,2020-05-18 10:58:04,8157
INFY ,2020-05-18 11:03:01,8157
INFY ,2020-05-18 11:07:49,8157
INFY ,2020-05-18 11:10:52,8157
INFY ,2020-05-18 11:16:29,8157
INFY ,2020-05-18 11:18:12,8157
INFY ,2020-05-18 11:23:19,8157
INFY ,2020-05-18 11:27:29,8157
INFY ,2020-05-18 11:29:08,8157
INFY ,2020-05-18 11:45:41,8157
INFY ,2020-05-18 11:53:18,8157
INFY ,2020-05-18 12:00:54,8157
INFY ,2020-05-18 12:08:32,8157
INFY ,2020-05-18 13:08:30,8157
INFY ,2020-05-18 13:45:50,8157
INFY ,2020-05-18 14:45:41,8186
INFY ,2020-05-18 15:46:09,8186
INFY ,2020-05-18 16:46:17,8184
INFY ,2020-05-18 17:45:40,8186
INFY ,2020-05-18 18:46:01,8183
INFY ,2020-05-18 19:45:57,8179
INFY ,2020-05-18 20:45:45,8166
INFY ,2020-05-18 21:46:04,8166
INFY ,2020-05-18 22:46:06,8166
INFY ,2020-05-18 23:46:10,8166
INFY ,2020-05-19 01:45:38,8166
INFY ,2020-05-19 02:45:49,8166
INFY ,2020-05-19 03:45:46,8166
INFY ,2020-05-19 04:45:47,8165
INFY ,2020-05-19 05:45:47,8165
INFY ,2020-05-19 06:45:47,8165
INFY ,2020-05-19 07:45:49,8165
INFY ,2020-05-19 08:45:57,8165
INFY ,2020-05-19 09:46:18,8165
INFY ,2020-05-19 10:45:46,8165
INFY ,2020-05-19 11:46:03,8165
INFY ,2020-05-19 13:09:02,8167
INFY ,2020-05-19 13:45:46,8167
INFY ,2020-05-19 14:45:42,8192
INFY ,2020-05-19 15:45:39,8209
INFY ,2020-05-19 16:45:48,8218
INFY ,2020-05-19 17:45:38,8220
INFY ,2020-05-19 18:45:46,8266
INFY ,2020-05-19 19:45:43,8276
INFY ,2020-05-19 20:45:48,8287
INFY ,2020-05-19 21:45:49,8286
INFY ,2020-05-19 22:46:08,8286
INFY ,2020-05-19 23:45:43,8286
INFY ,2020-05-20 00:46:07,8286
INFY ,2020-05-20 01:46:13,8286
INFY ,2020-05-20 02:46:05,8286
INFY ,2020-05-20 03:46:06,8286
INFY ,2020-05-20 04:45:52,8286
INFY ,2020-05-20 05:45:46,8286
INFY ,2020-05-20 06:45:42,8286
INFY ,2020-05-20 07:45:56,8286
INFY ,2020-05-20 08:45:42,8286
INFY ,2020-05-20 09:45:49,8286
INFY ,2020-05-20 10:45:40,8286
INFY ,2020-05-20 11:45:43,8286
INFY ,2020-05-20 12:45:39,8286
INFY ,2020-05-20 13:45:49,8286
INFY ,2020-05-20 14:45:44,8287
INFY ,2020-05-20 15:46:06,8277
INFY ,2020-05-20 16:45:42,8272
INFY ,2020-05-20 17:46:06,8265
INFY ,2020-05-20 18:45:47,8269
INFY ,2020-05-20 19:45:46,8266
INFY ,2020-05-20 20:45:39,8276
INFY ,2020-05-20 21:45:48,8277
INFY ,2020-05-20 22:45:35,8278
INFY ,2020-05-20 23:45:43,8278
INFY ,2020-05-21 00:46:05,8278
INFY ,2020-05-21 01:45:39,8278
INFY ,2020-05-21 02:45:46,8278
INFY ,2020-05-21 03:45:46,8278
INFY ,2020-05-21 04:45:41,8278
INFY ,2020-05-21 05:45:43,8278
INFY ,2020-05-21 06:45:49,8278
INFY ,2020-05-21 07:45:41,8278
INFY ,2020-05-21 08:45:49,8278
INFY ,2020-05-21 09:45:40,8278
INFY ,2020-05-21 10:45:44,8278
INFY ,2020-05-21 11:45:48,8278
INFY ,2020-05-21 12:45:43,8278
INFY ,2020-05-21 13:45:48,8278
INFY ,2020-05-21 14:45:39,8291
INFY ,2020-05-21 15:45:40,8282
INFY ,2020-05-21 16:45:56,8276
INFY ,2020-05-21 17:45:50,8273
INFY ,2020-05-21 18:45:46,8272
INFY ,2020-05-21 19:45:41,8270
INFY ,2020-05-21 20:45:46,8272
INFY ,2020-05-21 21:45:48,8273
INFY ,2020-05-21 22:45:50,8274
INFY ,2020-05-21 23:46:08,8274
INFY ,2020-05-22 00:46:58,8274
INFY ,2020-05-22 01:45:47,8274
INFY ,2020-05-22 02:45:50,8274
INFY ,2020-05-22 03:46:10,8274
INFY ,2020-05-22 04:45:50,8274
INFY ,2020-05-22 05:45:52,8274
INFY ,2020-05-22 06:45:43,8274
INFY ,2020-05-22 07:45:47,8274
INFY ,2020-05-22 08:45:57,8274
INFY ,2020-05-22 09:45:50,8274
INFY ,2020-05-22 10:45:44,8274
INFY ,2020-05-22 11:45:42,8274
INFY ,2020-05-22 12:45:47,8274
INFY ,2020-05-22 13:45:53,8274
INFY ,2020-05-22 14:45:42,8283
INFY ,2020-05-22 15:45:42,8286
INFY ,2020-05-22 16:45:45,8281
INFY ,2020-05-22 17:45:45,8287
INFY ,2020-05-22 18:46:04,8289
INFY ,2020-05-22 19:45:46,8287
INFY ,2020-05-22 20:45:39,8287
INFY ,2020-05-22 21:45:40,8287
INFY ,2020-05-22 22:45:44,8289
INFY ,2020-05-22 23:45:40,8289
INFY ,2020-05-23 00:45:46,8289
INFY ,2020-05-23 01:45:43,8289
INFY ,2020-05-23 02:45:56,8289
INFY ,2020-05-23 03:45:51,8289
INFY ,2020-05-23 04:46:02,8289
INFY ,2020-05-23 05:45:47,8288
INFY ,2020-05-23 06:45:58,8288
INFY ,2020-05-23 07:45:55,8288
INFY ,2020-05-23 08:45:55,8288
INFY ,2020-05-23 09:45:49,8288
INFY ,2020-05-23 10:45:45,8288
INFY ,2020-05-23 11:45:56,8288
INFY ,2020-05-23 12:45:48,8288
INFY ,2020-05-23 13:45:52,8288
INFY ,2020-05-23 14:45:48,8288
INFY ,2020-05-23 15:45:43,8288
INFY ,2020-05-23 16:45:54,8288
INFY ,2020-05-23 17:45:50,8288
INFY ,2020-05-23 18:45:58,8288
INFY ,2020-05-23 19:45:44,8288
INFY ,2020-05-23 20:45:40,8288
INFY ,2020-05-23 21:45:41,8288
INFY ,2020-05-23 22:45:46,8288
INFY ,2020-05-23 23:45:47,8288
INFY ,2020-05-24 00:45:58,8288
INFY ,2020-05-24 01:45:45,8288
INFY ,2020-05-24 02:45:42,8288
INFY ,2020-05-24 03:45:48,8288
INFY ,2020-05-24 04:45:47,8288
INFY ,2020-05-24 05:45:43,8288
INFY ,2020-05-24 06:45:44,8288
INFY ,2020-05-24 07:45:44,8288
INFY ,2020-05-24 08:45:52,8288
INFY ,2020-05-24 09:45:41,8288
INFY ,2020-05-24 10:45:54,8288
INFY ,2020-05-24 11:45:50,8288
INFY ,2020-05-24 12:45:47,8288
INFY ,2020-05-24 13:45:52,8288
INFY ,2020-05-24 14:45:50,8288
INFY ,2020-05-24 15:45:40,8288
INFY ,2020-05-24 16:45:54,8288
INFY ,2020-05-24 17:45:51,8288
INFY ,2020-05-24 18:45:54,8288
INFY ,2020-05-24 19:45:50,8288
INFY ,2020-05-24 20:45:49,8288
INFY ,2020-05-24 21:45:56,8288
INFY ,2020-05-24 22:45:53,8288
INFY ,2020-05-24 23:45:42,8288
INFY ,2020-05-25 00:45:45,8288
INFY ,2020-05-25 01:46:00,8288
INFY ,2020-05-25 02:45:50,8288
INFY ,2020-05-25 03:46:08,8288
INFY ,2020-05-25 04:45:49,8288
INFY ,2020-05-25 06:46:44,8288
INFY ,2020-05-25 07:45:51,8288
INFY ,2020-05-25 08:45:58,8288
INFY ,2020-05-25 09:45:49,8288
INFY ,2020-05-25 10:45:46,8288
INFY ,2020-05-25 11:46:03,8288
INFY ,2020-05-25 12:45:47,8288
INFY ,2020-05-25 13:45:41,8288
INFY ,2020-05-25 14:45:55,8288
INFY ,2020-05-25 15:45:45,8288
INFY ,2020-05-25 16:45:38,8288
INFY ,2020-05-25 17:45:46,8288
INFY ,2020-05-25 18:45:47,8288
INFY ,2020-05-25 19:45:51,8288
INFY ,2020-05-25 20:45:51,8288
INFY ,2020-05-25 21:45:40,8288
INFY ,2020-05-25 22:45:39,8288
INFY ,2020-05-25 23:45:41,8288
INFY ,2020-05-26 00:45:51,8288
INFY ,2020-05-26 01:45:41,8288
INFY ,2020-05-26 02:45:39,8288
INFY ,2020-05-26 03:45:52,8288
INFY ,2020-05-26 04:45:53,8288
INFY ,2020-05-26 05:45:44,8288
INFY ,2020-05-26 06:45:48,8288
INFY ,2020-05-26 07:45:50,8288
INFY ,2020-05-26 08:45:53,8288
INFY ,2020-05-26 09:45:47,8288
INFY ,2020-05-26 10:45:45,8288
INFY ,2020-05-26 11:45:51,8288
INFY ,2020-05-26 12:45:45,8288
INFY ,2020-05-26 13:45:51,8284
INFY ,2020-05-26 14:45:48,8334
INFY ,2020-05-26 15:45:45,8334
INFY ,2020-05-26 16:45:43,8380
INFY ,2020-05-26 17:45:47,8373
INFY ,2020-05-26 18:45:40,8367
INFY ,2020-05-26 19:45:44,8368
INFY ,2020-05-26 20:45:46,8366
INFY ,2020-05-26 21:46:01,8366
INFY ,2020-05-26 22:45:40,8367
INFY ,2020-05-26 23:45:43,8367
INFY ,2020-05-27 00:46:15,8367
INFY ,2020-05-27 01:45:41,8367
INFY ,2020-05-27 02:45:43,8367
INFY ,2020-05-27 03:45:46,8367
INFY ,2020-05-27 04:45:46,8367
INFY ,2020-05-27 05:45:42,8367
INFY ,2020-05-27 06:45:50,8367
INFY ,2020-05-27 07:45:49,8367
INFY ,2020-05-27 08:45:41,8367
INFY ,2020-05-27 09:45:39,8367
INFY ,2020-05-27 10:45:40,8367
INFY ,2020-05-27 11:45:37,8367
INFY ,2020-05-27 13:09:32,8361
INFY ,2020-05-27 13:45:57,8361
INFY ,2020-05-27 14:45:48,8356
INFY ,2020-05-27 15:45:40,8355
INFY ,2020-05-27 16:45:43,8327
INFY ,2020-05-27 17:45:41,8329
INFY ,2020-05-27 18:45:40,8324
INFY ,2020-05-27 19:45:50,8319
INFY ,2020-05-27 20:45:47,8322
INFY ,2020-05-27 21:45:45,8327
INFY ,2020-05-27 22:45:44,8327
INFY ,2020-05-27 23:45:42,8327
INFY ,2020-05-28 00:45:49,8327
INFY ,2020-05-28 01:45:52,8327
INFY ,2020-05-28 02:45:44,8327
INFY ,2020-05-28 03:45:43,8327
INFY ,2020-05-28 04:45:45,8327
INFY ,2020-05-28 05:45:40,8327
INFY ,2020-05-28 06:45:45,8327
INFY ,2020-05-28 07:45:55,8327
INFY ,2020-05-28 08:45:50,8327
INFY ,2020-05-28 09:45:41,8327
INFY ,2020-05-28 10:45:54,8327
INFY ,2020-05-28 11:45:56,8327
INFY ,2020-05-28 13:10:06,8327
INFY ,2020-05-28 13:45:49,8327
INFY ,2020-05-28 14:45:54,8330
INFY ,2020-05-28 15:45:48,8334
INFY ,2020-05-28 16:45:54,8334
INFY ,2020-05-28 17:45:47,8328
INFY ,2020-05-28 18:45:45,8333
INFY ,2020-05-28 19:45:43,8329
INFY ,2020-05-28 20:45:57,8334
INFY ,2020-05-28 21:46:02,8333
INFY ,2020-05-28 22:45:45,8331
INFY ,2020-05-28 23:45:58,8331
INFY ,2020-05-29 00:45:51,8331
INFY ,2020-05-29 01:45:50,8331
INFY ,2020-05-29 02:46:11,8331
INFY ,2020-05-29 03:45:46,8331
INFY ,2020-05-29 04:45:51,8331
INFY ,2020-05-29 05:46:05,8331
INFY ,2020-05-29 06:45:58,8331
INFY ,2020-05-29 07:46:01,8331
INFY ,2020-05-29 08:45:58,8331
INFY ,2020-05-29 09:52:31,8331
INFY ,2020-05-29 10:45:52,8331
INFY ,2020-05-29 11:45:48,8331
INFY ,2020-05-29 12:46:08,8331
INFY ,2020-05-29 13:45:59,8333
INFY ,2020-05-29 14:45:54,8334
INFY ,2020-05-29 15:45:48,8332
INFY ,2020-05-29 16:45:41,8332
INFY ,2020-05-29 17:45:53,8330
INFY ,2020-05-29 18:45:52,8333
INFY ,2020-05-29 19:45:49,8331
INFY ,2020-05-29 20:46:00,8334
INFY ,2020-05-29 21:45:46,8333
INFY ,2020-05-29 22:45:48,8333
INFY ,2020-05-29 23:45:59,8333
INFY ,2020-05-30 00:45:43,8333
INFY ,2020-05-30 01:45:42,8333
INFY ,2020-05-30 02:45:47,8333
INFY ,2020-05-30 03:45:48,8333
INFY ,2020-05-30 04:45:46,8333
INFY ,2020-05-30 05:45:51,8333
INFY ,2020-05-30 06:45:52,8332
INFY ,2020-05-30 07:46:13,8332
INFY ,2020-05-30 08:45:52,8332
INFY ,2020-05-30 09:45:46,8332
INFY ,2020-05-30 10:45:52,8332
INFY ,2020-05-30 11:45:49,8332
INFY ,2020-05-30 12:45:48,8332
INFY ,2020-05-30 13:45:48,8332
INFY ,2020-05-30 14:45:43,8332
INFY ,2020-05-30 15:45:46,8332
INFY ,2020-05-30 16:46:02,8332
INFY ,2020-05-30 17:45:49,8332
INFY ,2020-05-30 18:45:48,8332
INFY ,2020-05-30 19:45:54,8332
INFY ,2020-05-30 20:45:46,8332
INFY ,2020-05-30 21:45:54,8332
INFY ,2020-05-30 22:45:47,8332
INFY ,2020-05-30 23:45:56,8332
INFY ,2020-05-31 00:45:54,8332
INFY ,2020-05-31 01:45:54,8332
INFY ,2020-05-31 02:45:51,8332
INFY ,2020-05-31 03:45:51,8332
INFY ,2020-05-31 04:45:47,8332
INFY ,2020-05-31 05:45:53,8332
INFY ,2020-05-31 06:45:52,8332
INFY ,2020-05-31 07:45:55,8332
INFY ,2020-05-31 09:30:33,8332
INFY ,2020-05-31 09:45:49,8332
INFY ,2020-05-31 13:10:44,8332
INFY ,2020-05-31 13:13:24,8332
INFY ,2020-05-31 13:19:58,8332
INFY ,2020-06-01 05:07:15,8332
INFY ,2020-06-01 05:27:21,8332
INFY ,2020-06-01 05:27:30,8332
INFY ,2020-06-01 05:28:53,8332
INFY ,2020-06-01 05:39:45,8332
INFY ,2020-06-01 05:49:58,8332
INFY ,2020-06-01 05:50:40,8332
INFY ,2020-06-01 05:56:34,8332
INFY ,2020-06-01 05:57:46,8332
INFY ,2020-06-01 05:59:08,8332
INFY ,2020-06-01 06:01:27,8332
INFY ,2020-06-01 06:02:46,8332
INFY ,2020-06-01 06:08:47,8332
INFY ,2020-06-01 06:11:39,8332
INFY ,2020-06-01 06:14:01,8332
INFY ,2020-06-01 06:39:09,8332
INFY ,2020-06-01 06:46:44,8332
INFY ,2020-06-01 06:54:20,8332
INFY ,2020-06-01 07:45:47,8332
INFY ,2020-06-01 08:45:59,8332
INFY ,2020-06-01 09:46:01,8332
INFY ,2020-06-01 10:45:45,8332
INFY ,2020-06-01 11:45:48,8332
INFY ,2020-06-01 13:08:06,8331
INFY ,2020-06-01 13:46:25,8331
INFY ,2020-06-01 14:45:54,8364
INFY ,2020-06-01 15:45:50,8362
INFY ,2020-06-01 16:46:15,8362
INFY ,2020-06-01 17:46:11,8354
INFY ,2020-06-01 18:46:11,8359
INFY ,2020-06-01 19:45:54,8354
INFY ,2020-06-01 20:45:51,8350
INFY ,2020-06-01 21:45:49,8352
INFY ,2020-06-01 22:45:44,8353
INFY ,2020-06-01 23:45:53,8353
INFY ,2020-06-02 00:45:54,8353
INFY ,2020-06-02 01:45:45,8353
INFY ,2020-06-02 02:45:43,8353
INFY ,2020-06-02 03:45:49,8353
INFY ,2020-06-02 04:45:47,8353
INFY ,2020-06-02 05:45:50,8353
INFY ,2020-06-02 06:45:52,8353
INFY ,2020-06-02 07:45:52,8353
INFY ,2020-06-02 08:45:59,8353
INFY ,2020-06-02 09:45:47,8353
INFY ,2020-06-02 10:45:54,8353
INFY ,2020-06-02 11:45:49,8353
INFY ,2020-06-02 12:45:58,8353
INFY ,2020-06-02 13:45:57,8352
INFY ,2020-06-02 14:46:17,8352
INFY ,2020-06-02 15:46:16,8353
INFY ,2020-06-02 16:45:48,8354
INFY ,2020-06-02 17:46:14,8362
INFY ,2020-06-02 18:45:46,8351
INFY ,2020-06-02 19:46:09,8351
INFY ,2020-06-02 20:46:15,8348
INFY ,2020-06-02 21:45:41,8348
INFY ,2020-06-02 22:45:51,8350
INFY ,2020-06-02 23:45:44,8350
INFY ,2020-06-03 00:45:56,8350
INFY ,2020-06-03 01:46:16,8350
INFY ,2020-06-03 02:45:41,8350
INFY ,2020-06-03 03:46:08,8350
INFY ,2020-06-03 04:46:04,8349
INFY ,2020-06-03 05:45:42,8349
INFY ,2020-06-03 06:45:49,8349
INFY ,2020-06-03 07:46:11,8349
INFY ,2020-06-03 08:45:51,8349
INFY ,2020-06-03 09:45:50,8349
INFY ,2020-06-03 10:45:50,8349
INFY ,2020-06-03 11:45:50,8349
INFY ,2020-06-03 13:11:38,8350
INFY ,2020-06-03 13:45:52,8350
INFY ,2020-06-03 14:45:44,8376
INFY ,2020-06-03 15:46:16,8382
INFY ,2020-06-03 16:46:10,8384
INFY ,2020-06-03 17:46:14,8381
INFY ,2020-06-03 18:46:22,8377
INFY ,2020-06-03 19:46:13,8393
INFY ,2020-06-03 20:45:48,8393
INFY ,2020-06-03 21:45:49,8415
INFY ,2020-06-03 22:45:48,8415
INFY ,2020-06-03 23:45:42,8415
INFY ,2020-06-04 00:46:10,8415
INFY ,2020-06-04 01:45:54,8415
INFY ,2020-06-04 02:45:49,8415
INFY ,2020-06-04 03:45:54,8415
INFY ,2020-06-04 04:45:54,8415
INFY ,2020-06-04 05:45:50,8414
INFY ,2020-06-04 06:45:49,8414
INFY ,2020-06-04 07:46:00,8414
INFY ,2020-06-04 08:46:06,8414
INFY ,2020-06-04 09:45:57,8414
INFY ,2020-06-04 10:45:49,8414
INFY ,2020-06-04 11:45:50,8414
INFY ,2020-06-04 12:45:48,8414
INFY ,2020-06-04 13:46:11,8414
INFY ,2020-06-04 14:46:33,8408
INFY ,2020-06-04 15:46:18,8402
INFY ,2020-06-04 17:10:11,8402
INFY ,2020-06-04 17:45:53,8402
INFY ,2020-06-04 18:46:11,8415
INFY ,2020-06-04 19:45:44,8421
INFY ,2020-06-04 20:46:15,8425
INFY ,2020-06-04 21:46:13,8427
INFY ,2020-06-04 22:45:49,8427
INFY ,2020-06-04 23:45:53,8427
INFY ,2020-06-05 00:45:55,8427
INFY ,2020-06-05 01:45:47,8427
INFY ,2020-06-05 02:45:45,8427
INFY ,2020-06-05 03:45:48,8427
INFY ,2020-06-05 04:45:54,8427
INFY ,2020-06-05 05:45:57,8426
INFY ,2020-06-05 06:45:53,8426
INFY ,2020-06-05 07:45:52,8426
INFY ,2020-06-05 08:45:54,8426
INFY ,2020-06-05 09:45:46,8426
INFY ,2020-06-05 10:45:46,8426
INFY ,2020-06-05 11:45:48,8426
INFY ,2020-06-05 13:12:38,8426
INFY ,2020-06-05 13:46:14,8426
INFY ,2020-06-05 14:45:54,8394
INFY ,2020-06-05 15:45:54,8377
INFY ,2020-06-05 16:46:21,8373
INFY ,2020-06-05 17:45:53,8362
INFY ,2020-06-05 18:45:54,8356
INFY ,2020-06-05 19:45:53,8358
INFY ,2020-06-05 20:46:18,8363
INFY ,2020-06-05 21:45:53,8364
INFY ,2020-06-05 22:45:52,8368
INFY ,2020-06-05 23:45:54,8368
INFY ,2020-06-06 00:45:58,8368
INFY ,2020-06-06 01:45:46,8368
INFY ,2020-06-06 02:45:49,8368
INFY ,2020-06-06 03:45:57,8368
INFY ,2020-06-06 04:45:59,8368
INFY ,2020-06-06 05:46:03,8368
INFY ,2020-06-06 06:45:52,8368
INFY ,2020-06-06 07:46:24,8368
INFY ,2020-06-06 08:45:57,8368
INFY ,2020-06-06 09:55:53,8368
INFY ,2020-06-06 10:45:46,8368
INFY ,2020-06-06 11:45:51,8366
INFY ,2020-06-06 12:45:54,8366
INFY ,2020-06-06 13:45:47,8366
INFY ,2020-06-06 14:46:17,8366
INFY ,2020-06-06 15:45:51,8366
INFY ,2020-06-06 16:46:13,8366
INFY ,2020-06-06 18:45:53,8366
INFY ,2020-06-06 19:45:44,8366
INFY ,2020-06-06 20:45:50,8366
INFY ,2020-06-06 21:45:49,8366
INFY ,2020-06-06 22:45:50,8366
INFY ,2020-06-06 23:45:58,8366
INFY ,2020-06-07 00:45:59,8366
INFY ,2020-06-07 01:45:49,8366
INFY ,2020-06-07 02:45:51,8366
INFY ,2020-06-07 03:45:51,8366
INFY ,2020-06-07 04:45:52,8366
INFY ,2020-06-07 05:45:51,8366
INFY ,2020-06-07 06:45:49,8366
INFY ,2020-06-07 07:45:57,8366
INFY ,2020-06-07 08:45:55,8366
INFY ,2020-06-08 04:45:45,8366
INFY ,2020-06-08 05:45:42,8366
INFY ,2020-06-08 06:46:08,8366
INFY ,2020-06-08 07:45:40,8366
INFY ,2020-06-08 08:45:53,8366
INFY ,2020-06-08 09:45:46,8366
INFY ,2020-06-08 10:45:45,8366
INFY ,2020-06-08 11:45:50,8366
INFY ,2020-06-08 12:46:20,8366
INFY ,2020-06-08 13:45:55,8366
INFY ,2020-06-08 14:46:33,8386
INFY ,2020-06-08 15:45:51,8428
INFY ,2020-06-08 16:46:07,8423
INFY ,2020-06-08 17:46:04,8426
INFY ,2020-06-08 18:46:29,8432
INFY ,2020-06-08 19:46:24,8443
INFY ,2020-06-08 20:46:10,8455
INFY ,2020-06-08 21:45:59,8455
INFY ,2020-06-08 22:45:58,8454
INFY ,2020-06-08 23:45:56,8454
INFY ,2020-06-09 00:46:01,8454
INFY ,2020-06-09 01:46:08,8454
INFY ,2020-06-09 02:46:07,8454
INFY ,2020-06-09 03:45:49,8454
INFY ,2020-06-09 04:46:17,8454
INFY ,2020-06-09 05:46:30,8454
INFY ,2020-06-09 06:46:26,8454
INFY ,2020-06-09 07:46:05,8454
INFY ,2020-06-09 08:46:06,8454
INFY ,2020-06-09 09:46:12,8454
INFY ,2020-06-09 10:45:57,8454
INFY ,2020-06-09 11:46:05,8454
INFY ,2020-06-09 12:46:37,8454
INFY ,2020-06-09 13:46:19,8456
INFY ,2020-06-09 14:46:16,8459
INFY ,2020-06-09 15:46:22,8486
INFY ,2020-06-09 16:46:28,8495
INFY ,2020-06-09 17:46:02,8498
INFY ,2020-06-09 18:46:24,8490
INFY ,2020-06-09 19:46:42,8494
INFY ,2020-06-09 20:46:42,8494
INFY ,2020-06-09 21:46:18,8493
INFY ,2020-06-09 22:46:23,8492
INFY ,2020-06-09 23:46:28,8492
INFY ,2020-06-10 00:46:33,8492
INFY ,2020-06-10 01:46:17,8492
INFY ,2020-06-10 02:46:23,8492
INFY ,2020-06-10 03:46:27,8492
INFY ,2020-06-10 04:46:16,8492
INFY ,2020-06-10 05:46:24,8492
INFY ,2020-06-10 06:46:06,8492
INFY ,2020-06-10 07:45:50,8492
INFY ,2020-06-10 08:46:03,8492
INFY ,2020-06-10 09:45:48,8492
INFY ,2020-06-10 10:45:51,8492
INFY ,2020-06-10 11:46:01,8492
INFY ,2020-06-10 12:46:12,8492
INFY ,2020-06-10 13:46:29,8492
INFY ,2020-06-10 15:45:59,8496
INFY ,2020-06-10 16:46:12,8490
INFY ,2020-06-10 17:46:09,8501
INFY ,2020-06-10 18:46:10,8505
INFY ,2020-06-10 19:46:07,8511
INFY ,2020-06-10 20:45:57,8507
INFY ,2020-06-10 21:46:13,8510
INFY ,2020-06-10 22:45:53,8510
INFY ,2020-06-10 23:46:19,8510
INFY ,2020-06-11 00:47:28,8510
INFY ,2020-06-11 01:45:55,8510
INFY ,2020-06-11 02:46:40,8510
INFY ,2020-06-11 03:46:40,8510
INFY ,2020-06-11 04:45:59,8509
INFY ,2020-06-11 05:46:37,8509
INFY ,2020-06-11 06:46:07,8509
INFY ,2020-06-11 07:46:28,8509
INFY ,2020-06-11 08:46:03,8509
INFY ,2020-06-11 09:46:07,8509
INFY ,2020-06-11 10:46:03,8509
INFY ,2020-06-11 11:45:52,8509
INFY ,2020-06-11 12:46:08,8509
INFY ,2020-06-11 13:46:31,8510
INFY ,2020-06-11 14:46:13,8510
INFY ,2020-06-11 15:46:26,8499
INFY ,2020-06-11 16:46:49,8508
INFY ,2020-06-11 17:46:20,8511
INFY ,2020-06-11 18:46:26,8514
INFY ,2020-06-11 19:46:20,8527
INFY ,2020-06-11 20:45:59,8532
INFY ,2020-06-11 21:45:52,8532
INFY ,2020-06-11 22:45:48,8533
INFY ,2020-06-11 23:45:46,8533
INFY ,2020-06-12 00:45:57,8533
INFY ,2020-06-12 01:45:58,8533
INFY ,2020-06-12 02:45:57,8533
INFY ,2020-06-12 03:45:58,8533
INFY ,2020-06-12 04:45:54,8533
INFY ,2020-06-12 05:45:51,8533
INFY ,2020-06-12 06:46:01,8533
INFY ,2020-06-12 07:46:02,8533
INFY ,2020-06-12 08:45:51,8533
INFY ,2020-06-12 09:46:02,8533
INFY ,2020-06-12 10:46:03,8533
INFY ,2020-06-12 11:45:55,8533
INFY ,2020-06-12 14:12:15,8545
INFY ,2020-06-12 14:20:13,8545
INFY ,2020-06-12 14:46:26,8545
INFY ,2020-06-12 15:45:59,8553
INFY ,2020-06-12 16:46:05,8566
INFY ,2020-06-12 17:46:01,8566
INFY ,2020-06-12 18:46:02,8566
INFY ,2020-06-12 19:46:16,8574
INFY ,2020-06-12 20:46:15,8584
INFY ,2020-06-12 21:46:07,8584
INFY ,2020-06-12 22:45:50,8583
INFY ,2020-06-12 23:45:52,8583
INFY ,2020-06-13 00:45:45,8583
INFY ,2020-06-13 01:45:50,8583
INFY ,2020-06-13 02:45:52,8583
INFY ,2020-06-13 03:45:51,8583
INFY ,2020-06-13 04:45:50,8583
INFY ,2020-06-13 05:45:48,8583
INFY ,2020-06-13 06:45:54,8583
INFY ,2020-06-13 07:45:54,8583
INFY ,2020-06-13 08:45:49,8583
INFY ,2020-06-13 09:45:50,8583
INFY ,2020-06-13 10:45:50,8583
INFY ,2020-06-13 11:45:47,8583
INFY ,2020-06-13 12:45:48,8583
INFY ,2020-06-13 13:45:45,8583
INFY ,2020-06-13 14:45:52,8583
INFY ,2020-06-13 15:45:49,8583
INFY ,2020-06-13 16:46:01,8583
INFY ,2020-06-13 17:45:50,8583
INFY ,2020-06-13 18:45:53,8583
INFY ,2020-06-13 19:45:48,8583
INFY ,2020-06-13 20:45:52,8583
INFY ,2020-06-13 21:45:57,8583
INFY ,2020-06-13 22:45:56,8583
INFY ,2020-06-13 23:45:56,8583
INFY ,2020-06-14 00:45:54,8583
INFY ,2020-06-14 01:45:46,8583
INFY ,2020-06-14 02:45:54,8583
INFY ,2020-06-14 03:45:57,8583
INFY ,2020-06-14 04:45:42,8583
INFY ,2020-06-14 05:46:11,8583
INFY ,2020-06-14 06:45:50,8583
INFY ,2020-06-14 07:45:54,8583
INFY ,2020-06-14 08:45:49,8583
INFY ,2020-06-14 09:45:50,8583
INFY ,2020-06-14 10:45:52,8583
INFY ,2020-06-14 11:45:47,8583
INFY ,2020-06-14 12:45:49,8583
INFY ,2020-06-14 13:45:50,8583
INFY ,2020-06-14 14:45:52,8583
INFY ,2020-06-14 15:45:54,8583
INFY ,2020-06-14 16:45:49,8583
INFY ,2020-06-14 17:45:54,8583
INFY ,2020-06-14 18:45:58,8583
INFY ,2020-06-14 19:45:50,8583
INFY ,2020-06-14 20:45:53,8583
INFY ,2020-06-14 21:46:04,8583
INFY ,2020-06-14 22:45:48,8583
INFY ,2020-06-14 23:45:52,8583
INFY ,2020-06-15 00:46:07,8583
INFY ,2020-06-15 01:46:00,8583
INFY ,2020-06-15 02:45:57,8583
INFY ,2020-06-15 03:45:51,8583
INFY ,2020-06-15 04:46:02,8583
INFY ,2020-06-15 05:46:17,8583
INFY ,2020-06-15 06:45:52,8583
INFY ,2020-06-15 07:45:51,8583
INFY ,2020-06-15 08:46:09,8583
INFY ,2020-06-15 09:45:56,8583
INFY ,2020-06-15 10:45:47,8583
INFY ,2020-06-15 11:45:49,8583
INFY ,2020-06-15 12:46:00,8583
INFY ,2020-06-15 13:46:34,8583
INFY ,2020-06-15 14:46:23,8644
INFY ,2020-06-15 15:46:01,8644
INFY ,2020-06-15 16:46:15,8640
INFY ,2020-06-15 17:46:02,8647
INFY ,2020-06-15 18:43:12,8651
INFY ,2020-06-15 18:50:51,8651
INFY ,2020-06-15 18:58:29,8651
INFY ,2020-06-15 19:06:12,8652
INFY ,2020-06-15 19:13:59,8652
INFY ,2020-06-15 19:21:46,8652
INFY ,2020-06-15 19:29:28,8652
INFY ,2020-06-15 19:37:07,8652
INFY ,2020-06-15 19:44:46,8652
INFY ,2020-06-15 19:52:27,8652
INFY ,2020-06-15 20:00:13,8652
INFY ,2020-06-15 20:07:57,8654
INFY ,2020-06-15 20:12:59,8654
INFY ,2020-06-15 20:20:37,8654
INFY ,2020-06-15 20:28:16,8654
INFY ,2020-06-15 20:35:54,8654
INFY ,2020-06-15 20:43:32,8654
INFY ,2020-06-15 20:51:10,8654
INFY ,2020-06-15 20:58:51,8654
INFY ,2020-06-15 21:06:34,8654
INFY ,2020-06-15 21:14:14,8654
INFY ,2020-06-15 21:21:51,8654
INFY ,2020-06-15 21:29:28,8654
INFY ,2020-06-15 21:37:06,8654
INFY ,2020-06-15 21:44:43,8654
INFY ,2020-06-15 21:52:23,8654
INFY ,2020-06-15 22:45:53,8655
INFY ,2020-06-15 23:45:47,8655
INFY ,2020-06-16 00:45:53,8655
INFY ,2020-06-16 01:45:47,8655
INFY ,2020-06-16 02:46:35,8655
INFY ,2020-06-16 03:45:52,8655
INFY ,2020-06-16 04:45:46,8655
INFY ,2020-06-16 05:45:51,8655
INFY ,2020-06-16 06:46:19,8655
INFY ,2020-06-16 07:46:13,8655
INFY ,2020-06-16 08:45:49,8655
INFY ,2020-06-16 09:45:47,8655
INFY ,2020-06-16 10:45:52,8655
INFY ,2020-06-16 11:45:47,8655
INFY ,2020-06-16 12:45:56,8655
INFY ,2020-06-16 13:45:56,8657
INFY ,2020-06-16 14:46:14,8694
INFY ,2020-06-16 15:45:56,8685
INFY ,2020-06-16 16:45:56,8687
INFY ,2020-06-16 17:46:31,8689
INFY ,2020-06-16 18:45:54,8698
INFY ,2020-06-16 19:45:56,8707
INFY ,2020-06-16 20:45:58,8723
INFY ,2020-06-16 21:45:51,8722
INFY ,2020-06-16 22:45:43,8722
INFY ,2020-06-16 23:45:44,8722
INFY ,2020-06-17 00:45:51,8722
INFY ,2020-06-17 01:46:09,8722
INFY ,2020-06-17 02:45:55,8722
INFY ,2020-06-17 03:46:20,8722
INFY ,2020-06-17 04:45:55,8722
INFY ,2020-06-17 05:45:54,8722
INFY ,2020-06-17 06:46:11,8721
INFY ,2020-06-17 07:45:52,8721
INFY ,2020-06-17 08:45:49,8721
INFY ,2020-06-17 09:45:45,8721
INFY ,2020-06-17 10:45:44,8721
INFY ,2020-06-17 11:45:53,8721
INFY ,2020-06-17 12:45:55,8721
INFY ,2020-06-17 13:46:01,8721
INFY ,2020-06-17 14:45:52,8741
INFY ,2020-06-17 15:45:57,8752
INFY ,2020-06-17 16:46:01,8750
INFY ,2020-06-17 17:45:59,8746
INFY ,2020-06-17 18:46:10,8745
INFY ,2020-06-17 19:46:18,8751
INFY ,2020-06-17 20:46:20,8769
INFY ,2020-06-17 21:46:09,8769
INFY ,2020-06-17 22:45:51,8769
INFY ,2020-06-17 23:45:54,8773
INFY ,2020-06-18 00:45:48,8773
INFY ,2020-06-18 01:45:55,8773
INFY ,2020-06-18 02:45:46,8773
INFY ,2020-06-18 03:46:06,8773
INFY ,2020-06-18 04:45:51,8773
INFY ,2020-06-18 05:45:46,8773
INFY ,2020-06-18 06:45:55,8773
INFY ,2020-06-18 07:46:09,8773
INFY ,2020-06-18 08:45:49,8773
INFY ,2020-06-18 09:45:51,8773
INFY ,2020-06-18 10:45:44,8773
INFY ,2020-06-18 11:46:01,8773
INFY ,2020-06-18 12:45:56,8773
INFY ,2020-06-18 13:46:11,8774
INFY ,2020-06-18 14:46:08,8821
INFY ,2020-06-18 17:07:50,8821
INFY ,2020-06-18 17:45:54,8821
INFY ,2020-06-18 18:46:09,8821
INFY ,2020-06-18 19:46:05,8821
INFY ,2020-06-18 20:45:58,8863
INFY ,2020-06-18 21:46:15,8862
INFY ,2020-06-18 22:45:53,8860
INFY ,2020-06-18 23:46:01,8860
INFY ,2020-06-19 00:46:19,8860
INFY ,2020-06-19 01:45:54,8860
INFY ,2020-06-19 02:45:52,8860
INFY ,2020-06-19 03:46:17,8860
INFY ,2020-06-19 04:48:25,8860
INFY ,2020-06-19 05:45:53,8860
INFY ,2020-06-19 06:45:49,8860
INFY ,2020-06-19 07:46:13,8860
INFY ,2020-06-19 08:46:23,8860
INFY ,2020-06-19 09:46:12,8860
INFY ,2020-06-19 10:45:52,8860
INFY ,2020-06-19 11:45:45,8860
INFY ,2020-06-19 13:10:09,8859
INFY ,2020-06-19 13:46:12,8859
INFY ,2020-06-19 14:45:58,8873
INFY ,2020-06-19 15:45:59,8876
INFY ,2020-06-19 16:45:55,8881
INFY ,2020-06-19 17:46:10,8890
INFY ,2020-06-19 18:45:51,8888
INFY ,2020-06-19 19:45:57,8891
INFY ,2020-06-19 20:45:54,8896
INFY ,2020-06-19 21:45:44,8897
INFY ,2020-06-19 22:46:00,8897
INFY ,2020-06-19 23:46:10,8897
INFY ,2020-06-20 00:45:56,8897
INFY ,2020-06-20 01:46:05,8897
INFY ,2020-06-20 02:46:05,8897
INFY ,2020-06-20 03:45:49,8897
INFY ,2020-06-20 04:45:42,8897
INFY ,2020-06-20 05:45:54,8897
INFY ,2020-06-20 06:45:49,8898
INFY ,2020-06-20 07:45:52,8898
INFY ,2020-06-20 08:45:53,8897
INFY ,2020-06-20 09:45:52,8897
INFY ,2020-06-20 10:45:50,8897
INFY ,2020-06-20 11:45:54,8897
INFY ,2020-06-20 12:45:54,8897
INFY ,2020-06-20 13:45:57,8897
INFY ,2020-06-20 14:45:53,8897
INFY ,2020-06-20 15:45:44,8897
INFY ,2020-06-20 16:46:14,8897
INFY ,2020-06-20 17:45:48,8897
INFY ,2020-06-20 18:45:49,8897
INFY ,2020-06-20 19:46:05,8897
INFY ,2020-06-20 20:45:53,8897
INFY ,2020-06-20 21:45:53,8897
INFY ,2020-06-20 22:45:58,8897
INFY ,2020-06-20 23:45:59,8897
INFY ,2020-06-21 00:45:59,8897
INFY ,2020-06-21 01:45:52,8897
INFY ,2020-06-21 02:45:53,8897
INFY ,2020-06-21 03:46:18,8897
INFY ,2020-06-21 04:45:51,8897
INFY ,2020-06-21 05:46:17,8897
INFY ,2020-06-21 06:45:49,8897
INFY ,2020-06-21 07:45:52,8897
INFY ,2020-06-21 08:45:46,8897
INFY ,2020-06-21 09:45:46,8897
INFY ,2020-06-21 10:45:44,8897
INFY ,2020-06-21 11:45:52,8897
INFY ,2020-06-21 12:45:59,8897
INFY ,2020-06-21 13:45:58,8897
INFY ,2020-06-21 14:46:22,8897
INFY ,2020-06-21 15:45:53,8897
INFY ,2020-06-21 16:45:47,8897
INFY ,2020-06-21 17:45:50,8897
INFY ,2020-06-21 18:45:54,8897
INFY ,2020-06-21 19:45:55,8897
INFY ,2020-06-21 20:45:53,8897
INFY ,2020-06-21 21:45:56,8897
INFY ,2020-06-21 22:46:14,8897
INFY ,2020-06-21 23:46:01,8897
INFY ,2020-06-22 00:45:49,8897
INFY ,2020-06-22 01:46:06,8897
INFY ,2020-06-22 02:45:59,8897
INFY ,2020-06-22 03:45:52,8897
INFY ,2020-06-22 04:45:57,8897
INFY ,2020-06-22 05:46:16,8897
INFY ,2020-06-22 06:45:55,8897
INFY ,2020-06-22 07:45:45,8897
INFY ,2020-06-22 08:45:55,8897
INFY ,2020-06-22 09:45:56,8897
INFY ,2020-06-22 10:46:19,8897
INFY ,2020-06-22 11:45:50,8897
INFY ,2020-06-22 12:45:56,8897
INFY ,2020-06-22 13:45:58,8897
INFY ,2020-06-22 14:46:02,8933
INFY ,2020-06-22 15:46:17,8932
INFY ,2020-06-22 16:45:59,8935
INFY ,2020-06-22 17:46:18,8937
INFY ,2020-06-22 18:45:55,8949
INFY ,2020-06-22 19:46:03,8952
INFY ,2020-06-22 20:45:51,8959
INFY ,2020-06-22 21:47:05,8959
INFY ,2020-06-22 22:45:46,8962
INFY ,2020-06-22 23:45:52,8962
INFY ,2020-06-23 00:45:48,8962
INFY ,2020-06-23 01:45:53,8962
INFY ,2020-06-23 02:46:01,8962
INFY ,2020-06-23 03:46:01,8962
INFY ,2020-06-23 04:46:10,8962
INFY ,2020-06-23 05:46:10,8961
INFY ,2020-06-23 06:45:50,8961
INFY ,2020-06-23 07:46:00,8961
INFY ,2020-06-23 08:46:34,8961
INFY ,2020-06-23 09:45:53,8961
INFY ,2020-06-23 10:46:01,8961
INFY ,2020-06-23 11:45:55,8961
INFY ,2020-06-23 12:46:00,8961
INFY ,2020-06-23 13:46:00,8956
INFY ,2020-06-23 14:46:00,8936
INFY ,2020-06-23 15:46:14,8925
INFY ,2020-06-23 16:45:56,8913
INFY ,2020-06-23 17:46:05,8910
INFY ,2020-06-23 18:46:16,8905
INFY ,2020-06-23 19:45:51,8898
INFY ,2020-06-23 20:45:59,8897
INFY ,2020-06-23 21:45:51,8897
INFY ,2020-06-23 22:46:13,8898
INFY ,2020-06-23 23:46:20,8898
INFY ,2020-06-24 00:46:17,8898
INFY ,2020-06-24 01:46:17,8898
INFY ,2020-06-24 02:46:16,8898
INFY ,2020-06-24 03:45:53,8897
INFY ,2020-06-24 04:46:10,8897
INFY ,2020-06-24 05:46:20,8897
INFY ,2020-06-24 06:45:59,8897
INFY ,2020-06-24 07:45:54,8897
INFY ,2020-06-24 08:46:13,8897
INFY ,2020-06-24 09:45:59,8897
INFY ,2020-06-24 10:46:05,8897
INFY ,2020-06-24 11:45:49,8897
INFY ,2020-06-24 12:45:55,8897
INFY ,2020-06-24 13:46:02,8897
INFY ,2020-06-24 14:45:58,8899
INFY ,2020-06-24 15:45:52,8898
INFY ,2020-06-24 16:45:56,8898
INFY ,2020-06-24 17:46:17,8907
INFY ,2020-06-24 18:46:13,8904
INFY ,2020-06-24 19:46:16,8907
INFY ,2020-06-24 20:45:57,8908
INFY ,2020-06-24 21:45:55,8908
INFY ,2020-06-24 22:45:56,8908
INFY ,2020-06-24 23:45:56,8908
INFY ,2020-06-25 00:46:04,8908
INFY ,2020-06-25 01:45:56,8908
INFY ,2020-06-25 02:45:47,8908
INFY ,2020-06-25 03:45:53,8908
INFY ,2020-06-25 04:45:56,8908
INFY ,2020-06-25 05:45:55,8908
INFY ,2020-06-25 06:46:01,8908
INFY ,2020-06-25 07:46:21,8908
INFY ,2020-06-25 08:46:01,8908
INFY ,2020-06-25 09:46:15,8908
INFY ,2020-06-25 10:45:49,8908
INFY ,2020-06-25 11:46:30,8908
INFY ,2020-06-25 13:09:11,8908
INFY ,2020-06-25 13:46:22,8908
INFY ,2020-06-25 14:46:46,8911
INFY ,2020-06-25 15:46:24,8908
INFY ,2020-06-25 16:46:22,8913
INFY ,2020-06-25 17:46:25,8912
INFY ,2020-06-25 18:46:00,8919
INFY ,2020-06-25 19:46:09,8921
INFY ,2020-06-25 20:45:59,8927
INFY ,2020-06-25 21:46:16,8928
INFY ,2020-06-25 22:46:26,8929
INFY ,2020-06-25 23:45:55,8929
INFY ,2020-06-26 00:46:28,8929
INFY ,2020-06-26 01:46:08,8929
INFY ,2020-06-26 02:46:06,8929
INFY ,2020-06-26 03:46:17,8929
INFY ,2020-06-26 04:45:54,8929
INFY ,2020-06-26 05:46:03,8929
INFY ,2020-06-26 06:46:05,8929
INFY ,2020-06-26 07:46:07,8929
INFY ,2020-06-26 08:46:13,8929
INFY ,2020-06-26 09:45:59,8929
INFY ,2020-06-26 10:45:55,8929
INFY ,2020-06-26 11:46:00,8929
INFY ,2020-06-26 12:46:01,8929
INFY ,2020-06-26 13:46:34,8923
INFY ,2020-06-26 14:46:01,8918
INFY ,2020-06-26 15:45:56,8917
INFY ,2020-06-26 16:46:03,8932
INFY ,2020-06-26 17:45:58,8936
INFY ,2020-06-26 18:46:04,8934
INFY ,2020-06-26 19:46:04,8935
INFY ,2020-06-26 20:45:55,8944
INFY ,2020-06-26 21:46:00,8945
INFY ,2020-06-26 22:46:19,8946
INFY ,2020-06-26 23:45:52,8946
INFY ,2020-06-27 00:46:33,8946
INFY ,2020-06-27 01:46:15,8946
INFY ,2020-06-27 02:46:14,8946
INFY ,2020-06-27 03:46:13,8946
INFY ,2020-06-27 04:46:21,8945
INFY ,2020-06-27 05:45:49,8945
INFY ,2020-06-27 06:45:58,8945
INFY ,2020-06-27 07:45:58,8945
INFY ,2020-06-27 08:45:53,8945
INFY ,2020-06-27 09:45:54,8945
INFY ,2020-06-27 10:45:56,8945
INFY ,2020-06-27 11:45:48,8945
INFY ,2020-06-27 12:46:04,8945
INFY ,2020-06-27 13:45:57,8945
INFY ,2020-06-27 14:45:47,8945
INFY ,2020-06-27 15:46:20,8945
INFY ,2020-06-27 16:45:56,8945
INFY ,2020-06-27 17:45:52,8945
INFY ,2020-06-27 18:45:55,8945
INFY ,2020-06-27 19:45:55,8945
INFY ,2020-06-27 20:45:50,8945
INFY ,2020-06-27 21:45:54,8945
INFY ,2020-06-27 22:45:55,8945
INFY ,2020-06-27 23:45:50,8945
INFY ,2020-06-28 00:46:05,8945
INFY ,2020-06-28 01:45:49,8945
INFY ,2020-06-28 02:45:59,8945
INFY ,2020-06-28 03:45:51,8945
INFY ,2020-06-28 04:45:49,8945
INFY ,2020-06-28 05:45:54,8945
INFY ,2020-06-28 06:45:52,8945
INFY ,2020-06-28 07:46:08,8945
INFY ,2020-06-28 08:46:01,8945
INFY ,2020-06-28 09:45:52,8945
INFY ,2020-06-28 10:45:55,8945
INFY ,2020-06-28 11:45:49,8945
INFY ,2020-06-28 12:45:56,8945
INFY ,2020-06-28 13:45:55,8945
INFY ,2020-06-28 14:45:49,8945
INFY ,2020-06-28 15:46:00,8945
INFY ,2020-06-28 16:45:55,8945
INFY ,2020-06-28 17:45:54,8945
INFY ,2020-06-28 18:46:00,8945
INFY ,2020-06-28 19:45:59,8945
INFY ,2020-06-28 20:45:48,8945
INFY ,2020-06-28 21:46:01,8945
INFY ,2020-06-28 22:46:13,8945
INFY ,2020-06-28 23:46:02,8945
INFY ,2020-06-29 00:46:10,8945
INFY ,2020-06-29 01:45:47,8945
INFY ,2020-06-29 02:45:59,8945
INFY ,2020-06-29 03:45:56,8945
INFY ,2020-06-29 04:46:01,8945
INFY ,2020-06-29 05:45:52,8945
INFY ,2020-06-29 06:46:05,8945
INFY ,2020-06-29 07:46:09,8945
INFY ,2020-06-29 08:46:00,8945
INFY ,2020-06-29 09:46:03,8945
INFY ,2020-06-29 10:45:57,8945
INFY ,2020-06-29 11:45:56,8945
INFY ,2020-06-29 12:46:04,8945
INFY ,2020-06-29 13:46:16,8944
INFY ,2020-06-29 14:46:29,9024
INFY ,2020-06-29 15:46:03,9022
INFY ,2020-06-29 16:46:01,9015
INFY ,2020-06-29 17:45:57,9005
INFY ,2020-06-29 18:45:57,9002
INFY ,2020-06-29 19:46:03,9000
INFY ,2020-06-29 20:46:02,8992
INFY ,2020-06-29 21:46:00,8992
INFY ,2020-06-29 22:45:56,8992
INFY ,2020-06-29 23:46:06,8992
INFY ,2020-06-30 00:46:23,8992
INFY ,2020-06-30 01:46:05,8992
INFY ,2020-06-30 02:46:29,8992
INFY ,2020-06-30 03:45:57,8992
INFY ,2020-06-30 04:46:22,8992
INFY ,2020-06-30 05:46:05,8992
INFY ,2020-06-30 06:46:16,8992
INFY ,2020-06-30 07:45:57,8992
INFY ,2020-06-30 08:45:57,8992
INFY ,2020-06-30 09:46:04,8992
INFY ,2020-06-30 10:48:00,8992
INFY ,2020-06-30 11:45:57,8992
INFY ,2020-06-30 12:45:58,8992
INFY ,2020-06-30 13:46:41,8993
INFY ,2020-06-30 14:46:11,9014
INFY ,2020-06-30 15:46:17,9011
INFY ,2020-06-30 16:46:38,9011
INFY ,2020-06-30 17:46:03,9009
INFY ,2020-06-30 18:46:15,9017
INFY ,2020-06-30 19:46:01,9018
INFY ,2020-06-30 20:46:09,9013
INFY ,2020-06-30 21:46:24,9012
INFY ,2020-06-30 22:45:49,9013
INFY ,2020-06-30 23:45:57,9013
INFY ,2020-07-01 00:47:10,9013
INFY ,2020-07-01 01:45:59,9013
INFY ,2020-07-01 02:46:23,9013
INFY ,2020-07-01 03:46:05,9013
INFY ,2020-07-01 04:46:07,9013
INFY ,2020-07-01 05:46:14,9013
INFY ,2020-07-01 06:46:03,9013
INFY ,2020-07-01 07:46:06,9013
INFY ,2020-07-01 08:46:26,9013
INFY ,2020-07-01 09:46:41,9013
INFY ,2020-07-01 10:46:32,9013
INFY ,2020-07-01 11:46:02,9013
INFY ,2020-07-01 13:08:46,9013
INFY ,2020-07-01 13:46:37,9013
INFY ,2020-07-01 14:46:40,9025
INFY ,2020-07-01 15:46:36,9028
INFY ,2020-07-01 16:46:33,9023
INFY ,2020-07-01 17:46:23,9023
INFY ,2020-07-01 18:46:26,9013
INFY ,2020-07-01 19:46:36,9014
INFY ,2020-07-01 20:46:27,9010
INFY ,2020-07-01 21:46:01,9011
INFY ,2020-07-01 22:46:26,9012
INFY ,2020-07-01 23:46:06,9012
INFY ,2020-07-02 00:47:14,9012
INFY ,2020-07-02 01:46:07,9012
INFY ,2020-07-02 02:46:11,9012
INFY ,2020-07-02 03:46:13,9012
INFY ,2020-07-02 04:46:07,9012
INFY ,2020-07-02 05:46:11,9012
INFY ,2020-07-02 06:46:06,9012
INFY ,2020-07-02 07:45:58,9012
INFY ,2020-07-02 08:46:05,9012
INFY ,2020-07-02 09:47:06,9012
INFY ,2020-07-02 10:46:08,9012
INFY ,2020-07-02 11:46:07,9012
INFY ,2020-07-02 13:11:47,9000
INFY ,2020-07-02 13:46:36,9000
INFY ,2020-07-02 14:46:07,9019
INFY ,2020-07-02 15:46:11,9019
INFY ,2020-07-02 16:46:25,9013
INFY ,2020-07-02 17:46:17,9015
INFY ,2020-07-02 18:46:22,9017
INFY ,2020-07-02 19:46:17,9017
INFY ,2020-07-02 20:45:56,9001
INFY ,2020-07-02 21:46:09,9001
INFY ,2020-07-02 22:45:57,9001
INFY ,2020-07-02 23:45:56,9001
INFY ,2020-07-03 00:46:29,9001
INFY ,2020-07-03 01:46:03,9001
INFY ,2020-07-03 02:46:20,9001
INFY ,2020-07-03 03:46:01,9001
INFY ,2020-07-03 04:46:25,9001
INFY ,2020-07-03 05:46:04,9001
INFY ,2020-07-03 06:46:02,9001
INFY ,2020-07-03 07:46:03,9001
INFY ,2020-07-03 08:46:03,9001
INFY ,2020-07-03 09:46:23,9001
INFY ,2020-07-03 10:46:07,9001
INFY ,2020-07-03 11:45:59,9001
INFY ,2020-07-03 12:45:59,9001
INFY ,2020-07-03 13:46:03,9001
INFY ,2020-07-03 14:46:09,9001
INFY ,2020-07-03 15:46:01,9001
INFY ,2020-07-03 16:46:02,9001
INFY ,2020-07-03 17:46:01,9001
INFY ,2020-07-03 18:46:12,9001
INFY ,2020-07-03 19:46:05,9001
INFY ,2020-07-03 20:46:07,9001
INFY ,2020-07-03 21:46:02,9001
INFY ,2020-07-03 22:45:59,9001
INFY ,2020-07-03 23:46:03,9001
INFY ,2020-07-04 00:46:00,9001
INFY ,2020-07-04 01:46:13,9001
INFY ,2020-07-04 02:46:21,9001
INFY ,2020-07-04 03:45:59,9001
INFY ,2020-07-04 04:45:55,9001
INFY ,2020-07-04 05:46:05,9001
INFY ,2020-07-04 06:46:08,9001
INFY ,2020-07-04 07:46:02,9001
INFY ,2020-07-04 08:46:06,9001
INFY ,2020-07-04 09:46:06,9001
INFY ,2020-07-04 11:38:48,9001
INFY ,2020-07-04 11:46:33,9001
INFY ,2020-07-04 12:46:08,9001
INFY ,2020-07-04 13:45:59,9001
INFY ,2020-07-04 14:46:06,9001
INFY ,2020-07-04 15:45:53,9001
INFY ,2020-07-04 16:46:29,9001
INFY ,2020-07-04 17:46:00,9001
INFY ,2020-07-04 18:46:06,9001
INFY ,2020-07-04 19:45:56,9001
INFY ,2020-07-04 20:46:03,9001
INFY ,2020-07-04 21:46:05,9001
INFY ,2020-07-04 22:45:56,9001
INFY ,2020-07-04 23:46:12,9001
INFY ,2020-07-05 00:46:09,9001
INFY ,2020-07-05 01:46:07,9001
INFY ,2020-07-05 02:45:55,9001
INFY ,2020-07-05 03:46:00,9001
INFY ,2020-07-05 04:45:57,9001
INFY ,2020-07-05 05:46:07,9001
INFY ,2020-07-05 06:46:06,9001
INFY ,2020-07-05 07:46:09,9001
INFY ,2020-07-05 08:46:04,9001
INFY ,2020-07-05 11:33:51,9001
INFY ,2020-07-05 11:38:32,9001
INFY ,2020-07-05 11:48:02,9001
INFY ,2020-07-05 12:45:59,9001
INFY ,2020-07-05 13:46:04,9001
INFY ,2020-07-05 14:45:56,9001
INFY ,2020-07-05 15:46:15,9001
INFY ,2020-07-05 16:46:06,9001
INFY ,2020-07-05 17:45:58,9001
INFY ,2020-07-05 18:45:57,9001
INFY ,2020-07-05 19:46:04,9001
INFY ,2020-07-05 20:46:00,9001
INFY ,2020-07-05 21:46:04,9001
INFY ,2020-07-05 22:45:56,9001
INFY ,2020-07-05 23:45:59,9001
INFY ,2020-07-06 00:46:05,9001
INFY ,2020-07-06 01:46:11,9001
INFY ,2020-07-06 02:46:03,9001
INFY ,2020-07-06 03:46:01,9001
INFY ,2020-07-06 04:45:59,9001
INFY ,2020-07-06 05:45:50,9001
INFY ,2020-07-06 06:46:10,9001
INFY ,2020-07-06 07:46:22,9001
INFY ,2020-07-06 08:46:10,9001
INFY ,2020-07-06 09:46:04,9001
INFY ,2020-07-06 11:42:56,9001
INFY ,2020-07-06 11:52:31,9001
INFY ,2020-07-06 14:10:22,9084
INFY ,2020-07-06 14:18:22,9084
INFY ,2020-07-06 14:46:24,9084
INFY ,2020-07-06 15:46:10,9084
INFY ,2020-07-06 16:46:33,9101
INFY ,2020-07-06 17:46:08,9101
INFY ,2020-07-06 18:45:59,9107
INFY ,2020-07-06 19:45:57,9107
INFY ,2020-07-06 20:46:12,9117
INFY ,2020-07-06 21:45:58,9117
INFY ,2020-07-06 22:46:20,9117
INFY ,2020-07-06 23:45:59,9117
INFY ,2020-07-07 00:46:06,9117
INFY ,2020-07-07 01:45:53,9117
INFY ,2020-07-07 02:46:03,9117
INFY ,2020-07-07 03:46:25,9117
INFY ,2020-07-07 04:45:59,9117
INFY ,2020-07-07 05:45:54,9117
INFY ,2020-07-07 06:45:52,9117
INFY ,2020-07-07 07:45:50,9117
INFY ,2020-07-07 08:45:56,9117
INFY ,2020-07-07 11:25:30,9117
INFY ,2020-07-07 11:32:00,9117
INFY ,2020-07-07 11:46:00,9117
INFY ,2020-07-07 12:46:07,9117
INFY ,2020-07-07 13:46:08,9114
INFY ,2020-07-07 14:46:00,9123
INFY ,2020-07-07 15:46:36,9125
INFY ,2020-07-07 16:47:16,9130
INFY ,2020-07-07 17:46:18,9132
INFY ,2020-07-07 18:45:56,9138
INFY ,2020-07-07 19:46:33,9145
INFY ,2020-07-07 20:46:06,9149
INFY ,2020-07-07 21:46:35,9148
INFY ,2020-07-07 22:46:07,9150
INFY ,2020-07-07 23:46:06,9150
INFY ,2020-07-08 00:47:14,9150
INFY ,2020-07-08 01:46:22,9150
INFY ,2020-07-08 02:46:06,9150
INFY ,2020-07-08 03:46:12,9150
INFY ,2020-07-08 04:46:03,9150
INFY ,2020-07-08 05:46:23,9150
INFY ,2020-07-08 06:46:09,9150
INFY ,2020-07-08 07:46:05,9150
INFY ,2020-07-08 08:46:09,9150
INFY ,2020-07-08 11:51:37,9150
INFY ,2020-07-08 11:56:22,9150
INFY ,2020-07-08 11:59:03,9150
INFY ,2020-07-08 13:12:50,9152
INFY ,2020-07-08 13:46:25,9152
INFY ,2020-07-08 14:46:08,9270
INFY ,2020-07-08 15:46:06,9266
INFY ,2020-07-08 16:46:05,9266
INFY ,2020-07-08 17:46:10,9266
INFY ,2020-07-08 18:46:24,9266
INFY ,2020-07-08 19:46:28,9272
INFY ,2020-07-08 20:46:06,9264
INFY ,2020-07-08 21:46:07,9266
INFY ,2020-07-08 22:46:08,9267
INFY ,2020-07-08 23:46:13,9267
INFY ,2020-07-09 00:47:16,9267
INFY ,2020-07-09 01:46:08,9267
INFY ,2020-07-09 18:47:05,9265
INFY ,2020-07-09 18:50:16,9265
INFY ,2020-07-09 19:00:07,9265
INFY ,2020-07-09 19:47:54,9256
INFY ,2020-07-09 20:46:12,9254
INFY ,2020-07-09 21:46:17,9257
INFY ,2020-07-09 22:46:20,9258
INFY ,2020-07-09 23:46:07,9258
INFY ,2020-07-10 00:47:07,9258
INFY ,2020-07-10 01:46:10,9258
INFY ,2020-07-10 02:46:22,9258
INFY ,2020-07-10 03:46:04,9258
INFY ,2020-07-10 04:45:53,9258
INFY ,2020-07-10 05:45:59,9258
INFY ,2020-07-10 06:46:07,9258
INFY ,2020-07-10 07:46:04,9258
INFY ,2020-07-10 08:46:02,9258
INFY ,2020-07-10 11:44:26,9258
INFY ,2020-07-10 11:52:09,9258
INFY ,2020-07-10 11:59:44,9258
INFY ,2020-07-10 13:12:45,9258
INFY ,2020-07-10 13:46:09,9258
INFY ,2020-07-10 14:45:57,9258
INFY ,2020-07-10 15:46:10,9266
INFY ,2020-07-10 16:46:13,9271
INFY ,2020-07-10 17:46:01,9280
INFY ,2020-07-10 18:46:11,9277
INFY ,2020-07-10 19:46:09,9276
INFY ,2020-07-10 20:46:00,9276
INFY ,2020-07-10 21:46:23,9277
INFY ,2020-07-10 22:45:56,9274
INFY ,2020-07-10 23:46:11,9274
INFY ,2020-07-11 00:46:00,9274
INFY ,2020-07-11 01:46:06,9274
INFY ,2020-07-11 02:45:54,9274
INFY ,2020-07-11 03:46:09,9274
INFY ,2020-07-11 04:46:06,9274
INFY ,2020-07-11 05:45:59,9274
INFY ,2020-07-11 06:46:01,9274
INFY ,2020-07-11 07:46:13,9274
INFY ,2020-07-11 08:46:09,9274
INFY ,2020-07-11 11:50:47,9274
INFY ,2020-07-11 11:59:55,9274
INFY ,2020-07-11 12:08:29,9274
INFY ,2020-07-11 12:46:06,9274
INFY ,2020-07-11 13:46:05,9274
INFY ,2020-07-11 14:46:07,9274
INFY ,2020-07-11 15:46:07,9274
INFY ,2020-07-11 16:45:53,9274
INFY ,2020-07-11 17:46:03,9274
INFY ,2020-07-11 18:46:03,9274
INFY ,2020-07-11 19:46:01,9274
INFY ,2020-07-11 20:45:51,9274
INFY ,2020-07-11 21:46:16,9274
INFY ,2020-07-11 22:46:08,9274
INFY ,2020-07-11 23:45:59,9274
INFY ,2020-07-12 00:46:01,9274
INFY ,2020-07-12 01:46:29,9274
INFY ,2020-07-12 02:46:01,9274
INFY ,2020-07-12 03:46:09,9274
INFY ,2020-07-12 04:45:55,9274
INFY ,2020-07-12 05:46:03,9274
INFY ,2020-07-12 06:46:12,9274
INFY ,2020-07-12 07:46:01,9274
INFY ,2020-07-12 08:45:54,9274
INFY ,2020-07-12 11:38:21,9274
INFY ,2020-07-12 11:40:15,9274
INFY ,2020-07-12 11:54:02,9274
INFY ,2020-07-12 12:45:58,9274
INFY ,2020-07-12 13:46:04,9274
INFY ,2020-07-12 14:45:54,9274
INFY ,2020-07-12 15:46:03,9274
INFY ,2020-07-12 16:46:07,9274
INFY ,2020-07-12 17:45:53,9274
INFY ,2020-07-12 18:45:59,9274
INFY ,2020-07-12 19:46:04,9274
INFY ,2020-07-12 20:46:04,9274
INFY ,2020-07-12 21:45:54,9274
INFY ,2020-07-12 22:46:15,9274
INFY ,2020-07-12 23:45:59,9274
INFY ,2020-07-13 00:46:18,9274
INFY ,2020-07-13 01:46:20,9274
INFY ,2020-07-13 02:46:33,9274
INFY ,2020-07-13 03:46:10,9274
INFY ,2020-07-13 04:46:09,9274
INFY ,2020-07-13 05:45:59,9274
INFY ,2020-07-13 06:46:21,9274
INFY ,2020-07-13 07:46:00,9274
INFY ,2020-07-13 08:46:09,9274
INFY ,2020-07-13 12:03:33,9274
INFY ,2020-07-13 12:04:47,9274
INFY ,2020-07-13 12:08:56,9274
INFY ,2020-07-13 12:46:41,9274
INFY ,2020-07-13 13:46:10,9274
INFY ,2020-07-13 14:46:05,9421
INFY ,2020-07-13 15:46:19,9421
INFY ,2020-07-13 16:46:34,9465
INFY ,2020-07-13 17:46:10,9482
INFY ,2020-07-13 18:46:10,9489
INFY ,2020-07-13 19:46:22,9497
INFY ,2020-07-13 20:46:16,9494
INFY ,2020-07-13 21:46:19,9494
INFY ,2020-07-13 22:46:23,9496
INFY ,2020-07-13 23:46:20,9496
INFY ,2020-07-14 00:46:37,9496
INFY ,2020-07-14 01:46:27,9496
INFY ,2020-07-14 02:46:26,9496
INFY ,2020-07-14 03:46:08,9496
INFY ,2020-07-14 04:46:04,9496
INFY ,2020-07-14 05:46:07,9496
INFY ,2020-07-14 06:46:08,9496
INFY ,2020-07-14 07:46:15,9496
INFY ,2020-07-14 08:46:14,9496
INFY ,2020-07-14 12:08:40,9496
INFY ,2020-07-14 12:19:03,9496
INFY ,2020-07-14 12:22:58,9496
INFY ,2020-07-14 12:46:19,9496
INFY ,2020-07-14 13:46:35,9499
INFY ,2020-07-14 14:46:28,9529
INFY ,2020-07-14 15:46:40,9523
INFY ,2020-07-14 16:46:57,9523
INFY ,2020-07-14 17:46:56,9538
INFY ,2020-07-14 18:46:35,9562
INFY ,2020-07-14 19:46:21,9575
INFY ,2020-07-14 20:46:24,9601
INFY ,2020-07-14 21:46:22,9611
INFY ,2020-07-14 22:46:30,9616
INFY ,2020-07-14 23:46:31,9616
INFY ,2020-07-15 00:46:44,9616
INFY ,2020-07-15 01:46:34,9616
INFY ,2020-07-15 02:31:14,9616
INFY ,2020-07-15 02:38:56,9616
INFY ,2020-07-15 02:46:36,9616
INFY ,2020-07-15 02:54:24,9616
INFY ,2020-07-15 03:15:58,9616
INFY ,2020-07-15 03:23:48,9616
INFY ,2020-07-15 03:31:41,9616
INFY ,2020-07-15 03:39:24,9616
INFY ,2020-07-15 03:47:08,9616
INFY ,2020-07-15 03:54:52,9616
INFY ,2020-07-15 04:02:40,9616
INFY ,2020-07-15 04:10:28,9616
INFY ,2020-07-15 04:18:12,9616
INFY ,2020-07-15 04:25:57,9616
INFY ,2020-07-15 04:33:50,9616
INFY ,2020-07-15 04:41:35,9616
INFY ,2020-07-15 04:49:17,9616
INFY ,2020-07-15 04:57:09,9616
INFY ,2020-07-15 05:05:23,9616
INFY ,2020-07-15 05:13:04,9616
INFY ,2020-07-15 12:19:36,9616
INFY ,2020-07-15 12:27:52,9616
INFY ,2020-07-15 12:35:49,9616
INFY ,2020-07-15 12:43:40,9616
INFY ,2020-07-15 12:51:36,9616
INFY ,2020-07-15 12:59:28,9616
INFY ,2020-07-15 13:07:30,9599
INFY ,2020-07-15 13:15:47,9599
INFY ,2020-07-15 13:23:49,9599
INFY ,2020-07-15 13:32:01,9599
INFY ,2020-07-15 13:39:58,9599
INFY ,2020-07-15 13:48:02,9599
INFY ,2020-07-15 13:55:58,9599
INFY ,2020-07-15 14:03:59,9599
INFY ,2020-07-15 14:12:06,9671
INFY ,2020-07-15 14:20:05,9671
INFY ,2020-07-15 14:28:08,9671
INFY ,2020-07-15 14:36:08,9671
INFY ,2020-07-15 14:46:02,9671
INFY ,2020-07-15 14:55:57,9671
INFY ,2020-07-15 15:06:04,9671
INFY ,2020-07-15 15:16:05,9837
INFY ,2020-07-15 15:26:00,9837
INFY ,2020-07-15 15:35:56,9837
INFY ,2020-07-15 15:46:05,9837
INFY ,2020-07-15 15:56:13,9837
INFY ,2020-07-15 16:06:14,9859
INFY ,2020-07-15 16:16:18,9859
INFY ,2020-07-15 16:26:22,9859
INFY ,2020-07-15 16:36:34,9859
INFY ,2020-07-15 16:46:47,9859
INFY ,2020-07-15 16:56:52,9859
INFY ,2020-07-15 17:07:03,9859
INFY ,2020-07-15 17:14:13,9874
INFY ,2020-07-15 17:22:07,9874
INFY ,2020-07-15 17:29:50,9874
INFY ,2020-07-15 17:37:38,9874
INFY ,2020-07-15 17:45:25,9874
INFY ,2020-07-15 17:53:11,9874
INFY ,2020-07-15 18:01:14,9874
INFY ,2020-07-15 18:09:08,9876
INFY ,2020-07-15 18:17:03,9876
INFY ,2020-07-15 18:24:56,9876
INFY ,2020-07-15 18:32:51,9876
INFY ,2020-07-15 18:40:54,9876
INFY ,2020-07-15 18:49:00,9876
INFY ,2020-07-15 18:56:58,9876
INFY ,2020-07-15 19:05:16,9876
INFY ,2020-07-15 19:13:13,9899
INFY ,2020-07-15 19:21:03,9899
INFY ,2020-07-15 19:28:54,9899
INFY ,2020-07-15 19:39:00,9899
INFY ,2020-07-15 19:48:52,9899
INFY ,2020-07-15 19:58:43,9899
INFY ,2020-07-15 20:08:41,9899
INFY ,2020-07-15 20:18:45,9905
INFY ,2020-07-15 20:28:40,9905
INFY ,2020-07-15 20:38:28,9905
INFY ,2020-07-15 20:48:15,9905
INFY ,2020-07-15 20:57:59,9905
INFY ,2020-07-15 21:07:51,9905
INFY ,2020-07-15 21:17:39,9906
INFY ,2020-07-15 21:27:23,9906
INFY ,2020-07-15 21:37:53,9906
INFY ,2020-07-15 21:47:52,9906
INFY ,2020-07-15 21:58:04,9906
INFY ,2020-07-15 22:08:02,9908
INFY ,2020-07-15 22:17:56,9908
INFY ,2020-07-15 22:27:46,9908
INFY ,2020-07-15 22:37:31,9908
INFY ,2020-07-15 22:47:15,9908
INFY ,2020-07-15 22:58:43,9908
INFY ,2020-07-15 23:08:14,9908
INFY ,2020-07-15 23:16:54,9908
INFY ,2020-07-15 23:26:42,9908
INFY ,2020-07-15 23:36:31,9908
INFY ,2020-07-15 23:46:17,9908
INFY ,2020-07-15 23:56:08,9908
INFY ,2020-07-16 00:06:43,9908
INFY ,2020-07-16 00:17:01,9908
INFY ,2020-07-16 00:27:29,9908
INFY ,2020-07-16 00:37:47,9908
INFY ,2020-07-16 00:47:42,9908
INFY ,2020-07-16 00:57:30,9908
INFY ,2020-07-16 01:07:22,9908
INFY ,2020-07-16 01:17:17,9908
INFY ,2020-07-16 01:27:11,9908
INFY ,2020-07-16 01:36:56,9908
INFY ,2020-07-16 01:46:42,9908
INFY ,2020-07-16 01:56:34,9908
INFY ,2020-07-16 02:06:29,9908
INFY ,2020-07-16 02:16:33,9908
INFY ,2020-07-16 02:26:56,9908
INFY ,2020-07-16 02:36:56,9908
INFY ,2020-07-16 02:47:07,9908
INFY ,2020-07-16 03:01:11,9908
INFY ,2020-07-16 03:03:07,9908
INFY ,2020-07-16 03:17:45,9908
INFY ,2020-07-16 03:27:53,9908
INFY ,2020-07-16 03:37:56,9908
INFY ,2020-07-16 03:47:56,9908
INFY ,2020-07-16 03:58:09,9908
INFY ,2020-07-16 04:08:33,9908
INFY ,2020-07-16 04:18:31,9908
INFY ,2020-07-16 04:28:27,9908
INFY ,2020-07-16 04:38:23,9908
INFY ,2020-07-16 04:48:16,9908
INFY ,2020-07-16 04:58:11,9908
INFY ,2020-07-16 05:08:07,9908
INFY ,2020-07-16 05:18:01,9909
INFY ,2020-07-16 05:27:53,9909
INFY ,2020-07-16 05:40:22,9909
INFY ,2020-07-16 05:51:44,9909
INFY ,2020-07-16 06:01:43,9909
INFY ,2020-07-16 06:11:35,9909
INFY ,2020-07-16 06:19:38,9909
INFY ,2020-07-16 06:28:34,9909
INFY ,2020-07-16 06:37:45,9909
INFY ,2020-07-16 06:47:10,9909
INFY ,2020-07-16 07:04:36,9909
INFY ,2020-07-16 07:06:24,9909
INFY ,2020-07-16 07:12:12,9909
INFY ,2020-07-16 07:29:35,9909
INFY ,2020-07-16 07:44:11,9909
INFY ,2020-07-16 08:00:30,9909
INFY ,2020-07-16 08:11:39,9909
INFY ,2020-07-16 08:21:19,9909
INFY ,2020-07-16 08:30:36,9909
INFY ,2020-07-16 08:40:26,9909
INFY ,2020-07-16 08:49:15,9909
INFY ,2020-07-16 08:58:28,9909
INFY ,2020-07-16 09:08:10,9909
INFY ,2020-07-16 09:18:11,9909
INFY ,2020-07-16 09:28:12,9909
INFY ,2020-07-16 09:37:50,9909
INFY ,2020-07-16 09:46:45,9909
INFY ,2020-07-16 09:55:27,9909
INFY ,2020-07-16 10:04:30,9909
INFY ,2020-07-16 10:13:26,9909
INFY ,2020-07-16 10:21:57,9909
INFY ,2020-07-16 10:30:17,9909
INFY ,2020-07-16 10:38:43,9909
INFY ,2020-07-16 10:49:12,9909
INFY ,2020-07-16 10:59:40,9909
INFY ,2020-07-16 11:11:01,9909
INFY ,2020-07-16 11:21:41,9909
INFY ,2020-07-16 11:32:11,9909
INFY ,2020-07-16 11:42:37,9909
INFY ,2020-07-16 11:53:29,9909
INFY ,2020-07-16 12:05:10,9909
INFY ,2020-07-16 12:16:44,9909
INFY ,2020-07-16 12:27:44,9909
INFY ,2020-07-16 12:38:58,9909
INFY ,2020-07-16 12:50:07,9909
INFY ,2020-07-16 13:01:17,9909
INFY ,2020-07-16 13:12:55,9908
INFY ,2020-07-16 13:24:35,9908
INFY ,2020-07-16 13:36:36,9908
INFY ,2020-07-16 13:47:58,9908
INFY ,2020-07-16 13:58:33,9908
INFY ,2020-07-16 14:09:53,9963
INFY ,2020-07-16 14:21:05,9963
INFY ,2020-07-16 14:34:07,9963
INFY ,2020-07-16 14:44:22,9963
INFY ,2020-07-16 14:53:30,9963
INFY ,2020-07-16 15:04:31,9963
INFY ,2020-07-16 15:15:44,9963
INFY ,2020-07-16 16:59:04,9957
INFY ,2020-07-16 17:07:22,9957
INFY ,2020-07-16 17:15:40,9957
INFY ,2020-07-16 17:23:47,9962
INFY ,2020-07-16 17:31:57,9962
INFY ,2020-07-16 17:40:09,9962
INFY ,2020-07-16 17:48:17,9962
INFY ,2020-07-16 17:56:20,9962
INFY ,2020-07-16 18:04:35,9962
INFY ,2020-07-16 18:12:49,9962
INFY ,2020-07-16 18:21:04,9962
INFY ,2020-07-16 18:29:10,9973
INFY ,2020-07-16 18:37:19,9973
INFY ,2020-07-16 18:45:27,9973
INFY ,2020-07-16 18:53:47,9973
INFY ,2020-07-16 19:01:58,9973
INFY ,2020-07-16 19:10:01,9976
INFY ,2020-07-16 19:18:11,9976
INFY ,2020-07-16 19:28:15,9976
INFY ,2020-07-16 19:38:23,9976
INFY ,2020-07-16 19:48:29,9976
INFY ,2020-07-16 19:58:31,9976
INFY ,2020-07-16 20:08:38,9980
INFY ,2020-07-16 20:18:39,9980
INFY ,2020-07-16 20:28:38,9980
INFY ,2020-07-16 20:38:42,9980
INFY ,2020-07-16 20:48:46,9980
INFY ,2020-07-16 20:58:48,9980
INFY ,2020-07-16 21:08:56,9984
INFY ,2020-07-16 21:19:00,9984
INFY ,2020-07-16 21:29:23,9984
INFY ,2020-07-16 21:39:32,9984
INFY ,2020-07-16 21:49:34,9984
INFY ,2020-07-16 21:59:36,9984
INFY ,2020-07-16 22:09:46,9984
INFY ,2020-07-16 22:19:47,9984
INFY ,2020-07-16 22:29:48,9988
INFY ,2020-07-16 22:39:51,9988
INFY ,2020-07-16 22:51:37,9988
INFY ,2020-07-16 23:01:09,9988
INFY ,2020-07-16 23:09:57,9988
INFY ,2020-07-16 23:19:56,9988
INFY ,2020-07-16 23:29:57,9988
INFY ,2020-07-16 23:39:56,9988
INFY ,2020-07-16 23:49:53,9988
INFY ,2020-07-17 00:00:00,9988
INFY ,2020-07-17 00:11:02,9988
INFY ,2020-07-17 00:21:34,9988
INFY ,2020-07-17 00:32:06,9988
INFY ,2020-07-17 00:42:36,9988
INFY ,2020-07-17 00:52:43,9988
INFY ,2020-07-17 01:03:02,9988
INFY ,2020-07-17 01:13:10,9988
INFY ,2020-07-17 01:23:13,9988
INFY ,2020-07-17 01:33:13,9988
INFY ,2020-07-17 01:43:16,9988
INFY ,2020-07-17 01:53:18,9988
INFY ,2020-07-17 02:03:25,9988
INFY ,2020-07-17 02:13:28,9988
INFY ,2020-07-17 02:23:34,9988
INFY ,2020-07-17 02:33:32,9988
INFY ,2020-07-17 02:43:29,9988
INFY ,2020-07-17 02:57:24,9988
INFY ,2020-07-17 02:59:19,9988
INFY ,2020-07-17 03:13:36,9988
INFY ,2020-07-17 03:23:39,9988
INFY ,2020-07-17 03:33:46,9988
INFY ,2020-07-17 03:43:49,9988
INFY ,2020-07-17 03:53:57,9988
INFY ,2020-07-17 04:04:09,9988
INFY ,2020-07-17 04:14:18,9988
INFY ,2020-07-17 04:24:24,9988
INFY ,2020-07-17 04:34:29,9988
INFY ,2020-07-17 04:44:31,9988
INFY ,2020-07-17 04:54:34,9988
INFY ,2020-07-17 05:04:43,9988
INFY ,2020-07-17 05:14:48,9988
INFY ,2020-07-17 05:24:52,9988
INFY ,2020-07-17 05:34:52,9988
INFY ,2020-07-17 05:44:53,9988
INFY ,2020-07-17 05:54:52,9988
INFY ,2020-07-17 06:05:03,9988
INFY ,2020-07-17 06:13:13,9988
INFY ,2020-07-17 06:21:20,9988
INFY ,2020-07-17 06:29:36,9988
INFY ,2020-07-17 06:37:47,9988
INFY ,2020-07-17 06:52:19,9988
INFY ,2020-07-17 06:53:37,9988
INFY ,2020-07-17 06:57:58,9988
INFY ,2020-07-17 07:11:05,9988
INFY ,2020-07-17 07:19:14,9988
INFY ,2020-07-17 07:27:21,9988
INFY ,2020-07-17 07:35:30,9988
INFY ,2020-07-17 07:43:34,9988
INFY ,2020-07-17 07:51:39,9988
INFY ,2020-07-17 07:59:44,9988
INFY ,2020-07-17 08:08:11,9988
INFY ,2020-07-17 08:16:44,9988
INFY ,2020-07-17 08:25:14,9988
INFY ,2020-07-17 08:33:46,9988
INFY ,2020-07-17 08:42:17,9988
INFY ,2020-07-17 08:50:27,9988
INFY ,2020-07-17 08:58:37,9988
INFY ,2020-07-17 09:06:55,9988
INFY ,2020-07-17 09:15:05,9988
INFY ,2020-07-17 09:23:09,9988
INFY ,2020-07-17 09:31:18,9988
INFY ,2020-07-17 09:39:19,9988
INFY ,2020-07-17 09:47:21,9988
INFY ,2020-07-17 09:55:34,9988
INFY ,2020-07-17 10:05:08,9988
INFY ,2020-07-17 10:15:50,9988
INFY ,2020-07-17 10:19:53,9988
INFY ,2020-07-17 10:27:56,9988
INFY ,2020-07-17 10:37:58,9988
INFY ,2020-07-17 10:48:02,9988
INFY ,2020-07-17 10:58:19,9988
INFY ,2020-07-17 11:08:39,9988
INFY ,2020-07-17 11:18:45,9988
INFY ,2020-07-17 11:28:51,9988
INFY ,2020-07-17 11:38:58,9988
INFY ,2020-07-17 11:49:01,9988
INFY ,2020-07-17 11:59:10,9988
INFY ,2020-07-17 12:09:36,9988
INFY ,2020-07-17 12:19:56,9988
INFY ,2020-07-17 12:30:04,9988
INFY ,2020-07-17 12:40:11,9988
INFY ,2020-07-17 12:50:13,9988
INFY ,2020-07-17 13:00:36,9988
INFY ,2020-07-17 13:11:19,9987
INFY ,2020-07-17 13:21:43,9987
INFY ,2020-07-17 13:30:09,9987
INFY ,2020-07-17 13:38:44,9987
INFY ,2020-07-17 13:46:56,9987
INFY ,2020-07-17 13:55:06,9987
INFY ,2020-07-17 14:04:07,9987
INFY ,2020-07-17 14:12:32,9987
INFY ,2020-07-17 14:20:55,9987
INFY ,2020-07-17 14:29:15,9987
INFY ,2020-07-17 14:37:30,9987
INFY ,2020-07-17 14:45:33,9987
INFY ,2020-07-17 14:53:41,9987
INFY ,2020-07-17 15:02:33,9987
INFY ,2020-07-17 15:11:22,9970
INFY ,2020-07-17 15:20:10,9970
INFY ,2020-07-17 15:28:41,9970
INFY ,2020-07-17 15:37:11,9970
INFY ,2020-07-17 15:45:38,9970
INFY ,2020-07-17 15:53:55,9970
INFY ,2020-07-17 16:00:26,9970
INFY ,2020-07-17 16:09:22,9976
INFY ,2020-07-17 16:16:47,9976
INFY ,2020-07-17 16:25:36,9976
INFY ,2020-07-17 16:34:17,9976
INFY ,2020-07-17 16:42:49,9976
INFY ,2020-07-17 16:51:19,9976
INFY ,2020-07-17 17:04:22,9994
INFY ,2020-07-17 17:12:31,9994
INFY ,2020-07-17 17:21:04,9994
INFY ,2020-07-17 17:29:26,9994
INFY ,2020-07-17 17:37:54,9994
INFY ,2020-07-17 17:46:23,9994
INFY ,2020-07-17 17:54:47,9994
INFY ,2020-07-17 18:03:33,9996
INFY ,2020-07-17 18:12:13,9996
INFY ,2020-07-17 18:20:47,9996
INFY ,2020-07-17 18:29:12,9996
INFY ,2020-07-17 18:37:46,9996
INFY ,2020-07-17 18:46:15,9996
INFY ,2020-07-17 18:54:31,9996
INFY ,2020-07-17 19:06:56,9996
INFY ,2020-07-17 19:15:52,9995
INFY ,2020-07-17 19:24:12,9995
INFY ,2020-07-17 19:32:24,9995
INFY ,2020-07-17 19:44:07,9995
INFY ,2020-07-17 19:52:10,9995
INFY ,2020-07-17 20:00:17,9995
INFY ,2020-07-17 20:08:28,9996
INFY ,2020-07-17 20:16:32,9996
INFY ,2020-07-17 20:24:30,9996
INFY ,2020-07-17 20:32:33,9996
INFY ,2020-07-17 20:40:36,9996
INFY ,2020-07-17 20:48:34,9996
INFY ,2020-07-17 20:56:38,9996
INFY ,2020-07-17 21:04:54,9996
INFY ,2020-07-17 21:13:01,9997
INFY ,2020-07-17 21:20:58,9997
INFY ,2020-07-17 21:28:55,9997
INFY ,2020-07-17 21:37:01,9997
INFY ,2020-07-17 21:45:01,9997
INFY ,2020-07-17 21:53:09,9997
INFY ,2020-07-17 22:01:21,9997
INFY ,2020-07-17 22:11:41,9997
INFY ,2020-07-17 22:21:50,9997
INFY ,2020-07-17 22:31:55,9997
INFY ,2020-07-17 22:42:19,9997
INFY ,2020-07-17 22:52:48,9997
INFY ,2020-07-17 23:03:33,9997
INFY ,2020-07-17 23:13:58,9997
INFY ,2020-07-17 23:24:06,9997
INFY ,2020-07-17 23:34:10,9997
INFY ,2020-07-17 23:44:14,9997
INFY ,2020-07-17 23:54:25,9997
INFY ,2020-07-18 00:06:17,9997
INFY ,2020-07-18 00:17:36,9997
INFY ,2020-07-18 00:28:08,9997
INFY ,2020-07-18 00:38:40,9997
INFY ,2020-07-18 00:49:16,9997
INFY ,2020-07-18 00:59:26,9997
INFY ,2020-07-18 01:09:40,9997
INFY ,2020-07-18 01:19:47,9997
INFY ,2020-07-18 01:29:54,9997
INFY ,2020-07-18 01:41:48,9997
INFY ,2020-07-18 01:51:16,9997
INFY ,2020-07-18 02:00:06,9997
INFY ,2020-07-18 02:10:13,9997
INFY ,2020-07-18 02:20:17,9997
INFY ,2020-07-18 02:30:15,9997
INFY ,2020-07-18 02:40:13,9997
INFY ,2020-07-18 02:50:13,9997
INFY ,2020-07-18 03:00:15,9997
INFY ,2020-07-18 03:10:33,9997
INFY ,2020-07-18 03:20:41,9997
INFY ,2020-07-18 03:30:48,9997
INFY ,2020-07-18 03:40:56,9997
INFY ,2020-07-18 03:51:09,9997
INFY ,2020-07-18 04:01:29,9997
INFY ,2020-07-18 04:12:03,9997
INFY ,2020-07-18 04:22:35,9997
INFY ,2020-07-18 04:32:47,9997
INFY ,2020-07-18 04:42:50,9997
INFY ,2020-07-18 04:52:52,9997
INFY ,2020-07-18 05:03:20,9997
INFY ,2020-07-18 05:13:55,9997
INFY ,2020-07-18 05:24:12,9997
INFY ,2020-07-18 05:34:17,9997
INFY ,2020-07-18 05:48:12,9997
INFY ,2020-07-18 05:50:09,9997
INFY ,2020-07-18 06:04:36,9997
INFY ,2020-07-18 06:14:52,9997
INFY ,2020-07-18 08:38:51,9995
INFY ,2020-07-18 08:47:01,9995
INFY ,2020-07-18 08:55:03,9995
INFY ,2020-07-18 09:03:12,9995
INFY ,2020-07-18 09:11:11,9995
INFY ,2020-07-18 09:19:09,9995
INFY ,2020-07-18 09:27:10,9995
INFY ,2020-07-18 09:35:13,9995
INFY ,2020-07-18 09:43:13,9995
INFY ,2020-07-18 09:51:13,9995
INFY ,2020-07-18 09:59:16,9995
INFY ,2020-07-18 10:07:21,9995
INFY ,2020-07-18 10:15:24,9995
INFY ,2020-07-18 10:23:23,9995
INFY ,2020-07-18 10:31:32,9995
INFY ,2020-07-18 10:39:29,9995
INFY ,2020-07-18 10:47:23,9995
INFY ,2020-07-18 10:55:21,9995
INFY ,2020-07-18 11:05:24,9995
INFY ,2020-07-18 11:15:23,9995
INFY ,2020-07-18 11:25:21,9995
INFY ,2020-07-18 11:35:21,9995
INFY ,2020-07-18 11:45:18,9995
INFY ,2020-07-18 11:55:16,9995
INFY ,2020-07-18 12:05:26,9995
INFY ,2020-07-18 12:15:35,9995
INFY ,2020-07-18 12:25:38,9995
INFY ,2020-07-18 12:35:41,9995
INFY ,2020-07-18 12:45:40,9995
INFY ,2020-07-18 12:55:47,9995
INFY ,2020-07-18 13:06:02,9995
INFY ,2020-07-18 13:16:14,9995
INFY ,2020-07-18 13:26:19,9995
INFY ,2020-07-18 13:36:17,9995
INFY ,2020-07-18 13:46:13,9995
INFY ,2020-07-18 13:56:10,9995
INFY ,2020-07-18 14:06:07,9995
INFY ,2020-07-18 14:16:05,9995
INFY ,2020-07-18 14:27:48,9995
INFY ,2020-07-18 14:37:19,9995
INFY ,2020-07-18 14:46:04,9995
INFY ,2020-07-18 14:56:04,9995
INFY ,2020-07-18 15:06:12,9995
INFY ,2020-07-18 15:16:16,9995
INFY ,2020-07-18 15:26:15,9995
INFY ,2020-07-18 15:36:14,9995
INFY ,2020-07-18 15:46:14,9995
INFY ,2020-07-18 15:56:12,9995
INFY ,2020-07-18 16:06:14,9995
INFY ,2020-07-18 16:16:14,9995
INFY ,2020-07-18 16:26:15,9995
INFY ,2020-07-18 16:36:17,9995
INFY ,2020-07-18 16:46:14,9995
INFY ,2020-07-18 16:56:13,9995
INFY ,2020-07-18 17:06:19,9995
INFY ,2020-07-18 17:16:22,9995
INFY ,2020-07-18 17:26:21,9995
INFY ,2020-07-18 17:36:20,9995
INFY ,2020-07-18 17:46:17,9995
INFY ,2020-07-18 17:56:14,9995
INFY ,2020-07-18 18:06:16,9995
INFY ,2020-07-18 18:16:17,9995
INFY ,2020-07-18 18:30:05,9995
INFY ,2020-07-18 18:32:01,9995
INFY ,2020-07-18 18:46:08,9995
INFY ,2020-07-18 18:56:06,9995
INFY ,2020-07-18 19:06:27,9995
INFY ,2020-07-18 19:16:35,9995
INFY ,2020-07-18 19:26:32,9995
INFY ,2020-07-18 19:36:50,9995
