Ticker,timestamp,users_holding
MLR ,2018-05-02 04:53:32,100
MLR ,2018-05-02 06:38:44,100
MLR ,2018-05-03 00:35:08,100
MLR ,2018-05-03 06:33:37,100
MLR ,2018-05-03 06:48:40,100
MLR ,2018-05-03 07:06:47,100
MLR ,2018-05-03 07:34:04,100
MLR ,2018-05-03 07:43:18,100
MLR ,2018-05-03 11:19:29,100
MLR ,2018-05-03 12:42:53,100
MLR ,2018-05-03 13:42:53,100
MLR ,2018-05-03 14:42:54,101
MLR ,2018-05-03 15:42:54,101
MLR ,2018-05-03 16:42:54,101
MLR ,2018-05-03 17:42:54,101
MLR ,2018-05-03 18:42:53,101
MLR ,2018-05-03 19:42:53,101
MLR ,2018-05-03 20:42:53,102
MLR ,2018-05-03 21:42:53,102
MLR ,2018-05-03 22:42:54,102
MLR ,2018-05-03 23:42:53,102
MLR ,2018-05-04 00:42:53,102
MLR ,2018-05-04 01:42:54,102
MLR ,2018-05-04 02:42:54,102
MLR ,2018-05-04 03:42:53,102
MLR ,2018-05-04 04:42:53,102
MLR ,2018-05-04 05:42:53,102
MLR ,2018-05-04 06:42:53,102
MLR ,2018-05-04 07:42:53,102
MLR ,2018-05-04 08:42:54,102
MLR ,2018-05-04 09:42:54,102
MLR ,2018-05-04 10:42:54,102
MLR ,2018-05-04 11:42:53,102
MLR ,2018-05-04 12:42:53,102
MLR ,2018-05-04 20:47:37,103
MLR ,2018-05-04 20:53:37,103
MLR ,2018-05-04 20:59:36,103
MLR ,2018-05-04 21:05:36,103
MLR ,2018-05-04 21:11:36,103
MLR ,2018-05-04 21:17:36,103
MLR ,2018-05-04 21:23:36,103
MLR ,2018-05-04 21:29:36,103
MLR ,2018-05-04 21:42:53,103
MLR ,2018-05-04 22:42:53,103
MLR ,2018-05-04 23:42:53,103
MLR ,2018-05-05 00:42:52,103
MLR ,2018-05-05 01:42:54,103
MLR ,2018-05-05 02:42:53,103
MLR ,2018-05-05 03:42:53,103
MLR ,2018-05-05 04:42:53,103
MLR ,2018-05-05 05:42:52,103
MLR ,2018-05-05 06:42:54,103
MLR ,2018-05-05 07:42:54,103
MLR ,2018-05-05 08:42:54,103
MLR ,2018-05-05 09:42:52,103
MLR ,2018-05-05 10:42:54,103
MLR ,2018-05-05 11:42:53,103
MLR ,2018-05-05 12:42:54,103
MLR ,2018-05-05 13:42:54,103
MLR ,2018-05-05 14:42:54,103
MLR ,2018-05-05 15:42:54,103
MLR ,2018-05-05 16:42:54,103
MLR ,2018-05-05 17:42:54,103
MLR ,2018-05-05 18:42:53,103
MLR ,2018-05-05 19:42:53,103
MLR ,2018-05-05 20:42:54,103
MLR ,2018-05-05 21:42:52,103
MLR ,2018-05-05 22:42:53,103
MLR ,2018-05-05 23:42:53,103
MLR ,2018-05-06 00:42:53,103
MLR ,2018-05-06 01:42:53,103
MLR ,2018-05-06 02:42:53,103
MLR ,2018-05-06 03:42:53,103
MLR ,2018-05-06 04:42:53,103
MLR ,2018-05-06 05:42:53,103
MLR ,2018-05-06 06:42:53,103
MLR ,2018-05-06 07:42:57,103
MLR ,2018-05-06 08:42:52,103
MLR ,2018-05-06 09:42:53,103
MLR ,2018-05-06 10:42:52,103
MLR ,2018-05-06 11:42:54,103
MLR ,2018-05-06 12:42:52,103
MLR ,2018-05-06 13:42:54,103
MLR ,2018-05-06 14:42:53,103
MLR ,2018-05-06 15:42:53,103
MLR ,2018-05-06 16:42:53,103
MLR ,2018-05-06 17:42:53,103
MLR ,2018-05-06 18:42:54,103
MLR ,2018-05-06 19:42:53,103
MLR ,2018-05-06 20:42:54,103
MLR ,2018-05-06 21:42:54,103
MLR ,2018-05-06 22:42:53,103
MLR ,2018-05-06 23:42:53,103
MLR ,2018-05-07 00:42:53,103
MLR ,2018-05-07 01:42:53,103
MLR ,2018-05-07 01:56:29,103
MLR ,2018-05-07 02:42:54,103
MLR ,2018-05-07 03:42:53,103
MLR ,2018-05-07 04:42:53,103
MLR ,2018-05-07 05:42:53,103
MLR ,2018-05-07 06:42:52,103
MLR ,2018-05-07 07:42:53,103
MLR ,2018-05-07 08:42:55,103
MLR ,2018-05-07 09:42:52,103
MLR ,2018-05-07 10:42:53,103
MLR ,2018-05-07 11:42:53,103
MLR ,2018-05-07 12:42:52,103
MLR ,2018-05-07 13:43:02,103
MLR ,2018-05-07 14:42:54,103
MLR ,2018-05-07 15:42:55,103
MLR ,2018-05-07 16:42:57,103
MLR ,2018-05-07 22:42:54,100
MLR ,2018-05-07 23:42:54,100
MLR ,2018-05-08 00:42:55,100
MLR ,2018-05-08 01:42:57,100
MLR ,2018-05-08 02:42:54,100
MLR ,2018-05-08 03:42:54,100
MLR ,2018-05-08 04:42:54,100
MLR ,2018-05-08 05:42:53,100
MLR ,2018-05-08 06:42:54,100
MLR ,2018-05-08 07:42:54,100
MLR ,2018-05-08 08:42:54,100
MLR ,2018-05-08 09:42:53,100
MLR ,2018-05-08 10:42:53,100
MLR ,2018-05-08 11:42:53,100
MLR ,2018-05-08 12:42:53,100
MLR ,2018-05-08 13:42:54,100
MLR ,2018-05-08 14:42:54,100
MLR ,2018-05-08 15:42:53,101
MLR ,2018-05-08 16:42:53,101
MLR ,2018-05-08 17:42:53,101
MLR ,2018-05-08 18:42:54,101
MLR ,2018-05-08 19:42:54,101
MLR ,2018-05-08 20:42:53,101
MLR ,2018-05-08 21:42:53,101
MLR ,2018-05-08 22:42:54,101
MLR ,2018-05-08 23:42:58,101
MLR ,2018-05-09 00:42:54,101
MLR ,2018-05-09 01:42:54,101
MLR ,2018-05-09 02:42:53,101
MLR ,2018-05-09 03:42:53,101
MLR ,2018-05-09 04:42:54,101
MLR ,2018-05-09 05:42:54,101
MLR ,2018-05-09 06:42:54,101
MLR ,2018-05-09 07:42:53,101
MLR ,2018-05-09 08:42:54,101
MLR ,2018-05-09 09:42:53,101
MLR ,2018-05-09 10:42:53,101
MLR ,2018-05-09 11:42:54,101
MLR ,2018-05-09 12:42:53,101
MLR ,2018-05-09 13:42:55,101
MLR ,2018-05-09 14:42:53,101
MLR ,2018-05-09 15:42:53,101
MLR ,2018-05-09 16:42:53,101
MLR ,2018-05-09 17:42:55,101
MLR ,2018-05-09 18:42:53,101
MLR ,2018-05-09 19:42:54,100
MLR ,2018-05-09 20:42:52,100
MLR ,2018-05-09 21:42:54,100
MLR ,2018-05-09 22:42:53,100
MLR ,2018-05-09 23:42:53,100
MLR ,2018-05-10 00:42:54,100
MLR ,2018-05-10 01:42:54,100
MLR ,2018-05-10 02:42:55,100
MLR ,2018-05-10 03:42:55,100
MLR ,2018-05-10 04:42:55,100
MLR ,2018-05-10 05:42:55,100
MLR ,2018-05-10 06:42:55,100
MLR ,2018-05-10 07:42:56,100
MLR ,2018-05-10 08:42:55,100
MLR ,2018-05-10 09:42:54,100
MLR ,2018-05-10 10:42:55,100
MLR ,2018-05-10 11:42:55,100
MLR ,2018-05-10 12:42:55,100
MLR ,2018-05-10 13:43:04,100
MLR ,2018-05-10 14:42:55,100
MLR ,2018-05-10 15:42:56,100
MLR ,2018-05-10 16:42:55,100
MLR ,2018-05-10 17:42:55,100
MLR ,2018-05-10 18:42:55,99
MLR ,2018-05-10 19:42:56,99
MLR ,2018-05-10 20:42:55,99
MLR ,2018-05-10 21:42:55,99
MLR ,2018-05-10 22:42:55,99
MLR ,2018-05-10 23:42:55,99
MLR ,2018-05-11 00:42:55,99
MLR ,2018-05-11 01:42:56,99
MLR ,2018-05-11 02:42:55,99
MLR ,2018-05-11 03:42:55,99
MLR ,2018-05-11 04:42:55,99
MLR ,2018-05-11 05:42:56,99
MLR ,2018-05-11 06:42:54,99
MLR ,2018-05-11 07:42:55,99
MLR ,2018-05-11 08:42:55,99
MLR ,2018-05-11 09:42:54,99
MLR ,2018-05-11 10:42:54,99
MLR ,2018-05-11 11:42:55,99
MLR ,2018-05-11 12:42:54,99
MLR ,2018-05-11 13:42:56,99
MLR ,2018-05-11 14:42:55,101
MLR ,2018-05-11 15:42:56,101
MLR ,2018-05-11 16:42:55,101
MLR ,2018-05-11 17:42:55,101
MLR ,2018-05-11 18:42:55,102
MLR ,2018-05-11 19:42:55,102
MLR ,2018-05-11 20:42:54,102
MLR ,2018-05-11 21:42:55,102
MLR ,2018-05-11 22:42:54,102
MLR ,2018-05-11 23:42:54,102
MLR ,2018-05-12 00:42:55,102
MLR ,2018-05-12 01:42:55,102
MLR ,2018-05-12 02:42:56,102
MLR ,2018-05-12 03:42:55,102
MLR ,2018-05-12 04:42:55,102
MLR ,2018-05-12 05:42:55,102
MLR ,2018-05-12 06:42:55,102
MLR ,2018-05-12 07:42:55,102
MLR ,2018-05-12 08:42:55,102
MLR ,2018-05-12 09:42:55,102
MLR ,2018-05-12 10:42:55,102
MLR ,2018-05-12 11:42:55,102
MLR ,2018-05-12 12:42:55,102
MLR ,2018-05-12 13:42:56,102
MLR ,2018-05-12 14:42:55,102
MLR ,2018-05-12 15:42:56,102
MLR ,2018-05-12 16:42:54,102
MLR ,2018-05-12 17:42:55,102
MLR ,2018-05-12 18:42:54,102
MLR ,2018-05-12 19:42:56,102
MLR ,2018-05-12 20:42:55,102
MLR ,2018-05-12 21:42:54,102
MLR ,2018-05-12 22:42:54,102
MLR ,2018-05-12 23:42:55,102
MLR ,2018-05-13 00:42:55,102
MLR ,2018-05-13 01:42:55,102
MLR ,2018-05-13 02:42:54,102
MLR ,2018-05-13 03:42:54,102
MLR ,2018-05-13 04:42:55,102
MLR ,2018-05-13 05:42:55,102
MLR ,2018-05-13 06:42:56,102
MLR ,2018-05-13 07:42:55,102
MLR ,2018-05-13 08:42:54,102
MLR ,2018-05-13 09:42:55,102
MLR ,2018-05-13 10:42:54,102
MLR ,2018-05-13 11:42:54,102
MLR ,2018-05-13 12:42:55,102
MLR ,2018-05-13 13:42:55,102
MLR ,2018-05-13 14:42:54,102
MLR ,2018-05-13 15:42:55,102
MLR ,2018-05-13 16:42:55,102
MLR ,2018-05-13 17:42:55,102
MLR ,2018-05-13 18:42:55,102
MLR ,2018-05-13 19:42:54,102
MLR ,2018-05-13 20:42:55,102
MLR ,2018-05-13 21:42:55,102
MLR ,2018-05-13 22:42:56,102
MLR ,2018-05-13 23:42:56,102
MLR ,2018-05-14 00:42:55,102
MLR ,2018-05-14 01:42:55,102
MLR ,2018-05-14 02:42:55,102
MLR ,2018-05-14 03:42:55,102
MLR ,2018-05-14 04:42:56,102
MLR ,2018-05-14 05:42:55,102
MLR ,2018-05-14 06:42:54,102
MLR ,2018-05-14 07:42:54,102
MLR ,2018-05-14 08:42:54,102
MLR ,2018-05-14 09:42:54,102
MLR ,2018-05-14 10:42:54,102
MLR ,2018-05-14 11:42:55,102
MLR ,2018-05-14 12:42:54,102
MLR ,2018-05-14 13:42:57,102
MLR ,2018-05-14 14:42:56,103
MLR ,2018-05-14 15:42:55,105
MLR ,2018-05-14 16:42:54,105
MLR ,2018-05-14 17:42:54,105
MLR ,2018-05-14 18:42:56,105
MLR ,2018-05-14 19:42:54,105
MLR ,2018-05-14 20:42:55,105
MLR ,2018-05-14 21:42:54,105
MLR ,2018-05-14 22:42:55,105
MLR ,2018-05-14 23:42:55,105
MLR ,2018-05-15 00:42:55,105
MLR ,2018-05-15 01:42:55,105
MLR ,2018-05-15 02:42:55,105
MLR ,2018-05-15 03:42:55,105
MLR ,2018-05-15 04:42:55,105
MLR ,2018-05-15 05:42:54,105
MLR ,2018-05-15 06:42:54,105
MLR ,2018-05-15 07:42:54,105
MLR ,2018-05-15 08:42:55,105
MLR ,2018-05-15 09:42:54,105
MLR ,2018-05-15 10:42:55,105
MLR ,2018-05-15 11:42:54,105
MLR ,2018-05-15 12:42:54,105
MLR ,2018-05-15 13:42:55,105
MLR ,2018-05-15 14:42:55,105
MLR ,2018-05-15 15:42:54,103
MLR ,2018-05-15 16:42:55,103
MLR ,2018-05-15 17:42:54,103
MLR ,2018-05-15 18:42:58,103
MLR ,2018-05-15 19:42:54,103
MLR ,2018-05-15 20:42:53,103
MLR ,2018-05-15 21:42:53,103
MLR ,2018-05-15 22:42:54,103
MLR ,2018-05-15 23:42:54,103
MLR ,2018-05-16 00:42:53,103
MLR ,2018-05-16 01:42:54,103
MLR ,2018-05-16 02:42:54,103
MLR ,2018-05-16 03:42:54,103
MLR ,2018-05-16 04:42:55,103
MLR ,2018-05-16 05:42:54,103
MLR ,2018-05-16 06:42:54,103
MLR ,2018-05-16 07:42:54,103
MLR ,2018-05-16 08:42:55,103
MLR ,2018-05-16 09:42:53,103
MLR ,2018-05-16 10:42:53,103
MLR ,2018-05-16 11:42:54,103
MLR ,2018-05-16 12:42:55,103
MLR ,2018-05-16 13:42:56,103
MLR ,2018-05-16 14:42:55,103
MLR ,2018-05-16 15:42:55,103
MLR ,2018-05-16 16:42:55,103
MLR ,2018-05-16 17:42:56,103
MLR ,2018-05-16 18:42:54,103
MLR ,2018-05-16 19:42:54,103
MLR ,2018-05-16 20:42:54,103
MLR ,2018-05-16 21:42:54,103
MLR ,2018-05-16 22:42:54,103
MLR ,2018-05-16 23:42:54,103
MLR ,2018-05-17 00:42:56,103
MLR ,2018-05-17 01:42:54,103
MLR ,2018-05-17 02:42:54,103
MLR ,2018-05-17 03:42:55,103
MLR ,2018-05-17 04:42:55,103
MLR ,2018-05-17 05:42:55,103
MLR ,2018-05-17 06:42:56,103
MLR ,2018-05-17 07:42:55,103
MLR ,2018-05-17 08:42:59,103
MLR ,2018-05-17 09:42:55,103
MLR ,2018-05-17 10:42:54,103
MLR ,2018-05-17 11:42:55,103
MLR ,2018-05-17 12:42:55,103
MLR ,2018-05-17 13:42:56,103
MLR ,2018-05-17 14:42:55,104
MLR ,2018-05-17 15:42:55,104
MLR ,2018-05-18 07:42:55,104
MLR ,2018-05-18 08:42:55,104
MLR ,2018-05-18 09:42:54,104
MLR ,2018-05-18 10:42:54,104
MLR ,2018-05-18 11:42:54,104
MLR ,2018-05-18 12:42:55,104
MLR ,2018-05-18 13:42:56,104
MLR ,2018-05-18 14:42:55,106
MLR ,2018-05-18 15:42:54,106
MLR ,2018-05-18 16:42:54,106
MLR ,2018-05-18 17:42:54,106
MLR ,2018-05-18 18:42:54,106
MLR ,2018-05-18 19:42:55,106
MLR ,2018-05-18 20:42:55,106
MLR ,2018-05-18 21:42:54,106
MLR ,2018-05-18 22:42:55,106
MLR ,2018-05-18 23:42:55,106
MLR ,2018-05-19 00:42:54,106
MLR ,2018-05-19 01:42:55,106
MLR ,2018-05-19 02:42:55,106
MLR ,2018-05-19 03:42:55,106
MLR ,2018-05-19 04:42:55,106
MLR ,2018-05-19 05:42:55,106
MLR ,2018-05-19 06:42:56,106
MLR ,2018-05-19 07:42:54,106
MLR ,2018-05-19 08:42:54,106
MLR ,2018-05-19 09:42:55,106
MLR ,2018-05-19 10:42:54,106
MLR ,2018-05-19 11:42:54,106
MLR ,2018-05-19 12:42:55,106
MLR ,2018-05-19 13:42:55,106
MLR ,2018-05-19 14:42:55,106
MLR ,2018-05-19 15:42:55,106
MLR ,2018-05-19 16:42:55,106
MLR ,2018-05-19 17:42:55,106
MLR ,2018-05-19 18:42:54,106
MLR ,2018-05-19 19:42:54,106
MLR ,2018-05-19 20:42:55,106
MLR ,2018-05-19 21:42:55,106
MLR ,2018-05-19 22:42:54,106
MLR ,2018-05-19 23:42:54,106
MLR ,2018-05-20 00:42:55,106
MLR ,2018-05-20 01:42:56,106
MLR ,2018-05-20 02:42:54,106
MLR ,2018-05-20 03:42:54,106
MLR ,2018-05-20 04:42:55,106
MLR ,2018-05-20 05:42:55,106
MLR ,2018-05-20 06:42:54,106
MLR ,2018-05-20 07:42:54,106
MLR ,2018-05-20 08:42:54,106
MLR ,2018-05-20 09:42:54,106
MLR ,2018-05-20 10:42:55,106
MLR ,2018-05-20 11:42:54,106
MLR ,2018-05-20 12:42:54,106
MLR ,2018-05-20 13:42:54,106
MLR ,2018-05-20 14:42:57,106
MLR ,2018-05-20 15:42:55,106
MLR ,2018-05-20 16:42:54,106
MLR ,2018-05-20 17:42:55,106
MLR ,2018-05-20 18:42:55,106
MLR ,2018-05-20 19:42:54,106
MLR ,2018-05-20 20:42:54,106
MLR ,2018-05-20 21:42:54,106
MLR ,2018-05-20 22:42:55,106
MLR ,2018-05-20 23:42:54,106
MLR ,2018-05-21 00:42:55,106
MLR ,2018-05-21 01:43:06,106
MLR ,2018-05-21 02:43:01,106
MLR ,2018-05-21 03:42:55,106
MLR ,2018-05-21 04:42:58,106
MLR ,2018-05-21 05:42:54,106
MLR ,2018-05-21 06:42:55,106
MLR ,2018-05-21 07:42:55,106
MLR ,2018-05-21 08:42:57,106
MLR ,2018-05-21 09:42:55,106
MLR ,2018-05-21 10:42:54,106
MLR ,2018-05-21 11:42:55,106
MLR ,2018-05-21 12:42:58,106
MLR ,2018-05-21 13:42:56,106
MLR ,2018-05-21 14:42:55,105
MLR ,2018-05-21 15:42:55,104
MLR ,2018-05-21 16:42:55,104
MLR ,2018-05-21 17:42:54,105
MLR ,2018-05-21 18:42:55,105
MLR ,2018-05-21 19:42:55,105
MLR ,2018-05-21 20:42:55,104
MLR ,2018-05-21 21:42:55,104
MLR ,2018-05-21 22:42:54,104
MLR ,2018-05-21 23:42:54,104
MLR ,2018-05-22 00:42:55,104
MLR ,2018-05-22 01:42:55,104
MLR ,2018-05-22 02:42:55,104
MLR ,2018-05-22 03:42:55,104
MLR ,2018-05-22 04:42:55,104
MLR ,2018-05-22 05:42:54,104
MLR ,2018-05-22 06:42:54,104
MLR ,2018-05-22 07:42:55,104
MLR ,2018-05-22 08:43:00,104
MLR ,2018-05-22 09:42:54,104
MLR ,2018-05-22 10:42:54,104
MLR ,2018-05-22 11:42:54,104
MLR ,2018-05-22 12:42:55,104
MLR ,2018-05-22 13:42:57,104
MLR ,2018-05-22 14:42:55,103
MLR ,2018-05-22 15:42:55,104
MLR ,2018-05-22 16:42:55,104
MLR ,2018-05-22 17:42:54,104
MLR ,2018-05-22 18:42:54,104
MLR ,2018-05-22 19:42:55,104
MLR ,2018-05-22 20:42:55,104
MLR ,2018-05-22 21:42:54,104
MLR ,2018-05-22 22:42:55,104
MLR ,2018-05-22 23:42:55,104
MLR ,2018-05-23 00:42:54,104
MLR ,2018-05-23 01:42:55,104
MLR ,2018-05-23 02:42:54,104
MLR ,2018-05-23 03:42:56,104
MLR ,2018-05-23 04:42:55,104
MLR ,2018-05-23 05:42:56,104
MLR ,2018-05-23 06:42:55,104
MLR ,2018-05-23 07:42:58,104
MLR ,2018-05-23 08:42:55,104
MLR ,2018-05-23 09:42:55,104
MLR ,2018-05-23 10:42:56,104
MLR ,2018-05-23 11:42:55,104
MLR ,2018-05-23 12:42:54,104
MLR ,2018-05-23 13:42:55,104
MLR ,2018-05-23 14:42:55,103
MLR ,2018-05-23 15:42:55,103
MLR ,2018-05-23 16:42:57,103
MLR ,2018-05-23 17:42:55,103
MLR ,2018-05-23 18:42:54,103
MLR ,2018-05-23 19:42:54,103
MLR ,2018-05-23 20:42:55,103
MLR ,2018-05-23 21:42:55,103
MLR ,2018-05-23 22:42:55,103
MLR ,2018-05-23 23:42:54,103
MLR ,2018-05-24 00:42:55,103
MLR ,2018-05-24 01:42:55,103
MLR ,2018-05-24 02:42:55,103
MLR ,2018-05-24 03:42:54,103
MLR ,2018-05-24 04:42:54,103
MLR ,2018-05-24 06:42:55,103
MLR ,2018-05-24 07:42:55,103
MLR ,2018-05-24 08:42:55,103
MLR ,2018-05-24 09:42:55,103
MLR ,2018-05-24 10:42:55,103
MLR ,2018-05-24 11:42:55,103
MLR ,2018-05-24 12:42:55,103
MLR ,2018-05-24 13:42:55,103
MLR ,2018-05-24 20:12:03,104
MLR ,2018-05-24 20:42:55,104
MLR ,2018-05-24 21:42:56,104
MLR ,2018-05-24 22:42:56,104
MLR ,2018-05-24 23:42:56,104
MLR ,2018-05-25 00:42:55,104
MLR ,2018-05-25 01:42:56,104
MLR ,2018-05-25 02:42:56,104
MLR ,2018-05-25 03:42:56,104
MLR ,2018-05-25 04:42:56,104
MLR ,2018-05-25 05:42:56,104
MLR ,2018-05-25 06:42:56,104
MLR ,2018-05-25 07:42:56,104
MLR ,2018-05-25 08:42:55,104
MLR ,2018-05-25 09:42:55,104
MLR ,2018-05-25 10:42:55,104
MLR ,2018-05-25 11:42:55,104
MLR ,2018-05-25 12:42:55,104
MLR ,2018-05-25 13:42:56,104
MLR ,2018-05-25 14:42:55,105
MLR ,2018-05-25 15:42:56,105
MLR ,2018-05-25 16:42:56,105
MLR ,2018-05-25 17:42:55,106
MLR ,2018-05-25 18:42:55,105
MLR ,2018-05-25 19:42:56,105
MLR ,2018-05-25 20:42:56,105
MLR ,2018-05-25 21:42:55,105
MLR ,2018-05-25 22:42:55,105
MLR ,2018-05-25 23:42:56,105
MLR ,2018-05-26 00:42:56,105
MLR ,2018-05-26 01:42:55,105
MLR ,2018-05-26 02:42:56,105
MLR ,2018-05-26 03:42:55,105
MLR ,2018-05-26 04:42:55,105
MLR ,2018-05-26 05:42:55,105
MLR ,2018-05-26 06:42:55,105
MLR ,2018-05-26 07:42:56,105
MLR ,2018-05-26 08:42:56,105
MLR ,2018-05-26 09:42:55,105
MLR ,2018-05-26 10:42:55,105
MLR ,2018-05-26 11:42:55,105
MLR ,2018-05-26 12:42:56,105
MLR ,2018-05-26 13:42:56,105
MLR ,2018-05-26 14:42:56,105
MLR ,2018-05-26 15:42:56,105
MLR ,2018-05-26 16:42:56,105
MLR ,2018-05-26 17:42:56,105
MLR ,2018-05-26 18:42:57,105
MLR ,2018-05-26 19:42:59,105
MLR ,2018-05-26 20:42:56,105
MLR ,2018-05-26 21:42:55,105
MLR ,2018-05-26 22:42:56,105
MLR ,2018-05-26 23:42:56,105
MLR ,2018-05-27 00:42:56,105
MLR ,2018-05-27 01:42:56,105
MLR ,2018-05-27 02:42:56,105
MLR ,2018-05-27 03:42:55,105
MLR ,2018-05-27 04:42:56,105
MLR ,2018-05-27 05:42:56,105
MLR ,2018-05-27 06:42:55,105
MLR ,2018-05-27 07:42:55,105
MLR ,2018-05-27 08:42:55,105
MLR ,2018-05-27 09:42:55,105
MLR ,2018-05-27 10:42:55,105
MLR ,2018-05-27 11:42:55,105
MLR ,2018-05-27 12:42:55,105
MLR ,2018-05-27 13:42:56,105
MLR ,2018-05-27 14:42:55,105
MLR ,2018-05-27 15:42:56,105
MLR ,2018-05-27 16:42:56,105
MLR ,2018-05-27 17:42:55,105
MLR ,2018-05-27 18:42:56,105
MLR ,2018-05-27 19:42:55,105
MLR ,2018-05-27 20:42:56,105
MLR ,2018-05-27 21:42:56,105
MLR ,2018-05-27 22:42:57,105
MLR ,2018-05-27 23:42:56,105
MLR ,2018-05-28 00:42:55,105
MLR ,2018-05-28 01:42:55,105
MLR ,2018-05-28 02:42:55,105
MLR ,2018-05-28 03:42:56,105
MLR ,2018-05-28 04:42:55,105
MLR ,2018-05-28 05:42:55,105
MLR ,2018-05-28 06:42:56,105
MLR ,2018-05-28 07:42:55,105
MLR ,2018-05-28 08:42:55,105
MLR ,2018-05-28 09:42:56,105
MLR ,2018-05-28 10:42:55,105
MLR ,2018-05-28 11:42:55,105
MLR ,2018-05-28 12:42:55,105
MLR ,2018-05-28 13:42:55,105
MLR ,2018-05-28 14:42:55,105
MLR ,2018-05-28 15:42:56,105
MLR ,2018-05-28 16:42:55,105
MLR ,2018-05-28 17:42:56,105
MLR ,2018-05-28 18:42:56,105
MLR ,2018-05-28 19:42:56,105
MLR ,2018-05-28 20:42:56,105
MLR ,2018-05-28 21:42:55,105
MLR ,2018-05-28 22:42:56,105
MLR ,2018-05-28 23:42:56,105
MLR ,2018-05-29 00:42:55,105
MLR ,2018-05-29 01:42:55,105
MLR ,2018-05-29 02:42:56,105
MLR ,2018-05-29 03:42:56,105
MLR ,2018-05-29 04:42:56,105
MLR ,2018-05-29 05:42:55,105
MLR ,2018-05-29 06:42:55,105
MLR ,2018-05-29 07:42:55,105
MLR ,2018-05-29 08:43:01,105
MLR ,2018-05-29 09:42:56,105
MLR ,2018-05-29 10:42:54,105
MLR ,2018-05-29 11:42:54,105
MLR ,2018-05-29 12:42:54,105
MLR ,2018-05-30 19:53:35,103
MLR ,2018-05-30 20:42:54,103
MLR ,2018-05-30 21:42:54,103
MLR ,2018-05-30 22:42:54,103
MLR ,2018-05-30 23:42:55,103
MLR ,2018-05-31 00:42:55,103
MLR ,2018-05-31 01:42:56,103
MLR ,2018-05-31 02:42:55,103
MLR ,2018-05-31 03:42:59,103
MLR ,2018-05-31 04:42:54,103
MLR ,2018-05-31 05:42:54,103
MLR ,2018-05-31 06:42:55,103
MLR ,2018-05-31 07:42:54,103
MLR ,2018-05-31 08:42:55,103
MLR ,2018-05-31 09:42:55,103
MLR ,2018-05-31 10:42:54,103
MLR ,2018-05-31 11:42:54,103
MLR ,2018-05-31 12:42:55,103
MLR ,2018-05-31 13:42:56,103
MLR ,2018-05-31 14:42:55,102
MLR ,2018-05-31 15:42:56,102
MLR ,2018-05-31 16:42:55,102
MLR ,2018-05-31 17:42:55,102
MLR ,2018-05-31 18:42:56,102
MLR ,2018-05-31 19:42:56,102
MLR ,2018-05-31 20:42:56,102
MLR ,2018-05-31 21:42:55,102
MLR ,2018-05-31 22:42:56,102
MLR ,2018-05-31 23:42:55,102
MLR ,2018-06-01 00:42:56,102
MLR ,2018-06-01 01:42:55,102
MLR ,2018-06-01 02:42:56,102
MLR ,2018-06-01 03:42:56,102
MLR ,2018-06-01 04:42:55,102
MLR ,2018-06-01 05:42:55,102
MLR ,2018-06-01 06:42:56,102
MLR ,2018-06-01 07:42:56,102
MLR ,2018-06-01 08:42:58,102
MLR ,2018-06-01 09:42:55,102
MLR ,2018-06-01 10:42:54,102
MLR ,2018-06-01 11:42:54,102
MLR ,2018-06-01 12:42:54,102
MLR ,2018-06-01 13:43:03,102
MLR ,2018-06-01 14:42:56,101
MLR ,2018-06-01 15:42:56,101
MLR ,2018-06-01 16:42:56,101
MLR ,2018-06-01 17:42:56,101
MLR ,2018-06-01 18:42:55,101
MLR ,2018-06-01 19:42:57,101
MLR ,2018-06-01 20:42:56,102
MLR ,2018-06-01 21:42:56,102
MLR ,2018-06-01 22:42:56,102
MLR ,2018-06-01 23:42:56,102
MLR ,2018-06-02 00:42:56,102
MLR ,2018-06-02 01:42:56,102
MLR ,2018-06-02 02:42:56,102
MLR ,2018-06-02 03:42:56,102
MLR ,2018-06-02 04:42:56,102
MLR ,2018-06-02 05:42:56,102
MLR ,2018-06-02 06:42:55,102
MLR ,2018-06-02 07:42:56,102
MLR ,2018-06-02 08:42:55,102
MLR ,2018-06-02 09:42:56,102
MLR ,2018-06-02 10:42:55,102
MLR ,2018-06-02 11:42:55,102
MLR ,2018-06-02 12:42:57,102
MLR ,2018-06-02 13:42:57,102
MLR ,2018-06-02 14:42:56,102
MLR ,2018-06-02 15:42:57,102
MLR ,2018-06-02 16:42:56,102
MLR ,2018-06-02 17:42:56,102
MLR ,2018-06-02 18:42:55,102
MLR ,2018-06-02 19:42:56,102
MLR ,2018-06-02 20:42:56,102
MLR ,2018-06-02 21:42:56,102
MLR ,2018-06-02 22:42:55,102
MLR ,2018-06-02 23:42:57,102
MLR ,2018-06-03 00:42:55,102
MLR ,2018-06-03 01:42:56,102
MLR ,2018-06-03 02:42:56,102
MLR ,2018-06-03 03:42:55,102
MLR ,2018-06-03 04:42:55,102
MLR ,2018-06-03 05:42:56,102
MLR ,2018-06-03 06:42:55,102
MLR ,2018-06-03 19:45:12,102
MLR ,2018-06-03 20:42:56,102
MLR ,2018-06-03 21:42:55,102
MLR ,2018-06-03 22:42:56,102
MLR ,2018-06-03 23:42:56,102
MLR ,2018-06-04 00:42:55,102
MLR ,2018-06-04 01:42:55,102
MLR ,2018-06-04 02:42:56,102
MLR ,2018-06-04 03:42:55,102
MLR ,2018-06-04 04:42:58,102
MLR ,2018-06-04 05:42:56,102
MLR ,2018-06-04 06:42:56,102
MLR ,2018-06-04 07:42:56,102
MLR ,2018-06-04 08:42:56,102
MLR ,2018-06-04 09:42:56,102
MLR ,2018-06-04 10:42:53,102
MLR ,2018-06-04 11:42:53,102
MLR ,2018-06-04 12:42:53,102
MLR ,2018-06-04 13:42:55,102
MLR ,2018-06-04 14:42:54,103
MLR ,2018-06-04 15:42:54,103
MLR ,2018-06-04 16:42:53,103
MLR ,2018-06-04 17:42:54,103
MLR ,2018-06-04 18:42:54,102
MLR ,2018-06-04 19:42:53,102
MLR ,2018-06-04 20:42:54,102
MLR ,2018-06-04 21:42:53,102
MLR ,2018-06-04 22:42:54,102
MLR ,2018-06-04 23:42:54,102
MLR ,2018-06-05 00:42:54,102
MLR ,2018-06-05 01:42:54,102
MLR ,2018-06-05 02:42:54,102
MLR ,2018-06-05 03:42:53,102
MLR ,2018-06-05 04:42:54,102
MLR ,2018-06-05 05:42:54,102
MLR ,2018-06-05 06:42:54,102
MLR ,2018-06-05 07:42:53,102
MLR ,2018-06-05 08:42:53,102
MLR ,2018-06-05 09:42:54,102
MLR ,2018-06-05 10:42:54,102
MLR ,2018-06-05 11:42:53,102
MLR ,2018-06-05 12:42:53,102
MLR ,2018-06-05 13:42:55,102
MLR ,2018-06-05 14:42:55,102
MLR ,2018-06-05 15:42:54,103
MLR ,2018-06-05 16:42:54,103
MLR ,2018-06-05 17:42:53,103
MLR ,2018-06-05 18:42:53,103
MLR ,2018-06-05 19:42:54,104
MLR ,2018-06-05 20:42:54,104
MLR ,2018-06-05 21:42:54,104
MLR ,2018-06-05 22:42:54,104
MLR ,2018-06-05 23:42:54,104
MLR ,2018-06-06 00:42:54,104
MLR ,2018-06-06 01:42:54,104
MLR ,2018-06-06 02:42:54,104
MLR ,2018-06-06 03:42:54,104
MLR ,2018-06-06 04:42:54,104
MLR ,2018-06-06 05:42:54,104
MLR ,2018-06-06 06:42:54,104
MLR ,2018-06-06 07:42:53,104
MLR ,2018-06-06 08:42:54,104
MLR ,2018-06-06 09:42:53,104
MLR ,2018-06-06 10:42:54,104
MLR ,2018-06-06 11:42:54,104
MLR ,2018-06-06 12:42:55,104
MLR ,2018-06-06 13:42:55,104
MLR ,2018-06-06 14:42:55,104
MLR ,2018-06-06 15:42:55,105
MLR ,2018-06-06 16:42:56,105
MLR ,2018-06-06 17:42:55,105
MLR ,2018-06-06 18:42:55,105
MLR ,2018-06-06 19:42:55,105
MLR ,2018-06-06 20:42:54,105
MLR ,2018-06-06 21:42:54,105
MLR ,2018-06-06 22:42:56,105
MLR ,2018-06-06 23:42:57,105
MLR ,2018-06-07 00:42:57,105
MLR ,2018-06-07 01:42:57,105
MLR ,2018-06-07 02:42:57,105
MLR ,2018-06-07 03:42:56,105
MLR ,2018-06-07 04:42:57,105
MLR ,2018-06-07 05:42:58,105
MLR ,2018-06-07 06:42:57,105
MLR ,2018-06-07 07:42:56,105
MLR ,2018-06-07 08:42:57,105
MLR ,2018-06-07 09:42:57,105
MLR ,2018-06-07 10:42:57,105
MLR ,2018-06-07 11:42:57,105
MLR ,2018-06-07 12:42:57,105
MLR ,2018-06-07 13:42:57,105
MLR ,2018-06-07 14:42:58,105
MLR ,2018-06-07 15:42:56,105
MLR ,2018-06-07 16:42:58,105
MLR ,2018-06-07 17:42:57,106
MLR ,2018-06-07 18:42:56,106
MLR ,2018-06-07 19:42:57,106
MLR ,2018-06-07 20:42:57,108
MLR ,2018-06-07 21:42:56,108
MLR ,2018-06-07 22:42:57,108
MLR ,2018-06-07 23:42:57,108
MLR ,2018-06-08 00:42:57,108
MLR ,2018-06-08 01:42:56,108
MLR ,2018-06-08 02:42:57,108
MLR ,2018-06-08 03:42:57,108
MLR ,2018-06-08 04:42:58,108
MLR ,2018-06-08 05:42:56,108
MLR ,2018-06-08 06:42:58,108
MLR ,2018-06-08 07:42:58,108
MLR ,2018-06-08 08:42:57,108
MLR ,2018-06-08 09:42:56,108
MLR ,2018-06-08 10:42:57,108
MLR ,2018-06-08 11:42:56,108
MLR ,2018-06-08 12:42:57,108
MLR ,2018-06-08 13:42:58,108
MLR ,2018-06-08 14:42:57,107
MLR ,2018-06-08 15:42:56,107
MLR ,2018-06-08 16:42:57,107
MLR ,2018-06-08 17:42:57,107
MLR ,2018-06-08 18:42:57,107
MLR ,2018-06-08 19:42:57,107
MLR ,2018-06-08 20:42:57,107
MLR ,2018-06-08 21:42:57,107
MLR ,2018-06-08 22:42:56,107
MLR ,2018-06-08 23:42:56,107
MLR ,2018-06-09 00:42:56,107
MLR ,2018-06-09 01:42:57,107
MLR ,2018-06-09 02:42:56,107
MLR ,2018-06-09 03:42:57,107
MLR ,2018-06-09 04:42:58,107
MLR ,2018-06-09 05:42:56,107
MLR ,2018-06-09 06:42:58,107
MLR ,2018-06-09 07:42:56,107
MLR ,2018-06-09 08:42:56,107
MLR ,2018-06-09 09:42:57,107
MLR ,2018-06-09 10:42:57,107
MLR ,2018-06-09 11:42:57,107
MLR ,2018-06-09 12:42:57,107
MLR ,2018-06-09 13:42:58,107
MLR ,2018-06-09 14:42:57,107
MLR ,2018-06-09 15:42:58,107
MLR ,2018-06-09 16:42:57,107
MLR ,2018-06-09 17:42:58,107
MLR ,2018-06-09 18:42:58,107
MLR ,2018-06-09 19:42:57,107
MLR ,2018-06-09 20:42:58,107
MLR ,2018-06-09 21:42:57,107
MLR ,2018-06-09 22:42:56,107
MLR ,2018-06-09 23:42:57,107
MLR ,2018-06-10 00:42:57,107
MLR ,2018-06-10 01:42:57,107
MLR ,2018-06-10 02:42:57,107
MLR ,2018-06-10 03:42:57,107
MLR ,2018-06-10 04:42:57,107
MLR ,2018-06-10 05:42:56,107
MLR ,2018-06-10 06:42:56,107
MLR ,2018-06-10 07:42:58,107
MLR ,2018-06-10 08:42:57,107
MLR ,2018-06-10 09:42:56,107
MLR ,2018-06-10 10:42:58,107
MLR ,2018-06-10 11:42:57,107
MLR ,2018-06-10 12:42:56,107
MLR ,2018-06-10 13:42:56,107
MLR ,2018-06-10 14:42:58,107
MLR ,2018-06-10 15:42:56,107
MLR ,2018-06-10 16:42:57,107
MLR ,2018-06-10 17:42:57,107
MLR ,2018-06-10 18:42:57,107
MLR ,2018-06-10 19:42:56,107
MLR ,2018-06-10 20:42:56,107
MLR ,2018-06-10 21:42:56,107
MLR ,2018-06-10 22:42:57,107
MLR ,2018-06-10 23:42:57,107
MLR ,2018-06-11 00:42:57,107
MLR ,2018-06-11 01:42:56,107
MLR ,2018-06-11 02:42:56,107
MLR ,2018-06-11 03:42:57,107
MLR ,2018-06-11 04:42:57,107
MLR ,2018-06-11 06:42:56,107
MLR ,2018-06-11 07:42:56,107
MLR ,2018-06-11 08:42:57,107
MLR ,2018-06-11 09:42:56,107
MLR ,2018-06-11 10:42:57,107
MLR ,2018-06-11 11:42:56,107
MLR ,2018-06-11 12:42:57,107
MLR ,2018-06-11 13:42:58,107
MLR ,2018-06-11 14:42:57,107
MLR ,2018-06-11 15:42:57,107
MLR ,2018-06-11 16:42:57,107
MLR ,2018-06-11 17:42:56,107
MLR ,2018-06-11 18:42:57,107
MLR ,2018-06-11 19:42:56,107
MLR ,2018-06-11 20:42:57,107
MLR ,2018-06-11 21:42:56,107
MLR ,2018-06-11 22:42:56,107
MLR ,2018-06-11 23:42:56,107
MLR ,2018-06-12 00:42:57,107
MLR ,2018-06-12 01:42:57,107
MLR ,2018-06-12 02:42:57,107
MLR ,2018-06-12 03:42:57,107
MLR ,2018-06-12 04:42:57,107
MLR ,2018-06-12 05:42:57,107
MLR ,2018-06-12 06:42:57,107
MLR ,2018-06-12 07:42:57,107
MLR ,2018-06-12 08:42:56,107
MLR ,2018-06-12 09:42:56,107
MLR ,2018-06-12 10:42:56,107
MLR ,2018-06-12 11:42:56,107
MLR ,2018-06-12 12:42:57,107
MLR ,2018-06-12 13:42:59,107
MLR ,2018-06-12 14:42:57,108
MLR ,2018-06-12 15:42:56,108
MLR ,2018-06-12 16:42:57,108
MLR ,2018-06-12 17:42:56,108
MLR ,2018-06-12 18:42:57,108
MLR ,2018-06-12 19:42:57,108
MLR ,2018-06-12 20:42:56,108
MLR ,2018-06-12 21:42:56,108
MLR ,2018-06-12 22:42:56,108
MLR ,2018-06-12 23:42:57,108
MLR ,2018-06-13 00:42:57,108
MLR ,2018-06-13 01:42:56,108
MLR ,2018-06-13 02:42:56,108
MLR ,2018-06-13 03:42:56,108
MLR ,2018-06-13 04:42:57,108
MLR ,2018-06-13 05:42:56,108
MLR ,2018-06-13 06:42:57,108
MLR ,2018-06-13 07:42:57,108
MLR ,2018-06-13 08:42:58,108
MLR ,2018-06-13 09:42:56,108
MLR ,2018-06-13 10:42:56,108
MLR ,2018-06-13 11:42:56,108
MLR ,2018-06-13 12:42:57,108
MLR ,2018-06-13 13:42:58,108
MLR ,2018-06-13 14:42:57,109
MLR ,2018-06-13 15:42:57,109
MLR ,2018-06-13 16:42:57,109
MLR ,2018-06-13 17:42:57,109
MLR ,2018-06-13 18:42:58,109
MLR ,2018-06-13 19:42:57,109
MLR ,2018-06-13 20:42:57,110
MLR ,2018-06-13 21:42:57,110
MLR ,2018-06-13 22:42:56,110
MLR ,2018-06-13 23:42:57,110
MLR ,2018-06-14 00:42:57,110
MLR ,2018-06-14 01:42:57,110
MLR ,2018-06-14 02:42:57,110
MLR ,2018-06-14 03:42:58,110
MLR ,2018-06-14 04:42:56,110
MLR ,2018-06-14 05:42:58,110
MLR ,2018-06-14 06:42:56,110
MLR ,2018-06-14 07:42:57,110
MLR ,2018-06-14 08:42:57,110
MLR ,2018-06-14 09:42:55,110
MLR ,2018-06-14 10:42:56,110
MLR ,2018-06-14 11:42:57,110
MLR ,2018-06-14 12:42:57,110
MLR ,2018-06-14 13:42:59,110
MLR ,2018-06-14 14:42:57,110
MLR ,2018-06-14 15:42:58,110
MLR ,2018-06-14 16:42:57,110
MLR ,2018-06-14 17:42:57,110
MLR ,2018-06-14 18:42:58,109
MLR ,2018-06-14 19:42:58,109
MLR ,2018-06-14 20:42:58,109
MLR ,2018-06-14 21:42:58,109
MLR ,2018-06-14 22:42:59,109
MLR ,2018-06-14 23:42:58,109
MLR ,2018-06-15 00:42:57,109
MLR ,2018-06-15 01:42:57,109
MLR ,2018-06-15 02:42:57,109
MLR ,2018-06-15 03:42:58,109
MLR ,2018-06-15 04:42:58,109
MLR ,2018-06-15 05:42:59,109
MLR ,2018-06-15 06:42:58,109
MLR ,2018-06-15 07:42:57,109
MLR ,2018-06-15 08:42:57,109
MLR ,2018-06-15 09:42:57,109
MLR ,2018-06-15 10:42:58,109
MLR ,2018-06-15 11:42:57,109
MLR ,2018-06-15 12:42:58,109
MLR ,2018-06-15 13:42:59,109
MLR ,2018-06-15 14:42:59,110
MLR ,2018-06-15 15:42:58,110
MLR ,2018-06-15 16:42:57,110
MLR ,2018-06-15 17:42:57,110
MLR ,2018-06-15 18:42:59,110
MLR ,2018-06-15 19:42:58,109
MLR ,2018-06-15 20:42:58,109
MLR ,2018-06-15 21:42:57,109
MLR ,2018-06-15 22:42:57,109
MLR ,2018-06-15 23:42:58,109
MLR ,2018-06-16 00:42:58,109
MLR ,2018-06-16 01:42:58,109
MLR ,2018-06-16 02:42:59,109
MLR ,2018-06-16 03:42:58,109
MLR ,2018-06-16 04:42:59,109
MLR ,2018-06-16 05:43:00,109
MLR ,2018-06-16 06:42:58,109
MLR ,2018-06-16 07:42:57,109
MLR ,2018-06-16 08:42:58,109
MLR ,2018-06-16 09:42:58,109
MLR ,2018-06-16 10:42:57,109
MLR ,2018-06-16 11:42:58,109
MLR ,2018-06-16 12:42:58,109
MLR ,2018-06-16 13:42:58,109
MLR ,2018-06-16 14:42:59,109
MLR ,2018-06-16 15:42:58,109
MLR ,2018-06-16 16:42:58,109
MLR ,2018-06-16 17:42:58,109
MLR ,2018-06-16 18:42:58,109
MLR ,2018-06-16 19:42:58,109
MLR ,2018-06-16 20:42:58,109
MLR ,2018-06-16 21:42:57,109
MLR ,2018-06-16 22:42:58,109
MLR ,2018-06-16 23:42:57,109
MLR ,2018-06-17 00:42:58,109
MLR ,2018-06-17 01:42:58,109
MLR ,2018-06-17 02:43:00,109
MLR ,2018-06-17 03:42:58,109
MLR ,2018-06-17 04:42:58,109
MLR ,2018-06-17 05:42:58,109
MLR ,2018-06-17 06:42:57,109
MLR ,2018-06-17 07:42:58,109
MLR ,2018-06-17 08:42:58,109
MLR ,2018-06-17 09:42:57,109
MLR ,2018-06-17 10:42:57,109
MLR ,2018-06-17 11:42:57,109
MLR ,2018-06-17 12:42:58,109
MLR ,2018-06-17 13:42:58,109
MLR ,2018-06-17 14:42:58,109
MLR ,2018-06-17 15:42:57,109
MLR ,2018-06-17 16:42:57,109
MLR ,2018-06-17 17:42:57,109
MLR ,2018-06-17 18:42:57,109
MLR ,2018-06-17 19:42:59,109
MLR ,2018-06-17 20:42:58,109
MLR ,2018-06-17 21:42:58,109
MLR ,2018-06-17 22:42:57,109
MLR ,2018-06-17 23:42:58,109
MLR ,2018-06-18 00:42:58,109
MLR ,2018-06-18 01:42:58,109
MLR ,2018-06-18 02:42:59,109
MLR ,2018-06-18 03:42:57,109
MLR ,2018-06-18 04:42:58,109
MLR ,2018-06-18 05:42:58,109
MLR ,2018-06-18 06:42:57,109
MLR ,2018-06-18 07:42:57,109
MLR ,2018-06-18 08:43:04,109
MLR ,2018-06-18 09:42:57,109
MLR ,2018-06-18 10:42:57,109
MLR ,2018-06-18 11:42:58,109
MLR ,2018-06-18 12:42:57,109
MLR ,2018-06-18 13:42:59,109
MLR ,2018-06-18 14:42:57,111
MLR ,2018-06-18 15:42:58,111
MLR ,2018-06-18 16:42:57,111
MLR ,2018-06-18 17:42:57,112
MLR ,2018-06-18 18:42:59,112
MLR ,2018-06-18 19:42:58,112
MLR ,2018-06-18 20:42:58,112
MLR ,2018-06-18 21:42:57,112
MLR ,2018-06-18 22:42:58,112
MLR ,2018-06-18 23:42:58,112
MLR ,2018-06-19 00:42:57,112
MLR ,2018-06-19 01:42:57,112
MLR ,2018-06-19 02:42:58,112
MLR ,2018-06-19 03:42:58,112
MLR ,2018-06-19 04:42:58,112
MLR ,2018-06-19 05:42:58,112
MLR ,2018-06-19 06:42:58,112
MLR ,2018-06-19 07:42:59,112
MLR ,2018-06-19 08:42:59,112
MLR ,2018-06-19 09:42:57,112
MLR ,2018-06-19 10:42:58,112
MLR ,2018-06-19 11:42:57,112
MLR ,2018-06-19 12:42:57,112
MLR ,2018-06-19 13:43:01,112
MLR ,2018-06-19 14:42:58,112
MLR ,2018-06-19 15:42:58,112
MLR ,2018-06-19 16:42:58,113
MLR ,2018-06-19 17:42:58,113
MLR ,2018-06-19 18:42:58,113
MLR ,2018-06-19 19:42:58,114
MLR ,2018-06-19 20:42:57,114
MLR ,2018-06-19 21:42:58,114
MLR ,2018-06-19 22:42:57,114
MLR ,2018-06-19 23:42:58,114
MLR ,2018-06-20 00:43:08,114
MLR ,2018-06-20 01:42:59,114
MLR ,2018-06-20 02:42:57,114
MLR ,2018-06-20 03:42:58,114
MLR ,2018-06-20 04:42:58,114
MLR ,2018-06-20 05:42:57,114
MLR ,2018-06-20 06:42:58,114
MLR ,2018-06-20 07:42:57,114
MLR ,2018-06-20 08:42:57,114
MLR ,2018-06-20 09:42:57,114
MLR ,2018-06-20 10:42:58,114
MLR ,2018-06-20 11:42:57,114
MLR ,2018-06-20 12:42:57,114
MLR ,2018-06-20 14:07:32,115
MLR ,2018-06-20 14:43:00,115
MLR ,2018-06-20 15:42:59,115
MLR ,2018-06-20 16:42:59,115
MLR ,2018-06-20 17:42:58,115
MLR ,2018-06-20 18:42:58,114
MLR ,2018-06-20 19:42:58,114
MLR ,2018-06-20 20:42:57,114
MLR ,2018-06-20 21:42:58,114
MLR ,2018-06-20 22:42:58,114
MLR ,2018-06-20 23:42:58,114
MLR ,2018-06-21 00:42:58,114
MLR ,2018-06-21 01:42:57,114
MLR ,2018-06-21 02:42:58,114
MLR ,2018-06-21 03:42:58,114
MLR ,2018-06-21 04:42:58,114
MLR ,2018-06-21 05:42:59,114
MLR ,2018-06-21 06:42:57,114
MLR ,2018-06-21 07:42:58,114
MLR ,2018-06-21 08:42:58,114
MLR ,2018-06-21 09:42:57,114
MLR ,2018-06-21 10:42:58,114
MLR ,2018-06-21 11:42:57,114
MLR ,2018-06-21 12:42:58,114
MLR ,2018-06-21 13:42:58,114
MLR ,2018-06-21 14:42:58,114
MLR ,2018-06-21 15:42:58,114
MLR ,2018-06-21 16:42:58,115
MLR ,2018-06-21 17:42:58,115
MLR ,2018-06-21 18:42:58,115
MLR ,2018-06-21 19:42:58,115
MLR ,2018-06-21 20:42:58,116
MLR ,2018-06-21 21:42:58,116
MLR ,2018-06-21 22:42:58,116
MLR ,2018-06-21 23:42:57,116
MLR ,2018-06-22 00:42:58,116
MLR ,2018-06-22 01:42:57,116
MLR ,2018-06-22 02:42:58,116
MLR ,2018-06-22 03:42:58,116
MLR ,2018-06-22 04:42:58,116
MLR ,2018-06-22 05:42:59,116
MLR ,2018-06-22 06:42:58,116
MLR ,2018-06-22 07:42:57,116
MLR ,2018-06-22 08:42:58,116
MLR ,2018-06-22 09:42:57,116
MLR ,2018-06-22 10:42:58,116
MLR ,2018-06-22 11:42:57,116
MLR ,2018-06-22 12:42:58,116
MLR ,2018-06-22 13:42:59,116
MLR ,2018-06-22 15:07:00,119
MLR ,2018-06-22 15:42:58,119
MLR ,2018-06-22 16:42:58,119
MLR ,2018-06-22 17:42:58,119
MLR ,2018-06-22 18:42:59,118
MLR ,2018-06-22 19:43:00,118
MLR ,2018-06-22 20:42:58,117
MLR ,2018-06-22 21:42:59,117
MLR ,2018-06-22 22:42:59,117
MLR ,2018-06-22 23:42:59,117
MLR ,2018-06-23 00:43:08,117
MLR ,2018-06-23 01:42:59,117
MLR ,2018-06-23 02:42:59,117
MLR ,2018-06-23 03:42:59,117
MLR ,2018-06-23 04:42:59,117
MLR ,2018-06-23 05:42:59,117
MLR ,2018-06-23 06:42:59,117
MLR ,2018-06-23 07:42:59,117
MLR ,2018-06-23 08:42:59,117
MLR ,2018-06-23 09:42:58,117
MLR ,2018-06-23 10:42:59,117
MLR ,2018-06-23 11:43:00,117
MLR ,2018-06-23 12:42:58,117
MLR ,2018-06-23 13:42:59,117
MLR ,2018-06-23 14:42:59,117
MLR ,2018-06-23 15:43:00,117
MLR ,2018-06-23 16:42:59,117
MLR ,2018-06-23 17:42:59,117
MLR ,2018-06-23 18:42:59,117
MLR ,2018-06-23 19:42:59,117
MLR ,2018-06-23 20:43:00,117
MLR ,2018-06-23 21:42:59,117
MLR ,2018-06-23 22:42:59,117
MLR ,2018-06-23 23:42:58,117
MLR ,2018-06-24 00:43:19,117
MLR ,2018-06-24 01:42:58,117
MLR ,2018-06-24 02:42:58,117
MLR ,2018-06-24 03:43:02,117
MLR ,2018-06-24 04:42:59,117
MLR ,2018-06-24 05:42:58,117
MLR ,2018-06-24 06:42:59,117
MLR ,2018-06-24 07:42:59,117
MLR ,2018-06-24 08:42:58,117
MLR ,2018-06-24 09:42:59,117
MLR ,2018-06-24 10:43:35,117
MLR ,2018-06-24 11:42:59,117
MLR ,2018-06-24 12:43:00,117
MLR ,2018-06-24 13:42:59,117
MLR ,2018-06-24 14:43:09,117
MLR ,2018-06-24 15:43:15,117
MLR ,2018-06-24 16:42:58,117
MLR ,2018-06-24 17:42:59,117
MLR ,2018-06-24 18:42:59,117
MLR ,2018-06-24 19:42:59,117
MLR ,2018-06-24 20:42:59,117
MLR ,2018-06-24 21:42:59,117
MLR ,2018-06-24 22:42:58,117
MLR ,2018-06-24 23:42:59,117
MLR ,2018-06-25 00:42:58,117
MLR ,2018-06-25 01:42:59,117
MLR ,2018-06-25 02:43:00,117
MLR ,2018-06-25 03:43:07,117
MLR ,2018-06-25 04:43:02,117
MLR ,2018-06-25 05:43:00,117
MLR ,2018-06-25 06:42:59,117
MLR ,2018-06-25 07:42:58,117
MLR ,2018-06-25 08:42:59,117
MLR ,2018-06-25 09:42:59,117
MLR ,2018-06-25 10:42:57,117
MLR ,2018-06-25 11:42:58,117
MLR ,2018-06-25 12:42:57,117
MLR ,2018-06-25 13:43:00,117
MLR ,2018-06-25 14:42:58,117
MLR ,2018-06-25 15:42:58,118
MLR ,2018-06-25 16:42:57,118
MLR ,2018-06-25 17:42:58,119
MLR ,2018-06-25 18:42:58,119
MLR ,2018-06-25 19:42:58,119
MLR ,2018-06-25 20:42:59,119
MLR ,2018-06-25 21:42:58,119
MLR ,2018-06-25 22:42:57,119
MLR ,2018-06-26 01:11:24,119
MLR ,2018-06-26 01:42:58,119
MLR ,2018-06-26 02:42:58,119
MLR ,2018-06-26 03:43:08,119
MLR ,2018-06-26 04:43:08,119
MLR ,2018-06-26 05:42:58,119
MLR ,2018-06-26 06:42:58,119
MLR ,2018-06-26 07:42:58,119
MLR ,2018-06-26 08:42:58,119
MLR ,2018-06-26 09:43:00,119
MLR ,2018-06-26 10:43:02,119
MLR ,2018-06-26 11:43:05,119
MLR ,2018-06-26 12:43:10,119
MLR ,2018-06-26 13:43:00,119
MLR ,2018-06-26 14:42:59,117
MLR ,2018-06-26 15:43:10,115
MLR ,2018-06-26 16:42:59,113
MLR ,2018-06-26 17:42:58,113
MLR ,2018-06-26 18:42:58,113
MLR ,2018-06-26 19:42:59,112
MLR ,2018-06-26 20:42:58,112
MLR ,2018-06-26 21:42:58,112
MLR ,2018-06-26 22:42:57,112
MLR ,2018-06-26 23:42:58,112
MLR ,2018-06-27 00:42:58,112
MLR ,2018-06-27 01:42:57,112
MLR ,2018-06-27 02:42:58,112
MLR ,2018-06-27 03:42:59,112
MLR ,2018-06-27 04:43:03,112
MLR ,2018-06-27 05:43:00,112
MLR ,2018-06-27 06:42:58,112
MLR ,2018-06-27 07:42:57,112
MLR ,2018-06-27 08:42:57,112
MLR ,2018-06-27 09:42:58,112
MLR ,2018-06-27 10:42:57,112
MLR ,2018-06-27 11:42:58,112
MLR ,2018-06-27 12:42:58,112
MLR ,2018-06-27 13:43:15,112
MLR ,2018-06-27 14:43:14,112
MLR ,2018-06-27 15:43:15,112
MLR ,2018-06-27 16:43:00,111
MLR ,2018-06-27 17:42:59,111
MLR ,2018-06-27 18:43:00,111
MLR ,2018-06-27 19:43:01,111
MLR ,2018-06-27 20:42:59,111
MLR ,2018-06-27 21:42:58,111
MLR ,2018-06-27 22:42:58,111
MLR ,2018-06-27 23:42:59,111
MLR ,2018-06-28 00:42:59,111
MLR ,2018-06-28 01:42:59,111
MLR ,2018-06-28 02:43:03,111
MLR ,2018-06-28 03:43:12,111
MLR ,2018-06-28 04:43:10,111
MLR ,2018-06-28 05:43:07,111
MLR ,2018-06-28 06:43:00,111
MLR ,2018-06-28 07:42:59,111
MLR ,2018-06-28 08:42:59,111
MLR ,2018-06-28 09:42:58,111
MLR ,2018-06-28 10:42:58,111
MLR ,2018-06-28 11:42:58,111
MLR ,2018-06-28 12:42:58,111
MLR ,2018-06-28 13:43:01,111
MLR ,2018-06-28 14:43:15,110
MLR ,2018-06-28 15:43:15,110
MLR ,2018-06-28 16:42:58,110
MLR ,2018-06-28 17:43:00,110
MLR ,2018-06-28 18:42:58,110
MLR ,2018-06-28 19:43:03,110
MLR ,2018-06-28 20:42:59,110
MLR ,2018-06-28 21:42:59,110
MLR ,2018-06-28 22:42:58,110
MLR ,2018-06-28 23:42:59,110
MLR ,2018-06-29 00:42:59,110
MLR ,2018-06-29 01:42:59,110
MLR ,2018-06-29 02:42:59,110
MLR ,2018-06-29 03:43:08,110
MLR ,2018-06-29 04:43:02,110
MLR ,2018-06-29 05:43:00,110
MLR ,2018-06-29 06:43:00,110
MLR ,2018-06-29 07:43:00,110
MLR ,2018-06-29 08:43:01,110
MLR ,2018-06-29 09:42:59,110
MLR ,2018-06-29 10:42:59,110
MLR ,2018-06-29 11:42:59,110
MLR ,2018-06-29 12:43:03,110
MLR ,2018-06-29 13:43:00,110
MLR ,2018-06-29 14:43:00,110
MLR ,2018-06-29 15:42:59,110
MLR ,2018-06-29 16:42:59,110
MLR ,2018-06-29 17:42:58,110
MLR ,2018-06-29 18:42:59,110
MLR ,2018-06-29 19:43:03,110
MLR ,2018-06-29 20:42:59,110
MLR ,2018-06-29 21:43:01,110
MLR ,2018-06-29 22:43:00,110
MLR ,2018-06-29 23:43:01,110
MLR ,2018-06-30 00:43:01,110
MLR ,2018-06-30 01:42:58,110
MLR ,2018-06-30 02:43:00,110
MLR ,2018-06-30 03:43:09,110
MLR ,2018-06-30 04:43:04,110
MLR ,2018-06-30 05:43:04,110
MLR ,2018-06-30 06:43:02,110
MLR ,2018-06-30 07:42:59,110
MLR ,2018-06-30 08:42:59,110
MLR ,2018-06-30 09:42:58,110
MLR ,2018-06-30 10:43:00,110
MLR ,2018-06-30 11:43:01,110
MLR ,2018-06-30 12:43:04,110
MLR ,2018-06-30 13:43:13,110
MLR ,2018-06-30 14:43:01,110
MLR ,2018-06-30 15:43:10,110
MLR ,2018-06-30 16:43:04,110
MLR ,2018-06-30 17:42:59,110
MLR ,2018-06-30 18:42:58,110
MLR ,2018-06-30 19:43:07,110
MLR ,2018-06-30 20:42:58,110
MLR ,2018-06-30 21:42:58,110
MLR ,2018-06-30 22:42:59,110
MLR ,2018-06-30 23:42:59,110
MLR ,2018-07-01 00:42:59,110
MLR ,2018-07-01 01:42:59,110
MLR ,2018-07-01 02:42:59,110
MLR ,2018-07-01 03:42:59,110
MLR ,2018-07-01 04:42:58,110
MLR ,2018-07-01 05:42:59,110
MLR ,2018-07-01 06:42:59,110
MLR ,2018-07-01 07:42:58,110
MLR ,2018-07-01 08:42:58,110
MLR ,2018-07-01 09:42:59,110
MLR ,2018-07-01 10:42:59,110
MLR ,2018-07-01 11:42:59,110
MLR ,2018-07-01 12:42:59,110
MLR ,2018-07-01 13:42:59,110
MLR ,2018-07-01 14:42:59,110
MLR ,2018-07-01 15:42:59,110
MLR ,2018-07-01 16:43:01,110
MLR ,2018-07-01 17:43:00,110
MLR ,2018-07-01 18:42:59,110
MLR ,2018-07-01 19:43:02,110
MLR ,2018-07-01 20:43:00,110
MLR ,2018-07-01 21:43:00,110
MLR ,2018-07-01 22:42:58,110
MLR ,2018-07-01 23:42:59,110
MLR ,2018-07-02 00:42:59,110
MLR ,2018-07-02 01:43:01,110
MLR ,2018-07-02 02:43:00,110
MLR ,2018-07-02 03:42:59,110
MLR ,2018-07-02 04:42:58,110
MLR ,2018-07-02 05:43:00,110
MLR ,2018-07-02 06:43:00,110
MLR ,2018-07-02 07:42:59,110
MLR ,2018-07-02 08:43:00,110
MLR ,2018-07-02 09:42:59,110
MLR ,2018-07-02 10:42:59,110
MLR ,2018-07-02 11:42:58,110
MLR ,2018-07-02 12:42:59,110
MLR ,2018-07-02 13:43:00,110
MLR ,2018-07-02 14:42:59,110
MLR ,2018-07-02 15:43:00,109
MLR ,2018-07-02 16:43:00,109
MLR ,2018-07-02 17:43:00,109
MLR ,2018-07-02 18:42:59,109
MLR ,2018-07-02 19:43:01,109
MLR ,2018-07-02 20:42:59,110
MLR ,2018-07-02 21:42:58,110
MLR ,2018-07-02 22:43:00,110
MLR ,2018-07-02 23:43:00,110
MLR ,2018-07-03 00:42:59,110
MLR ,2018-07-03 01:42:59,110
MLR ,2018-07-03 02:42:59,110
MLR ,2018-07-03 03:42:59,110
MLR ,2018-07-03 04:42:59,110
MLR ,2018-07-03 05:42:59,110
MLR ,2018-07-03 06:42:58,110
MLR ,2018-07-03 07:42:59,110
MLR ,2018-07-03 08:42:59,110
MLR ,2018-07-03 09:42:59,110
MLR ,2018-07-03 10:42:58,110
MLR ,2018-07-03 11:42:59,110
MLR ,2018-07-03 12:42:59,110
MLR ,2018-07-03 13:43:00,110
MLR ,2018-07-03 14:42:59,110
MLR ,2018-07-03 15:42:59,110
MLR ,2018-07-03 16:42:59,110
MLR ,2018-07-03 17:42:59,110
MLR ,2018-07-03 18:42:58,110
MLR ,2018-07-03 19:43:03,110
MLR ,2018-07-03 20:42:59,110
MLR ,2018-07-03 21:42:58,110
MLR ,2018-07-03 22:42:59,110
MLR ,2018-07-03 23:42:58,110
MLR ,2018-07-04 00:42:59,110
MLR ,2018-07-04 01:43:00,110
MLR ,2018-07-04 02:43:00,110
MLR ,2018-07-04 03:42:59,110
MLR ,2018-07-04 04:42:58,110
MLR ,2018-07-04 05:42:58,110
MLR ,2018-07-04 06:42:59,110
MLR ,2018-07-04 07:42:59,110
MLR ,2018-07-04 08:42:59,110
MLR ,2018-07-04 09:42:59,110
MLR ,2018-07-04 10:42:59,110
MLR ,2018-07-04 11:42:58,110
MLR ,2018-07-04 12:42:58,110
MLR ,2018-07-04 13:43:00,110
MLR ,2018-07-04 14:42:59,110
MLR ,2018-07-04 15:42:58,110
MLR ,2018-07-04 16:42:59,110
MLR ,2018-07-04 17:42:59,110
MLR ,2018-07-04 18:42:59,110
MLR ,2018-07-04 19:43:00,110
MLR ,2018-07-04 20:42:59,110
MLR ,2018-07-04 21:42:59,110
MLR ,2018-07-04 22:42:58,110
MLR ,2018-07-04 23:42:59,110
MLR ,2018-07-05 00:42:58,110
MLR ,2018-07-05 01:42:59,110
MLR ,2018-07-05 02:42:59,110
MLR ,2018-07-05 03:42:59,110
MLR ,2018-07-05 04:42:59,110
MLR ,2018-07-05 05:42:58,110
MLR ,2018-07-05 06:42:58,110
MLR ,2018-07-05 07:42:59,110
MLR ,2018-07-05 08:42:59,110
MLR ,2018-07-05 09:42:58,110
MLR ,2018-07-05 10:42:59,110
MLR ,2018-07-05 11:42:59,110
MLR ,2018-07-05 12:42:59,110
MLR ,2018-07-05 13:43:00,110
MLR ,2018-07-05 14:42:59,109
MLR ,2018-07-05 15:42:59,109
MLR ,2018-07-05 16:42:59,109
MLR ,2018-07-05 17:43:01,110
MLR ,2018-07-05 18:42:58,110
MLR ,2018-07-05 19:43:04,110
MLR ,2018-07-05 20:42:58,110
MLR ,2018-07-05 21:43:00,110
MLR ,2018-07-05 22:42:59,110
MLR ,2018-07-05 23:42:59,110
MLR ,2018-07-06 00:42:59,110
MLR ,2018-07-06 01:42:59,110
MLR ,2018-07-06 02:42:59,110
MLR ,2018-07-06 03:42:59,110
MLR ,2018-07-06 04:43:00,110
MLR ,2018-07-06 05:42:58,110
MLR ,2018-07-06 06:42:58,110
MLR ,2018-07-06 07:42:59,110
MLR ,2018-07-06 08:43:00,110
MLR ,2018-07-06 09:42:59,110
MLR ,2018-07-06 10:43:00,110
MLR ,2018-07-06 11:43:02,110
MLR ,2018-07-06 12:42:59,110
MLR ,2018-07-06 13:43:01,110
MLR ,2018-07-06 14:43:00,110
MLR ,2018-07-06 15:43:01,110
MLR ,2018-07-06 16:43:00,109
MLR ,2018-07-06 17:43:00,109
MLR ,2018-07-06 18:42:58,109
MLR ,2018-07-06 19:43:04,109
MLR ,2018-07-06 20:43:00,109
MLR ,2018-07-06 21:42:59,109
MLR ,2018-07-06 22:42:59,109
MLR ,2018-07-06 23:42:59,109
MLR ,2018-07-07 00:42:59,109
MLR ,2018-07-07 01:42:58,109
MLR ,2018-07-07 02:43:00,109
MLR ,2018-07-07 03:42:59,109
MLR ,2018-07-07 04:42:59,109
MLR ,2018-07-07 05:42:58,109
MLR ,2018-07-07 06:42:59,109
MLR ,2018-07-07 07:42:59,109
MLR ,2018-07-07 08:42:59,109
MLR ,2018-07-07 09:42:59,109
MLR ,2018-07-07 10:42:59,109
MLR ,2018-07-07 11:42:59,109
MLR ,2018-07-07 12:42:59,109
MLR ,2018-07-07 13:42:59,109
MLR ,2018-07-07 14:43:00,109
MLR ,2018-07-07 15:42:59,109
MLR ,2018-07-07 16:43:00,109
MLR ,2018-07-07 17:43:00,109
MLR ,2018-07-07 18:43:01,109
MLR ,2018-07-07 19:43:04,109
MLR ,2018-07-07 20:42:59,109
MLR ,2018-07-07 21:42:58,109
MLR ,2018-07-07 22:43:00,109
MLR ,2018-07-07 23:42:59,109
MLR ,2018-07-08 00:43:00,109
MLR ,2018-07-08 01:43:00,109
MLR ,2018-07-08 02:43:00,109
MLR ,2018-07-08 03:43:00,109
MLR ,2018-07-08 04:43:00,109
MLR ,2018-07-08 05:43:00,109
MLR ,2018-07-08 06:43:00,109
MLR ,2018-07-08 07:42:59,109
MLR ,2018-07-08 08:42:59,109
MLR ,2018-07-08 09:42:59,109
MLR ,2018-07-08 10:42:58,109
MLR ,2018-07-08 11:42:59,109
MLR ,2018-07-08 12:43:00,109
MLR ,2018-07-08 13:42:59,109
MLR ,2018-07-08 14:42:59,109
MLR ,2018-07-08 15:42:59,109
MLR ,2018-07-08 16:42:59,109
MLR ,2018-07-08 17:42:59,109
MLR ,2018-07-08 18:43:00,109
MLR ,2018-07-08 19:43:06,109
MLR ,2018-07-08 20:43:00,109
MLR ,2018-07-08 21:42:59,109
MLR ,2018-07-08 22:42:59,109
MLR ,2018-07-08 23:42:59,109
MLR ,2018-07-09 00:42:59,109
MLR ,2018-07-09 01:43:00,109
MLR ,2018-07-09 02:43:00,109
MLR ,2018-07-09 03:43:01,109
MLR ,2018-07-09 04:42:58,109
MLR ,2018-07-09 05:43:00,109
MLR ,2018-07-09 06:42:58,109
MLR ,2018-07-09 07:42:59,109
MLR ,2018-07-09 08:43:00,109
MLR ,2018-07-09 09:42:59,109
MLR ,2018-07-09 10:43:00,109
MLR ,2018-07-09 11:42:58,109
MLR ,2018-07-09 12:42:59,109
MLR ,2018-07-09 13:43:04,109
MLR ,2018-07-09 14:42:59,107
MLR ,2018-07-09 15:43:00,107
MLR ,2018-07-09 16:43:00,107
MLR ,2018-07-09 17:43:00,108
MLR ,2018-07-09 18:43:01,108
MLR ,2018-07-09 19:43:20,108
MLR ,2018-07-09 20:43:00,108
MLR ,2018-07-09 21:43:00,108
MLR ,2018-07-09 22:43:01,108
MLR ,2018-07-09 23:43:00,108
MLR ,2018-07-10 00:43:00,108
MLR ,2018-07-10 01:43:02,108
MLR ,2018-07-10 02:43:00,108
MLR ,2018-07-10 03:43:01,108
MLR ,2018-07-10 04:43:01,108
MLR ,2018-07-10 05:43:01,108
MLR ,2018-07-10 06:43:01,108
MLR ,2018-07-10 07:43:00,108
MLR ,2018-07-10 08:43:00,108
MLR ,2018-07-10 09:43:00,108
MLR ,2018-07-10 10:42:59,108
MLR ,2018-07-10 11:42:59,108
MLR ,2018-07-10 12:42:59,108
MLR ,2018-07-10 13:43:06,108
MLR ,2018-07-10 14:43:03,108
MLR ,2018-07-10 15:43:01,108
MLR ,2018-07-10 16:43:01,108
MLR ,2018-07-10 17:43:02,108
MLR ,2018-07-10 18:43:00,108
MLR ,2018-07-10 19:43:07,108
MLR ,2018-07-10 20:43:00,108
MLR ,2018-07-10 21:43:00,108
MLR ,2018-07-10 22:43:05,108
MLR ,2018-07-10 23:43:01,108
MLR ,2018-07-11 00:43:01,108
MLR ,2018-07-11 01:43:02,108
MLR ,2018-07-11 02:43:01,108
MLR ,2018-07-11 03:43:01,108
MLR ,2018-07-11 04:43:01,108
MLR ,2018-07-11 05:43:01,108
MLR ,2018-07-11 06:43:01,108
MLR ,2018-07-11 07:43:00,108
MLR ,2018-07-11 08:43:01,108
MLR ,2018-07-11 09:43:01,108
MLR ,2018-07-11 10:43:00,108
MLR ,2018-07-11 11:43:00,108
MLR ,2018-07-11 12:42:59,108
MLR ,2018-07-11 13:43:02,108
MLR ,2018-07-11 14:43:02,108
MLR ,2018-07-11 15:43:02,108
MLR ,2018-07-11 16:43:01,108
MLR ,2018-07-11 17:43:00,108
MLR ,2018-07-11 18:43:00,108
MLR ,2018-07-11 19:43:03,108
MLR ,2018-07-11 20:43:00,108
MLR ,2018-07-11 21:43:00,108
MLR ,2018-07-11 22:43:00,108
MLR ,2018-07-11 23:43:01,108
MLR ,2018-07-12 00:43:01,108
MLR ,2018-07-12 01:43:00,108
MLR ,2018-07-12 02:43:01,108
MLR ,2018-07-12 03:43:01,108
MLR ,2018-07-12 04:43:01,108
MLR ,2018-07-12 05:43:01,108
MLR ,2018-07-12 06:43:01,108
MLR ,2018-07-12 07:43:01,108
MLR ,2018-07-12 08:43:01,108
MLR ,2018-07-12 09:43:01,108
MLR ,2018-07-12 10:42:59,108
MLR ,2018-07-12 11:43:00,108
MLR ,2018-07-12 12:43:00,108
MLR ,2018-07-12 13:43:03,108
MLR ,2018-07-12 14:43:02,107
MLR ,2018-07-12 15:43:02,108
MLR ,2018-07-12 16:43:04,108
MLR ,2018-07-12 17:43:01,108
MLR ,2018-07-12 18:43:02,108
MLR ,2018-07-12 19:43:13,108
MLR ,2018-07-12 20:43:00,108
MLR ,2018-07-12 21:43:00,108
MLR ,2018-07-12 22:43:01,108
MLR ,2018-07-12 23:43:01,108
MLR ,2018-07-13 00:43:01,108
MLR ,2018-07-13 01:43:01,108
MLR ,2018-07-13 02:43:01,108
MLR ,2018-07-13 03:43:01,108
MLR ,2018-07-13 04:43:01,108
MLR ,2018-07-13 05:43:02,108
MLR ,2018-07-13 06:43:01,108
MLR ,2018-07-13 07:43:00,108
MLR ,2018-07-13 08:43:01,108
MLR ,2018-07-13 09:43:00,108
MLR ,2018-07-13 10:42:59,108
MLR ,2018-07-13 11:43:00,108
MLR ,2018-07-13 12:43:01,108
MLR ,2018-07-13 13:43:05,108
MLR ,2018-07-13 14:43:02,108
MLR ,2018-07-13 15:43:02,108
MLR ,2018-07-13 16:43:01,108
MLR ,2018-07-13 17:43:01,108
MLR ,2018-07-13 18:43:01,108
MLR ,2018-07-13 19:43:02,108
MLR ,2018-07-13 20:43:00,108
MLR ,2018-07-13 21:42:59,108
MLR ,2018-07-13 22:43:00,108
MLR ,2018-07-13 23:43:01,108
MLR ,2018-07-14 00:43:01,108
MLR ,2018-07-14 01:43:00,108
MLR ,2018-07-14 02:43:00,108
MLR ,2018-07-14 03:43:01,108
MLR ,2018-07-14 04:43:00,108
MLR ,2018-07-14 05:43:00,108
MLR ,2018-07-14 06:43:00,108
MLR ,2018-07-14 07:43:00,108
MLR ,2018-07-14 08:43:00,108
MLR ,2018-07-14 09:43:00,108
MLR ,2018-07-14 10:43:01,108
MLR ,2018-07-14 11:43:01,108
MLR ,2018-07-14 12:43:01,108
MLR ,2018-07-14 13:43:01,108
MLR ,2018-07-14 14:43:01,108
MLR ,2018-07-14 15:43:00,108
MLR ,2018-07-14 16:43:01,108
MLR ,2018-07-14 17:43:00,108
MLR ,2018-07-14 18:43:01,108
MLR ,2018-07-14 19:43:03,108
MLR ,2018-07-14 20:43:00,108
MLR ,2018-07-14 21:43:00,108
MLR ,2018-07-14 22:43:01,108
MLR ,2018-07-14 23:43:01,108
MLR ,2018-07-15 00:43:00,108
MLR ,2018-07-15 01:43:00,108
MLR ,2018-07-15 02:43:01,108
MLR ,2018-07-15 03:43:00,108
MLR ,2018-07-15 04:43:00,108
MLR ,2018-07-15 05:43:00,108
MLR ,2018-07-15 06:43:01,108
MLR ,2018-07-15 07:43:00,108
MLR ,2018-07-15 08:43:00,108
MLR ,2018-07-15 09:43:00,108
MLR ,2018-07-15 10:43:00,108
MLR ,2018-07-15 11:43:00,108
MLR ,2018-07-15 12:43:00,108
MLR ,2018-07-15 13:43:01,108
MLR ,2018-07-15 14:42:59,108
MLR ,2018-07-15 15:43:01,108
MLR ,2018-07-15 16:43:01,108
MLR ,2018-07-15 17:43:00,108
MLR ,2018-07-15 18:43:00,108
MLR ,2018-07-15 19:43:09,108
MLR ,2018-07-15 20:43:01,108
MLR ,2018-07-15 21:43:05,108
MLR ,2018-07-15 22:43:01,108
MLR ,2018-07-15 23:43:01,108
MLR ,2018-07-16 00:43:01,108
MLR ,2018-07-16 01:43:00,108
MLR ,2018-07-16 02:43:01,108
MLR ,2018-07-16 03:43:01,108
MLR ,2018-07-16 04:43:02,108
MLR ,2018-07-16 05:43:00,108
MLR ,2018-07-16 06:43:01,108
MLR ,2018-07-16 07:43:08,108
MLR ,2018-07-16 08:43:02,108
MLR ,2018-07-16 09:42:59,108
MLR ,2018-07-16 10:43:00,108
MLR ,2018-07-16 11:43:00,108
MLR ,2018-07-16 12:42:59,108
MLR ,2018-07-16 13:43:10,108
MLR ,2018-07-16 14:43:01,109
MLR ,2018-07-16 15:43:03,109
MLR ,2018-07-16 16:43:01,109
MLR ,2018-07-16 17:43:02,109
MLR ,2018-07-16 18:43:01,109
MLR ,2018-07-16 19:43:27,109
MLR ,2018-07-16 20:43:01,109
MLR ,2018-07-16 21:43:01,109
MLR ,2018-07-16 22:43:00,109
MLR ,2018-07-16 23:43:01,109
MLR ,2018-07-17 00:43:11,109
MLR ,2018-07-17 01:43:01,109
MLR ,2018-07-17 02:43:01,109
MLR ,2018-07-17 03:43:00,109
MLR ,2018-07-17 04:43:01,109
MLR ,2018-07-17 05:43:02,109
MLR ,2018-07-17 06:43:01,109
MLR ,2018-07-17 07:43:09,109
MLR ,2018-07-17 08:43:00,109
MLR ,2018-07-17 09:43:00,109
MLR ,2018-07-17 10:43:01,109
MLR ,2018-07-17 11:43:00,109
MLR ,2018-07-17 12:43:01,109
MLR ,2018-07-17 13:43:05,109
MLR ,2018-07-17 14:43:03,109
MLR ,2018-07-17 15:43:02,109
MLR ,2018-07-17 16:43:03,109
MLR ,2018-07-17 17:43:02,110
MLR ,2018-07-17 18:43:03,110
MLR ,2018-07-17 19:43:23,110
MLR ,2018-07-17 20:43:02,110
MLR ,2018-07-17 21:43:02,110
MLR ,2018-07-17 22:43:01,110
MLR ,2018-07-17 23:43:05,110
MLR ,2018-07-18 00:43:06,110
MLR ,2018-07-18 01:43:05,110
MLR ,2018-07-18 02:43:13,110
MLR ,2018-07-18 03:43:07,110
MLR ,2018-07-18 04:43:05,110
MLR ,2018-07-18 05:43:07,110
MLR ,2018-07-18 06:43:05,110
MLR ,2018-07-18 07:43:04,110
MLR ,2018-07-18 08:43:09,110
MLR ,2018-07-18 09:43:05,110
MLR ,2018-07-18 10:43:05,110
MLR ,2018-07-18 11:43:05,110
MLR ,2018-07-18 12:43:04,110
MLR ,2018-07-18 13:43:08,110
MLR ,2018-07-18 14:43:07,110
MLR ,2018-07-18 15:43:05,110
MLR ,2018-07-18 16:43:06,110
MLR ,2018-07-18 17:43:06,110
MLR ,2018-07-18 18:43:05,110
MLR ,2018-07-18 19:43:14,109
MLR ,2018-07-18 20:43:05,109
MLR ,2018-07-18 21:43:05,109
MLR ,2018-07-18 22:43:06,109
MLR ,2018-07-18 23:43:05,109
MLR ,2018-07-19 00:43:06,109
MLR ,2018-07-19 01:43:06,109
MLR ,2018-07-19 02:43:06,109
MLR ,2018-07-19 03:43:10,109
MLR ,2018-07-19 04:43:12,109
MLR ,2018-07-19 05:43:09,109
MLR ,2018-07-19 06:43:09,109
MLR ,2018-07-19 07:43:15,109
MLR ,2018-07-19 08:43:06,109
MLR ,2018-07-19 09:43:06,109
MLR ,2018-07-19 10:43:06,109
MLR ,2018-07-19 11:43:06,109
MLR ,2018-07-19 12:43:05,109
MLR ,2018-07-19 13:43:09,109
MLR ,2018-07-19 14:43:07,108
MLR ,2018-07-19 15:43:07,108
MLR ,2018-07-19 16:43:07,108
MLR ,2018-07-19 17:43:07,108
MLR ,2018-07-19 18:43:07,108
MLR ,2018-07-19 19:43:10,108
MLR ,2018-07-19 20:43:07,108
MLR ,2018-07-19 21:43:06,108
MLR ,2018-07-19 22:43:07,108
MLR ,2018-07-19 23:43:08,108
MLR ,2018-07-20 00:43:07,108
MLR ,2018-07-20 01:43:07,108
MLR ,2018-07-20 02:43:08,108
MLR ,2018-07-20 03:43:10,108
MLR ,2018-07-20 04:43:11,108
MLR ,2018-07-20 05:43:10,108
MLR ,2018-07-20 06:43:09,108
MLR ,2018-07-20 07:43:09,108
MLR ,2018-07-20 08:43:06,108
MLR ,2018-07-20 09:43:18,108
MLR ,2018-07-20 10:43:05,108
MLR ,2018-07-20 11:43:05,108
MLR ,2018-07-20 12:43:04,108
MLR ,2018-07-20 14:06:40,110
MLR ,2018-07-20 14:43:08,110
MLR ,2018-07-20 15:43:08,110
MLR ,2018-07-20 16:43:08,110
MLR ,2018-07-20 17:43:06,110
MLR ,2018-07-20 18:43:08,110
MLR ,2018-07-20 19:43:17,110
MLR ,2018-07-20 20:43:06,110
MLR ,2018-07-20 21:43:06,110
MLR ,2018-07-20 22:43:05,110
MLR ,2018-07-20 23:43:08,110
MLR ,2018-07-21 00:43:07,110
MLR ,2018-07-21 01:43:07,110
MLR ,2018-07-21 02:43:08,110
MLR ,2018-07-21 03:43:13,110
MLR ,2018-07-21 04:43:06,110
MLR ,2018-07-21 05:43:06,110
MLR ,2018-07-21 06:43:06,110
MLR ,2018-07-21 07:43:05,110
MLR ,2018-07-21 08:43:05,110
MLR ,2018-07-21 09:43:07,110
MLR ,2018-07-21 10:43:06,110
MLR ,2018-07-21 11:43:05,110
MLR ,2018-07-21 12:43:05,110
MLR ,2018-07-21 13:43:07,110
MLR ,2018-07-21 14:43:07,110
MLR ,2018-07-21 15:43:06,110
MLR ,2018-07-21 16:43:08,110
MLR ,2018-07-21 17:43:06,110
MLR ,2018-07-21 18:43:07,110
MLR ,2018-07-21 19:43:11,110
MLR ,2018-07-21 20:43:05,110
MLR ,2018-07-21 21:43:05,110
MLR ,2018-07-21 22:43:05,110
MLR ,2018-07-21 23:43:06,110
MLR ,2018-07-22 00:43:06,110
MLR ,2018-07-22 01:43:05,110
MLR ,2018-07-22 02:43:06,110
MLR ,2018-07-22 03:43:08,110
MLR ,2018-07-22 04:43:06,110
MLR ,2018-07-22 05:43:06,110
MLR ,2018-07-22 06:43:18,110
MLR ,2018-07-22 07:43:12,110
MLR ,2018-07-22 08:43:06,110
MLR ,2018-07-22 09:43:05,110
MLR ,2018-07-22 10:43:05,110
MLR ,2018-07-22 11:43:05,110
MLR ,2018-07-22 12:43:07,110
MLR ,2018-07-22 13:43:06,110
MLR ,2018-07-22 14:43:07,110
MLR ,2018-07-22 15:43:06,110
MLR ,2018-07-22 16:43:06,110
MLR ,2018-07-22 17:43:05,110
MLR ,2018-07-22 18:43:06,110
MLR ,2018-07-22 19:43:12,110
MLR ,2018-07-22 20:43:06,110
MLR ,2018-07-22 21:43:06,110
MLR ,2018-07-22 22:43:06,110
MLR ,2018-07-22 23:43:05,110
MLR ,2018-07-23 00:43:06,110
MLR ,2018-07-23 01:43:05,110
MLR ,2018-07-23 02:43:06,110
MLR ,2018-07-23 03:43:06,110
MLR ,2018-07-23 04:43:05,110
MLR ,2018-07-23 05:43:04,110
MLR ,2018-07-23 06:43:05,110
MLR ,2018-07-23 07:43:06,110
MLR ,2018-07-23 08:43:08,110
MLR ,2018-07-23 09:43:11,110
MLR ,2018-07-23 23:43:18,111
MLR ,2018-07-24 00:43:06,111
MLR ,2018-07-24 01:43:06,111
MLR ,2018-07-24 02:43:07,111
MLR ,2018-07-24 03:43:06,111
MLR ,2018-07-24 04:43:05,111
MLR ,2018-07-24 05:43:05,111
MLR ,2018-07-24 06:43:06,111
MLR ,2018-07-24 07:43:05,111
MLR ,2018-07-24 08:43:05,111
MLR ,2018-07-24 09:43:05,111
MLR ,2018-07-24 10:43:05,111
MLR ,2018-07-24 11:43:05,111
MLR ,2018-07-24 12:43:06,111
MLR ,2018-07-24 13:43:17,111
MLR ,2018-07-24 14:43:06,111
MLR ,2018-07-24 15:43:06,111
MLR ,2018-07-24 16:43:07,111
MLR ,2018-07-24 17:43:06,111
MLR ,2018-07-24 18:43:06,111
MLR ,2018-07-24 19:43:06,110
MLR ,2018-07-24 20:43:05,110
MLR ,2018-07-24 21:43:05,110
MLR ,2018-07-24 22:43:05,110
MLR ,2018-07-24 23:43:05,110
MLR ,2018-07-25 00:43:06,110
MLR ,2018-07-25 01:43:06,110
MLR ,2018-07-25 02:43:05,110
MLR ,2018-07-25 03:43:06,110
MLR ,2018-07-25 04:43:06,110
MLR ,2018-07-25 05:43:05,110
MLR ,2018-07-25 06:43:06,110
MLR ,2018-07-25 07:43:05,110
MLR ,2018-07-25 08:43:06,110
MLR ,2018-07-25 09:43:06,110
MLR ,2018-07-25 10:43:05,110
MLR ,2018-07-25 11:43:05,110
MLR ,2018-07-25 12:43:06,110
MLR ,2018-07-25 13:43:11,110
MLR ,2018-07-25 14:43:07,110
MLR ,2018-07-25 15:43:08,111
MLR ,2018-07-25 16:43:07,112
MLR ,2018-07-25 17:43:13,112
MLR ,2018-07-25 18:43:07,112
MLR ,2018-07-25 19:43:07,112
MLR ,2018-07-25 20:43:07,112
MLR ,2018-07-25 21:43:07,112
MLR ,2018-07-25 22:43:06,112
MLR ,2018-07-25 23:43:06,112
MLR ,2018-07-26 00:43:05,112
MLR ,2018-07-26 01:43:06,112
MLR ,2018-07-26 02:43:07,112
MLR ,2018-07-26 03:43:07,112
MLR ,2018-07-26 04:43:07,112
MLR ,2018-07-26 05:43:06,112
MLR ,2018-07-26 06:43:06,112
MLR ,2018-07-26 07:43:06,112
MLR ,2018-07-26 08:43:05,112
MLR ,2018-07-26 09:43:06,112
MLR ,2018-07-26 10:43:06,112
MLR ,2018-07-26 11:43:05,112
MLR ,2018-07-26 12:43:06,112
MLR ,2018-07-26 14:43:09,111
MLR ,2018-07-26 15:43:08,110
MLR ,2018-07-26 16:43:08,110
MLR ,2018-07-26 17:43:08,109
MLR ,2018-07-26 18:43:08,109
MLR ,2018-07-26 19:43:08,109
MLR ,2018-07-26 20:43:08,109
MLR ,2018-07-26 21:43:06,109
MLR ,2018-07-26 22:43:07,109
MLR ,2018-07-26 23:43:08,109
MLR ,2018-07-27 00:43:07,109
MLR ,2018-07-27 01:43:08,109
MLR ,2018-07-27 02:43:06,109
MLR ,2018-07-27 03:43:07,109
MLR ,2018-07-27 04:43:08,109
MLR ,2018-07-27 05:43:07,109
MLR ,2018-07-27 06:43:07,109
MLR ,2018-07-27 07:43:07,109
MLR ,2018-07-27 08:43:06,109
MLR ,2018-07-27 09:43:06,109
MLR ,2018-07-27 10:43:07,109
MLR ,2018-07-27 11:43:06,109
MLR ,2018-07-27 12:43:07,109
MLR ,2018-07-27 13:43:13,109
MLR ,2018-07-27 14:43:09,108
MLR ,2018-07-27 15:43:07,108
MLR ,2018-07-27 16:43:07,108
MLR ,2018-07-27 17:43:07,108
MLR ,2018-07-27 18:43:07,108
MLR ,2018-07-27 19:43:07,108
MLR ,2018-07-27 20:43:07,108
MLR ,2018-07-27 21:43:07,108
MLR ,2018-07-27 22:43:06,108
MLR ,2018-07-27 23:43:07,108
MLR ,2018-07-28 00:43:07,108
MLR ,2018-07-28 01:43:07,108
MLR ,2018-07-28 02:43:07,108
MLR ,2018-07-28 03:43:07,108
MLR ,2018-07-28 04:43:06,108
MLR ,2018-07-28 05:43:07,108
MLR ,2018-07-28 06:43:07,108
MLR ,2018-07-28 07:43:06,108
MLR ,2018-07-28 08:43:06,108
MLR ,2018-07-28 09:43:07,108
MLR ,2018-07-28 10:43:06,108
MLR ,2018-07-28 11:43:06,108
MLR ,2018-07-28 12:43:06,108
MLR ,2018-07-28 13:43:06,108
MLR ,2018-07-28 14:43:06,108
MLR ,2018-07-28 15:43:07,108
MLR ,2018-07-28 16:43:07,108
MLR ,2018-07-28 17:43:07,108
MLR ,2018-07-28 18:43:07,108
MLR ,2018-07-28 19:43:19,108
MLR ,2018-07-28 20:43:13,108
MLR ,2018-07-28 21:43:07,108
MLR ,2018-07-28 22:43:07,108
MLR ,2018-07-28 23:43:07,108
MLR ,2018-07-29 00:43:06,108
MLR ,2018-07-29 01:43:08,108
MLR ,2018-07-29 02:43:07,108
MLR ,2018-07-29 03:43:06,108
MLR ,2018-07-29 04:43:08,108
MLR ,2018-07-29 05:43:08,108
MLR ,2018-07-29 06:43:07,108
MLR ,2018-07-29 07:43:06,108
MLR ,2018-07-29 08:43:06,108
MLR ,2018-07-29 09:43:07,108
MLR ,2018-07-29 10:43:06,108
MLR ,2018-07-29 11:43:06,108
MLR ,2018-07-29 12:43:07,108
MLR ,2018-07-29 13:43:08,108
MLR ,2018-07-29 14:43:07,108
MLR ,2018-07-29 15:43:06,108
MLR ,2018-07-29 16:43:08,108
MLR ,2018-07-29 17:43:07,108
MLR ,2018-07-29 18:43:06,108
MLR ,2018-07-29 19:43:08,108
MLR ,2018-07-29 20:43:07,108
MLR ,2018-07-29 21:43:08,108
MLR ,2018-07-29 22:43:08,108
MLR ,2018-07-29 23:43:08,108
MLR ,2018-07-30 00:43:06,108
MLR ,2018-07-30 01:43:07,108
MLR ,2018-07-30 02:43:06,108
MLR ,2018-07-30 03:43:07,108
MLR ,2018-07-30 04:43:07,108
MLR ,2018-07-30 05:43:07,108
MLR ,2018-07-30 06:43:05,108
MLR ,2018-07-30 07:43:06,108
MLR ,2018-07-30 08:43:07,108
MLR ,2018-07-30 09:43:07,108
MLR ,2018-07-30 10:43:06,108
MLR ,2018-07-30 11:43:07,108
MLR ,2018-07-30 12:43:07,108
MLR ,2018-07-30 13:43:13,108
MLR ,2018-07-30 14:43:10,109
MLR ,2018-07-30 15:43:07,109
MLR ,2018-07-30 16:43:09,109
MLR ,2018-07-30 17:43:08,109
MLR ,2018-07-30 18:43:06,109
MLR ,2018-07-30 19:43:09,109
MLR ,2018-07-30 20:43:06,110
MLR ,2018-07-30 21:43:07,110
MLR ,2018-07-30 22:43:08,110
MLR ,2018-07-30 23:43:06,110
MLR ,2018-07-31 00:43:08,110
MLR ,2018-07-31 01:43:07,110
MLR ,2018-07-31 02:43:07,110
MLR ,2018-07-31 03:43:07,110
MLR ,2018-07-31 04:43:07,110
MLR ,2018-07-31 05:43:07,110
MLR ,2018-07-31 06:43:07,110
MLR ,2018-07-31 07:43:07,110
MLR ,2018-07-31 08:43:25,110
MLR ,2018-07-31 09:50:03,110
MLR ,2018-07-31 10:43:07,110
MLR ,2018-07-31 11:43:06,110
MLR ,2018-07-31 12:43:07,110
MLR ,2018-07-31 13:43:13,110
MLR ,2018-07-31 14:43:08,110
MLR ,2018-07-31 15:43:08,110
MLR ,2018-07-31 16:43:07,110
MLR ,2018-07-31 17:43:07,110
MLR ,2018-07-31 18:43:07,110
MLR ,2018-07-31 19:43:08,110
MLR ,2018-07-31 20:43:08,110
MLR ,2018-07-31 21:43:06,110
MLR ,2018-07-31 22:43:07,110
MLR ,2018-07-31 23:43:08,110
MLR ,2018-08-01 00:43:08,110
MLR ,2018-08-01 01:43:07,110
MLR ,2018-08-01 02:43:06,110
MLR ,2018-08-01 03:43:07,110
MLR ,2018-08-01 04:43:07,110
MLR ,2018-08-01 05:43:07,110
MLR ,2018-08-01 06:43:07,110
MLR ,2018-08-01 07:43:07,110
MLR ,2018-08-01 08:43:07,110
MLR ,2018-08-01 09:43:07,110
MLR ,2018-08-01 10:43:06,110
MLR ,2018-08-01 11:43:07,110
MLR ,2018-08-01 12:43:07,110
MLR ,2018-08-01 14:08:14,111
MLR ,2018-08-01 14:43:08,111
MLR ,2018-08-01 15:43:09,111
MLR ,2018-08-01 16:43:08,111
MLR ,2018-08-01 17:43:09,111
MLR ,2018-08-01 18:43:07,111
MLR ,2018-08-01 19:44:01,111
MLR ,2018-08-01 20:43:06,111
MLR ,2018-08-01 21:43:07,111
MLR ,2018-08-01 22:43:06,111
MLR ,2018-08-01 23:43:06,111
MLR ,2018-08-02 00:43:08,111
MLR ,2018-08-02 01:43:07,111
MLR ,2018-08-02 02:43:07,111
MLR ,2018-08-02 03:43:07,111
MLR ,2018-08-02 04:43:08,111
MLR ,2018-08-02 05:43:07,111
MLR ,2018-08-02 06:43:06,111
MLR ,2018-08-02 07:43:06,111
MLR ,2018-08-02 08:43:07,111
MLR ,2018-08-02 09:43:07,111
MLR ,2018-08-02 10:43:07,111
MLR ,2018-08-02 11:43:06,111
MLR ,2018-08-02 12:43:07,111
MLR ,2018-08-02 13:43:12,111
MLR ,2018-08-02 14:43:10,110
MLR ,2018-08-02 15:43:10,110
MLR ,2018-08-02 16:43:08,110
MLR ,2018-08-02 17:43:10,110
MLR ,2018-08-02 18:43:09,110
MLR ,2018-08-02 19:43:09,110
MLR ,2018-08-02 20:43:08,110
MLR ,2018-08-02 21:43:08,110
MLR ,2018-08-02 22:43:08,110
MLR ,2018-08-02 23:43:08,110
MLR ,2018-08-03 00:43:08,110
MLR ,2018-08-03 01:43:09,110
MLR ,2018-08-03 02:43:08,110
MLR ,2018-08-03 03:43:08,110
MLR ,2018-08-03 04:43:08,110
MLR ,2018-08-03 05:43:08,110
MLR ,2018-08-03 06:43:09,110
MLR ,2018-08-03 07:43:07,110
MLR ,2018-08-03 08:43:08,110
MLR ,2018-08-03 09:43:08,110
MLR ,2018-08-03 10:43:08,110
MLR ,2018-08-03 11:45:09,110
MLR ,2018-08-03 13:08:07,110
MLR ,2018-08-03 13:43:12,110
MLR ,2018-08-03 14:43:09,108
MLR ,2018-08-03 15:43:08,108
MLR ,2018-08-03 16:43:09,108
MLR ,2018-08-03 17:43:08,108
MLR ,2018-08-03 18:43:08,109
MLR ,2018-08-03 19:43:08,109
MLR ,2018-08-03 20:43:08,109
MLR ,2018-08-03 21:43:07,109
MLR ,2018-08-03 22:43:07,109
MLR ,2018-08-03 23:43:08,109
MLR ,2018-08-04 00:43:07,109
MLR ,2018-08-04 01:43:07,109
MLR ,2018-08-04 02:43:08,109
MLR ,2018-08-04 03:43:08,109
MLR ,2018-08-04 04:43:07,109
MLR ,2018-08-04 05:43:08,109
MLR ,2018-08-04 06:43:08,109
MLR ,2018-08-04 07:43:09,109
MLR ,2018-08-04 08:43:08,109
MLR ,2018-08-04 09:43:08,109
MLR ,2018-08-04 10:43:08,109
MLR ,2018-08-04 11:43:08,109
MLR ,2018-08-04 12:43:07,109
MLR ,2018-08-04 13:43:09,109
MLR ,2018-08-04 14:43:07,109
MLR ,2018-08-04 15:43:08,109
MLR ,2018-08-04 16:43:08,109
MLR ,2018-08-04 17:43:08,109
MLR ,2018-08-04 18:43:08,109
MLR ,2018-08-04 19:43:08,109
MLR ,2018-08-04 20:43:08,109
MLR ,2018-08-04 21:43:07,109
MLR ,2018-08-04 22:43:07,109
MLR ,2018-08-04 23:43:09,109
MLR ,2018-08-05 00:43:07,109
MLR ,2018-08-05 01:43:08,109
MLR ,2018-08-05 02:43:09,109
MLR ,2018-08-05 03:43:08,109
MLR ,2018-08-05 04:43:07,109
MLR ,2018-08-05 05:43:08,109
MLR ,2018-08-05 06:43:08,109
MLR ,2018-08-05 07:43:07,109
MLR ,2018-08-05 08:43:08,109
MLR ,2018-08-05 09:43:07,109
MLR ,2018-08-05 10:43:08,109
MLR ,2018-08-05 11:43:07,109
MLR ,2018-08-05 12:43:08,109
MLR ,2018-08-05 13:43:07,109
MLR ,2018-08-05 14:43:07,109
MLR ,2018-08-05 15:43:08,109
MLR ,2018-08-05 16:43:09,109
MLR ,2018-08-05 17:43:07,109
MLR ,2018-08-05 18:43:08,109
MLR ,2018-08-05 19:43:08,109
MLR ,2018-08-05 20:43:08,109
MLR ,2018-08-05 21:43:08,109
MLR ,2018-08-05 22:43:07,109
MLR ,2018-08-05 23:43:08,109
MLR ,2018-08-06 00:43:08,109
MLR ,2018-08-06 01:43:07,109
MLR ,2018-08-06 02:43:08,109
MLR ,2018-08-06 03:43:07,109
MLR ,2018-08-06 04:43:07,109
MLR ,2018-08-06 05:43:07,109
MLR ,2018-08-06 06:43:07,109
MLR ,2018-08-06 07:43:08,109
MLR ,2018-08-06 08:43:08,109
MLR ,2018-08-06 09:43:08,109
MLR ,2018-08-06 10:43:08,109
MLR ,2018-08-06 11:43:07,109
MLR ,2018-08-06 12:43:07,109
MLR ,2018-08-06 13:43:11,109
MLR ,2018-08-06 14:43:09,109
MLR ,2018-08-06 15:43:08,109
MLR ,2018-08-06 16:43:29,109
MLR ,2018-08-06 17:43:10,109
MLR ,2018-08-06 18:43:10,109
MLR ,2018-08-06 19:43:09,109
MLR ,2018-08-06 20:43:09,109
MLR ,2018-08-06 21:43:10,109
MLR ,2018-08-06 22:43:08,109
MLR ,2018-08-06 23:43:09,109
MLR ,2018-08-07 00:43:09,109
MLR ,2018-08-07 01:43:09,109
MLR ,2018-08-07 02:43:09,109
MLR ,2018-08-07 03:43:10,109
MLR ,2018-08-07 04:43:09,109
MLR ,2018-08-07 05:43:08,109
MLR ,2018-08-07 06:43:08,109
MLR ,2018-08-07 07:43:09,109
MLR ,2018-08-07 08:43:08,109
MLR ,2018-08-07 09:43:07,109
MLR ,2018-08-07 10:43:08,109
MLR ,2018-08-07 11:43:08,109
MLR ,2018-08-07 12:43:08,109
MLR ,2018-08-07 13:43:14,109
MLR ,2018-08-07 14:43:09,110
MLR ,2018-08-07 15:43:09,109
MLR ,2018-08-07 16:43:08,109
MLR ,2018-08-07 17:43:09,109
MLR ,2018-08-07 18:43:09,109
MLR ,2018-08-07 19:43:10,109
MLR ,2018-08-07 20:43:09,109
MLR ,2018-08-07 21:43:09,109
MLR ,2018-08-07 22:43:08,109
MLR ,2018-08-07 23:43:08,109
MLR ,2018-08-08 00:43:08,109
MLR ,2018-08-08 01:43:10,109
MLR ,2018-08-08 02:43:09,109
MLR ,2018-08-08 03:43:09,109
MLR ,2018-08-08 04:43:08,109
MLR ,2018-08-08 05:43:10,109
MLR ,2018-08-08 06:43:09,109
MLR ,2018-08-08 07:43:10,109
MLR ,2018-08-08 08:43:09,109
MLR ,2018-08-08 09:43:09,109
MLR ,2018-08-08 10:43:09,109
MLR ,2018-08-08 11:43:09,109
MLR ,2018-08-08 12:43:10,109
MLR ,2018-08-08 13:43:12,109
MLR ,2018-08-08 14:43:10,109
MLR ,2018-08-08 15:43:11,109
MLR ,2018-08-08 16:43:10,109
MLR ,2018-08-08 17:43:09,109
MLR ,2018-08-08 18:43:08,109
MLR ,2018-08-08 19:43:09,108
MLR ,2018-08-08 20:43:08,108
MLR ,2018-08-08 21:43:08,106
MLR ,2018-08-08 22:43:08,106
MLR ,2018-08-08 23:43:08,106
MLR ,2018-08-10 00:21:25,101
MLR ,2018-08-10 00:43:11,101
MLR ,2018-08-10 01:43:12,101
MLR ,2018-08-10 02:43:11,101
MLR ,2018-08-10 03:43:08,101
MLR ,2018-08-10 04:43:11,101
MLR ,2018-08-10 05:43:14,101
MLR ,2018-08-10 06:43:11,101
MLR ,2018-08-10 07:43:14,101
MLR ,2018-08-10 08:43:13,101
MLR ,2018-08-10 09:43:11,101
MLR ,2018-08-10 10:43:12,101
MLR ,2018-08-10 11:43:12,101
MLR ,2018-08-10 12:43:10,101
MLR ,2018-08-10 13:43:16,101
MLR ,2018-08-10 14:43:14,100
MLR ,2018-08-10 15:43:14,101
MLR ,2018-08-10 16:43:14,101
MLR ,2018-08-10 17:43:13,100
MLR ,2018-08-10 18:43:13,100
MLR ,2018-08-10 19:43:13,100
MLR ,2018-08-10 20:43:13,102
MLR ,2018-08-10 21:43:14,102
MLR ,2018-08-10 22:43:12,102
MLR ,2018-08-10 23:43:14,102
MLR ,2018-08-11 00:43:13,102
MLR ,2018-08-11 01:43:13,102
MLR ,2018-08-11 02:43:14,102
MLR ,2018-08-11 03:43:13,102
MLR ,2018-08-11 04:43:13,102
MLR ,2018-08-11 05:43:14,102
MLR ,2018-08-11 06:43:12,102
MLR ,2018-08-11 07:43:13,102
MLR ,2018-08-11 08:43:12,102
MLR ,2018-08-11 09:43:12,102
MLR ,2018-08-11 10:43:13,102
MLR ,2018-08-11 11:43:13,102
MLR ,2018-08-11 12:43:12,102
MLR ,2018-08-11 13:43:12,102
MLR ,2018-08-11 14:43:13,102
MLR ,2018-08-11 15:43:13,102
MLR ,2018-08-11 16:43:13,102
MLR ,2018-08-11 17:43:13,102
MLR ,2018-08-11 18:43:14,102
MLR ,2018-08-11 19:43:13,102
MLR ,2018-08-11 20:43:13,102
MLR ,2018-08-11 21:43:13,102
MLR ,2018-08-11 22:43:13,102
MLR ,2018-08-11 23:43:13,102
MLR ,2018-08-12 00:43:13,102
MLR ,2018-08-12 01:43:12,102
MLR ,2018-08-12 02:43:12,102
MLR ,2018-08-12 03:43:12,102
MLR ,2018-08-12 04:43:13,102
MLR ,2018-08-12 05:43:13,102
MLR ,2018-08-12 06:43:12,102
MLR ,2018-08-12 07:43:12,102
MLR ,2018-08-12 08:43:12,102
MLR ,2018-08-12 09:43:12,102
MLR ,2018-08-12 10:43:12,102
MLR ,2018-08-12 11:43:12,102
MLR ,2018-08-12 12:43:13,102
MLR ,2018-08-12 13:43:14,102
MLR ,2018-08-12 14:43:13,102
MLR ,2018-08-12 15:43:14,102
MLR ,2018-08-12 16:43:14,102
MLR ,2018-08-12 17:43:13,102
MLR ,2018-08-12 18:43:13,102
MLR ,2018-08-12 19:43:13,102
MLR ,2018-08-12 20:43:14,102
MLR ,2018-08-12 21:43:13,102
MLR ,2018-08-12 22:43:13,102
MLR ,2018-08-12 23:43:13,102
MLR ,2018-08-13 00:43:12,102
MLR ,2018-08-13 01:43:13,102
MLR ,2018-08-13 02:43:14,102
MLR ,2018-08-13 03:43:13,102
MLR ,2018-08-13 04:43:14,102
MLR ,2018-08-13 05:43:12,102
MLR ,2018-08-13 06:43:13,102
MLR ,2018-08-13 07:43:13,102
MLR ,2018-08-13 08:43:14,102
MLR ,2018-08-13 09:43:14,102
MLR ,2018-08-13 10:43:12,102
MLR ,2018-08-13 11:43:11,102
MLR ,2018-08-13 12:43:13,102
MLR ,2018-08-13 13:43:15,102
MLR ,2018-08-13 14:43:14,102
MLR ,2018-08-13 15:43:16,103
MLR ,2018-08-13 16:43:15,103
MLR ,2018-08-13 17:43:13,103
MLR ,2018-08-13 18:43:13,103
MLR ,2018-08-13 19:43:14,104
MLR ,2018-08-13 20:43:13,104
MLR ,2018-08-13 21:43:14,104
MLR ,2018-08-13 22:43:13,104
MLR ,2018-08-13 23:43:13,104
MLR ,2018-08-14 00:43:14,104
MLR ,2018-08-14 01:43:14,104
MLR ,2018-08-14 02:43:13,104
MLR ,2018-08-14 03:43:13,104
MLR ,2018-08-14 04:43:14,104
MLR ,2018-08-14 05:43:13,104
MLR ,2018-08-14 06:43:14,104
MLR ,2018-08-14 07:43:14,104
MLR ,2018-08-14 08:43:13,104
MLR ,2018-08-14 09:43:13,104
MLR ,2018-08-14 10:43:13,104
MLR ,2018-08-14 11:43:13,104
MLR ,2018-08-14 12:43:13,104
MLR ,2018-08-14 13:43:15,104
MLR ,2018-08-14 14:43:14,104
MLR ,2018-08-14 15:43:14,104
MLR ,2018-08-14 16:43:13,104
MLR ,2018-08-14 17:43:12,104
MLR ,2018-08-14 18:43:13,103
MLR ,2018-08-14 19:43:13,103
MLR ,2018-08-14 20:43:13,103
MLR ,2018-08-14 21:43:13,103
MLR ,2018-08-14 22:43:13,103
MLR ,2018-08-14 23:43:13,103
MLR ,2018-08-15 00:43:13,103
MLR ,2018-08-15 01:43:14,103
MLR ,2018-08-15 02:43:14,103
MLR ,2018-08-15 03:43:14,103
MLR ,2018-08-15 04:43:13,103
MLR ,2018-08-15 05:43:13,103
MLR ,2018-08-15 06:43:14,103
MLR ,2018-08-15 07:43:12,103
MLR ,2018-08-15 08:43:13,103
MLR ,2018-08-15 09:43:13,103
MLR ,2018-08-15 10:43:13,103
MLR ,2018-08-15 11:43:13,103
MLR ,2018-08-15 12:43:12,103
MLR ,2018-08-15 14:08:48,103
MLR ,2018-08-15 14:43:14,103
MLR ,2018-08-15 15:43:14,103
MLR ,2018-08-15 16:43:15,103
MLR ,2018-08-15 17:43:13,103
MLR ,2018-08-15 18:43:12,103
MLR ,2018-08-15 19:43:13,103
MLR ,2018-08-15 20:43:12,103
MLR ,2018-08-15 21:43:12,103
MLR ,2018-08-15 22:43:12,103
MLR ,2018-08-15 23:43:13,103
MLR ,2018-08-16 00:43:14,103
MLR ,2018-08-16 01:43:13,103
MLR ,2018-08-16 02:43:14,103
MLR ,2018-08-16 03:43:14,103
MLR ,2018-08-16 04:43:13,103
MLR ,2018-08-16 05:43:13,103
MLR ,2018-08-16 06:43:12,103
MLR ,2018-08-16 07:43:13,103
MLR ,2018-08-16 08:43:13,103
MLR ,2018-08-16 09:43:12,103
MLR ,2018-08-16 10:43:13,103
MLR ,2018-08-16 11:43:12,103
MLR ,2018-08-16 12:43:12,103
MLR ,2018-08-16 13:43:15,103
MLR ,2018-08-16 14:43:13,103
MLR ,2018-08-16 15:43:14,103
MLR ,2018-08-16 16:43:13,103
MLR ,2018-08-16 17:43:13,105
MLR ,2018-08-16 18:43:12,106
MLR ,2018-08-16 19:43:13,106
MLR ,2018-08-16 20:43:13,105
MLR ,2018-08-16 21:43:13,105
MLR ,2018-08-16 22:43:12,105
MLR ,2018-08-16 23:43:12,105
MLR ,2018-08-17 00:43:12,105
MLR ,2018-08-17 01:43:12,105
MLR ,2018-08-17 02:43:13,105
MLR ,2018-08-17 03:43:13,105
MLR ,2018-08-17 04:43:14,105
MLR ,2018-08-17 05:43:12,105
MLR ,2018-08-17 06:43:11,105
MLR ,2018-08-17 07:43:11,105
MLR ,2018-08-17 08:43:13,105
MLR ,2018-08-17 09:43:12,105
MLR ,2018-08-17 10:43:12,105
MLR ,2018-08-17 11:43:12,105
MLR ,2018-08-17 12:43:11,105
MLR ,2018-08-17 13:43:15,105
MLR ,2018-08-17 14:43:14,105
MLR ,2018-08-17 15:43:14,105
MLR ,2018-08-17 16:43:12,105
MLR ,2018-08-17 17:43:12,105
MLR ,2018-08-17 18:43:12,105
MLR ,2018-08-17 19:43:13,105
MLR ,2018-08-17 20:43:11,105
MLR ,2018-08-17 21:43:12,105
MLR ,2018-08-17 22:43:12,105
MLR ,2018-08-17 23:43:11,105
MLR ,2018-08-18 00:43:12,105
MLR ,2018-08-18 01:43:13,105
MLR ,2018-08-18 02:43:13,105
MLR ,2018-08-18 03:43:13,105
MLR ,2018-08-18 04:43:12,105
MLR ,2018-08-18 05:43:12,105
MLR ,2018-08-18 06:43:13,105
MLR ,2018-08-18 07:43:12,105
MLR ,2018-08-18 08:43:12,105
MLR ,2018-08-18 09:43:12,105
MLR ,2018-08-18 10:43:11,105
MLR ,2018-08-18 11:43:12,105
MLR ,2018-08-18 12:43:13,105
MLR ,2018-08-18 13:43:14,105
MLR ,2018-08-18 14:43:13,105
MLR ,2018-08-18 15:43:13,105
MLR ,2018-08-18 16:43:13,105
MLR ,2018-08-18 17:43:12,105
MLR ,2018-08-18 18:43:12,105
MLR ,2018-08-18 19:43:12,105
MLR ,2018-08-18 20:43:13,105
MLR ,2018-08-18 21:43:12,105
MLR ,2018-08-18 22:43:11,105
MLR ,2018-08-18 23:43:11,105
MLR ,2018-08-19 00:43:12,105
MLR ,2018-08-19 01:43:12,105
MLR ,2018-08-19 02:43:12,105
MLR ,2018-08-19 03:43:11,105
MLR ,2018-08-19 04:43:12,105
MLR ,2018-08-19 05:43:12,105
MLR ,2018-08-19 06:43:12,105
MLR ,2018-08-19 07:43:12,105
MLR ,2018-08-19 08:43:12,105
MLR ,2018-08-19 09:43:11,105
MLR ,2018-08-19 10:43:12,105
MLR ,2018-08-19 11:43:11,105
MLR ,2018-08-19 12:43:12,105
MLR ,2018-08-19 13:43:12,105
MLR ,2018-08-19 14:43:11,105
MLR ,2018-08-19 15:43:13,105
MLR ,2018-08-19 16:43:11,105
MLR ,2018-08-19 17:43:12,105
MLR ,2018-08-19 18:43:13,105
MLR ,2018-08-19 19:43:12,105
MLR ,2018-08-19 20:43:13,105
MLR ,2018-08-19 21:43:14,105
MLR ,2018-08-19 22:43:12,105
MLR ,2018-08-19 23:43:12,105
MLR ,2018-08-20 00:43:13,105
MLR ,2018-08-20 01:43:13,105
MLR ,2018-08-20 02:43:12,105
MLR ,2018-08-20 03:43:11,105
MLR ,2018-08-20 04:43:12,105
MLR ,2018-08-20 05:43:12,105
MLR ,2018-08-20 06:43:12,105
MLR ,2018-08-20 07:43:12,105
MLR ,2018-08-20 08:43:16,105
MLR ,2018-08-20 09:43:11,105
MLR ,2018-08-20 10:43:12,105
MLR ,2018-08-20 11:43:13,105
MLR ,2018-08-20 12:43:12,105
MLR ,2018-08-20 13:43:16,105
MLR ,2018-08-20 14:43:16,105
MLR ,2018-08-20 15:43:14,105
MLR ,2018-08-20 16:43:14,103
MLR ,2018-08-20 17:43:12,103
MLR ,2018-08-20 18:43:13,103
MLR ,2018-08-20 19:43:13,103
MLR ,2018-08-20 20:43:12,103
MLR ,2018-08-20 21:43:11,103
MLR ,2018-08-20 22:43:12,103
MLR ,2018-08-20 23:43:11,103
MLR ,2018-08-21 00:43:12,103
MLR ,2018-08-21 01:43:13,103
MLR ,2018-08-21 02:43:13,103
MLR ,2018-08-21 03:43:13,103
MLR ,2018-08-21 04:43:12,103
MLR ,2018-08-21 05:43:11,103
MLR ,2018-08-21 06:43:12,103
MLR ,2018-08-21 07:43:11,103
MLR ,2018-08-21 08:43:12,103
MLR ,2018-08-21 09:43:12,103
MLR ,2018-08-21 10:43:13,103
MLR ,2018-08-21 11:43:12,103
MLR ,2018-08-21 12:43:12,103
MLR ,2018-08-21 13:43:16,103
MLR ,2018-08-21 14:43:13,102
MLR ,2018-08-21 15:43:12,102
MLR ,2018-08-21 16:43:12,101
MLR ,2018-08-21 17:43:11,102
MLR ,2018-08-21 18:43:12,102
MLR ,2018-08-21 19:43:12,102
MLR ,2018-08-21 20:43:12,102
MLR ,2018-08-21 21:43:11,102
MLR ,2018-08-21 22:43:13,102
MLR ,2018-08-21 23:43:13,102
MLR ,2018-08-22 00:43:13,102
MLR ,2018-08-22 01:43:13,102
MLR ,2018-08-22 02:43:13,102
MLR ,2018-08-22 03:43:13,102
MLR ,2018-08-22 04:43:13,102
MLR ,2018-08-22 05:43:12,102
MLR ,2018-08-22 06:43:12,102
MLR ,2018-08-22 07:43:12,102
MLR ,2018-08-22 08:43:12,102
MLR ,2018-08-22 09:43:13,102
MLR ,2018-08-22 10:43:11,102
MLR ,2018-08-22 11:43:12,102
MLR ,2018-08-22 12:43:12,102
MLR ,2018-08-22 13:43:19,102
MLR ,2018-08-22 14:43:13,102
MLR ,2018-08-22 15:43:12,102
MLR ,2018-08-22 16:43:13,101
MLR ,2018-08-22 17:43:12,100
MLR ,2018-08-22 18:43:13,100
MLR ,2018-08-22 19:43:13,100
MLR ,2018-08-22 20:43:11,100
MLR ,2018-08-22 21:43:10,100
MLR ,2018-08-22 22:43:11,100
MLR ,2018-08-22 23:43:11,100
MLR ,2018-08-23 00:43:11,100
MLR ,2018-08-23 01:43:12,100
MLR ,2018-08-23 02:43:11,100
MLR ,2018-08-23 03:43:12,100
MLR ,2018-08-23 04:43:12,100
MLR ,2018-08-23 05:43:11,100
MLR ,2018-08-23 06:43:11,100
MLR ,2018-08-23 07:43:11,100
MLR ,2018-08-23 08:43:11,100
MLR ,2018-08-23 09:43:11,100
MLR ,2018-08-23 10:43:11,100
MLR ,2018-08-23 11:43:11,100
MLR ,2018-08-23 12:43:13,100
MLR ,2018-08-23 13:43:17,100
MLR ,2018-08-23 14:43:13,100
MLR ,2018-08-23 15:43:13,100
MLR ,2018-08-23 16:43:14,100
MLR ,2018-08-23 17:43:12,100
MLR ,2018-08-23 18:43:14,100
MLR ,2018-08-23 19:43:14,100
MLR ,2018-08-23 20:43:14,100
MLR ,2018-08-23 21:43:12,100
MLR ,2018-08-23 22:43:12,100
MLR ,2018-08-23 23:43:12,100
MLR ,2018-08-24 00:43:13,100
MLR ,2018-08-24 01:43:13,100
MLR ,2018-08-24 02:43:12,100
MLR ,2018-08-24 03:43:12,100
MLR ,2018-08-24 20:01:33,100
MLR ,2018-08-24 20:43:13,100
MLR ,2018-08-24 21:43:13,100
MLR ,2018-08-24 22:43:12,100
MLR ,2018-08-24 23:43:12,100
MLR ,2018-08-25 00:43:13,100
MLR ,2018-08-25 01:43:12,100
MLR ,2018-08-25 02:43:13,100
MLR ,2018-08-25 03:43:13,100
MLR ,2018-08-25 04:43:12,100
MLR ,2018-08-25 05:43:13,100
MLR ,2018-08-25 06:43:12,100
MLR ,2018-08-25 07:43:11,100
MLR ,2018-08-25 08:43:12,100
MLR ,2018-08-25 09:43:11,100
MLR ,2018-08-25 10:43:13,100
MLR ,2018-08-25 11:43:12,100
MLR ,2018-08-25 12:43:13,100
MLR ,2018-08-25 13:43:14,100
MLR ,2018-08-25 14:43:13,100
MLR ,2018-08-25 15:43:13,100
MLR ,2018-08-25 16:43:12,100
MLR ,2018-08-25 17:43:14,100
MLR ,2018-08-25 18:43:13,100
MLR ,2018-08-25 19:43:12,100
MLR ,2018-08-25 20:43:13,100
MLR ,2018-08-25 21:43:13,100
MLR ,2018-08-25 22:43:13,100
MLR ,2018-08-25 23:43:13,100
MLR ,2018-08-26 00:43:13,100
MLR ,2018-08-26 01:43:13,100
MLR ,2018-08-26 02:43:14,100
MLR ,2018-08-26 03:43:13,100
MLR ,2018-08-26 04:43:12,100
MLR ,2018-08-26 05:43:11,100
MLR ,2018-08-26 06:43:13,100
MLR ,2018-08-26 07:43:13,100
MLR ,2018-08-26 08:43:12,100
MLR ,2018-08-26 09:43:12,100
MLR ,2018-08-26 10:43:12,100
MLR ,2018-08-26 11:43:12,100
MLR ,2018-08-26 12:43:13,100
MLR ,2018-08-26 13:43:12,100
MLR ,2018-08-26 14:43:12,100
MLR ,2018-08-26 15:43:12,100
MLR ,2018-08-26 16:43:13,100
MLR ,2018-08-26 17:43:12,100
MLR ,2018-08-26 18:43:12,100
MLR ,2018-08-26 19:43:13,100
MLR ,2018-08-26 20:43:13,100
MLR ,2018-08-26 21:43:12,100
MLR ,2018-08-26 22:43:13,100
MLR ,2018-08-26 23:43:12,100
MLR ,2018-08-27 00:43:13,100
MLR ,2018-08-27 01:43:13,100
MLR ,2018-08-27 02:43:12,100
MLR ,2018-08-27 03:43:12,100
MLR ,2018-08-27 04:43:13,100
MLR ,2018-08-27 05:43:14,100
MLR ,2018-08-27 06:43:13,100
MLR ,2018-08-27 07:43:12,100
MLR ,2018-08-27 08:43:13,100
MLR ,2018-08-27 09:43:12,100
MLR ,2018-08-27 10:43:11,100
MLR ,2018-08-27 11:43:11,100
MLR ,2018-08-27 12:43:11,100
MLR ,2018-08-27 14:07:17,101
MLR ,2018-08-27 14:43:15,101
MLR ,2018-08-27 15:43:14,101
MLR ,2018-08-27 16:43:14,101
MLR ,2018-08-27 17:43:14,101
MLR ,2018-08-27 18:43:13,101
MLR ,2018-08-27 19:43:14,101
MLR ,2018-08-27 20:43:13,101
MLR ,2018-08-27 21:43:13,101
MLR ,2018-08-27 22:43:13,101
MLR ,2018-08-27 23:43:12,101
MLR ,2018-08-28 00:43:13,101
MLR ,2018-08-28 01:43:13,101
MLR ,2018-08-28 02:43:12,101
MLR ,2018-08-28 03:43:12,101
MLR ,2018-08-28 04:43:13,101
MLR ,2018-08-28 05:43:12,101
MLR ,2018-08-28 06:43:13,101
MLR ,2018-08-28 07:43:12,101
MLR ,2018-08-28 08:43:11,101
MLR ,2018-08-28 09:43:12,101
MLR ,2018-08-28 10:43:13,101
MLR ,2018-08-28 11:43:13,101
MLR ,2018-08-28 12:43:13,101
MLR ,2018-08-28 13:43:28,101
MLR ,2018-08-28 14:43:24,101
MLR ,2018-08-28 15:43:25,101
MLR ,2018-08-28 16:43:25,101
MLR ,2018-08-28 17:43:25,101
MLR ,2018-08-28 18:43:27,101
MLR ,2018-08-28 19:43:25,100
MLR ,2018-08-28 20:43:24,100
MLR ,2018-08-28 21:43:24,100
MLR ,2018-08-28 22:43:25,100
MLR ,2018-08-28 23:43:24,100
MLR ,2018-08-29 00:43:25,100
MLR ,2018-08-29 01:43:25,100
MLR ,2018-08-29 02:43:24,100
MLR ,2018-08-29 03:43:24,100
MLR ,2018-08-29 04:43:24,100
MLR ,2018-08-29 05:43:24,100
MLR ,2018-08-29 06:43:23,100
MLR ,2018-08-29 07:43:24,100
MLR ,2018-08-29 08:43:24,100
MLR ,2018-08-29 09:43:23,100
MLR ,2018-08-29 10:43:23,100
MLR ,2018-08-29 11:43:23,100
MLR ,2018-08-29 12:43:24,100
MLR ,2018-08-29 14:07:02,100
MLR ,2018-08-29 14:43:26,100
MLR ,2018-08-29 15:43:25,100
MLR ,2018-08-29 16:43:25,100
MLR ,2018-08-29 17:43:26,100
MLR ,2018-08-29 18:43:28,100
MLR ,2018-08-29 19:43:26,99
MLR ,2018-08-29 20:43:23,99
MLR ,2018-08-29 21:43:24,99
MLR ,2018-08-29 22:43:23,99
MLR ,2018-08-29 23:43:24,99
MLR ,2018-08-30 00:44:10,99
MLR ,2018-08-30 01:44:09,99
MLR ,2018-08-30 02:43:25,99
MLR ,2018-08-30 03:43:25,99
MLR ,2018-08-30 04:43:24,99
MLR ,2018-08-30 05:43:24,99
MLR ,2018-08-30 06:43:24,99
MLR ,2018-08-30 07:43:24,99
MLR ,2018-08-30 08:43:28,99
MLR ,2018-08-30 09:43:24,99
MLR ,2018-08-30 10:43:24,99
MLR ,2018-08-30 11:43:24,99
MLR ,2018-08-30 12:43:23,99
MLR ,2018-08-30 13:43:30,99
MLR ,2018-08-30 14:43:25,100
MLR ,2018-08-30 15:43:24,99
MLR ,2018-08-30 16:43:25,98
MLR ,2018-08-30 17:43:24,98
MLR ,2018-08-30 18:43:25,98
MLR ,2018-08-30 19:43:25,99
MLR ,2018-08-30 20:43:23,99
MLR ,2018-08-30 21:43:24,99
MLR ,2018-08-30 22:43:23,99
MLR ,2018-08-30 23:43:24,99
MLR ,2018-08-31 00:43:25,99
MLR ,2018-08-31 01:43:24,99
MLR ,2018-08-31 02:43:24,99
MLR ,2018-08-31 03:43:24,99
MLR ,2018-08-31 04:43:24,99
MLR ,2018-08-31 05:43:24,99
MLR ,2018-08-31 06:43:25,99
MLR ,2018-08-31 07:43:24,99
MLR ,2018-08-31 08:43:24,99
MLR ,2018-08-31 09:43:24,99
MLR ,2018-08-31 10:43:23,99
MLR ,2018-08-31 11:43:25,99
MLR ,2018-08-31 12:43:25,99
MLR ,2018-08-31 13:43:28,99
MLR ,2018-08-31 14:43:25,99
MLR ,2018-08-31 15:43:25,98
MLR ,2018-08-31 16:43:24,98
MLR ,2018-08-31 17:43:25,98
MLR ,2018-08-31 18:43:25,98
MLR ,2018-08-31 19:43:25,98
MLR ,2018-08-31 20:43:25,98
MLR ,2018-08-31 21:43:24,98
MLR ,2018-08-31 22:43:24,99
MLR ,2018-08-31 23:43:23,99
MLR ,2018-09-01 00:43:24,99
MLR ,2018-09-01 01:43:25,99
MLR ,2018-09-01 02:43:24,99
MLR ,2018-09-01 03:43:24,99
MLR ,2018-09-01 04:43:25,99
MLR ,2018-09-01 05:43:25,99
MLR ,2018-09-01 06:43:24,99
MLR ,2018-09-01 07:43:24,99
MLR ,2018-09-01 08:43:24,99
MLR ,2018-09-01 09:43:24,99
MLR ,2018-09-01 10:43:24,99
MLR ,2018-09-01 11:43:24,99
MLR ,2018-09-01 12:43:24,99
MLR ,2018-09-01 13:43:25,99
MLR ,2018-09-01 14:43:26,99
MLR ,2018-09-01 15:43:24,99
MLR ,2018-09-01 16:43:24,99
MLR ,2018-09-01 17:43:23,99
MLR ,2018-09-01 18:43:25,99
MLR ,2018-09-01 19:43:24,99
MLR ,2018-09-01 20:43:23,99
MLR ,2018-09-01 21:43:24,99
MLR ,2018-09-01 22:43:25,99
MLR ,2018-09-01 23:43:24,99
MLR ,2018-09-02 00:43:25,99
MLR ,2018-09-02 01:43:24,99
MLR ,2018-09-02 02:43:24,99
MLR ,2018-09-02 03:43:26,99
MLR ,2018-09-02 04:43:24,99
MLR ,2018-09-02 05:43:24,99
MLR ,2018-09-02 06:43:24,99
MLR ,2018-09-02 07:43:23,99
MLR ,2018-09-02 08:43:24,99
MLR ,2018-09-02 09:43:23,99
MLR ,2018-09-02 10:43:24,99
MLR ,2018-09-02 11:43:24,99
MLR ,2018-09-02 12:43:24,99
MLR ,2018-09-02 13:43:25,99
MLR ,2018-09-02 14:43:25,99
MLR ,2018-09-02 15:43:25,99
MLR ,2018-09-02 16:43:25,99
MLR ,2018-09-02 17:43:25,99
MLR ,2018-09-02 18:43:24,99
MLR ,2018-09-02 19:43:24,99
MLR ,2018-09-02 20:43:24,99
MLR ,2018-09-02 21:43:24,99
MLR ,2018-09-02 22:43:25,99
MLR ,2018-09-02 23:43:25,99
MLR ,2018-09-03 00:43:24,99
MLR ,2018-09-03 01:43:25,99
MLR ,2018-09-03 02:43:25,99
MLR ,2018-09-03 03:43:24,99
MLR ,2018-09-03 04:43:24,99
MLR ,2018-09-03 05:43:24,99
MLR ,2018-09-03 06:43:24,99
MLR ,2018-09-03 07:43:24,99
MLR ,2018-09-03 08:43:28,99
MLR ,2018-09-03 09:43:24,99
MLR ,2018-09-03 10:43:24,99
MLR ,2018-09-03 11:43:25,99
MLR ,2018-09-03 12:43:23,99
MLR ,2018-09-03 13:43:25,99
MLR ,2018-09-03 14:43:24,99
MLR ,2018-09-03 15:43:23,99
MLR ,2018-09-03 16:43:24,99
MLR ,2018-09-03 17:43:24,99
MLR ,2018-09-03 18:43:25,99
MLR ,2018-09-03 19:43:23,99
MLR ,2018-09-03 20:43:25,99
MLR ,2018-09-03 21:43:23,99
MLR ,2018-09-03 22:43:24,99
MLR ,2018-09-03 23:43:23,99
MLR ,2018-09-04 00:43:24,99
MLR ,2018-09-04 01:43:24,99
MLR ,2018-09-04 02:43:24,99
MLR ,2018-09-04 03:43:25,99
MLR ,2018-09-04 04:43:24,99
MLR ,2018-09-04 05:43:24,99
MLR ,2018-09-04 06:43:24,99
MLR ,2018-09-04 07:43:25,99
MLR ,2018-09-04 08:43:25,99
MLR ,2018-09-04 09:43:24,99
MLR ,2018-09-04 10:43:24,99
MLR ,2018-09-04 11:43:23,99
MLR ,2018-09-04 12:43:24,99
MLR ,2018-09-04 13:43:30,99
MLR ,2018-09-04 14:43:26,100
MLR ,2018-09-04 15:43:25,100
MLR ,2018-09-04 16:43:26,100
MLR ,2018-09-04 17:43:25,100
MLR ,2018-09-04 18:43:26,100
MLR ,2018-09-04 19:43:27,100
MLR ,2018-09-04 20:43:25,100
MLR ,2018-09-04 21:43:24,100
MLR ,2018-09-04 22:43:25,100
MLR ,2018-09-04 23:43:24,100
MLR ,2018-09-05 00:43:24,100
MLR ,2018-09-05 01:43:25,100
MLR ,2018-09-05 02:43:25,100
MLR ,2018-09-05 03:43:23,100
MLR ,2018-09-05 04:43:24,100
MLR ,2018-09-05 05:43:24,100
MLR ,2018-09-05 06:43:23,100
MLR ,2018-09-05 07:43:24,100
MLR ,2018-09-05 08:43:24,100
MLR ,2018-09-05 09:43:24,100
MLR ,2018-09-05 10:43:23,100
MLR ,2018-09-05 11:43:27,100
MLR ,2018-09-05 12:43:23,99
MLR ,2018-09-05 13:43:34,99
MLR ,2018-09-05 14:43:28,99
MLR ,2018-09-05 15:43:26,98
MLR ,2018-09-05 16:43:26,98
MLR ,2018-09-05 17:43:26,98
MLR ,2018-09-05 18:43:27,98
MLR ,2018-09-05 19:43:26,98
MLR ,2018-09-05 20:43:24,98
MLR ,2018-09-05 21:43:23,98
MLR ,2018-09-05 22:43:23,98
MLR ,2018-09-05 23:43:25,98
MLR ,2018-09-06 00:43:25,98
MLR ,2018-09-06 01:43:24,98
MLR ,2018-09-06 02:43:25,98
MLR ,2018-09-06 03:43:25,98
MLR ,2018-09-06 04:43:25,98
MLR ,2018-09-06 05:43:26,98
MLR ,2018-09-06 06:43:24,98
MLR ,2018-09-06 07:43:23,98
MLR ,2018-09-06 08:43:24,98
MLR ,2018-09-06 09:43:24,98
MLR ,2018-09-06 10:43:23,98
MLR ,2018-09-06 11:43:24,98
MLR ,2018-09-06 13:08:29,98
MLR ,2018-09-06 13:43:32,98
MLR ,2018-09-06 14:43:26,99
MLR ,2018-09-06 15:43:27,99
MLR ,2018-09-06 16:43:26,99
MLR ,2018-09-06 17:43:26,99
MLR ,2018-09-06 18:43:26,99
MLR ,2018-09-06 19:43:26,99
MLR ,2018-09-06 20:43:24,99
MLR ,2018-09-06 21:43:24,99
MLR ,2018-09-06 22:43:25,99
MLR ,2018-09-06 23:43:26,99
MLR ,2018-09-07 00:43:25,99
MLR ,2018-09-07 01:43:26,99
MLR ,2018-09-07 02:43:26,99
MLR ,2018-09-07 03:43:25,99
MLR ,2018-09-07 04:43:25,99
MLR ,2018-09-07 05:43:29,99
MLR ,2018-09-07 06:43:28,99
MLR ,2018-09-07 08:43:28,99
MLR ,2018-09-07 09:43:27,99
MLR ,2018-09-07 10:43:27,99
MLR ,2018-09-07 11:43:26,99
MLR ,2018-09-07 12:43:25,99
MLR ,2018-09-07 13:43:32,99
MLR ,2018-09-07 14:43:26,97
MLR ,2018-09-07 15:43:26,97
MLR ,2018-09-07 16:43:27,97
MLR ,2018-09-07 17:43:27,97
MLR ,2018-09-07 18:43:25,97
MLR ,2018-09-07 19:43:25,97
MLR ,2018-09-07 20:43:25,97
MLR ,2018-09-07 21:43:24,97
MLR ,2018-09-07 22:43:25,97
MLR ,2018-09-07 23:43:25,97
MLR ,2018-09-08 00:43:25,97
MLR ,2018-09-08 01:43:25,97
MLR ,2018-09-08 02:43:26,97
MLR ,2018-09-08 03:43:25,97
MLR ,2018-09-08 04:43:25,97
MLR ,2018-09-08 05:43:25,97
MLR ,2018-09-08 06:43:25,97
MLR ,2018-09-08 07:43:24,97
MLR ,2018-09-08 08:43:24,97
MLR ,2018-09-08 09:43:24,97
MLR ,2018-09-08 10:43:24,97
MLR ,2018-09-08 11:43:25,97
MLR ,2018-09-08 12:43:25,97
MLR ,2018-09-08 13:43:26,97
MLR ,2018-09-08 14:43:24,97
MLR ,2018-09-08 15:43:25,97
MLR ,2018-09-08 16:43:25,97
MLR ,2018-09-08 17:43:25,97
MLR ,2018-09-08 18:43:25,97
MLR ,2018-09-08 19:43:26,97
MLR ,2018-09-08 20:43:25,97
MLR ,2018-09-08 21:43:25,97
MLR ,2018-09-08 22:43:25,97
MLR ,2018-09-08 23:43:26,97
MLR ,2018-09-09 00:43:24,97
MLR ,2018-09-09 01:43:26,97
MLR ,2018-09-09 02:43:26,97
MLR ,2018-09-09 03:43:25,97
MLR ,2018-09-09 04:43:25,97
MLR ,2018-09-09 05:43:25,97
MLR ,2018-09-09 06:43:25,97
MLR ,2018-09-09 07:43:25,97
MLR ,2018-09-09 08:43:26,97
MLR ,2018-09-09 09:43:25,97
MLR ,2018-09-09 10:43:25,97
MLR ,2018-09-09 11:43:26,97
MLR ,2018-09-09 12:43:25,97
MLR ,2018-09-09 13:43:26,97
MLR ,2018-09-09 14:43:26,97
MLR ,2018-09-09 15:43:25,97
MLR ,2018-09-09 16:43:25,97
MLR ,2018-09-09 17:43:25,97
MLR ,2018-09-09 18:43:26,97
MLR ,2018-09-09 19:43:25,97
MLR ,2018-09-09 20:43:25,97
MLR ,2018-09-09 21:43:25,97
MLR ,2018-09-09 22:43:25,97
MLR ,2018-09-09 23:43:25,97
MLR ,2018-09-10 00:43:26,97
MLR ,2018-09-10 01:43:27,97
MLR ,2018-09-10 02:43:26,97
MLR ,2018-09-10 03:43:26,97
MLR ,2018-09-10 04:43:26,97
MLR ,2018-09-10 05:43:24,97
MLR ,2018-09-10 06:43:24,97
MLR ,2018-09-10 07:43:24,97
MLR ,2018-09-10 08:43:24,97
MLR ,2018-09-10 09:43:25,97
MLR ,2018-09-10 10:43:25,97
MLR ,2018-09-10 11:43:25,97
MLR ,2018-09-10 12:43:25,97
MLR ,2018-09-10 13:43:29,97
MLR ,2018-09-10 14:43:26,95
MLR ,2018-09-10 15:43:28,95
MLR ,2018-09-10 16:43:27,95
MLR ,2018-09-10 17:43:26,95
MLR ,2018-09-10 18:43:27,95
MLR ,2018-09-10 19:43:26,95
MLR ,2018-09-10 20:43:25,95
MLR ,2018-09-10 21:43:24,95
MLR ,2018-09-10 22:43:25,95
MLR ,2018-09-10 23:43:25,95
MLR ,2018-09-11 00:43:26,95
MLR ,2018-09-11 01:43:26,95
MLR ,2018-09-11 02:43:26,95
MLR ,2018-09-11 03:43:26,95
MLR ,2018-09-11 04:43:25,95
MLR ,2018-09-11 05:43:27,95
MLR ,2018-09-11 06:43:26,95
MLR ,2018-09-11 07:43:25,95
MLR ,2018-09-11 08:43:25,95
MLR ,2018-09-11 09:43:25,95
MLR ,2018-09-11 10:43:25,95
MLR ,2018-09-11 11:43:24,95
MLR ,2018-09-11 12:43:25,95
MLR ,2018-09-11 13:43:30,95
MLR ,2018-09-11 14:43:26,95
MLR ,2018-09-11 15:43:26,95
MLR ,2018-09-11 16:43:25,95
MLR ,2018-09-11 17:43:26,95
MLR ,2018-09-11 18:43:27,95
MLR ,2018-09-11 19:43:26,95
MLR ,2018-09-11 20:43:25,95
MLR ,2018-09-11 21:43:24,95
MLR ,2018-09-11 22:43:24,95
MLR ,2018-09-11 23:43:25,95
MLR ,2018-09-12 00:43:26,95
MLR ,2018-09-12 01:43:27,95
MLR ,2018-09-12 20:43:28,95
MLR ,2018-09-12 21:43:25,95
MLR ,2018-09-12 22:43:25,95
MLR ,2018-09-12 23:43:25,95
MLR ,2018-09-13 00:43:25,95
MLR ,2018-09-13 01:43:25,95
MLR ,2018-09-13 02:43:30,95
MLR ,2018-09-13 03:43:25,95
MLR ,2018-09-13 04:43:25,95
MLR ,2018-09-13 05:43:26,95
MLR ,2018-09-13 06:43:26,95
MLR ,2018-09-13 07:43:25,95
MLR ,2018-09-13 08:43:25,95
MLR ,2018-09-13 09:43:24,95
MLR ,2018-09-13 10:43:25,95
MLR ,2018-09-13 11:43:24,95
MLR ,2018-09-13 12:43:25,95
MLR ,2018-09-13 14:43:27,95
MLR ,2018-09-13 15:43:26,95
MLR ,2018-09-13 16:43:26,95
MLR ,2018-09-13 17:43:25,95
MLR ,2018-09-13 18:43:26,95
MLR ,2018-09-13 19:43:26,95
MLR ,2018-09-13 20:43:25,95
MLR ,2018-09-13 21:43:25,95
MLR ,2018-09-13 22:43:25,95
MLR ,2018-09-13 23:43:25,95
MLR ,2018-09-14 00:43:26,95
MLR ,2018-09-14 01:43:25,95
MLR ,2018-09-14 02:43:26,95
MLR ,2018-09-14 03:43:25,95
MLR ,2018-09-14 04:43:26,95
MLR ,2018-09-14 05:43:26,95
MLR ,2018-09-14 06:43:25,95
MLR ,2018-09-14 07:43:27,95
MLR ,2018-09-14 08:43:29,95
MLR ,2018-09-14 09:43:26,95
MLR ,2018-09-14 10:43:25,95
MLR ,2018-09-14 11:43:24,95
MLR ,2018-09-14 12:43:27,95
MLR ,2018-09-14 13:43:33,95
MLR ,2018-09-14 14:43:31,95
MLR ,2018-09-14 15:43:31,95
MLR ,2018-09-14 16:43:27,95
MLR ,2018-09-14 17:43:29,95
MLR ,2018-09-14 18:43:28,94
MLR ,2018-09-14 19:43:27,94
MLR ,2018-09-14 20:43:26,94
MLR ,2018-09-14 21:43:26,94
MLR ,2018-09-14 22:43:26,94
MLR ,2018-09-14 23:43:26,94
MLR ,2018-09-15 00:43:27,94
MLR ,2018-09-15 01:43:27,94
MLR ,2018-09-15 02:43:27,94
MLR ,2018-09-15 03:43:26,94
MLR ,2018-09-15 04:43:25,94
MLR ,2018-09-15 05:43:26,94
MLR ,2018-09-15 06:43:25,94
MLR ,2018-09-15 07:43:26,94
MLR ,2018-09-15 08:43:25,94
MLR ,2018-09-15 09:43:26,94
MLR ,2018-09-15 10:43:26,94
MLR ,2018-09-15 11:43:25,94
MLR ,2018-09-15 12:43:28,94
MLR ,2018-09-15 13:43:26,94
MLR ,2018-09-15 14:43:25,94
MLR ,2018-09-15 15:43:26,94
MLR ,2018-09-15 16:43:26,94
MLR ,2018-09-15 17:43:25,94
MLR ,2018-09-15 18:43:25,94
MLR ,2018-09-15 19:43:26,94
MLR ,2018-09-15 20:43:27,94
MLR ,2018-09-15 21:43:25,94
MLR ,2018-09-15 22:43:25,94
MLR ,2018-09-15 23:43:25,94
MLR ,2018-09-16 00:43:26,94
MLR ,2018-09-16 01:43:26,94
MLR ,2018-09-16 02:43:27,94
MLR ,2018-09-16 03:43:26,94
MLR ,2018-09-16 04:43:27,94
MLR ,2018-09-16 05:43:26,94
MLR ,2018-09-16 06:43:27,94
MLR ,2018-09-16 07:43:25,94
MLR ,2018-09-16 08:43:26,94
MLR ,2018-09-16 09:43:26,94
MLR ,2018-09-16 10:43:25,94
MLR ,2018-09-16 11:43:26,94
MLR ,2018-09-16 12:43:26,94
MLR ,2018-09-16 13:43:26,94
MLR ,2018-09-16 14:43:26,94
MLR ,2018-09-16 15:43:27,94
MLR ,2018-09-16 16:43:27,94
MLR ,2018-09-16 17:43:26,94
MLR ,2018-09-16 18:43:26,94
MLR ,2018-09-16 19:43:25,94
MLR ,2018-09-16 20:43:26,94
MLR ,2018-09-16 21:43:26,94
MLR ,2018-09-16 22:43:26,94
MLR ,2018-09-16 23:43:26,94
MLR ,2018-09-17 00:43:26,94
MLR ,2018-09-17 01:43:26,94
MLR ,2018-09-17 02:43:26,94
MLR ,2018-09-17 03:43:26,94
MLR ,2018-09-17 04:43:26,94
MLR ,2018-09-17 05:43:25,94
MLR ,2018-09-17 06:43:25,94
MLR ,2018-09-17 07:43:26,94
MLR ,2018-09-17 08:43:27,94
MLR ,2018-09-17 09:43:26,94
MLR ,2018-09-17 10:43:26,94
MLR ,2018-09-17 11:43:26,94
MLR ,2018-09-17 12:43:25,94
MLR ,2018-09-17 13:43:32,94
MLR ,2018-09-17 14:43:27,94
MLR ,2018-09-17 15:43:33,94
MLR ,2018-09-17 16:43:28,94
MLR ,2018-09-17 17:43:26,94
MLR ,2018-09-17 18:43:26,94
MLR ,2018-09-17 19:43:27,94
MLR ,2018-09-17 20:43:26,94
MLR ,2018-09-17 21:43:26,94
MLR ,2018-09-17 22:43:25,94
MLR ,2018-09-17 23:43:26,94
MLR ,2018-09-18 00:43:26,94
MLR ,2018-09-18 01:43:26,94
MLR ,2018-09-18 02:43:26,94
MLR ,2018-09-18 03:43:26,94
MLR ,2018-09-18 04:43:27,94
MLR ,2018-09-18 05:43:26,94
MLR ,2018-09-18 06:43:26,94
MLR ,2018-09-18 07:43:25,94
MLR ,2018-09-18 08:43:26,94
MLR ,2018-09-18 09:43:26,94
MLR ,2018-09-18 10:43:25,94
MLR ,2018-09-18 11:43:25,94
MLR ,2018-09-18 12:43:26,94
MLR ,2018-09-18 13:43:30,94
MLR ,2018-09-18 14:43:27,94
MLR ,2018-09-18 15:43:26,94
MLR ,2018-09-18 16:43:28,94
MLR ,2018-09-18 17:43:28,94
MLR ,2018-09-18 18:43:29,95
MLR ,2018-09-18 19:43:30,95
MLR ,2018-09-18 20:43:26,95
MLR ,2018-09-18 21:43:25,95
MLR ,2018-09-18 22:43:26,95
MLR ,2018-09-18 23:43:26,95
MLR ,2018-09-19 00:43:27,95
MLR ,2018-09-19 01:43:27,95
MLR ,2018-09-19 02:43:27,95
MLR ,2018-09-19 03:43:26,95
MLR ,2018-09-19 04:43:26,95
MLR ,2018-09-19 05:43:26,95
MLR ,2018-09-19 06:43:27,95
MLR ,2018-09-19 07:43:26,95
MLR ,2018-09-19 08:43:26,95
MLR ,2018-09-19 09:43:26,95
MLR ,2018-09-19 10:43:25,95
MLR ,2018-09-19 11:43:25,95
MLR ,2018-09-19 12:43:26,95
MLR ,2018-09-19 13:44:18,95
MLR ,2018-09-19 14:43:32,96
MLR ,2018-09-19 15:43:31,96
MLR ,2018-09-19 16:43:27,96
MLR ,2018-09-19 17:43:28,96
MLR ,2018-09-19 18:43:27,96
MLR ,2018-09-19 19:43:36,96
MLR ,2018-09-19 20:43:26,96
MLR ,2018-09-19 21:43:27,96
MLR ,2018-09-19 22:43:25,96
MLR ,2018-09-19 23:43:26,96
MLR ,2018-09-20 00:43:26,96
MLR ,2018-09-20 01:43:29,96
MLR ,2018-09-20 02:43:28,96
MLR ,2018-09-20 03:43:31,96
MLR ,2018-09-20 04:43:27,96
MLR ,2018-09-20 05:43:27,96
MLR ,2018-09-20 06:43:27,96
MLR ,2018-09-20 07:43:25,96
MLR ,2018-09-20 08:43:29,96
MLR ,2018-09-20 09:44:11,96
MLR ,2018-09-20 10:43:26,96
MLR ,2018-09-20 11:43:26,96
MLR ,2018-09-20 13:09:32,96
MLR ,2018-09-20 14:43:32,96
MLR ,2018-09-20 15:43:29,96
MLR ,2018-09-20 16:43:28,96
MLR ,2018-09-20 17:43:27,97
MLR ,2018-09-20 18:43:27,97
MLR ,2018-09-20 19:43:28,97
MLR ,2018-09-20 20:43:28,97
MLR ,2018-09-20 21:43:26,97
MLR ,2018-09-20 22:43:26,97
MLR ,2018-09-20 23:43:26,97
MLR ,2018-09-21 00:43:28,97
MLR ,2018-09-21 01:43:27,97
MLR ,2018-09-21 02:43:27,97
MLR ,2018-09-21 03:43:26,97
MLR ,2018-09-21 04:43:29,97
MLR ,2018-09-21 05:43:57,97
MLR ,2018-09-21 06:43:26,97
MLR ,2018-09-21 07:43:27,97
MLR ,2018-09-21 08:43:27,97
MLR ,2018-09-21 09:43:26,97
MLR ,2018-09-21 10:43:26,97
MLR ,2018-09-21 11:43:26,97
MLR ,2018-09-21 13:11:01,97
MLR ,2018-09-21 13:43:34,97
MLR ,2018-09-21 14:43:28,97
MLR ,2018-09-21 15:43:30,97
MLR ,2018-09-21 16:43:29,97
MLR ,2018-09-21 17:43:29,97
MLR ,2018-09-21 18:43:59,96
MLR ,2018-09-21 19:43:30,96
MLR ,2018-09-21 20:43:27,96
MLR ,2018-09-21 21:43:27,96
MLR ,2018-09-21 22:43:26,96
MLR ,2018-09-21 23:43:27,96
MLR ,2018-09-22 00:43:27,96
MLR ,2018-09-22 01:43:27,96
MLR ,2018-09-22 02:43:27,96
MLR ,2018-09-22 03:43:27,96
MLR ,2018-09-22 04:43:28,96
MLR ,2018-09-22 05:43:27,96
MLR ,2018-09-22 06:43:27,96
MLR ,2018-09-22 07:43:27,96
MLR ,2018-09-22 08:43:26,96
MLR ,2018-09-22 09:43:27,96
MLR ,2018-09-22 10:43:27,96
MLR ,2018-09-22 11:43:27,96
MLR ,2018-09-22 12:43:27,96
MLR ,2018-09-22 13:43:28,96
MLR ,2018-09-22 14:43:28,96
MLR ,2018-09-22 15:43:28,96
MLR ,2018-09-22 16:43:27,96
MLR ,2018-09-22 17:43:28,96
MLR ,2018-09-22 18:43:27,96
MLR ,2018-09-22 19:43:28,96
MLR ,2018-09-22 20:43:27,96
MLR ,2018-09-22 21:43:26,96
MLR ,2018-09-22 22:43:27,96
MLR ,2018-09-22 23:43:27,96
MLR ,2018-09-23 00:43:28,96
MLR ,2018-09-23 01:43:28,96
MLR ,2018-09-23 02:43:27,96
MLR ,2018-09-23 03:43:28,96
MLR ,2018-09-23 04:43:29,96
MLR ,2018-09-23 05:43:27,96
MLR ,2018-09-23 06:43:27,96
MLR ,2018-09-23 07:43:28,96
MLR ,2018-09-23 08:43:27,96
MLR ,2018-09-23 09:43:27,96
MLR ,2018-09-23 10:43:27,96
MLR ,2018-09-23 11:43:28,96
MLR ,2018-09-23 12:43:27,96
MLR ,2018-09-23 13:43:27,96
MLR ,2018-09-23 14:43:28,96
MLR ,2018-09-23 15:43:27,96
MLR ,2018-09-23 16:43:28,96
MLR ,2018-09-23 17:43:27,96
MLR ,2018-09-23 18:43:27,96
MLR ,2018-09-23 19:43:27,96
MLR ,2018-09-23 20:43:27,96
MLR ,2018-09-23 21:43:28,96
MLR ,2018-09-23 22:43:28,96
MLR ,2018-09-23 23:43:28,96
MLR ,2018-09-24 00:43:27,96
MLR ,2018-09-24 01:43:28,96
MLR ,2018-09-24 02:43:27,96
MLR ,2018-09-24 03:43:27,96
MLR ,2018-09-24 04:43:29,96
MLR ,2018-09-24 05:43:27,96
MLR ,2018-09-24 06:43:27,96
MLR ,2018-09-24 07:43:28,96
MLR ,2018-09-24 08:43:27,96
MLR ,2018-09-24 09:43:27,96
MLR ,2018-09-24 10:43:26,96
MLR ,2018-09-24 11:43:28,96
MLR ,2018-09-24 12:43:27,96
MLR ,2018-09-24 13:43:35,96
MLR ,2018-09-24 14:43:29,96
MLR ,2018-09-24 15:43:28,96
MLR ,2018-09-24 16:43:27,96
MLR ,2018-09-24 17:43:28,96
MLR ,2018-09-24 18:43:28,95
MLR ,2018-09-24 19:43:29,95
MLR ,2018-09-24 20:43:28,95
MLR ,2018-09-24 21:43:27,95
MLR ,2018-09-24 22:43:27,95
MLR ,2018-09-24 23:43:28,95
MLR ,2018-09-25 00:43:28,95
MLR ,2018-09-25 01:43:27,95
MLR ,2018-09-25 02:43:26,95
MLR ,2018-09-25 03:43:27,95
MLR ,2018-09-25 04:43:29,95
MLR ,2018-09-25 05:43:27,95
MLR ,2018-09-25 06:43:27,95
MLR ,2018-09-25 07:43:27,95
MLR ,2018-09-25 08:43:27,95
MLR ,2018-09-25 09:43:27,95
MLR ,2018-09-25 10:43:27,95
MLR ,2018-09-25 11:43:28,95
MLR ,2018-09-25 12:43:28,95
MLR ,2018-09-25 13:43:32,95
MLR ,2018-09-25 14:43:30,94
MLR ,2018-09-25 15:43:28,94
MLR ,2018-09-25 16:43:30,93
MLR ,2018-09-25 17:43:28,93
MLR ,2018-09-25 18:43:29,93
MLR ,2018-09-25 19:43:29,93
MLR ,2018-09-25 20:43:28,93
MLR ,2018-09-25 21:43:28,92
MLR ,2018-09-25 22:43:28,92
MLR ,2018-09-25 23:43:28,92
MLR ,2018-09-26 00:43:30,92
MLR ,2018-09-26 01:43:32,92
MLR ,2018-09-26 02:43:31,92
MLR ,2018-09-26 03:43:30,92
MLR ,2018-09-26 04:43:28,92
MLR ,2018-09-26 05:43:28,92
MLR ,2018-09-26 06:43:28,92
MLR ,2018-09-26 07:43:27,92
MLR ,2018-09-26 08:43:29,92
MLR ,2018-09-26 09:43:28,92
MLR ,2018-09-26 10:43:27,92
MLR ,2018-09-26 11:43:27,92
MLR ,2018-09-26 13:10:02,92
MLR ,2018-09-26 13:43:34,92
MLR ,2018-09-26 14:43:29,92
MLR ,2018-09-26 15:43:30,92
MLR ,2018-09-26 16:43:30,92
MLR ,2018-09-26 17:43:29,92
MLR ,2018-09-26 18:43:31,93
MLR ,2018-09-26 19:43:29,93
MLR ,2018-09-26 20:43:28,93
MLR ,2018-09-26 21:43:28,93
MLR ,2018-09-26 22:43:27,93
MLR ,2018-09-26 23:43:28,93
MLR ,2018-09-27 00:43:29,93
MLR ,2018-09-27 01:43:27,93
MLR ,2018-09-27 02:43:29,93
MLR ,2018-09-27 03:43:28,93
MLR ,2018-09-27 04:43:28,93
MLR ,2018-09-27 05:43:28,93
MLR ,2018-09-27 06:43:28,93
MLR ,2018-09-27 07:43:28,93
MLR ,2018-09-27 08:43:27,93
MLR ,2018-09-27 09:43:28,93
MLR ,2018-09-27 10:43:27,93
MLR ,2018-09-27 11:43:28,93
MLR ,2018-09-27 12:43:28,93
MLR ,2018-09-27 13:43:32,93
MLR ,2018-09-27 14:43:29,93
MLR ,2018-09-27 15:43:29,92
MLR ,2018-09-27 17:09:10,92
MLR ,2018-09-27 17:43:31,92
MLR ,2018-09-27 18:43:32,92
MLR ,2018-09-27 19:43:30,92
MLR ,2018-09-27 20:43:29,92
MLR ,2018-09-27 21:43:29,92
MLR ,2018-09-27 22:43:28,92
MLR ,2018-09-27 23:43:30,92
MLR ,2018-09-28 00:43:30,92
MLR ,2018-09-28 01:43:29,92
MLR ,2018-09-28 02:43:27,92
MLR ,2018-09-28 03:43:29,92
MLR ,2018-09-28 04:43:28,92
MLR ,2018-09-28 05:43:28,92
MLR ,2018-09-28 06:43:29,92
MLR ,2018-09-28 07:43:29,92
MLR ,2018-09-28 08:43:28,92
MLR ,2018-09-28 09:43:30,92
MLR ,2018-09-28 10:43:29,92
MLR ,2018-09-28 11:43:29,92
MLR ,2018-09-28 12:43:29,92
MLR ,2018-09-28 13:43:34,92
MLR ,2018-09-28 14:43:31,91
MLR ,2018-09-28 15:43:34,91
MLR ,2018-09-28 16:43:31,91
MLR ,2018-09-28 17:43:31,90
MLR ,2018-09-28 18:43:32,90
MLR ,2018-09-28 19:43:32,90
MLR ,2018-09-28 20:43:29,90
MLR ,2018-09-28 21:43:29,90
MLR ,2018-09-28 22:43:29,90
MLR ,2018-09-28 23:43:28,90
MLR ,2018-09-29 00:43:28,90
MLR ,2018-09-29 01:43:31,90
MLR ,2018-09-29 02:43:35,90
MLR ,2018-09-29 03:43:29,90
MLR ,2018-09-29 04:43:28,90
MLR ,2018-09-29 05:43:28,90
MLR ,2018-09-29 06:43:27,90
MLR ,2018-09-29 07:43:28,90
MLR ,2018-09-29 08:43:28,90
MLR ,2018-09-29 09:43:28,90
MLR ,2018-09-29 10:43:29,90
MLR ,2018-09-29 11:43:29,90
MLR ,2018-09-29 12:43:28,90
MLR ,2018-09-29 13:43:29,90
MLR ,2018-09-29 14:43:29,90
MLR ,2018-09-29 15:43:30,90
MLR ,2018-09-29 16:43:28,90
MLR ,2018-09-29 17:43:28,90
MLR ,2018-09-29 18:43:29,90
MLR ,2018-09-29 19:43:28,90
MLR ,2018-09-29 20:43:28,90
MLR ,2018-09-29 21:43:29,90
MLR ,2018-09-29 22:43:28,90
MLR ,2018-09-29 23:43:28,90
MLR ,2018-09-30 00:43:29,90
MLR ,2018-09-30 01:43:28,90
MLR ,2018-09-30 02:43:27,90
MLR ,2018-09-30 03:43:28,90
MLR ,2018-09-30 04:43:28,90
MLR ,2018-09-30 05:43:27,90
MLR ,2018-09-30 06:43:27,90
MLR ,2018-09-30 07:43:26,90
MLR ,2018-09-30 08:43:27,90
MLR ,2018-09-30 09:43:26,90
MLR ,2018-09-30 10:43:27,90
MLR ,2018-09-30 11:43:27,90
MLR ,2018-09-30 12:43:28,90
MLR ,2018-09-30 13:43:28,90
MLR ,2018-09-30 14:43:27,90
MLR ,2018-09-30 15:43:27,90
MLR ,2018-09-30 16:43:28,90
MLR ,2018-09-30 17:43:27,90
MLR ,2018-09-30 18:43:27,90
MLR ,2018-09-30 19:43:28,90
MLR ,2018-09-30 20:43:27,90
MLR ,2018-09-30 21:43:26,90
MLR ,2018-09-30 22:43:28,90
MLR ,2018-09-30 23:43:29,90
MLR ,2018-10-01 00:43:30,90
MLR ,2018-10-01 01:43:28,90
MLR ,2018-10-01 02:43:30,90
MLR ,2018-10-01 03:43:29,90
MLR ,2018-10-01 04:43:29,90
MLR ,2018-10-01 05:43:29,90
MLR ,2018-10-01 06:43:28,90
MLR ,2018-10-01 07:43:28,90
MLR ,2018-10-01 08:43:29,90
MLR ,2018-10-01 09:43:27,90
MLR ,2018-10-01 10:43:27,90
MLR ,2018-10-01 11:43:28,90
MLR ,2018-10-01 12:43:27,90
MLR ,2018-10-01 14:08:44,90
MLR ,2018-10-01 14:43:31,90
MLR ,2018-10-01 15:43:28,89
MLR ,2018-10-01 16:43:29,89
MLR ,2018-10-01 17:43:33,89
MLR ,2018-10-01 18:43:28,89
MLR ,2018-10-01 19:43:30,89
MLR ,2018-10-01 20:43:28,89
MLR ,2018-10-01 21:43:28,89
MLR ,2018-10-01 22:43:27,89
MLR ,2018-10-01 23:43:29,89
MLR ,2018-10-02 00:43:32,89
MLR ,2018-10-02 01:43:28,89
MLR ,2018-10-02 02:43:28,89
MLR ,2018-10-02 03:43:28,89
MLR ,2018-10-02 04:43:29,89
MLR ,2018-10-02 05:43:27,89
MLR ,2018-10-02 06:43:28,89
MLR ,2018-10-02 07:43:29,89
MLR ,2018-10-02 08:43:27,89
MLR ,2018-10-02 09:43:28,89
MLR ,2018-10-02 10:43:27,89
MLR ,2018-10-02 11:43:28,89
MLR ,2018-10-02 12:43:27,89
MLR ,2018-10-02 13:43:32,89
MLR ,2018-10-02 14:43:31,88
MLR ,2018-10-02 15:43:30,88
MLR ,2018-10-02 16:43:30,88
MLR ,2018-10-02 17:43:28,88
MLR ,2018-10-02 18:43:29,88
MLR ,2018-10-02 19:43:28,88
MLR ,2018-10-02 20:43:29,88
MLR ,2018-10-02 21:43:28,88
MLR ,2018-10-02 22:43:28,88
MLR ,2018-10-02 23:43:28,88
MLR ,2018-10-03 00:43:27,88
MLR ,2018-10-03 01:43:27,88
MLR ,2018-10-03 02:43:59,88
MLR ,2018-10-03 03:43:29,88
MLR ,2018-10-03 04:43:31,88
MLR ,2018-10-03 05:43:30,88
MLR ,2018-10-03 06:43:28,88
MLR ,2018-10-03 07:43:29,88
MLR ,2018-10-03 08:43:29,88
MLR ,2018-10-03 09:43:29,88
MLR ,2018-10-03 10:43:29,88
MLR ,2018-10-03 11:43:30,88
MLR ,2018-10-03 12:43:29,88
MLR ,2018-10-03 13:44:42,88
MLR ,2018-10-03 15:08:36,88
MLR ,2018-10-03 15:43:31,88
MLR ,2018-10-03 16:43:32,88
MLR ,2018-10-03 17:43:31,88
MLR ,2018-10-03 18:43:30,88
MLR ,2018-10-03 19:43:30,88
MLR ,2018-10-03 20:43:29,88
MLR ,2018-10-03 21:43:29,88
MLR ,2018-10-03 22:43:30,88
MLR ,2018-10-03 23:43:29,88
MLR ,2018-10-04 00:43:29,88
MLR ,2018-10-04 01:43:30,88
MLR ,2018-10-04 02:43:29,88
MLR ,2018-10-04 03:43:27,88
MLR ,2018-10-04 04:43:28,88
MLR ,2018-10-04 05:43:29,88
MLR ,2018-10-04 06:43:27,88
MLR ,2018-10-04 07:43:28,88
MLR ,2018-10-04 08:43:27,88
MLR ,2018-10-04 09:43:28,88
MLR ,2018-10-04 10:43:28,88
MLR ,2018-10-04 11:43:28,88
MLR ,2018-10-04 12:43:28,88
MLR ,2018-10-04 14:09:39,88
MLR ,2018-10-04 14:43:30,88
MLR ,2018-10-04 15:43:29,88
MLR ,2018-10-04 16:43:32,88
MLR ,2018-10-04 17:43:32,89
MLR ,2018-10-04 18:43:30,89
MLR ,2018-10-04 19:43:31,89
MLR ,2018-10-04 20:43:29,89
MLR ,2018-10-04 21:43:29,89
MLR ,2018-10-04 22:43:29,89
MLR ,2018-10-04 23:43:28,89
MLR ,2018-10-05 00:43:29,89
MLR ,2018-10-05 01:43:29,89
MLR ,2018-10-05 02:43:29,89
MLR ,2018-10-05 03:43:29,89
MLR ,2018-10-05 04:43:30,89
MLR ,2018-10-05 05:43:30,89
MLR ,2018-10-05 06:43:29,89
MLR ,2018-10-05 07:43:29,89
MLR ,2018-10-05 08:43:28,89
MLR ,2018-10-05 09:43:29,89
MLR ,2018-10-05 10:43:29,89
MLR ,2018-10-05 11:43:29,89
MLR ,2018-10-05 12:43:29,89
MLR ,2018-10-05 13:43:35,89
MLR ,2018-10-05 14:43:30,89
MLR ,2018-10-05 15:43:32,89
MLR ,2018-10-05 16:43:33,89
MLR ,2018-10-05 17:43:33,89
MLR ,2018-10-05 18:43:33,89
MLR ,2018-10-05 19:43:30,89
MLR ,2018-10-05 20:43:28,89
MLR ,2018-10-05 21:43:28,89
MLR ,2018-10-05 22:43:29,89
MLR ,2018-10-05 23:43:28,89
MLR ,2018-10-06 00:43:30,89
MLR ,2018-10-06 01:43:30,89
MLR ,2018-10-06 02:43:30,89
MLR ,2018-10-06 03:43:29,89
MLR ,2018-10-06 04:43:29,89
MLR ,2018-10-06 05:43:29,89
MLR ,2018-10-06 06:43:30,89
MLR ,2018-10-06 07:43:30,89
MLR ,2018-10-06 08:43:28,89
MLR ,2018-10-06 09:43:29,89
MLR ,2018-10-06 10:43:29,89
MLR ,2018-10-06 11:43:28,89
MLR ,2018-10-06 12:43:29,89
MLR ,2018-10-06 13:43:28,89
MLR ,2018-10-06 14:43:29,89
MLR ,2018-10-06 15:43:30,89
MLR ,2018-10-06 16:43:29,89
MLR ,2018-10-06 17:43:29,89
MLR ,2018-10-06 18:43:29,89
MLR ,2018-10-06 19:43:30,89
MLR ,2018-10-06 20:43:29,89
MLR ,2018-10-06 21:43:29,89
MLR ,2018-10-06 22:43:29,89
MLR ,2018-10-06 23:43:29,89
MLR ,2018-10-07 00:43:29,89
MLR ,2018-10-07 01:43:29,89
MLR ,2018-10-07 02:43:29,89
MLR ,2018-10-07 03:43:29,89
MLR ,2018-10-07 04:43:29,89
MLR ,2018-10-07 05:43:30,89
MLR ,2018-10-07 06:43:29,89
MLR ,2018-10-07 07:43:30,89
MLR ,2018-10-07 08:43:28,89
MLR ,2018-10-07 09:43:28,89
MLR ,2018-10-07 10:43:29,89
MLR ,2018-10-07 11:43:28,89
MLR ,2018-10-07 12:43:29,89
MLR ,2018-10-07 13:43:29,89
MLR ,2018-10-07 14:43:30,89
MLR ,2018-10-07 15:43:30,89
MLR ,2018-10-07 16:43:30,89
MLR ,2018-10-07 17:43:30,89
MLR ,2018-10-07 18:43:29,89
MLR ,2018-10-07 19:43:30,89
MLR ,2018-10-07 20:43:30,89
MLR ,2018-10-07 21:43:29,89
MLR ,2018-10-07 22:43:29,89
MLR ,2018-10-07 23:43:29,89
MLR ,2018-10-08 00:43:28,89
MLR ,2018-10-08 01:43:28,89
MLR ,2018-10-08 02:43:30,89
MLR ,2018-10-08 03:43:29,89
MLR ,2018-10-08 04:43:28,89
MLR ,2018-10-08 05:43:28,89
MLR ,2018-10-08 06:43:29,89
MLR ,2018-10-08 07:43:28,89
MLR ,2018-10-08 08:43:28,89
MLR ,2018-10-08 09:43:28,89
MLR ,2018-10-08 10:43:28,89
MLR ,2018-10-08 11:43:28,89
MLR ,2018-10-08 12:43:28,89
MLR ,2018-10-08 13:43:37,89
MLR ,2018-10-08 14:43:31,88
MLR ,2018-10-08 15:44:02,88
MLR ,2018-10-08 16:43:32,88
MLR ,2018-10-08 17:43:31,88
MLR ,2018-10-08 18:43:31,89
MLR ,2018-10-08 19:43:30,89
MLR ,2018-10-08 20:43:29,89
MLR ,2018-10-08 21:43:28,89
MLR ,2018-10-08 22:43:27,89
MLR ,2018-10-08 23:43:30,89
MLR ,2018-10-09 00:43:28,89
MLR ,2018-10-09 01:43:58,89
MLR ,2018-10-09 02:43:28,89
MLR ,2018-10-09 03:43:33,89
MLR ,2018-10-09 04:43:27,89
MLR ,2018-10-09 05:43:28,89
MLR ,2018-10-09 06:43:27,89
MLR ,2018-10-09 07:43:27,89
MLR ,2018-10-09 08:43:27,89
MLR ,2018-10-09 09:43:27,89
MLR ,2018-10-09 10:43:27,89
MLR ,2018-10-09 11:43:28,89
MLR ,2018-10-09 12:43:28,89
MLR ,2018-10-09 13:43:34,89
MLR ,2018-10-09 14:43:31,89
MLR ,2018-10-09 15:43:30,89
MLR ,2018-10-09 16:43:28,89
MLR ,2018-10-09 17:43:27,89
MLR ,2018-10-09 18:43:28,89
MLR ,2018-10-09 19:43:27,89
MLR ,2018-10-09 21:43:26,89
MLR ,2018-10-09 22:43:28,89
MLR ,2018-10-09 23:43:27,89
MLR ,2018-10-10 00:43:27,89
MLR ,2018-10-10 01:43:28,89
MLR ,2018-10-10 02:43:28,89
MLR ,2018-10-10 03:43:33,89
MLR ,2018-10-10 04:43:28,89
MLR ,2018-10-10 05:43:28,89
MLR ,2018-10-10 06:43:27,89
MLR ,2018-10-10 07:43:28,89
MLR ,2018-10-10 08:43:28,89
MLR ,2018-10-10 09:43:28,89
MLR ,2018-10-10 10:43:28,89
MLR ,2018-10-10 11:43:27,89
MLR ,2018-10-10 12:43:27,89
MLR ,2018-10-10 13:43:33,89
MLR ,2018-10-10 14:43:31,89
MLR ,2018-10-10 15:43:31,88
MLR ,2018-10-10 16:43:29,88
MLR ,2018-10-10 17:43:28,88
MLR ,2018-10-10 18:43:31,87
MLR ,2018-10-10 19:43:34,87
MLR ,2018-10-10 20:43:30,86
MLR ,2018-10-10 21:43:28,86
MLR ,2018-10-10 22:43:29,86
MLR ,2018-10-10 23:43:29,86
MLR ,2018-10-11 00:43:30,86
MLR ,2018-10-11 01:43:28,86
MLR ,2018-10-11 02:43:27,86
MLR ,2018-10-11 03:43:27,86
MLR ,2018-10-11 04:43:26,86
MLR ,2018-10-11 05:43:26,86
MLR ,2018-10-11 06:43:27,86
MLR ,2018-10-11 07:43:26,86
MLR ,2018-10-11 08:43:28,86
MLR ,2018-10-11 09:43:27,86
MLR ,2018-10-11 10:43:29,86
MLR ,2018-10-11 11:43:27,86
MLR ,2018-10-11 12:43:27,86
MLR ,2018-10-11 13:43:32,86
MLR ,2018-10-11 14:43:27,86
MLR ,2018-10-11 15:43:29,85
MLR ,2018-10-11 16:43:31,85
MLR ,2018-10-11 17:43:29,85
MLR ,2018-10-11 18:43:32,85
MLR ,2018-10-11 19:43:29,85
MLR ,2018-10-11 20:43:29,85
MLR ,2018-10-11 21:43:29,85
MLR ,2018-10-11 22:43:27,85
MLR ,2018-10-11 23:43:29,85
MLR ,2018-10-12 00:43:27,85
MLR ,2018-10-12 01:43:27,85
MLR ,2018-10-12 02:43:29,85
MLR ,2018-10-12 03:43:27,85
MLR ,2018-10-12 04:43:28,85
MLR ,2018-10-12 05:43:27,85
MLR ,2018-10-12 06:43:26,85
MLR ,2018-10-12 07:43:27,85
MLR ,2018-10-12 08:43:27,85
MLR ,2018-10-12 09:43:28,85
MLR ,2018-10-12 10:43:28,85
MLR ,2018-10-12 11:43:28,85
MLR ,2018-10-12 12:43:28,85
MLR ,2018-10-12 13:43:35,85
MLR ,2018-10-12 14:43:28,87
MLR ,2018-10-12 15:43:30,88
MLR ,2018-10-12 16:43:31,88
MLR ,2018-10-12 17:43:28,88
MLR ,2018-10-12 18:43:27,88
MLR ,2018-10-12 19:43:29,88
MLR ,2018-10-12 20:43:27,88
MLR ,2018-10-12 21:43:27,88
MLR ,2018-10-12 22:43:27,88
MLR ,2018-10-12 23:43:27,88
MLR ,2018-10-13 00:43:27,88
MLR ,2018-10-13 01:43:28,88
MLR ,2018-10-13 02:43:29,88
MLR ,2018-10-13 03:43:28,88
MLR ,2018-10-13 04:43:29,88
MLR ,2018-10-13 05:43:27,88
MLR ,2018-10-13 06:43:27,88
MLR ,2018-10-13 07:43:29,88
MLR ,2018-10-13 08:43:29,88
MLR ,2018-10-13 09:43:28,88
MLR ,2018-10-13 10:43:28,88
MLR ,2018-10-13 11:43:26,88
MLR ,2018-10-13 12:43:27,88
MLR ,2018-10-13 13:43:27,88
MLR ,2018-10-13 14:43:28,88
MLR ,2018-10-13 15:43:28,88
MLR ,2018-10-13 16:43:27,88
MLR ,2018-10-13 17:43:28,88
MLR ,2018-10-13 18:43:28,88
MLR ,2018-10-13 19:43:28,88
MLR ,2018-10-13 20:43:28,88
MLR ,2018-10-13 21:43:28,88
MLR ,2018-10-13 22:43:30,88
MLR ,2018-10-13 23:43:28,88
MLR ,2018-10-14 00:43:30,88
MLR ,2018-10-14 01:43:28,88
MLR ,2018-10-14 02:43:27,88
MLR ,2018-10-14 03:43:27,88
MLR ,2018-10-14 04:43:28,88
MLR ,2018-10-14 05:43:27,88
MLR ,2018-10-14 06:43:27,88
MLR ,2018-10-14 07:43:28,88
MLR ,2018-10-14 08:43:26,88
MLR ,2018-10-14 09:43:27,88
MLR ,2018-10-14 10:43:27,88
MLR ,2018-10-14 11:43:28,88
MLR ,2018-10-14 12:43:27,88
MLR ,2018-10-14 13:43:27,88
MLR ,2018-10-14 14:43:27,88
MLR ,2018-10-14 15:43:28,88
MLR ,2018-10-14 16:43:26,88
MLR ,2018-10-14 17:43:27,88
MLR ,2018-10-14 18:43:28,88
MLR ,2018-10-14 19:43:28,88
MLR ,2018-10-14 20:43:27,88
MLR ,2018-10-14 21:43:28,88
MLR ,2018-10-14 22:43:27,88
MLR ,2018-10-14 23:43:28,88
MLR ,2018-10-15 00:43:29,88
MLR ,2018-10-15 01:43:27,88
MLR ,2018-10-15 02:43:27,88
MLR ,2018-10-15 03:43:28,88
MLR ,2018-10-15 04:43:27,88
MLR ,2018-10-15 05:43:28,88
MLR ,2018-10-15 06:43:29,88
MLR ,2018-10-15 07:43:28,88
MLR ,2018-10-15 08:43:40,88
MLR ,2018-10-15 09:43:27,88
MLR ,2018-10-15 10:43:28,88
MLR ,2018-10-15 11:43:27,88
MLR ,2018-10-15 12:43:28,88
MLR ,2018-10-15 13:43:34,88
MLR ,2018-10-15 14:43:30,88
MLR ,2018-10-15 15:43:32,88
MLR ,2018-10-15 16:43:32,88
MLR ,2018-10-15 17:43:31,88
MLR ,2018-10-15 18:43:29,88
MLR ,2018-10-15 19:43:30,88
MLR ,2018-10-15 20:43:32,88
MLR ,2018-10-15 21:43:32,88
MLR ,2018-10-15 22:43:29,88
MLR ,2018-10-15 23:43:30,88
MLR ,2018-10-16 00:43:31,88
MLR ,2018-10-16 01:43:32,88
MLR ,2018-10-16 02:43:30,88
MLR ,2018-10-16 03:43:29,88
MLR ,2018-10-16 04:43:30,88
MLR ,2018-10-16 09:43:28,88
MLR ,2018-10-16 10:43:28,88
MLR ,2018-10-16 11:43:27,88
MLR ,2018-10-16 12:43:29,88
MLR ,2018-10-16 13:43:34,88
MLR ,2018-10-16 14:43:31,87
MLR ,2018-10-16 15:43:32,87
MLR ,2018-10-16 16:43:29,87
MLR ,2018-10-16 17:43:32,87
MLR ,2018-10-16 18:43:33,87
MLR ,2018-10-16 19:43:32,87
MLR ,2018-10-16 20:43:30,87
MLR ,2018-10-16 21:43:29,87
MLR ,2018-10-16 22:43:30,87
MLR ,2018-10-16 23:43:31,87
MLR ,2018-10-17 00:43:30,87
MLR ,2018-10-17 01:43:30,87
MLR ,2018-10-17 02:43:30,87
MLR ,2018-10-17 03:43:30,87
MLR ,2018-10-17 04:43:29,87
MLR ,2018-10-17 05:43:30,87
MLR ,2018-10-17 06:43:29,87
MLR ,2018-10-17 07:43:30,87
MLR ,2018-10-17 08:43:29,87
MLR ,2018-10-17 09:43:29,87
MLR ,2018-10-17 10:43:29,87
MLR ,2018-10-17 11:43:28,87
MLR ,2018-10-17 12:43:29,87
MLR ,2018-10-17 14:09:34,87
MLR ,2018-10-17 14:43:30,87
MLR ,2018-10-17 15:43:32,87
MLR ,2018-10-17 16:43:31,88
MLR ,2018-10-17 17:43:31,88
MLR ,2018-10-17 18:43:31,87
MLR ,2018-10-17 19:43:31,87
MLR ,2018-10-17 20:43:31,87
MLR ,2018-10-17 21:43:30,87
MLR ,2018-10-17 22:43:29,87
MLR ,2018-10-17 23:43:29,87
MLR ,2018-10-18 00:43:30,87
MLR ,2018-10-18 01:43:30,87
MLR ,2018-10-18 02:43:30,87
MLR ,2018-10-18 03:43:31,87
MLR ,2018-10-18 04:43:27,87
MLR ,2018-10-18 05:43:28,87
MLR ,2018-10-18 06:43:28,87
MLR ,2018-10-18 07:43:28,87
MLR ,2018-10-18 08:43:28,87
MLR ,2018-10-18 09:43:27,87
MLR ,2018-10-18 10:43:28,87
MLR ,2018-10-18 11:43:27,87
MLR ,2018-10-18 13:08:31,87
MLR ,2018-10-18 13:43:31,87
MLR ,2018-10-18 14:43:31,87
MLR ,2018-10-18 15:43:32,88
MLR ,2018-10-18 16:43:30,88
MLR ,2018-10-18 17:43:29,88
MLR ,2018-10-18 18:43:28,88
MLR ,2018-10-18 19:43:29,88
MLR ,2018-10-18 20:43:29,88
MLR ,2018-10-18 21:43:30,88
MLR ,2018-10-18 22:43:28,88
MLR ,2018-10-18 23:43:28,88
MLR ,2018-10-19 00:43:30,88
MLR ,2018-10-19 01:43:30,88
MLR ,2018-10-19 02:43:29,88
MLR ,2018-10-19 03:43:29,88
MLR ,2018-10-19 04:43:29,88
MLR ,2018-10-19 05:43:28,88
MLR ,2018-10-19 06:43:29,88
MLR ,2018-10-19 07:43:29,88
MLR ,2018-10-19 08:43:28,88
MLR ,2018-10-19 09:43:28,88
MLR ,2018-10-19 10:43:28,88
MLR ,2018-10-19 11:43:28,88
MLR ,2018-10-19 13:08:03,88
MLR ,2018-10-19 13:43:35,88
MLR ,2018-10-19 14:43:29,87
MLR ,2018-10-19 15:43:31,87
MLR ,2018-10-19 16:43:29,87
MLR ,2018-10-19 17:43:29,87
MLR ,2018-10-19 18:43:30,87
MLR ,2018-10-19 19:43:30,87
MLR ,2018-10-19 20:43:30,87
MLR ,2018-10-19 21:43:28,87
MLR ,2018-10-19 22:43:28,87
MLR ,2018-10-19 23:43:58,87
MLR ,2018-10-20 00:43:28,87
MLR ,2018-10-20 01:43:30,87
MLR ,2018-10-20 02:43:28,87
MLR ,2018-10-20 03:43:28,87
MLR ,2018-10-20 04:43:28,87
MLR ,2018-10-20 05:43:29,87
MLR ,2018-10-20 06:43:29,87
MLR ,2018-10-20 07:43:27,87
MLR ,2018-10-20 08:43:28,87
MLR ,2018-10-20 09:43:28,87
MLR ,2018-10-20 10:43:28,87
MLR ,2018-10-20 11:43:28,87
MLR ,2018-10-20 12:43:28,87
MLR ,2018-10-20 13:43:30,87
MLR ,2018-10-20 14:43:31,87
MLR ,2018-10-20 15:43:30,87
MLR ,2018-10-20 16:43:29,87
MLR ,2018-10-20 17:43:29,87
MLR ,2018-10-20 18:43:29,87
MLR ,2018-10-20 19:43:29,87
MLR ,2018-10-20 20:43:29,87
MLR ,2018-10-20 21:43:30,87
MLR ,2018-10-20 22:43:29,87
MLR ,2018-10-20 23:43:29,87
MLR ,2018-10-21 00:43:29,87
MLR ,2018-10-21 01:43:30,87
MLR ,2018-10-21 02:43:29,87
MLR ,2018-10-21 03:43:29,87
MLR ,2018-10-21 04:43:28,87
MLR ,2018-10-21 05:43:29,87
MLR ,2018-10-21 06:43:28,87
MLR ,2018-10-21 07:43:34,87
MLR ,2018-10-21 08:43:28,87
MLR ,2018-10-21 09:43:28,87
MLR ,2018-10-21 10:43:27,87
MLR ,2018-10-21 11:43:27,87
MLR ,2018-10-21 12:43:27,87
MLR ,2018-10-21 13:43:33,87
MLR ,2018-10-21 14:43:31,87
MLR ,2018-10-21 15:43:30,87
MLR ,2018-10-21 16:43:28,87
MLR ,2018-10-21 17:43:29,87
MLR ,2018-10-21 18:43:29,87
MLR ,2018-10-21 19:43:28,87
MLR ,2018-10-21 20:43:29,87
MLR ,2018-10-21 21:43:28,87
MLR ,2018-10-21 22:43:30,87
MLR ,2018-10-21 23:43:29,87
MLR ,2018-10-22 00:43:31,87
MLR ,2018-10-22 01:43:32,87
MLR ,2018-10-22 02:43:31,87
MLR ,2018-10-22 03:43:31,87
MLR ,2018-10-22 04:43:31,87
MLR ,2018-10-22 05:43:29,87
MLR ,2018-10-22 06:43:29,87
MLR ,2018-10-22 07:43:32,87
MLR ,2018-10-22 08:43:29,87
MLR ,2018-10-22 09:43:29,87
MLR ,2018-10-22 10:43:30,87
MLR ,2018-10-22 11:43:29,87
MLR ,2018-10-22 12:43:30,87
MLR ,2018-10-22 13:43:33,87
MLR ,2018-10-22 14:43:33,88
MLR ,2018-10-22 15:43:31,88
MLR ,2018-10-22 16:43:29,88
MLR ,2018-10-22 17:43:30,88
MLR ,2018-10-22 18:43:28,88
MLR ,2018-10-22 19:43:30,89
MLR ,2018-10-22 20:43:30,89
MLR ,2018-10-22 21:43:30,89
MLR ,2018-10-22 22:43:29,89
MLR ,2018-10-22 23:43:30,89
MLR ,2018-10-23 00:43:31,89
MLR ,2018-10-23 01:43:29,89
MLR ,2018-10-23 02:43:29,89
MLR ,2018-10-23 03:43:29,89
MLR ,2018-10-23 04:43:29,89
MLR ,2018-10-23 05:43:29,89
MLR ,2018-10-23 06:43:28,89
MLR ,2018-10-23 07:43:32,89
MLR ,2018-10-23 08:43:27,89
MLR ,2018-10-23 09:43:29,89
MLR ,2018-10-23 10:43:28,89
MLR ,2018-10-23 11:43:28,89
MLR ,2018-10-23 12:43:28,89
MLR ,2018-10-23 13:43:34,89
MLR ,2018-10-23 14:43:31,89
MLR ,2018-10-23 15:43:30,89
MLR ,2018-10-23 16:43:30,89
MLR ,2018-10-23 17:43:30,89
MLR ,2018-10-23 18:43:31,89
MLR ,2018-10-23 19:43:31,89
MLR ,2018-10-23 20:43:28,88
MLR ,2018-10-23 21:43:30,88
MLR ,2018-10-23 22:43:29,88
MLR ,2018-10-23 23:43:29,88
MLR ,2018-10-24 00:43:30,88
MLR ,2018-10-24 01:43:31,88
MLR ,2018-10-24 02:43:32,88
MLR ,2018-10-24 03:43:31,88
MLR ,2018-10-24 04:43:31,88
MLR ,2018-10-24 05:43:31,88
MLR ,2018-10-24 06:43:32,88
MLR ,2018-10-24 07:43:31,88
MLR ,2018-10-24 08:43:30,88
MLR ,2018-10-24 09:43:29,88
MLR ,2018-10-24 10:43:29,88
MLR ,2018-10-24 11:43:28,88
MLR ,2018-10-24 12:43:28,88
MLR ,2018-10-24 13:43:32,88
MLR ,2018-10-24 14:43:31,88
MLR ,2018-10-24 15:43:32,88
MLR ,2018-10-24 16:43:31,88
MLR ,2018-10-24 17:43:30,88
MLR ,2018-10-24 18:43:31,88
MLR ,2018-10-24 19:43:31,88
MLR ,2018-10-24 20:43:33,88
MLR ,2018-10-24 21:43:31,88
MLR ,2018-10-24 22:43:31,88
MLR ,2018-10-24 23:43:29,88
MLR ,2018-10-25 00:43:30,88
MLR ,2018-10-25 01:43:30,88
MLR ,2018-10-25 02:43:30,88
MLR ,2018-10-25 03:43:29,88
MLR ,2018-10-25 04:43:30,88
MLR ,2018-10-25 05:43:30,88
MLR ,2018-10-25 06:43:30,88
MLR ,2018-10-25 07:43:30,88
MLR ,2018-10-25 08:43:30,88
MLR ,2018-10-25 09:43:29,88
MLR ,2018-10-25 10:43:30,88
MLR ,2018-10-25 11:43:31,88
MLR ,2018-10-25 14:09:39,88
MLR ,2018-10-25 14:43:34,88
MLR ,2018-10-25 15:43:33,88
MLR ,2018-10-25 16:43:31,87
MLR ,2018-10-25 17:43:32,87
MLR ,2018-10-25 18:43:33,87
MLR ,2018-10-25 19:43:30,88
MLR ,2018-10-25 20:43:31,88
MLR ,2018-10-25 21:43:31,88
MLR ,2018-10-25 22:43:30,88
MLR ,2018-10-25 23:43:32,88
MLR ,2018-10-26 00:43:30,88
MLR ,2018-10-26 01:43:31,88
MLR ,2018-10-26 02:43:32,88
MLR ,2018-10-26 03:43:33,88
MLR ,2018-10-26 04:43:33,88
MLR ,2018-10-26 05:43:30,88
MLR ,2018-10-26 06:43:30,88
MLR ,2018-10-26 07:43:29,88
MLR ,2018-10-26 08:43:29,88
MLR ,2018-10-26 09:43:29,88
MLR ,2018-10-26 10:43:29,88
MLR ,2018-10-26 11:43:29,88
MLR ,2018-10-26 12:43:30,88
MLR ,2018-10-26 13:43:30,88
MLR ,2018-10-26 14:43:31,88
MLR ,2018-10-26 15:43:31,88
MLR ,2018-10-26 16:43:30,88
MLR ,2018-10-26 17:43:29,88
MLR ,2018-10-26 18:43:29,88
MLR ,2018-10-26 19:43:29,88
MLR ,2018-10-26 20:43:30,90
MLR ,2018-10-26 21:43:29,90
MLR ,2018-10-26 22:43:29,90
MLR ,2018-10-26 23:43:29,90
MLR ,2018-10-27 00:43:29,90
MLR ,2018-10-27 01:43:30,90
MLR ,2018-10-27 02:43:29,90
MLR ,2018-10-27 03:43:28,90
MLR ,2018-10-27 04:43:28,90
MLR ,2018-10-27 05:43:29,90
MLR ,2018-10-27 06:43:29,90
MLR ,2018-10-27 07:43:30,90
MLR ,2018-10-27 08:43:30,90
MLR ,2018-10-27 09:43:29,90
MLR ,2018-10-27 10:43:30,90
MLR ,2018-10-27 11:43:29,90
MLR ,2018-10-27 12:43:29,90
MLR ,2018-10-27 13:43:28,90
MLR ,2018-10-27 14:43:29,90
MLR ,2018-10-27 15:43:30,90
MLR ,2018-10-27 16:43:29,90
MLR ,2018-10-27 17:43:30,90
MLR ,2018-10-27 18:43:29,90
MLR ,2018-10-27 19:43:29,90
MLR ,2018-10-27 20:43:29,90
MLR ,2018-10-27 21:43:29,90
MLR ,2018-10-27 22:43:29,90
MLR ,2018-10-27 23:43:29,90
MLR ,2018-10-28 00:43:29,90
MLR ,2018-10-28 01:43:29,90
MLR ,2018-10-28 02:43:29,90
MLR ,2018-10-28 03:43:30,90
MLR ,2018-10-28 04:43:29,90
MLR ,2018-10-28 05:43:29,90
MLR ,2018-10-28 06:43:29,90
MLR ,2018-10-28 07:43:28,90
MLR ,2018-10-28 08:43:29,90
MLR ,2018-10-28 09:43:30,90
MLR ,2018-10-28 10:43:29,90
MLR ,2018-10-28 11:43:28,90
MLR ,2018-10-28 12:43:28,90
MLR ,2018-10-28 13:43:29,90
MLR ,2018-10-28 14:43:29,90
MLR ,2018-10-28 15:43:29,90
MLR ,2018-10-28 16:43:30,90
MLR ,2018-10-28 17:43:29,90
MLR ,2018-10-28 18:43:29,90
MLR ,2018-10-28 19:43:28,90
MLR ,2018-10-28 20:43:29,90
MLR ,2018-10-28 21:43:28,90
MLR ,2018-10-28 22:43:29,90
MLR ,2018-10-28 23:43:28,90
MLR ,2018-10-29 00:43:29,90
MLR ,2018-10-29 01:43:30,90
MLR ,2018-10-29 02:43:30,90
MLR ,2018-10-29 03:43:28,90
MLR ,2018-10-29 04:43:30,90
MLR ,2018-10-29 05:43:28,90
MLR ,2018-10-29 06:43:29,90
MLR ,2018-10-29 07:43:28,90
MLR ,2018-10-29 08:43:29,90
MLR ,2018-10-29 09:43:29,90
MLR ,2018-10-29 10:43:29,90
MLR ,2018-10-29 11:43:28,90
MLR ,2018-10-29 12:43:29,90
MLR ,2018-10-29 13:43:33,90
MLR ,2018-10-29 14:43:30,89
MLR ,2018-10-29 15:43:29,89
MLR ,2018-10-29 16:43:31,89
MLR ,2018-10-29 17:43:30,89
MLR ,2018-10-29 18:43:30,89
MLR ,2018-10-29 19:43:31,89
MLR ,2018-10-29 20:43:30,89
MLR ,2018-10-29 21:43:30,89
MLR ,2018-10-29 22:43:30,89
MLR ,2018-10-29 23:43:30,89
MLR ,2018-10-30 00:43:29,89
MLR ,2018-10-30 01:43:29,89
MLR ,2018-10-30 02:43:30,89
MLR ,2018-10-30 03:43:30,89
MLR ,2018-10-30 04:43:30,89
MLR ,2018-10-30 05:43:28,89
MLR ,2018-10-30 06:43:29,89
MLR ,2018-10-30 07:43:28,89
MLR ,2018-10-30 08:43:28,89
MLR ,2018-10-30 09:43:29,89
MLR ,2018-10-30 10:43:29,89
MLR ,2018-10-30 11:43:29,89
MLR ,2018-10-30 12:43:29,89
MLR ,2018-10-30 13:43:33,89
MLR ,2018-10-30 14:43:33,89
MLR ,2018-10-30 15:43:31,89
MLR ,2018-10-30 16:43:30,88
MLR ,2018-10-30 17:43:29,88
MLR ,2018-10-30 18:43:30,88
MLR ,2018-10-30 19:43:29,88
MLR ,2018-10-30 20:43:29,88
MLR ,2018-10-30 21:43:29,88
MLR ,2018-10-30 22:43:29,88
MLR ,2018-10-30 23:43:29,88
MLR ,2018-10-31 00:43:29,88
MLR ,2018-10-31 01:43:31,88
MLR ,2018-10-31 02:43:30,88
MLR ,2018-10-31 03:43:29,88
MLR ,2018-10-31 04:43:29,88
MLR ,2018-10-31 05:43:29,88
MLR ,2018-10-31 06:43:29,88
MLR ,2018-10-31 07:43:28,88
MLR ,2018-10-31 08:43:29,88
MLR ,2018-10-31 09:43:29,88
MLR ,2018-10-31 10:43:29,88
MLR ,2018-10-31 11:43:29,88
MLR ,2018-10-31 12:43:30,88
MLR ,2018-10-31 14:10:06,88
MLR ,2018-10-31 14:43:31,88
MLR ,2018-10-31 15:43:31,88
MLR ,2018-10-31 16:43:31,89
MLR ,2018-10-31 17:43:30,88
MLR ,2018-10-31 18:43:30,88
MLR ,2018-10-31 19:43:30,88
MLR ,2018-10-31 20:43:30,89
MLR ,2018-10-31 21:43:30,89
MLR ,2018-10-31 22:43:29,89
MLR ,2018-10-31 23:43:30,89
MLR ,2018-11-01 00:43:30,89
MLR ,2018-11-01 01:43:30,89
MLR ,2018-11-01 02:43:30,89
MLR ,2018-11-01 03:43:29,89
MLR ,2018-11-01 04:43:30,89
MLR ,2018-11-01 05:43:30,89
MLR ,2018-11-01 06:43:31,89
MLR ,2018-11-01 07:43:30,89
MLR ,2018-11-01 08:43:30,89
MLR ,2018-11-01 09:43:30,89
MLR ,2018-11-01 10:43:31,89
MLR ,2018-11-01 11:43:30,89
MLR ,2018-11-01 12:43:30,89
MLR ,2018-11-01 13:43:31,89
MLR ,2018-11-01 14:43:35,89
MLR ,2018-11-01 15:43:33,89
MLR ,2018-11-01 16:43:33,89
MLR ,2018-11-01 17:43:31,89
MLR ,2018-11-01 18:43:33,89
MLR ,2018-11-01 19:43:34,90
MLR ,2018-11-01 20:43:34,90
MLR ,2018-11-01 21:43:32,90
MLR ,2018-11-01 22:43:32,90
MLR ,2018-11-01 23:43:31,90
MLR ,2018-11-02 00:43:30,90
MLR ,2018-11-02 01:43:31,90
MLR ,2018-11-02 02:43:31,90
MLR ,2018-11-02 03:43:33,90
MLR ,2018-11-02 04:43:31,90
MLR ,2018-11-02 05:43:30,90
MLR ,2018-11-02 06:43:30,90
MLR ,2018-11-02 07:43:30,90
MLR ,2018-11-02 08:43:30,90
MLR ,2018-11-02 09:43:31,90
MLR ,2018-11-02 10:43:30,90
MLR ,2018-11-02 11:43:29,90
MLR ,2018-11-02 12:43:30,90
MLR ,2018-11-02 14:08:06,90
MLR ,2018-11-02 14:43:33,90
MLR ,2018-11-02 15:43:32,90
MLR ,2018-11-02 16:43:33,90
MLR ,2018-11-02 17:43:31,90
MLR ,2018-11-02 18:43:30,90
MLR ,2018-11-02 19:43:31,90
MLR ,2018-11-02 20:43:32,90
MLR ,2018-11-02 21:43:31,90
MLR ,2018-11-02 22:43:31,90
MLR ,2018-11-02 23:43:31,90
MLR ,2018-11-03 00:43:32,90
MLR ,2018-11-03 01:43:31,90
MLR ,2018-11-03 02:43:33,90
MLR ,2018-11-03 03:43:30,90
MLR ,2018-11-03 04:43:31,90
MLR ,2018-11-03 05:43:31,90
MLR ,2018-11-03 06:43:30,90
MLR ,2018-11-03 07:43:29,90
MLR ,2018-11-03 08:43:31,90
MLR ,2018-11-03 09:43:31,90
MLR ,2018-11-03 10:43:30,90
MLR ,2018-11-03 11:43:31,90
MLR ,2018-11-03 12:43:31,90
MLR ,2018-11-03 13:43:30,90
MLR ,2018-11-03 14:43:31,90
MLR ,2018-11-03 15:43:30,90
MLR ,2018-11-03 16:43:30,90
MLR ,2018-11-03 17:43:36,90
MLR ,2018-11-03 18:43:34,90
MLR ,2018-11-03 19:43:31,90
MLR ,2018-11-03 20:43:30,90
MLR ,2018-11-03 21:44:34,90
MLR ,2018-11-03 22:43:31,90
MLR ,2018-11-03 23:43:31,90
MLR ,2018-11-04 00:43:31,90
MLR ,2018-11-04 01:43:31,90
MLR ,2018-11-04 02:43:31,90
MLR ,2018-11-04 03:43:31,90
MLR ,2018-11-04 04:43:32,90
MLR ,2018-11-04 05:43:30,90
MLR ,2018-11-04 06:43:31,90
MLR ,2018-11-04 07:43:31,90
MLR ,2018-11-04 08:43:32,90
MLR ,2018-11-04 09:43:30,90
MLR ,2018-11-04 10:43:30,90
MLR ,2018-11-04 11:43:30,90
MLR ,2018-11-04 12:43:31,90
MLR ,2018-11-04 13:43:30,90
MLR ,2018-11-04 14:43:30,90
MLR ,2018-11-04 15:43:30,90
MLR ,2018-11-04 16:43:30,90
MLR ,2018-11-04 17:43:31,90
MLR ,2018-11-04 18:43:31,90
MLR ,2018-11-04 19:43:31,90
MLR ,2018-11-04 20:43:30,90
MLR ,2018-11-04 21:43:30,90
MLR ,2018-11-04 22:43:32,90
MLR ,2018-11-04 23:43:32,90
MLR ,2018-11-05 00:43:30,90
MLR ,2018-11-05 01:43:31,90
MLR ,2018-11-05 02:43:30,90
MLR ,2018-11-05 03:43:32,90
MLR ,2018-11-05 04:43:33,90
MLR ,2018-11-05 05:43:32,90
MLR ,2018-11-05 06:43:30,90
MLR ,2018-11-05 07:43:31,90
MLR ,2018-11-05 08:43:31,90
MLR ,2018-11-05 09:43:31,90
MLR ,2018-11-05 10:43:30,90
MLR ,2018-11-05 11:43:30,90
MLR ,2018-11-05 12:43:30,90
MLR ,2018-11-05 13:43:30,90
MLR ,2018-11-05 14:43:37,90
MLR ,2018-11-05 15:43:31,90
MLR ,2018-11-05 16:43:35,90
MLR ,2018-11-05 17:43:30,90
MLR ,2018-11-05 18:43:30,91
MLR ,2018-11-05 19:43:30,91
MLR ,2018-11-05 20:43:31,91
MLR ,2018-11-05 21:43:33,91
MLR ,2018-11-05 22:43:33,91
MLR ,2018-11-05 23:43:31,91
MLR ,2018-11-06 00:43:30,91
MLR ,2018-11-06 01:43:31,91
MLR ,2018-11-06 02:43:31,91
MLR ,2018-11-06 03:43:32,91
MLR ,2018-11-06 04:43:31,91
MLR ,2018-11-06 05:43:32,91
MLR ,2018-11-06 06:43:31,91
MLR ,2018-11-06 07:43:32,91
MLR ,2018-11-06 08:43:32,91
MLR ,2018-11-06 09:43:32,91
MLR ,2018-11-06 10:43:32,91
MLR ,2018-11-06 11:43:32,91
MLR ,2018-11-06 12:43:32,91
MLR ,2018-11-06 13:43:32,91
MLR ,2018-11-06 14:43:36,91
MLR ,2018-11-06 15:43:36,91
MLR ,2018-11-06 16:43:36,91
MLR ,2018-11-06 17:43:40,90
MLR ,2018-11-06 18:43:35,90
MLR ,2018-11-06 19:43:32,90
MLR ,2018-11-06 20:43:34,90
MLR ,2018-11-06 21:43:32,90
MLR ,2018-11-06 22:43:34,90
MLR ,2018-11-06 23:43:32,90
MLR ,2018-11-07 00:43:33,90
MLR ,2018-11-07 01:43:32,90
MLR ,2018-11-07 02:43:33,90
MLR ,2018-11-07 03:43:32,90
MLR ,2018-11-07 04:43:31,90
MLR ,2018-11-07 05:43:32,90
MLR ,2018-11-07 06:43:32,90
MLR ,2018-11-07 07:43:32,90
MLR ,2018-11-07 08:43:32,90
MLR ,2018-11-07 09:43:31,90
MLR ,2018-11-07 10:43:32,90
MLR ,2018-11-07 11:43:32,90
MLR ,2018-11-07 12:43:32,90
MLR ,2018-11-07 13:43:32,90
MLR ,2018-11-07 14:43:38,90
MLR ,2018-11-07 15:43:33,90
MLR ,2018-11-07 16:43:32,91
MLR ,2018-11-07 17:43:35,91
MLR ,2018-11-07 18:43:35,91
MLR ,2018-11-07 19:43:35,92
MLR ,2018-11-07 20:43:35,93
MLR ,2018-11-07 21:43:32,93
MLR ,2018-11-07 22:43:33,93
MLR ,2018-11-07 23:43:32,93
MLR ,2018-11-08 00:43:31,93
MLR ,2018-11-08 01:43:33,93
MLR ,2018-11-08 02:43:32,93
MLR ,2018-11-08 03:43:32,93
MLR ,2018-11-08 04:43:32,93
MLR ,2018-11-08 05:43:32,93
MLR ,2018-11-08 06:43:44,93
MLR ,2018-11-08 07:43:32,93
MLR ,2018-11-08 08:43:33,93
MLR ,2018-11-08 09:43:32,93
MLR ,2018-11-08 10:43:32,93
MLR ,2018-11-08 11:43:31,93
MLR ,2018-11-08 12:43:32,93
MLR ,2018-11-08 13:43:31,93
MLR ,2018-11-08 14:43:36,93
MLR ,2018-11-08 15:43:34,91
MLR ,2018-11-08 16:43:35,90
MLR ,2018-11-08 17:43:32,90
MLR ,2018-11-08 18:43:32,90
MLR ,2018-11-08 19:43:32,90
MLR ,2018-11-08 20:43:36,90
MLR ,2018-11-08 21:43:35,90
MLR ,2018-11-08 22:43:32,90
MLR ,2018-11-08 23:43:32,90
MLR ,2018-11-09 00:43:33,90
MLR ,2018-11-09 01:43:32,90
MLR ,2018-11-09 02:43:33,90
MLR ,2018-11-09 03:43:33,90
MLR ,2018-11-09 04:43:33,90
MLR ,2018-11-09 05:43:33,90
MLR ,2018-11-09 06:43:31,90
MLR ,2018-11-09 07:43:32,90
MLR ,2018-11-09 08:43:32,90
MLR ,2018-11-09 09:43:32,90
MLR ,2018-11-09 10:43:31,90
MLR ,2018-11-09 11:43:31,90
MLR ,2018-11-09 12:43:32,90
MLR ,2018-11-09 13:43:31,90
MLR ,2018-11-09 15:07:37,90
MLR ,2018-11-09 15:43:36,90
MLR ,2018-11-09 16:43:35,90
MLR ,2018-11-09 17:43:34,91
MLR ,2018-11-09 18:43:34,91
MLR ,2018-11-09 19:43:44,91
MLR ,2018-11-09 20:43:36,91
MLR ,2018-11-09 21:43:33,92
MLR ,2018-11-09 22:43:33,92
MLR ,2018-11-09 23:43:32,92
MLR ,2018-11-10 00:43:32,92
MLR ,2018-11-10 01:43:33,92
MLR ,2018-11-10 02:43:32,92
MLR ,2018-11-10 03:43:32,92
MLR ,2018-11-10 04:43:33,92
MLR ,2018-11-10 05:43:31,92
MLR ,2018-11-10 06:43:32,92
MLR ,2018-11-10 07:43:31,92
MLR ,2018-11-10 08:43:32,92
MLR ,2018-11-10 09:43:32,92
MLR ,2018-11-10 10:43:31,92
MLR ,2018-11-10 11:43:32,92
MLR ,2018-11-10 12:43:31,92
MLR ,2018-11-10 13:43:32,92
MLR ,2018-11-10 14:43:32,92
MLR ,2018-11-10 15:43:35,92
MLR ,2018-11-10 16:43:32,92
MLR ,2018-11-10 17:43:33,92
MLR ,2018-11-10 18:43:34,92
MLR ,2018-11-10 19:43:34,92
MLR ,2018-11-10 20:43:32,92
MLR ,2018-11-10 21:43:33,92
MLR ,2018-11-10 22:43:33,92
MLR ,2018-11-10 23:43:33,92
MLR ,2018-11-11 00:43:33,92
MLR ,2018-11-11 01:43:33,92
MLR ,2018-11-11 02:43:31,92
MLR ,2018-11-11 03:43:33,92
MLR ,2018-11-11 04:43:32,92
MLR ,2018-11-11 05:43:33,92
MLR ,2018-11-11 06:43:32,92
MLR ,2018-11-11 07:43:33,92
MLR ,2018-11-11 08:43:32,92
MLR ,2018-11-11 09:43:33,92
MLR ,2018-11-11 10:43:33,92
MLR ,2018-11-11 11:43:32,92
MLR ,2018-11-11 12:43:33,92
MLR ,2018-11-11 13:43:32,92
MLR ,2018-11-11 14:43:33,92
MLR ,2018-11-11 15:43:33,92
MLR ,2018-11-11 16:43:32,92
MLR ,2018-11-11 17:43:33,92
MLR ,2018-11-11 18:43:32,92
MLR ,2018-11-11 19:43:31,92
MLR ,2018-11-11 20:43:33,92
MLR ,2018-11-11 21:43:31,92
MLR ,2018-11-11 22:43:33,92
MLR ,2018-11-11 23:43:32,92
MLR ,2018-11-12 00:43:33,92
MLR ,2018-11-12 01:43:31,92
MLR ,2018-11-12 02:43:33,92
MLR ,2018-11-12 03:43:33,92
MLR ,2018-11-12 04:43:32,92
MLR ,2018-11-12 05:43:33,92
MLR ,2018-11-12 06:43:33,92
MLR ,2018-11-12 07:43:32,92
MLR ,2018-11-12 08:43:33,92
MLR ,2018-11-12 09:43:32,92
MLR ,2018-11-12 10:43:32,92
MLR ,2018-11-12 11:43:33,92
MLR ,2018-11-12 12:43:31,92
MLR ,2018-11-12 13:43:32,92
MLR ,2018-11-12 14:43:35,92
MLR ,2018-11-12 15:43:33,91
MLR ,2018-11-12 16:43:34,91
MLR ,2018-11-12 17:43:31,91
MLR ,2018-11-12 18:43:32,90
MLR ,2018-11-12 19:43:34,91
MLR ,2018-11-12 20:43:33,91
MLR ,2018-11-12 21:43:32,91
MLR ,2018-11-12 22:44:17,91
MLR ,2018-11-12 23:43:32,91
MLR ,2018-11-13 00:43:33,91
MLR ,2018-11-13 01:43:32,91
MLR ,2018-11-13 02:43:33,91
MLR ,2018-11-13 03:43:33,91
MLR ,2018-11-13 04:43:32,91
MLR ,2018-11-13 05:43:32,91
MLR ,2018-11-13 06:43:32,91
MLR ,2018-11-13 07:43:33,91
MLR ,2018-11-13 08:43:35,91
MLR ,2018-11-13 09:43:33,91
MLR ,2018-11-13 10:43:33,91
MLR ,2018-11-13 11:43:33,91
MLR ,2018-11-13 12:43:32,91
MLR ,2018-11-13 13:43:32,91
MLR ,2018-11-13 14:43:36,91
MLR ,2018-11-13 15:43:33,91
MLR ,2018-11-13 16:43:33,90
MLR ,2018-11-13 17:43:33,90
MLR ,2018-11-13 18:43:31,91
MLR ,2018-11-13 19:43:32,91
MLR ,2018-11-13 20:43:32,91
MLR ,2018-11-13 21:43:32,91
MLR ,2018-11-13 22:43:32,91
MLR ,2018-11-13 23:43:33,91
MLR ,2018-11-14 00:43:32,91
MLR ,2018-11-14 01:43:33,91
MLR ,2018-11-14 02:43:31,91
MLR ,2018-11-14 03:43:32,91
MLR ,2018-11-14 04:43:32,91
MLR ,2018-11-14 05:43:32,91
MLR ,2018-11-14 06:43:33,91
MLR ,2018-11-14 07:43:32,91
MLR ,2018-11-14 08:43:32,91
MLR ,2018-11-14 09:43:33,91
MLR ,2018-11-14 10:43:32,91
MLR ,2018-11-14 11:43:34,91
MLR ,2018-11-14 12:43:32,91
MLR ,2018-11-14 13:43:32,91
MLR ,2018-11-14 14:43:35,91
MLR ,2018-11-14 15:43:34,92
MLR ,2018-11-14 16:43:35,92
MLR ,2018-11-14 17:43:34,92
MLR ,2018-11-14 18:43:36,92
MLR ,2018-11-14 19:43:34,92
MLR ,2018-11-14 20:43:35,92
MLR ,2018-11-14 21:43:35,92
MLR ,2018-11-14 22:43:35,92
MLR ,2018-11-14 23:43:33,92
MLR ,2018-11-15 00:43:33,92
MLR ,2018-11-15 01:43:33,92
MLR ,2018-11-15 02:43:33,92
MLR ,2018-11-15 03:43:32,92
MLR ,2018-11-15 04:43:33,92
MLR ,2018-11-15 05:43:33,92
MLR ,2018-11-15 06:43:32,92
MLR ,2018-11-15 07:43:31,92
MLR ,2018-11-15 08:43:32,92
MLR ,2018-11-15 09:43:32,92
MLR ,2018-11-15 10:43:33,92
MLR ,2018-11-15 11:43:32,92
MLR ,2018-11-15 12:43:32,92
MLR ,2018-11-15 13:43:33,92
MLR ,2018-11-15 14:43:34,92
MLR ,2018-11-15 15:43:34,92
MLR ,2018-11-15 16:43:32,92
MLR ,2018-11-15 17:43:36,92
MLR ,2018-11-15 18:43:33,93
MLR ,2018-11-15 19:43:32,93
MLR ,2018-11-15 20:43:35,93
MLR ,2018-11-15 21:43:37,93
MLR ,2018-11-15 22:43:35,93
MLR ,2018-11-15 23:43:33,93
MLR ,2018-11-16 00:43:32,93
MLR ,2018-11-16 01:43:32,93
MLR ,2018-11-16 02:43:32,93
MLR ,2018-11-16 03:43:32,93
MLR ,2018-11-16 04:43:32,93
MLR ,2018-11-16 05:43:32,93
MLR ,2018-11-16 06:43:33,93
MLR ,2018-11-16 07:43:33,93
MLR ,2018-11-16 08:43:32,93
MLR ,2018-11-16 09:43:33,93
MLR ,2018-11-16 10:43:32,93
MLR ,2018-11-16 11:43:32,93
MLR ,2018-11-16 12:43:31,93
MLR ,2018-11-16 13:43:32,93
MLR ,2018-11-16 14:43:36,93
MLR ,2018-11-16 15:43:33,93
MLR ,2018-11-16 16:43:33,93
MLR ,2018-11-16 17:43:33,93
MLR ,2018-11-16 18:43:32,93
MLR ,2018-11-16 19:43:32,92
MLR ,2018-11-16 20:43:40,92
MLR ,2018-11-16 21:43:34,93
MLR ,2018-11-16 22:43:34,93
MLR ,2018-11-16 23:43:34,93
MLR ,2018-11-17 00:43:34,93
MLR ,2018-11-17 01:43:33,93
MLR ,2018-11-17 02:43:31,93
MLR ,2018-11-17 03:43:36,93
MLR ,2018-11-17 04:43:32,93
MLR ,2018-11-17 05:43:33,93
MLR ,2018-11-17 06:43:34,93
MLR ,2018-11-17 07:43:31,93
MLR ,2018-11-17 08:43:33,93
MLR ,2018-11-17 09:43:33,93
MLR ,2018-11-17 10:43:33,93
MLR ,2018-11-17 11:43:32,93
MLR ,2018-11-17 12:43:33,93
MLR ,2018-11-17 13:43:33,93
MLR ,2018-11-17 14:43:35,93
MLR ,2018-11-17 15:43:33,93
MLR ,2018-11-17 16:43:32,93
MLR ,2018-11-17 17:43:34,93
MLR ,2018-11-17 18:43:32,93
MLR ,2018-11-17 19:43:33,93
MLR ,2018-11-17 20:43:32,93
MLR ,2018-11-17 21:43:32,93
MLR ,2018-11-17 22:43:32,93
MLR ,2018-11-17 23:43:32,93
MLR ,2018-11-18 00:43:32,93
MLR ,2018-11-18 01:43:32,93
MLR ,2018-11-18 02:43:32,93
MLR ,2018-11-18 03:43:33,93
MLR ,2018-11-18 04:43:32,93
MLR ,2018-11-18 05:43:32,93
MLR ,2018-11-18 06:43:33,93
MLR ,2018-11-18 07:43:32,93
MLR ,2018-11-18 08:43:31,93
MLR ,2018-11-18 09:43:32,93
MLR ,2018-11-18 10:43:31,93
MLR ,2018-11-18 11:43:32,93
MLR ,2018-11-18 12:43:32,93
MLR ,2018-11-18 13:43:32,93
MLR ,2018-11-18 14:43:33,93
MLR ,2018-11-18 15:43:33,93
MLR ,2018-11-18 16:43:32,93
MLR ,2018-11-18 17:43:32,93
MLR ,2018-11-18 18:43:32,93
MLR ,2018-11-18 19:43:32,93
MLR ,2018-11-18 20:43:33,93
MLR ,2018-11-18 21:43:32,93
MLR ,2018-11-18 22:43:32,93
MLR ,2018-11-18 23:43:33,93
MLR ,2018-11-19 00:43:32,93
MLR ,2018-11-19 01:43:33,93
MLR ,2018-11-19 02:43:32,93
MLR ,2018-11-19 03:43:32,93
MLR ,2018-11-19 04:43:32,93
MLR ,2018-11-19 05:43:32,93
MLR ,2018-11-19 06:43:32,93
MLR ,2018-11-19 07:43:32,93
MLR ,2018-11-19 08:43:32,93
MLR ,2018-11-19 09:43:32,93
MLR ,2018-11-19 10:43:33,93
MLR ,2018-11-19 11:43:32,93
MLR ,2018-11-19 12:43:33,93
MLR ,2018-11-19 13:43:32,93
MLR ,2018-11-19 14:43:34,93
MLR ,2018-11-19 15:43:32,94
MLR ,2018-11-19 16:43:36,94
MLR ,2018-11-19 17:43:35,94
MLR ,2018-11-19 18:43:34,94
MLR ,2018-11-19 19:43:33,94
MLR ,2018-11-19 20:43:33,94
MLR ,2018-11-19 21:43:32,94
MLR ,2018-11-19 22:43:33,94
MLR ,2018-11-19 23:43:33,94
MLR ,2018-11-20 00:43:33,94
MLR ,2018-11-20 01:43:33,94
MLR ,2018-11-20 02:43:34,94
MLR ,2018-11-20 03:43:34,94
MLR ,2018-11-20 04:43:32,94
MLR ,2018-11-20 05:43:32,94
MLR ,2018-11-20 06:43:33,94
MLR ,2018-11-20 07:43:32,94
MLR ,2018-11-20 08:43:33,94
MLR ,2018-11-20 09:43:33,94
MLR ,2018-11-20 10:43:32,94
MLR ,2018-11-20 11:43:32,94
MLR ,2018-11-20 12:43:32,94
MLR ,2018-11-20 13:43:34,94
MLR ,2018-11-20 14:43:36,94
MLR ,2018-11-20 15:43:37,94
MLR ,2018-11-20 16:43:32,94
MLR ,2018-11-20 17:43:32,94
MLR ,2018-11-20 18:43:37,94
MLR ,2018-11-20 19:43:35,94
MLR ,2018-11-20 20:43:34,94
MLR ,2018-11-20 21:43:37,94
MLR ,2018-11-20 22:43:33,94
MLR ,2018-11-20 23:43:33,94
MLR ,2018-11-21 00:43:32,94
MLR ,2018-11-21 01:43:32,94
MLR ,2018-11-21 02:43:32,94
MLR ,2018-11-21 03:43:33,94
MLR ,2018-11-21 04:43:33,94
MLR ,2018-11-21 05:43:34,94
MLR ,2018-11-21 06:43:35,94
MLR ,2018-11-21 07:43:35,94
MLR ,2018-11-21 08:43:34,94
MLR ,2018-11-21 09:43:33,94
MLR ,2018-11-21 10:43:32,94
MLR ,2018-11-21 11:43:32,94
MLR ,2018-11-21 12:43:32,94
MLR ,2018-11-21 13:43:31,94
MLR ,2018-11-21 14:43:36,94
MLR ,2018-11-21 16:43:34,94
MLR ,2018-11-21 17:43:37,93
MLR ,2018-11-21 18:43:33,93
MLR ,2018-11-21 19:43:34,93
MLR ,2018-11-21 20:43:35,93
MLR ,2018-11-21 21:43:34,93
MLR ,2018-11-21 22:43:34,93
MLR ,2018-11-21 23:43:33,93
MLR ,2018-11-22 00:43:32,93
MLR ,2018-11-22 01:43:33,93
MLR ,2018-11-22 02:43:34,93
MLR ,2018-11-22 03:43:33,93
MLR ,2018-11-22 04:43:34,93
MLR ,2018-11-22 05:43:33,93
MLR ,2018-11-22 06:43:33,93
MLR ,2018-11-22 07:43:33,93
MLR ,2018-11-22 08:43:33,93
MLR ,2018-11-22 09:43:33,93
MLR ,2018-11-22 10:43:33,93
MLR ,2018-11-22 11:43:34,93
MLR ,2018-11-22 12:43:33,93
MLR ,2018-11-22 13:43:33,93
MLR ,2018-11-22 14:43:32,93
MLR ,2018-11-22 15:43:33,93
MLR ,2018-11-22 16:43:32,93
MLR ,2018-11-22 17:43:34,93
MLR ,2018-11-22 18:43:32,93
MLR ,2018-11-22 19:43:32,93
MLR ,2018-11-22 20:43:33,93
MLR ,2018-11-22 21:43:33,93
MLR ,2018-11-22 22:43:33,93
MLR ,2018-11-22 23:43:33,93
MLR ,2018-11-23 00:43:32,93
MLR ,2018-11-23 01:43:32,93
MLR ,2018-11-23 02:43:32,93
MLR ,2018-11-23 03:43:33,93
MLR ,2018-11-23 04:43:33,93
MLR ,2018-11-23 05:43:33,93
MLR ,2018-11-23 06:43:32,93
MLR ,2018-11-23 07:43:33,93
MLR ,2018-11-23 08:43:33,93
MLR ,2018-11-23 09:43:33,93
MLR ,2018-11-23 10:43:33,93
MLR ,2018-11-23 11:43:34,93
MLR ,2018-11-23 12:43:34,93
MLR ,2018-11-23 13:43:32,93
MLR ,2018-11-23 14:43:34,93
MLR ,2018-11-23 15:43:34,93
MLR ,2018-11-23 16:43:32,94
MLR ,2018-11-23 17:43:33,94
MLR ,2018-11-23 18:43:32,94
MLR ,2018-11-23 19:43:33,94
MLR ,2018-11-23 20:43:34,94
MLR ,2018-11-23 21:43:34,94
MLR ,2018-11-23 22:43:33,94
MLR ,2018-11-23 23:43:34,94
MLR ,2018-11-24 00:43:33,94
MLR ,2018-11-24 01:43:34,94
MLR ,2018-11-24 02:43:35,94
MLR ,2018-11-24 03:43:34,94
MLR ,2018-11-24 04:43:35,94
MLR ,2018-11-24 05:43:35,94
MLR ,2018-11-24 06:43:34,94
MLR ,2018-11-24 07:43:33,94
MLR ,2018-11-24 08:43:34,94
MLR ,2018-11-24 09:43:33,94
MLR ,2018-11-24 10:43:33,94
MLR ,2018-11-24 11:43:34,94
MLR ,2018-11-24 12:43:33,94
MLR ,2018-11-24 13:43:33,94
MLR ,2018-11-24 14:43:34,94
MLR ,2018-11-24 15:43:34,94
MLR ,2018-11-24 16:43:33,94
MLR ,2018-11-24 17:43:34,94
MLR ,2018-11-24 18:43:33,94
MLR ,2018-11-24 19:43:33,94
MLR ,2018-11-24 20:43:34,94
MLR ,2018-11-24 21:43:34,94
MLR ,2018-11-24 22:43:33,94
MLR ,2018-11-24 23:43:34,94
MLR ,2018-11-25 00:43:34,94
MLR ,2018-11-25 01:43:34,94
MLR ,2018-11-25 02:43:34,94
MLR ,2018-11-25 03:43:33,94
MLR ,2018-11-25 04:43:34,94
MLR ,2018-11-25 05:43:33,94
MLR ,2018-11-25 06:43:33,94
MLR ,2018-11-25 07:43:33,94
MLR ,2018-11-25 08:43:33,94
MLR ,2018-11-25 09:43:34,94
MLR ,2018-11-25 10:43:33,94
MLR ,2018-11-25 11:43:34,94
MLR ,2018-11-25 12:43:33,94
MLR ,2018-11-25 13:43:33,94
MLR ,2018-11-25 14:43:34,94
MLR ,2018-11-25 15:43:33,94
MLR ,2018-11-25 16:43:34,94
MLR ,2018-11-25 17:43:34,94
MLR ,2018-11-25 18:43:34,94
MLR ,2018-11-25 19:43:35,94
MLR ,2018-11-25 20:43:34,94
MLR ,2018-11-25 21:43:33,94
MLR ,2018-11-25 22:43:34,94
MLR ,2018-11-25 23:43:34,94
MLR ,2018-11-26 00:43:33,94
MLR ,2018-11-26 01:43:34,94
MLR ,2018-11-26 02:43:35,94
MLR ,2018-11-26 03:43:33,94
MLR ,2018-11-26 04:43:33,94
MLR ,2018-11-26 05:43:33,94
MLR ,2018-11-26 06:43:33,94
MLR ,2018-11-26 07:43:33,94
MLR ,2018-11-26 08:43:33,94
MLR ,2018-11-26 09:43:34,94
MLR ,2018-11-26 10:43:34,94
MLR ,2018-11-26 11:43:33,94
MLR ,2018-11-26 12:43:33,94
MLR ,2018-11-26 13:43:32,94
MLR ,2018-11-26 14:43:39,94
MLR ,2018-11-26 15:43:34,95
MLR ,2018-11-26 16:43:34,95
MLR ,2018-11-26 17:43:34,95
MLR ,2018-11-26 18:43:34,95
MLR ,2018-11-26 19:43:33,95
MLR ,2018-11-26 20:43:35,95
MLR ,2018-11-26 21:43:32,95
MLR ,2018-11-26 22:43:36,95
MLR ,2018-11-26 23:43:36,95
MLR ,2018-11-27 00:43:35,95
MLR ,2018-11-27 01:43:34,95
MLR ,2018-11-27 02:43:35,95
MLR ,2018-11-27 03:43:33,95
MLR ,2018-11-27 04:43:33,95
MLR ,2018-11-27 05:43:33,95
MLR ,2018-11-27 06:43:33,95
MLR ,2018-11-27 07:43:33,95
MLR ,2018-11-27 08:43:32,95
MLR ,2018-11-27 09:43:33,95
MLR ,2018-11-27 10:45:21,95
MLR ,2018-11-27 11:43:33,95
MLR ,2018-11-27 12:43:33,95
MLR ,2018-11-27 13:43:34,95
MLR ,2018-11-27 14:43:36,95
MLR ,2018-11-27 15:43:35,95
MLR ,2018-11-27 16:43:37,95
MLR ,2018-11-27 17:43:36,95
MLR ,2018-11-27 18:43:35,95
MLR ,2018-11-27 19:43:36,95
MLR ,2018-11-27 20:43:34,94
MLR ,2018-11-27 21:43:36,94
MLR ,2018-11-27 22:43:36,94
MLR ,2018-11-27 23:43:36,94
MLR ,2018-11-28 00:43:35,94
MLR ,2018-11-28 01:43:35,94
MLR ,2018-11-28 02:43:35,94
MLR ,2018-11-28 03:43:36,94
MLR ,2018-11-28 04:43:36,94
MLR ,2018-11-28 05:43:35,94
MLR ,2018-11-28 06:43:34,94
MLR ,2018-11-28 07:43:33,94
MLR ,2018-11-28 08:43:35,94
MLR ,2018-11-28 09:43:37,94
MLR ,2018-11-28 10:43:35,94
MLR ,2018-11-28 11:43:34,94
MLR ,2018-11-28 12:43:34,94
MLR ,2018-11-28 14:08:36,94
MLR ,2018-11-28 14:43:35,94
MLR ,2018-11-28 15:43:40,94
MLR ,2018-11-28 16:43:36,94
MLR ,2018-11-28 17:43:38,94
MLR ,2018-11-28 18:43:35,94
MLR ,2018-11-28 19:43:35,94
MLR ,2018-11-28 20:43:36,94
MLR ,2018-11-28 21:43:34,94
MLR ,2018-11-28 22:43:33,94
MLR ,2018-11-28 23:43:32,94
MLR ,2018-11-29 00:43:33,94
MLR ,2018-11-29 01:43:34,94
MLR ,2018-11-29 02:43:34,94
MLR ,2018-11-29 03:43:33,94
MLR ,2018-11-29 04:43:33,94
MLR ,2018-11-29 05:43:33,94
MLR ,2018-11-29 06:43:33,94
MLR ,2018-11-29 07:43:32,94
MLR ,2018-11-29 08:43:32,94
MLR ,2018-11-29 09:43:33,94
MLR ,2018-11-29 10:43:33,94
MLR ,2018-11-29 11:43:32,94
MLR ,2018-11-29 12:43:33,94
MLR ,2018-11-29 13:43:34,94
MLR ,2018-11-29 15:08:40,94
MLR ,2018-11-29 15:43:34,94
MLR ,2018-11-29 16:43:34,94
MLR ,2018-11-29 17:43:37,95
MLR ,2018-11-29 18:43:38,95
MLR ,2018-11-29 19:43:34,95
MLR ,2018-11-29 20:43:33,95
MLR ,2018-11-29 21:43:35,95
MLR ,2018-11-29 22:43:34,95
MLR ,2018-11-29 23:43:35,95
MLR ,2018-11-30 00:43:35,95
MLR ,2018-11-30 01:43:35,95
MLR ,2018-11-30 02:43:32,95
MLR ,2018-11-30 03:43:35,95
MLR ,2018-11-30 04:43:33,95
MLR ,2018-11-30 05:43:36,95
MLR ,2018-11-30 06:43:34,95
MLR ,2018-11-30 07:43:33,95
MLR ,2018-11-30 08:43:33,95
MLR ,2018-11-30 09:43:34,95
MLR ,2018-11-30 10:43:34,95
MLR ,2018-11-30 11:43:32,95
MLR ,2018-11-30 12:43:33,95
MLR ,2018-11-30 13:43:33,95
MLR ,2018-11-30 14:43:36,95
MLR ,2018-11-30 15:43:35,95
MLR ,2018-11-30 16:43:35,95
MLR ,2018-11-30 17:43:35,95
MLR ,2018-11-30 18:43:33,95
MLR ,2018-11-30 19:43:33,95
MLR ,2018-11-30 20:43:34,95
MLR ,2018-11-30 21:43:33,95
MLR ,2018-11-30 22:43:36,95
MLR ,2018-11-30 23:43:34,95
MLR ,2018-12-01 00:43:33,95
MLR ,2018-12-01 01:43:33,95
MLR ,2018-12-01 02:43:33,95
MLR ,2018-12-01 03:43:33,95
MLR ,2018-12-01 04:43:33,95
MLR ,2018-12-01 05:43:34,95
MLR ,2018-12-01 06:43:32,95
MLR ,2018-12-01 07:43:32,95
MLR ,2018-12-01 08:43:32,95
MLR ,2018-12-01 09:43:33,95
MLR ,2018-12-01 10:43:33,95
MLR ,2018-12-01 11:43:33,95
MLR ,2018-12-01 12:43:33,95
MLR ,2018-12-01 13:43:33,95
MLR ,2018-12-01 14:43:33,95
MLR ,2018-12-01 15:43:33,95
MLR ,2018-12-01 16:43:33,95
MLR ,2018-12-01 17:43:32,95
MLR ,2018-12-01 18:43:33,95
MLR ,2018-12-01 19:43:32,95
MLR ,2018-12-01 20:43:33,95
MLR ,2018-12-01 21:43:32,95
MLR ,2018-12-01 22:43:37,95
MLR ,2018-12-01 23:43:34,95
MLR ,2018-12-02 00:43:32,95
MLR ,2018-12-02 01:43:33,95
MLR ,2018-12-02 02:43:33,95
MLR ,2018-12-02 03:43:33,95
MLR ,2018-12-02 04:43:33,95
MLR ,2018-12-02 05:43:33,95
MLR ,2018-12-02 06:43:33,95
MLR ,2018-12-02 07:43:35,95
MLR ,2018-12-02 08:43:35,95
MLR ,2018-12-02 09:43:33,95
MLR ,2018-12-02 10:43:34,95
MLR ,2018-12-02 11:43:33,95
MLR ,2018-12-02 12:43:32,95
MLR ,2018-12-02 13:43:32,95
MLR ,2018-12-02 14:43:32,95
MLR ,2018-12-02 15:43:33,95
MLR ,2018-12-02 16:43:32,95
MLR ,2018-12-02 17:43:32,95
MLR ,2018-12-02 18:43:32,95
MLR ,2018-12-02 19:43:32,95
MLR ,2018-12-02 20:43:32,95
MLR ,2018-12-02 21:43:32,95
MLR ,2018-12-02 22:43:32,95
MLR ,2018-12-02 23:43:33,95
MLR ,2018-12-03 00:43:33,95
MLR ,2018-12-03 01:43:32,95
MLR ,2018-12-03 02:43:33,95
MLR ,2018-12-03 03:43:33,95
MLR ,2018-12-03 04:43:34,95
MLR ,2018-12-03 05:43:32,95
MLR ,2018-12-03 06:43:34,95
MLR ,2018-12-03 07:43:33,95
MLR ,2018-12-03 08:43:33,95
MLR ,2018-12-03 09:43:34,95
MLR ,2018-12-03 10:43:33,95
MLR ,2018-12-03 11:43:33,95
MLR ,2018-12-03 12:43:32,95
MLR ,2018-12-03 13:43:32,95
MLR ,2018-12-03 14:43:38,95
MLR ,2018-12-03 15:43:34,96
MLR ,2018-12-03 16:43:36,96
MLR ,2018-12-03 17:43:35,96
MLR ,2018-12-03 18:43:34,96
MLR ,2018-12-03 19:43:32,96
MLR ,2018-12-03 20:43:33,96
MLR ,2018-12-03 21:43:33,95
MLR ,2018-12-03 22:43:35,95
MLR ,2018-12-03 23:43:36,95
MLR ,2018-12-04 00:43:35,95
MLR ,2018-12-04 01:43:33,95
MLR ,2018-12-04 02:43:34,95
MLR ,2018-12-04 03:43:34,95
MLR ,2018-12-04 04:43:33,95
MLR ,2018-12-04 05:43:36,95
MLR ,2018-12-04 06:43:35,95
MLR ,2018-12-04 07:43:34,95
MLR ,2018-12-04 08:43:34,95
MLR ,2018-12-04 09:43:33,95
MLR ,2018-12-04 10:43:31,95
MLR ,2018-12-04 11:43:32,95
MLR ,2018-12-04 12:43:33,95
MLR ,2018-12-04 13:43:33,95
MLR ,2018-12-04 15:10:07,95
MLR ,2018-12-04 15:43:35,95
MLR ,2018-12-04 16:43:33,95
MLR ,2018-12-04 17:43:35,95
MLR ,2018-12-04 18:43:34,95
MLR ,2018-12-04 19:43:35,95
MLR ,2018-12-04 20:43:35,95
MLR ,2018-12-04 21:43:35,95
MLR ,2018-12-04 22:43:36,95
MLR ,2018-12-04 23:43:35,95
MLR ,2018-12-05 00:43:35,95
MLR ,2018-12-05 01:43:35,95
MLR ,2018-12-05 02:43:35,95
MLR ,2018-12-05 03:43:35,95
MLR ,2018-12-05 04:43:38,95
MLR ,2018-12-05 05:43:38,95
MLR ,2018-12-05 06:43:34,95
MLR ,2018-12-05 07:43:33,95
MLR ,2018-12-05 08:43:33,95
MLR ,2018-12-05 09:43:32,95
MLR ,2018-12-05 10:43:34,95
MLR ,2018-12-05 11:43:33,95
MLR ,2018-12-05 12:43:32,95
MLR ,2018-12-05 13:43:32,95
MLR ,2018-12-05 14:43:33,95
MLR ,2018-12-05 15:43:34,95
MLR ,2018-12-05 16:43:33,95
MLR ,2018-12-05 17:43:34,95
MLR ,2018-12-05 18:43:33,95
MLR ,2018-12-05 19:43:35,95
MLR ,2018-12-05 20:43:34,95
MLR ,2018-12-05 21:43:35,95
MLR ,2018-12-05 22:43:35,95
MLR ,2018-12-05 23:43:36,95
MLR ,2018-12-06 00:43:35,95
MLR ,2018-12-06 01:43:35,95
MLR ,2018-12-06 02:43:33,95
MLR ,2018-12-06 03:43:34,95
MLR ,2018-12-06 04:43:32,95
MLR ,2018-12-06 05:43:33,95
MLR ,2018-12-06 06:43:33,95
MLR ,2018-12-06 07:43:32,95
MLR ,2018-12-06 08:43:35,95
MLR ,2018-12-06 09:43:35,95
MLR ,2018-12-06 10:43:33,95
MLR ,2018-12-06 11:43:34,95
MLR ,2018-12-06 12:43:34,95
MLR ,2018-12-06 13:43:34,95
MLR ,2018-12-06 14:43:36,95
MLR ,2018-12-06 15:43:35,95
MLR ,2018-12-06 16:43:35,95
MLR ,2018-12-06 17:43:36,95
MLR ,2018-12-06 18:43:34,95
MLR ,2018-12-06 19:43:34,95
MLR ,2018-12-06 20:43:33,95
MLR ,2018-12-06 21:43:34,95
MLR ,2018-12-06 22:43:33,95
MLR ,2018-12-06 23:43:37,95
MLR ,2018-12-07 00:43:40,95
MLR ,2018-12-07 01:43:39,95
MLR ,2018-12-07 02:43:38,95
MLR ,2018-12-07 03:43:39,95
MLR ,2018-12-07 04:43:40,95
MLR ,2018-12-07 05:43:39,95
MLR ,2018-12-07 06:43:40,95
MLR ,2018-12-07 07:43:38,95
MLR ,2018-12-07 08:43:38,95
MLR ,2018-12-07 09:43:38,95
MLR ,2018-12-07 10:43:38,95
MLR ,2018-12-07 11:43:38,95
MLR ,2018-12-07 12:43:39,95
MLR ,2018-12-07 14:08:39,95
MLR ,2018-12-07 14:43:43,95
MLR ,2018-12-07 16:08:44,95
MLR ,2018-12-07 16:43:38,95
MLR ,2018-12-07 17:43:39,94
MLR ,2018-12-07 18:43:38,94
MLR ,2018-12-07 19:43:41,94
MLR ,2018-12-07 20:43:39,94
MLR ,2018-12-07 21:43:38,94
MLR ,2018-12-07 22:43:40,94
MLR ,2018-12-07 23:43:41,94
MLR ,2018-12-08 00:43:39,94
MLR ,2018-12-08 01:43:37,94
MLR ,2018-12-08 03:43:40,94
MLR ,2018-12-08 04:43:39,94
MLR ,2018-12-08 05:43:40,94
MLR ,2018-12-08 06:43:37,94
MLR ,2018-12-08 07:43:39,94
MLR ,2018-12-08 08:43:38,94
MLR ,2018-12-08 09:43:37,94
MLR ,2018-12-08 10:43:39,94
MLR ,2018-12-08 11:43:38,94
MLR ,2018-12-08 12:43:39,94
MLR ,2018-12-08 13:43:37,94
MLR ,2018-12-08 14:43:38,94
MLR ,2018-12-08 15:43:38,94
MLR ,2018-12-08 16:43:39,94
MLR ,2018-12-08 17:43:39,94
MLR ,2018-12-08 18:43:37,94
MLR ,2018-12-08 19:43:38,94
MLR ,2018-12-08 20:43:42,94
MLR ,2018-12-08 21:43:42,94
MLR ,2018-12-08 22:43:38,94
MLR ,2018-12-08 23:43:40,94
MLR ,2018-12-09 00:43:38,94
MLR ,2018-12-09 01:43:40,94
MLR ,2018-12-09 02:43:39,94
MLR ,2018-12-09 03:43:38,94
MLR ,2018-12-09 04:43:37,94
MLR ,2018-12-09 05:43:37,94
MLR ,2018-12-09 06:43:38,94
MLR ,2018-12-09 07:43:40,94
MLR ,2018-12-09 08:43:39,94
MLR ,2018-12-09 09:43:42,94
MLR ,2018-12-09 10:43:38,94
MLR ,2018-12-09 11:43:40,94
MLR ,2018-12-09 12:43:38,94
MLR ,2018-12-09 13:43:38,94
MLR ,2018-12-09 14:43:38,94
MLR ,2018-12-09 15:43:39,94
MLR ,2018-12-09 16:43:38,94
MLR ,2018-12-09 17:43:38,94
MLR ,2018-12-09 18:43:38,94
MLR ,2018-12-09 19:43:37,94
MLR ,2018-12-09 20:43:38,94
MLR ,2018-12-09 21:43:38,94
MLR ,2018-12-09 22:43:41,94
MLR ,2018-12-09 23:43:39,94
MLR ,2018-12-10 00:43:40,94
MLR ,2018-12-10 01:43:38,94
MLR ,2018-12-10 02:43:38,94
MLR ,2018-12-10 03:43:38,94
MLR ,2018-12-10 04:43:41,94
MLR ,2018-12-10 05:43:37,94
MLR ,2018-12-10 06:43:42,94
MLR ,2018-12-10 07:43:42,94
MLR ,2018-12-10 08:43:39,94
MLR ,2018-12-10 09:43:39,94
MLR ,2018-12-10 10:43:39,94
MLR ,2018-12-10 11:43:37,94
MLR ,2018-12-10 12:43:39,94
MLR ,2018-12-10 13:43:42,94
MLR ,2018-12-10 15:07:14,93
MLR ,2018-12-10 15:43:37,93
MLR ,2018-12-10 16:43:38,93
MLR ,2018-12-10 17:43:40,93
MLR ,2018-12-10 18:43:38,93
MLR ,2018-12-10 19:43:39,93
MLR ,2018-12-10 20:43:36,93
MLR ,2018-12-10 21:43:38,93
MLR ,2018-12-10 22:43:37,93
MLR ,2018-12-10 23:43:39,93
MLR ,2018-12-11 00:43:37,93
MLR ,2018-12-11 01:43:37,93
MLR ,2018-12-11 02:43:37,93
MLR ,2018-12-11 03:43:38,93
MLR ,2018-12-11 04:43:36,93
MLR ,2018-12-11 05:43:39,93
MLR ,2018-12-11 06:43:38,93
MLR ,2018-12-11 07:43:38,93
MLR ,2018-12-11 08:43:38,93
MLR ,2018-12-11 09:43:37,93
MLR ,2018-12-11 10:43:37,93
MLR ,2018-12-11 11:43:38,93
MLR ,2018-12-11 12:43:38,93
MLR ,2018-12-11 13:43:37,93
MLR ,2018-12-11 15:08:12,93
MLR ,2018-12-11 15:43:39,93
MLR ,2018-12-11 16:43:39,93
MLR ,2018-12-11 17:43:39,93
MLR ,2018-12-11 18:43:39,93
MLR ,2018-12-11 19:43:39,93
MLR ,2018-12-11 20:43:39,93
MLR ,2018-12-11 21:43:41,93
MLR ,2018-12-11 22:43:40,93
MLR ,2018-12-11 23:43:39,93
MLR ,2018-12-12 00:43:38,93
MLR ,2018-12-12 01:43:38,93
MLR ,2018-12-12 02:43:39,93
MLR ,2018-12-12 03:43:39,93
MLR ,2018-12-12 04:43:38,93
MLR ,2018-12-12 05:43:37,93
MLR ,2018-12-12 06:43:38,93
MLR ,2018-12-12 07:43:38,93
MLR ,2018-12-12 08:43:39,93
MLR ,2018-12-12 09:43:39,93
MLR ,2018-12-12 10:43:39,93
MLR ,2018-12-12 11:43:41,93
MLR ,2018-12-12 12:43:42,93
MLR ,2018-12-12 14:09:16,93
MLR ,2018-12-12 14:43:41,93
MLR ,2018-12-12 15:43:40,93
MLR ,2018-12-12 16:43:40,93
MLR ,2018-12-12 17:43:40,93
MLR ,2018-12-12 18:43:38,93
MLR ,2018-12-12 19:43:39,93
MLR ,2018-12-12 20:43:39,93
MLR ,2018-12-12 21:43:39,93
MLR ,2018-12-12 22:43:40,93
MLR ,2018-12-12 23:43:40,93
MLR ,2018-12-13 00:43:38,93
MLR ,2018-12-13 01:43:39,93
MLR ,2018-12-13 02:43:40,93
MLR ,2018-12-13 03:43:38,93
MLR ,2018-12-13 04:43:44,93
MLR ,2018-12-13 05:43:42,93
MLR ,2018-12-13 06:43:41,93
MLR ,2018-12-13 07:43:39,93
MLR ,2018-12-13 08:43:38,93
MLR ,2018-12-13 09:43:39,93
MLR ,2018-12-13 10:43:38,93
MLR ,2018-12-13 11:43:38,93
MLR ,2018-12-13 12:43:37,93
MLR ,2018-12-13 14:07:42,93
MLR ,2018-12-13 14:43:41,93
MLR ,2018-12-13 15:43:41,93
MLR ,2018-12-13 16:43:39,93
MLR ,2018-12-13 17:43:41,93
MLR ,2018-12-13 18:43:40,93
MLR ,2018-12-13 19:43:40,93
MLR ,2018-12-13 20:43:40,93
MLR ,2018-12-13 21:43:39,93
MLR ,2018-12-13 22:43:40,93
MLR ,2018-12-13 23:43:39,93
MLR ,2018-12-14 00:43:39,93
MLR ,2018-12-14 01:43:39,93
MLR ,2018-12-14 02:43:38,93
MLR ,2018-12-14 03:43:38,93
MLR ,2018-12-14 04:43:41,93
MLR ,2018-12-14 05:43:39,93
MLR ,2018-12-14 06:43:39,93
MLR ,2018-12-14 07:43:39,93
MLR ,2018-12-14 08:43:39,93
MLR ,2018-12-14 09:43:39,93
MLR ,2018-12-14 10:43:39,93
MLR ,2018-12-14 11:43:38,93
MLR ,2018-12-14 12:43:39,93
MLR ,2018-12-14 14:07:42,93
MLR ,2018-12-14 14:43:41,93
MLR ,2018-12-14 15:43:40,93
MLR ,2018-12-14 16:43:39,93
MLR ,2018-12-14 17:43:40,93
MLR ,2018-12-14 18:43:43,93
MLR ,2018-12-14 19:43:43,93
MLR ,2018-12-14 20:43:42,93
MLR ,2018-12-14 21:43:39,93
MLR ,2018-12-14 22:43:41,93
MLR ,2018-12-14 23:43:40,93
MLR ,2018-12-15 00:43:39,93
MLR ,2018-12-15 01:43:41,93
MLR ,2018-12-15 02:43:38,93
MLR ,2018-12-15 03:43:39,93
MLR ,2018-12-15 04:43:38,93
MLR ,2018-12-15 05:43:41,93
MLR ,2018-12-15 06:43:39,93
MLR ,2018-12-15 07:43:39,93
MLR ,2018-12-15 08:43:38,93
MLR ,2018-12-15 09:43:38,93
MLR ,2018-12-15 10:43:39,93
MLR ,2018-12-15 11:43:39,93
MLR ,2018-12-15 12:43:39,93
MLR ,2018-12-15 13:43:39,93
MLR ,2018-12-15 14:43:39,93
MLR ,2018-12-15 15:43:40,93
MLR ,2018-12-15 16:43:39,93
MLR ,2018-12-15 17:43:41,93
MLR ,2018-12-15 18:43:40,93
MLR ,2018-12-15 19:43:39,93
MLR ,2018-12-15 20:43:38,93
MLR ,2018-12-15 21:43:38,93
MLR ,2018-12-15 22:43:39,93
MLR ,2018-12-15 23:43:38,93
MLR ,2018-12-16 00:43:39,93
MLR ,2018-12-16 01:43:39,93
MLR ,2018-12-16 02:43:38,93
MLR ,2018-12-16 03:43:39,93
MLR ,2018-12-16 04:43:42,93
MLR ,2018-12-16 05:43:38,93
MLR ,2018-12-16 06:43:41,93
MLR ,2018-12-16 07:43:39,93
MLR ,2018-12-16 08:43:38,93
MLR ,2018-12-16 09:43:41,93
MLR ,2018-12-16 10:43:39,93
MLR ,2018-12-16 11:43:39,93
MLR ,2018-12-16 12:43:38,93
MLR ,2018-12-16 13:43:39,93
MLR ,2018-12-16 14:43:39,93
MLR ,2018-12-16 15:43:38,93
MLR ,2018-12-16 16:43:38,93
MLR ,2018-12-16 17:43:42,93
MLR ,2018-12-16 18:43:38,93
MLR ,2018-12-16 19:43:40,93
MLR ,2018-12-16 20:43:39,93
MLR ,2018-12-16 21:43:38,93
MLR ,2018-12-16 22:43:41,93
MLR ,2018-12-16 23:43:41,93
MLR ,2018-12-17 00:43:40,93
MLR ,2018-12-17 01:43:38,93
MLR ,2018-12-17 02:43:39,93
MLR ,2018-12-17 03:43:38,93
MLR ,2018-12-17 04:43:43,93
MLR ,2018-12-17 05:43:38,93
MLR ,2018-12-17 06:43:40,93
MLR ,2018-12-17 07:43:39,93
MLR ,2018-12-17 08:43:38,93
MLR ,2018-12-17 09:43:39,93
MLR ,2018-12-17 10:43:39,93
MLR ,2018-12-17 11:43:38,93
MLR ,2018-12-17 12:43:39,93
MLR ,2018-12-17 13:43:42,93
MLR ,2018-12-17 14:43:44,93
MLR ,2018-12-17 15:43:41,92
MLR ,2018-12-17 16:43:41,93
MLR ,2018-12-17 17:43:39,93
MLR ,2018-12-17 18:43:40,93
MLR ,2018-12-17 20:09:12,93
MLR ,2018-12-17 20:43:40,93
MLR ,2018-12-17 21:43:41,93
MLR ,2018-12-17 22:43:40,93
MLR ,2018-12-17 23:43:38,93
MLR ,2018-12-18 00:43:39,93
MLR ,2018-12-18 01:43:40,93
MLR ,2018-12-18 02:43:38,93
MLR ,2018-12-18 03:43:39,93
MLR ,2018-12-18 04:43:38,93
MLR ,2018-12-18 05:43:39,93
MLR ,2018-12-18 06:43:38,93
MLR ,2018-12-18 07:43:39,93
MLR ,2018-12-18 08:43:38,93
MLR ,2018-12-18 09:43:38,93
MLR ,2018-12-18 10:43:38,93
MLR ,2018-12-18 11:43:38,93
MLR ,2018-12-18 12:43:39,93
MLR ,2018-12-18 13:43:38,93
MLR ,2018-12-18 14:43:39,93
MLR ,2018-12-18 15:43:39,94
MLR ,2018-12-18 16:43:38,94
MLR ,2018-12-18 17:43:39,94
MLR ,2018-12-18 18:43:38,94
MLR ,2018-12-18 19:43:38,94
MLR ,2018-12-18 20:43:41,94
MLR ,2018-12-18 21:43:40,94
MLR ,2018-12-18 22:43:39,94
MLR ,2018-12-18 23:43:41,94
MLR ,2018-12-19 00:43:38,94
MLR ,2018-12-19 01:43:40,94
MLR ,2018-12-19 02:43:39,94
MLR ,2018-12-19 03:43:41,94
MLR ,2018-12-19 04:43:41,94
MLR ,2018-12-19 05:43:42,94
MLR ,2018-12-19 06:43:40,94
MLR ,2018-12-19 07:43:39,94
MLR ,2018-12-19 08:43:38,94
MLR ,2018-12-19 09:43:40,94
MLR ,2018-12-19 11:43:39,94
MLR ,2018-12-19 12:43:38,94
MLR ,2018-12-19 13:43:38,94
MLR ,2018-12-19 14:43:40,94
MLR ,2018-12-19 15:43:39,94
MLR ,2018-12-19 16:43:39,94
MLR ,2018-12-19 17:43:37,94
MLR ,2018-12-19 18:43:40,94
MLR ,2018-12-19 19:43:39,94
MLR ,2018-12-19 20:43:39,94
MLR ,2018-12-19 21:43:44,94
MLR ,2018-12-19 22:43:44,94
MLR ,2018-12-19 23:43:44,94
MLR ,2018-12-20 00:43:43,94
MLR ,2018-12-20 01:43:42,94
MLR ,2018-12-20 02:43:41,94
MLR ,2018-12-20 03:43:42,94
MLR ,2018-12-20 04:43:42,94
MLR ,2018-12-20 05:43:39,94
MLR ,2018-12-20 06:43:40,94
MLR ,2018-12-20 07:43:42,94
MLR ,2018-12-20 08:43:41,94
MLR ,2018-12-20 09:43:38,94
MLR ,2018-12-20 10:43:40,94
MLR ,2018-12-20 11:43:38,94
MLR ,2018-12-20 12:43:38,94
MLR ,2018-12-20 13:43:39,94
MLR ,2018-12-20 14:43:42,94
MLR ,2018-12-20 15:43:40,94
MLR ,2018-12-20 16:43:45,94
MLR ,2018-12-20 17:43:41,93
MLR ,2018-12-20 18:43:39,93
MLR ,2018-12-20 19:43:39,93
MLR ,2018-12-20 20:43:42,93
MLR ,2018-12-20 21:43:41,93
MLR ,2018-12-20 22:43:41,93
MLR ,2018-12-20 23:43:42,93
MLR ,2018-12-21 00:43:40,93
MLR ,2018-12-21 01:43:40,93
MLR ,2018-12-21 02:43:41,93
MLR ,2018-12-21 03:43:40,93
MLR ,2018-12-21 04:43:42,93
MLR ,2018-12-21 05:43:38,93
MLR ,2018-12-21 06:43:41,93
MLR ,2018-12-21 07:43:38,93
MLR ,2018-12-21 08:43:38,93
MLR ,2018-12-21 09:43:38,93
MLR ,2018-12-21 10:43:38,93
MLR ,2018-12-21 11:43:39,93
MLR ,2018-12-21 12:43:39,93
MLR ,2018-12-21 13:43:39,93
MLR ,2018-12-21 14:43:42,93
MLR ,2018-12-21 15:43:41,93
MLR ,2018-12-21 16:43:41,93
MLR ,2018-12-21 17:43:41,94
MLR ,2018-12-21 18:43:44,94
MLR ,2018-12-21 19:43:39,94
MLR ,2018-12-21 20:43:44,94
MLR ,2018-12-21 21:43:42,94
MLR ,2018-12-21 22:43:42,94
MLR ,2018-12-21 23:43:41,94
MLR ,2018-12-22 00:43:43,94
MLR ,2018-12-22 01:43:42,94
MLR ,2018-12-22 02:43:44,94
MLR ,2018-12-22 03:43:38,94
MLR ,2018-12-22 04:43:43,94
MLR ,2018-12-22 05:43:38,94
MLR ,2018-12-22 06:43:42,94
MLR ,2018-12-22 07:43:42,94
MLR ,2018-12-22 08:43:38,94
MLR ,2018-12-22 09:43:38,94
MLR ,2018-12-22 10:43:39,94
MLR ,2018-12-22 11:43:38,94
MLR ,2018-12-22 12:43:38,94
MLR ,2018-12-22 13:43:38,94
MLR ,2018-12-22 14:43:39,94
MLR ,2018-12-22 15:43:39,94
MLR ,2018-12-22 16:43:38,94
MLR ,2018-12-22 17:43:39,94
MLR ,2018-12-22 18:43:38,94
MLR ,2018-12-22 19:43:42,94
MLR ,2018-12-22 20:43:40,94
MLR ,2018-12-22 21:43:40,94
MLR ,2018-12-22 22:43:41,94
MLR ,2018-12-22 23:43:39,94
MLR ,2018-12-23 00:43:39,94
MLR ,2018-12-23 01:43:40,94
MLR ,2018-12-23 02:43:38,94
MLR ,2018-12-23 03:43:42,94
MLR ,2018-12-23 04:43:40,94
MLR ,2018-12-23 05:43:39,94
MLR ,2018-12-23 06:43:42,94
MLR ,2018-12-23 07:43:39,94
MLR ,2018-12-23 08:43:41,94
MLR ,2018-12-23 09:43:39,94
MLR ,2018-12-23 10:43:43,94
MLR ,2018-12-23 11:43:41,94
MLR ,2018-12-23 12:43:38,94
MLR ,2018-12-23 13:43:41,94
MLR ,2018-12-23 14:43:41,94
MLR ,2018-12-23 15:43:42,94
MLR ,2018-12-23 16:43:42,94
MLR ,2018-12-23 17:43:43,94
MLR ,2018-12-23 18:43:41,94
MLR ,2018-12-23 19:43:41,94
MLR ,2018-12-23 20:43:42,94
MLR ,2018-12-23 21:43:42,94
MLR ,2018-12-23 22:43:40,94
MLR ,2018-12-23 23:43:38,94
MLR ,2018-12-24 00:43:40,94
MLR ,2018-12-24 01:43:43,94
MLR ,2018-12-24 02:43:44,94
MLR ,2018-12-24 03:43:43,94
MLR ,2018-12-24 04:43:38,94
MLR ,2018-12-24 05:43:39,94
MLR ,2018-12-24 06:43:40,94
MLR ,2018-12-24 07:43:43,94
MLR ,2018-12-24 08:43:39,94
MLR ,2018-12-24 09:43:43,94
MLR ,2018-12-24 10:43:39,94
MLR ,2018-12-24 11:43:41,94
MLR ,2018-12-24 12:43:39,94
MLR ,2018-12-24 13:43:42,94
MLR ,2018-12-24 15:07:19,94
MLR ,2018-12-24 15:43:45,94
MLR ,2018-12-24 16:43:42,94
MLR ,2018-12-24 17:43:43,94
MLR ,2018-12-24 18:43:45,94
MLR ,2018-12-24 19:43:44,94
MLR ,2018-12-24 20:43:45,94
MLR ,2018-12-24 21:43:39,94
MLR ,2018-12-24 22:43:40,94
MLR ,2018-12-24 23:43:39,94
MLR ,2018-12-25 00:43:41,94
MLR ,2018-12-25 01:43:39,94
MLR ,2018-12-25 02:43:43,94
MLR ,2018-12-25 03:43:42,94
MLR ,2018-12-25 04:43:41,94
MLR ,2018-12-25 05:43:41,94
MLR ,2018-12-25 06:43:42,94
MLR ,2018-12-25 07:43:41,94
MLR ,2018-12-25 08:43:40,94
MLR ,2018-12-25 09:43:40,94
MLR ,2018-12-25 10:43:39,94
MLR ,2018-12-25 11:43:39,94
MLR ,2018-12-25 12:43:40,94
MLR ,2018-12-25 13:43:40,94
MLR ,2018-12-25 14:43:40,94
MLR ,2018-12-25 15:43:40,94
MLR ,2018-12-25 16:43:39,94
MLR ,2018-12-25 17:43:42,94
MLR ,2018-12-25 18:43:40,94
MLR ,2018-12-25 19:43:40,94
MLR ,2018-12-25 20:43:40,94
MLR ,2018-12-25 21:43:40,94
MLR ,2018-12-25 22:43:40,94
MLR ,2018-12-25 23:43:40,94
MLR ,2018-12-26 00:43:41,94
MLR ,2018-12-26 01:43:40,94
MLR ,2018-12-26 02:43:41,94
MLR ,2018-12-26 03:43:40,94
MLR ,2018-12-26 04:43:39,94
MLR ,2018-12-26 05:43:39,94
MLR ,2018-12-26 06:43:44,94
MLR ,2018-12-26 07:43:42,94
MLR ,2018-12-26 08:43:43,94
MLR ,2018-12-26 09:43:39,94
MLR ,2018-12-26 10:43:41,94
MLR ,2018-12-26 11:43:39,94
MLR ,2018-12-26 12:43:40,94
MLR ,2018-12-26 13:43:45,94
MLR ,2018-12-26 15:08:49,94
MLR ,2018-12-26 15:43:42,94
MLR ,2018-12-26 16:43:42,94
MLR ,2018-12-26 17:43:43,94
MLR ,2018-12-26 18:43:40,94
MLR ,2018-12-26 19:43:42,94
MLR ,2018-12-26 20:43:43,94
MLR ,2018-12-26 21:43:43,93
MLR ,2018-12-26 22:43:44,93
MLR ,2018-12-26 23:43:43,93
MLR ,2018-12-27 00:43:44,93
MLR ,2018-12-27 01:43:44,93
MLR ,2018-12-27 02:43:43,93
MLR ,2018-12-27 03:43:44,93
MLR ,2018-12-27 04:43:40,93
MLR ,2018-12-27 05:43:42,93
MLR ,2018-12-27 06:43:41,93
MLR ,2018-12-27 07:43:42,93
MLR ,2018-12-27 08:43:40,93
MLR ,2018-12-27 09:43:41,93
MLR ,2018-12-27 10:43:42,93
MLR ,2018-12-27 11:43:40,93
MLR ,2018-12-27 12:43:40,93
MLR ,2018-12-27 13:43:39,93
MLR ,2018-12-27 14:43:41,93
MLR ,2018-12-27 15:43:39,93
MLR ,2018-12-27 16:43:40,93
MLR ,2018-12-27 17:43:44,93
MLR ,2018-12-27 18:43:45,93
MLR ,2018-12-27 19:43:44,93
MLR ,2018-12-27 20:43:41,93
MLR ,2018-12-27 21:43:43,93
MLR ,2018-12-27 22:43:48,93
MLR ,2018-12-27 23:43:49,93
MLR ,2018-12-28 00:43:48,93
MLR ,2018-12-28 01:43:45,93
MLR ,2018-12-28 02:43:45,93
MLR ,2018-12-28 03:43:41,93
MLR ,2018-12-28 04:43:43,93
MLR ,2018-12-28 05:43:41,93
MLR ,2018-12-28 06:43:48,93
MLR ,2018-12-28 07:43:47,93
MLR ,2018-12-28 08:43:44,93
MLR ,2018-12-28 09:43:44,93
MLR ,2018-12-28 10:43:40,93
MLR ,2018-12-28 11:43:42,93
MLR ,2018-12-28 12:43:40,93
MLR ,2018-12-28 13:43:40,93
MLR ,2018-12-28 14:43:42,93
MLR ,2018-12-28 16:09:16,93
MLR ,2018-12-28 16:43:42,93
MLR ,2018-12-28 17:43:45,93
MLR ,2018-12-28 18:43:44,93
MLR ,2018-12-28 19:43:41,93
MLR ,2018-12-28 20:43:44,93
MLR ,2018-12-28 21:43:44,93
MLR ,2018-12-28 22:43:40,93
MLR ,2018-12-28 23:43:42,93
MLR ,2018-12-29 00:43:41,93
MLR ,2018-12-29 01:43:40,93
MLR ,2018-12-29 02:43:41,93
MLR ,2018-12-29 03:43:40,93
MLR ,2018-12-29 04:43:40,93
MLR ,2018-12-29 05:43:41,93
MLR ,2018-12-29 06:43:39,93
MLR ,2018-12-29 07:43:46,93
MLR ,2018-12-29 08:43:45,93
MLR ,2018-12-29 09:43:42,93
MLR ,2018-12-29 10:43:41,93
MLR ,2018-12-29 11:43:41,93
MLR ,2018-12-29 12:43:40,93
MLR ,2018-12-29 13:43:41,93
MLR ,2018-12-29 14:43:39,93
MLR ,2018-12-29 15:43:39,93
MLR ,2018-12-29 16:43:42,93
MLR ,2018-12-29 17:43:40,93
MLR ,2018-12-29 18:43:44,93
MLR ,2018-12-29 19:43:45,93
MLR ,2018-12-29 20:43:40,93
MLR ,2018-12-29 21:43:45,93
MLR ,2018-12-29 22:43:41,93
MLR ,2018-12-29 23:43:46,93
MLR ,2018-12-30 00:43:40,93
MLR ,2018-12-30 01:43:42,93
MLR ,2018-12-30 02:43:39,93
MLR ,2018-12-30 03:43:41,93
MLR ,2018-12-30 04:43:40,93
MLR ,2018-12-30 05:43:40,93
MLR ,2018-12-30 06:43:39,93
MLR ,2018-12-30 07:43:39,93
MLR ,2018-12-30 08:43:39,93
MLR ,2018-12-30 09:43:39,93
MLR ,2018-12-30 10:43:39,93
MLR ,2018-12-30 11:43:40,93
MLR ,2018-12-30 12:43:40,93
MLR ,2018-12-30 13:43:40,93
MLR ,2018-12-30 14:43:39,93
MLR ,2018-12-30 15:43:39,93
MLR ,2018-12-30 16:43:39,93
MLR ,2018-12-30 17:43:40,93
MLR ,2018-12-30 18:43:39,93
MLR ,2018-12-30 19:43:40,93
MLR ,2018-12-30 20:43:39,93
MLR ,2018-12-30 21:43:41,93
MLR ,2018-12-30 22:43:42,93
MLR ,2018-12-30 23:43:41,93
MLR ,2018-12-31 00:43:41,93
MLR ,2018-12-31 01:43:39,93
MLR ,2018-12-31 02:43:39,93
MLR ,2018-12-31 03:43:43,93
MLR ,2018-12-31 04:43:41,93
MLR ,2018-12-31 05:43:43,93
MLR ,2018-12-31 06:43:40,93
MLR ,2018-12-31 07:43:40,93
MLR ,2018-12-31 08:43:40,93
MLR ,2018-12-31 09:43:42,93
MLR ,2018-12-31 10:43:42,93
MLR ,2018-12-31 11:43:40,93
MLR ,2018-12-31 12:43:39,93
MLR ,2018-12-31 13:43:39,93
MLR ,2018-12-31 14:43:44,93
MLR ,2018-12-31 15:43:40,94
MLR ,2018-12-31 16:43:40,94
MLR ,2018-12-31 17:43:42,95
MLR ,2018-12-31 18:43:41,95
MLR ,2018-12-31 19:43:42,95
MLR ,2018-12-31 20:43:42,95
MLR ,2018-12-31 21:43:42,95
MLR ,2018-12-31 22:43:41,95
MLR ,2018-12-31 23:43:39,95
MLR ,2019-01-01 00:43:40,95
MLR ,2019-01-01 01:43:42,95
MLR ,2019-01-01 02:43:41,95
MLR ,2019-01-01 03:43:39,95
MLR ,2019-01-01 04:43:40,95
MLR ,2019-01-01 05:43:39,95
MLR ,2019-01-01 06:43:40,95
MLR ,2019-01-01 07:43:39,95
MLR ,2019-01-01 08:43:40,95
MLR ,2019-01-01 09:43:38,95
MLR ,2019-01-01 10:43:39,95
MLR ,2019-01-01 11:43:39,95
MLR ,2019-01-01 12:43:39,95
MLR ,2019-01-01 13:43:39,95
MLR ,2019-01-01 14:43:40,95
MLR ,2019-01-01 15:43:40,95
MLR ,2019-01-01 16:43:39,95
MLR ,2019-01-01 17:43:40,95
MLR ,2019-01-01 18:43:38,95
MLR ,2019-01-01 19:43:40,95
MLR ,2019-01-01 20:43:39,95
MLR ,2019-01-01 21:43:40,95
MLR ,2019-01-01 22:43:43,95
MLR ,2019-01-01 23:43:39,95
MLR ,2019-01-02 00:43:40,95
MLR ,2019-01-02 01:43:39,95
MLR ,2019-01-02 02:43:41,95
MLR ,2019-01-02 03:43:40,95
MLR ,2019-01-02 04:43:40,95
MLR ,2019-01-02 05:43:42,95
MLR ,2019-01-02 06:43:40,95
MLR ,2019-01-02 07:43:41,95
MLR ,2019-01-02 08:43:40,95
MLR ,2019-01-02 09:43:40,95
MLR ,2019-01-02 10:43:42,95
MLR ,2019-01-02 11:43:39,95
MLR ,2019-01-02 12:43:38,95
MLR ,2019-01-02 13:43:39,95
MLR ,2019-01-02 15:08:47,95
MLR ,2019-01-02 15:43:42,95
MLR ,2019-01-02 16:43:38,95
MLR ,2019-01-02 17:43:39,95
MLR ,2019-01-02 18:43:43,95
MLR ,2019-01-02 19:43:43,95
MLR ,2019-01-02 20:43:43,95
MLR ,2019-01-02 21:43:40,95
MLR ,2019-01-02 22:43:41,95
MLR ,2019-01-02 23:43:45,95
MLR ,2019-01-03 00:43:43,95
MLR ,2019-01-03 01:43:40,95
MLR ,2019-01-03 02:43:41,95
MLR ,2019-01-03 03:43:41,95
MLR ,2019-01-03 05:43:43,95
MLR ,2019-01-03 06:43:41,95
MLR ,2019-01-03 07:43:42,95
MLR ,2019-01-03 08:43:41,95
MLR ,2019-01-03 09:43:41,95
MLR ,2019-01-03 10:43:41,95
MLR ,2019-01-03 11:43:40,95
MLR ,2019-01-03 12:43:41,95
MLR ,2019-01-03 13:43:39,95
MLR ,2019-01-03 14:43:45,95
MLR ,2019-01-03 15:43:45,95
MLR ,2019-01-03 16:43:45,95
MLR ,2019-01-03 17:43:46,95
MLR ,2019-01-03 18:43:43,95
MLR ,2019-01-03 19:43:44,95
MLR ,2019-01-03 20:43:41,95
MLR ,2019-01-03 21:43:43,95
MLR ,2019-01-03 22:43:46,95
MLR ,2019-01-03 23:43:41,95
MLR ,2019-01-04 00:43:43,95
MLR ,2019-01-04 01:43:42,95
MLR ,2019-01-04 02:43:46,95
MLR ,2019-01-04 03:43:42,95
MLR ,2019-01-04 04:43:41,95
MLR ,2019-01-04 05:43:43,95
MLR ,2019-01-04 06:43:44,95
MLR ,2019-01-04 07:43:41,95
MLR ,2019-01-04 08:43:42,95
MLR ,2019-01-04 09:43:43,95
MLR ,2019-01-04 10:43:41,95
MLR ,2019-01-04 11:43:41,95
MLR ,2019-01-04 12:43:41,95
MLR ,2019-01-04 13:43:41,95
MLR ,2019-01-04 15:08:24,95
MLR ,2019-01-04 15:43:44,95
MLR ,2019-01-04 16:43:43,95
MLR ,2019-01-04 17:43:42,95
MLR ,2019-01-04 18:43:44,95
MLR ,2019-01-04 19:43:44,95
MLR ,2019-01-04 20:43:43,95
MLR ,2019-01-04 21:43:43,95
MLR ,2019-01-04 22:43:40,95
MLR ,2019-01-04 23:43:43,95
MLR ,2019-01-05 00:43:45,95
MLR ,2019-01-05 01:43:42,95
MLR ,2019-01-05 02:43:43,95
MLR ,2019-01-05 03:43:41,95
MLR ,2019-01-05 04:43:41,95
MLR ,2019-01-05 05:43:41,95
MLR ,2019-01-05 06:43:40,95
MLR ,2019-01-05 07:43:40,95
MLR ,2019-01-05 08:43:43,95
MLR ,2019-01-05 09:43:43,95
MLR ,2019-01-05 10:43:41,95
MLR ,2019-01-05 11:43:40,95
MLR ,2019-01-05 12:43:40,95
MLR ,2019-01-05 13:43:41,95
MLR ,2019-01-05 14:43:40,95
MLR ,2019-01-05 15:43:40,95
MLR ,2019-01-05 16:43:40,95
MLR ,2019-01-05 17:43:41,95
MLR ,2019-01-05 18:43:41,95
MLR ,2019-01-05 19:43:45,95
MLR ,2019-01-05 20:43:41,95
MLR ,2019-01-05 21:43:43,95
MLR ,2019-01-05 22:43:41,95
MLR ,2019-01-05 23:43:40,95
MLR ,2019-01-06 00:43:41,95
MLR ,2019-01-06 01:43:40,95
MLR ,2019-01-06 02:43:40,95
MLR ,2019-01-06 03:43:41,95
MLR ,2019-01-06 04:43:41,95
MLR ,2019-01-06 05:43:41,95
MLR ,2019-01-06 06:43:39,95
MLR ,2019-01-06 07:43:42,95
MLR ,2019-01-06 08:43:39,95
MLR ,2019-01-06 09:43:39,95
MLR ,2019-01-06 10:43:40,95
MLR ,2019-01-06 11:43:40,95
MLR ,2019-01-06 12:43:41,95
MLR ,2019-01-06 13:43:40,95
MLR ,2019-01-06 14:43:40,95
MLR ,2019-01-06 15:43:41,95
MLR ,2019-01-06 16:43:40,95
MLR ,2019-01-06 17:43:41,95
MLR ,2019-01-06 18:43:40,95
MLR ,2019-01-06 19:43:40,95
MLR ,2019-01-06 20:43:39,95
MLR ,2019-01-06 21:43:40,95
MLR ,2019-01-06 22:43:40,95
MLR ,2019-01-06 23:43:41,95
MLR ,2019-01-07 00:43:40,95
MLR ,2019-01-07 01:43:40,95
MLR ,2019-01-07 02:43:42,95
MLR ,2019-01-07 03:43:42,95
MLR ,2019-01-07 04:43:41,95
MLR ,2019-01-07 05:43:40,95
MLR ,2019-01-07 06:43:41,95
MLR ,2019-01-07 07:43:40,95
MLR ,2019-01-07 08:43:40,95
MLR ,2019-01-07 09:43:41,95
MLR ,2019-01-07 10:43:44,95
MLR ,2019-01-07 11:43:41,95
MLR ,2019-01-07 12:43:42,95
MLR ,2019-01-07 14:09:13,95
MLR ,2019-01-07 14:43:43,95
MLR ,2019-01-07 15:43:44,95
MLR ,2019-01-07 16:43:45,95
MLR ,2019-01-07 17:43:45,96
MLR ,2019-01-07 18:43:43,96
MLR ,2019-01-07 19:43:40,96
MLR ,2019-01-07 20:43:45,96
MLR ,2019-01-07 21:43:43,96
MLR ,2019-01-07 22:43:41,96
MLR ,2019-01-07 23:43:45,96
MLR ,2019-01-08 00:43:40,96
MLR ,2019-01-08 01:43:42,96
MLR ,2019-01-08 02:43:44,96
MLR ,2019-01-08 03:43:43,96
MLR ,2019-01-08 04:43:41,96
MLR ,2019-01-08 05:43:42,96
MLR ,2019-01-08 06:43:41,96
MLR ,2019-01-08 07:43:41,96
MLR ,2019-01-08 08:43:41,96
MLR ,2019-01-08 09:43:40,96
MLR ,2019-01-08 10:43:42,96
MLR ,2019-01-08 11:43:43,96
MLR ,2019-01-08 12:43:42,96
MLR ,2019-01-08 13:43:43,96
MLR ,2019-01-08 14:43:46,96
MLR ,2019-01-08 15:43:44,97
MLR ,2019-01-08 16:43:42,97
MLR ,2019-01-08 17:43:42,97
MLR ,2019-01-08 18:43:42,97
MLR ,2019-01-08 19:43:42,97
MLR ,2019-01-08 20:43:40,98
MLR ,2019-01-08 21:43:42,98
MLR ,2019-01-08 22:43:40,98
MLR ,2019-01-08 23:43:43,98
MLR ,2019-01-09 00:43:43,98
MLR ,2019-01-09 01:43:41,98
MLR ,2019-01-09 02:44:33,98
MLR ,2019-01-09 04:43:44,98
MLR ,2019-01-09 05:43:44,98
MLR ,2019-01-09 06:43:42,98
MLR ,2019-01-09 07:43:47,98
MLR ,2019-01-09 08:43:46,98
MLR ,2019-01-09 09:43:42,98
MLR ,2019-01-09 10:43:42,98
MLR ,2019-01-09 11:43:41,98
MLR ,2019-01-09 12:43:40,98
MLR ,2019-01-09 14:09:14,98
MLR ,2019-01-09 14:43:45,98
MLR ,2019-01-09 15:43:43,98
MLR ,2019-01-09 16:43:45,98
MLR ,2019-01-09 17:43:42,98
MLR ,2019-01-09 18:43:43,98
MLR ,2019-01-09 19:43:43,98
MLR ,2019-01-09 20:43:47,98
MLR ,2019-01-09 21:43:43,98
MLR ,2019-01-09 22:43:43,98
MLR ,2019-01-09 23:43:41,98
MLR ,2019-01-10 00:43:40,98
MLR ,2019-01-10 01:43:40,98
MLR ,2019-01-10 02:43:41,98
MLR ,2019-01-10 03:43:40,98
MLR ,2019-01-10 04:43:40,98
MLR ,2019-01-10 05:43:41,98
MLR ,2019-01-10 06:43:39,98
MLR ,2019-01-10 07:43:41,98
MLR ,2019-01-10 08:43:41,98
MLR ,2019-01-10 09:43:40,98
MLR ,2019-01-10 10:43:40,98
MLR ,2019-01-10 11:43:39,98
MLR ,2019-01-10 12:43:40,98
MLR ,2019-01-10 13:43:41,98
MLR ,2019-01-10 15:08:18,98
MLR ,2019-01-10 15:43:44,98
MLR ,2019-01-10 16:43:43,98
MLR ,2019-01-10 17:43:43,98
MLR ,2019-01-10 18:43:41,98
MLR ,2019-01-10 19:43:40,98
MLR ,2019-01-10 20:43:44,98
MLR ,2019-01-10 21:43:43,98
MLR ,2019-01-10 22:43:41,98
MLR ,2019-01-10 23:43:42,98
MLR ,2019-01-11 00:43:42,98
MLR ,2019-01-11 01:43:41,98
MLR ,2019-01-11 02:43:42,98
MLR ,2019-01-11 03:43:41,98
MLR ,2019-01-11 04:43:42,98
MLR ,2019-01-11 05:43:42,98
MLR ,2019-01-11 06:43:40,98
MLR ,2019-01-11 07:43:45,98
MLR ,2019-01-11 08:43:41,98
MLR ,2019-01-11 09:43:42,98
MLR ,2019-01-11 10:43:40,98
MLR ,2019-01-11 11:43:41,98
MLR ,2019-01-11 12:43:41,98
MLR ,2019-01-11 13:43:41,98
MLR ,2019-01-11 14:43:45,98
MLR ,2019-01-11 15:43:45,99
MLR ,2019-01-11 16:43:40,99
MLR ,2019-01-11 17:43:42,98
MLR ,2019-01-11 18:43:41,98
MLR ,2019-01-11 19:43:45,98
MLR ,2019-01-11 20:43:43,98
MLR ,2019-01-11 21:43:40,98
MLR ,2019-01-11 22:43:42,98
MLR ,2019-01-11 23:43:40,98
MLR ,2019-01-12 00:43:40,98
MLR ,2019-01-12 01:43:43,98
MLR ,2019-01-12 02:43:40,98
MLR ,2019-01-12 03:43:42,98
MLR ,2019-01-12 04:43:39,98
MLR ,2019-01-12 05:43:39,98
MLR ,2019-01-12 06:43:41,98
MLR ,2019-01-12 07:43:39,98
MLR ,2019-01-12 08:43:40,98
MLR ,2019-01-12 09:43:40,98
MLR ,2019-01-12 10:43:40,98
MLR ,2019-01-12 11:43:40,98
MLR ,2019-01-12 12:43:39,98
MLR ,2019-01-12 13:43:39,98
MLR ,2019-01-12 14:43:40,98
MLR ,2019-01-12 15:43:39,98
MLR ,2019-01-12 16:43:42,98
MLR ,2019-01-12 17:43:41,98
MLR ,2019-01-12 18:43:39,98
MLR ,2019-01-12 19:43:42,98
MLR ,2019-01-12 20:43:41,98
MLR ,2019-01-12 21:43:40,98
MLR ,2019-01-12 22:43:40,98
MLR ,2019-01-12 23:43:45,98
MLR ,2019-01-13 00:43:40,98
MLR ,2019-01-13 01:43:40,98
MLR ,2019-01-13 02:43:40,98
MLR ,2019-01-13 03:43:40,98
MLR ,2019-01-13 04:43:42,98
MLR ,2019-01-13 05:43:41,98
MLR ,2019-01-13 06:43:40,98
MLR ,2019-01-13 07:43:40,98
MLR ,2019-01-13 08:43:39,98
MLR ,2019-01-13 09:43:42,98
MLR ,2019-01-13 10:43:46,98
MLR ,2019-01-13 11:43:44,98
MLR ,2019-01-13 12:43:39,98
MLR ,2019-01-13 13:43:40,98
MLR ,2019-01-13 14:43:39,98
MLR ,2019-01-13 15:43:41,98
MLR ,2019-01-13 16:43:40,98
MLR ,2019-01-13 17:43:40,98
MLR ,2019-01-13 18:43:40,98
MLR ,2019-01-13 19:43:40,98
MLR ,2019-01-13 20:43:42,98
MLR ,2019-01-13 21:43:40,98
MLR ,2019-01-13 22:43:41,98
MLR ,2019-01-13 23:43:40,98
MLR ,2019-01-14 00:43:40,98
MLR ,2019-01-14 01:43:40,98
MLR ,2019-01-14 02:43:40,98
MLR ,2019-01-14 03:43:40,98
MLR ,2019-01-14 04:43:40,98
MLR ,2019-01-14 05:43:41,98
MLR ,2019-01-14 06:43:40,98
MLR ,2019-01-14 07:43:39,98
MLR ,2019-01-14 08:43:40,98
MLR ,2019-01-14 09:43:40,98
MLR ,2019-01-14 10:43:41,98
MLR ,2019-01-14 11:43:40,98
MLR ,2019-01-14 12:43:40,98
MLR ,2019-01-14 13:43:41,98
MLR ,2019-01-14 14:43:42,98
MLR ,2019-01-14 15:43:43,98
MLR ,2019-01-14 16:43:42,99
MLR ,2019-01-14 17:43:40,99
MLR ,2019-01-14 18:43:41,99
MLR ,2019-01-14 19:43:43,99
MLR ,2019-01-14 20:43:40,99
MLR ,2019-01-14 21:43:41,99
MLR ,2019-01-14 22:43:40,99
MLR ,2019-01-14 23:43:40,99
MLR ,2019-01-15 00:43:40,99
MLR ,2019-01-15 01:43:39,99
MLR ,2019-01-15 02:43:40,99
MLR ,2019-01-15 03:43:40,99
MLR ,2019-01-15 04:43:44,99
MLR ,2019-01-15 05:43:40,99
MLR ,2019-01-15 06:43:39,99
MLR ,2019-01-15 07:43:40,99
MLR ,2019-01-15 08:43:39,99
MLR ,2019-01-15 09:43:39,99
MLR ,2019-01-15 10:43:39,99
MLR ,2019-01-15 11:43:39,99
MLR ,2019-01-15 12:43:40,99
MLR ,2019-01-15 13:43:39,99
MLR ,2019-01-15 14:43:45,99
MLR ,2019-01-15 15:43:41,99
MLR ,2019-01-15 16:43:42,99
MLR ,2019-01-15 17:43:40,99
MLR ,2019-01-15 18:43:41,99
MLR ,2019-01-15 19:43:40,100
MLR ,2019-01-15 20:43:41,100
MLR ,2019-01-15 21:43:41,100
MLR ,2019-01-15 22:43:41,100
MLR ,2019-01-15 23:43:43,100
MLR ,2019-01-16 00:43:40,100
MLR ,2019-01-16 01:43:47,100
MLR ,2019-01-16 02:43:41,100
MLR ,2019-01-16 03:43:39,100
MLR ,2019-01-16 04:43:40,100
MLR ,2019-01-16 05:43:39,100
MLR ,2019-01-16 06:43:39,100
MLR ,2019-01-16 07:43:39,100
MLR ,2019-01-16 08:43:38,100
MLR ,2019-01-16 09:43:39,100
MLR ,2019-01-16 10:43:39,100
MLR ,2019-01-16 11:43:38,100
MLR ,2019-01-16 12:43:39,100
MLR ,2019-01-16 14:10:14,100
MLR ,2019-01-16 15:09:15,98
MLR ,2019-01-16 15:43:42,98
MLR ,2019-01-16 16:43:41,97
MLR ,2019-01-16 17:43:41,97
MLR ,2019-01-16 18:43:45,97
MLR ,2019-01-16 19:43:42,97
MLR ,2019-01-16 20:43:41,97
MLR ,2019-01-16 21:43:42,97
MLR ,2019-01-16 22:43:40,97
MLR ,2019-01-16 23:43:39,97
MLR ,2019-01-17 00:43:40,97
MLR ,2019-01-17 01:43:41,97
MLR ,2019-01-17 02:43:43,97
MLR ,2019-01-17 03:43:41,97
MLR ,2019-01-17 04:43:42,97
MLR ,2019-01-17 05:43:40,97
MLR ,2019-01-17 06:43:41,97
MLR ,2019-01-17 07:43:40,97
MLR ,2019-01-17 08:43:40,97
MLR ,2019-01-17 09:43:41,97
MLR ,2019-01-17 10:43:41,97
MLR ,2019-01-17 11:43:41,97
MLR ,2019-01-17 12:43:40,97
MLR ,2019-01-17 13:43:39,97
MLR ,2019-01-17 15:09:47,98
MLR ,2019-01-17 15:43:43,98
MLR ,2019-01-17 16:43:40,98
MLR ,2019-01-17 17:43:40,98
MLR ,2019-01-17 18:43:41,99
MLR ,2019-01-17 19:43:43,99
MLR ,2019-01-17 20:43:42,99
MLR ,2019-01-17 21:43:40,99
MLR ,2019-01-17 22:43:41,99
MLR ,2019-01-17 23:43:40,99
MLR ,2019-01-18 00:43:40,99
MLR ,2019-01-18 01:43:41,99
MLR ,2019-01-18 02:43:40,99
MLR ,2019-01-18 03:43:43,99
MLR ,2019-01-18 04:43:41,99
MLR ,2019-01-18 05:43:41,99
MLR ,2019-01-18 06:43:40,99
MLR ,2019-01-18 07:43:41,99
MLR ,2019-01-18 08:43:40,99
MLR ,2019-01-18 09:43:41,99
MLR ,2019-01-18 10:43:40,99
MLR ,2019-01-18 11:43:40,99
MLR ,2019-01-18 12:43:41,99
MLR ,2019-01-18 13:43:40,99
MLR ,2019-01-18 14:43:44,99
MLR ,2019-01-18 15:43:43,99
MLR ,2019-01-18 16:43:43,99
MLR ,2019-01-18 17:43:43,99
MLR ,2019-01-18 18:43:42,99
MLR ,2019-01-18 19:43:40,99
MLR ,2019-01-18 20:43:43,99
MLR ,2019-01-18 21:43:41,99
MLR ,2019-01-18 22:43:40,99
MLR ,2019-01-18 23:43:41,99
MLR ,2019-01-19 00:43:40,99
MLR ,2019-01-19 01:43:41,99
MLR ,2019-01-19 02:43:41,99
MLR ,2019-01-19 03:43:40,99
MLR ,2019-01-19 04:43:41,99
MLR ,2019-01-19 05:43:40,99
MLR ,2019-01-19 06:43:40,99
MLR ,2019-01-19 07:43:40,99
MLR ,2019-01-19 08:43:40,99
MLR ,2019-01-19 09:43:41,99
MLR ,2019-01-19 10:43:41,99
MLR ,2019-01-19 11:43:40,99
MLR ,2019-01-19 12:43:39,99
MLR ,2019-01-19 13:43:41,99
MLR ,2019-01-19 14:43:40,99
MLR ,2019-01-19 15:43:42,99
MLR ,2019-01-19 16:43:40,99
MLR ,2019-01-19 17:43:40,99
MLR ,2019-01-19 18:43:39,99
MLR ,2019-01-19 19:43:40,99
MLR ,2019-01-19 20:43:40,99
MLR ,2019-01-19 21:43:40,99
MLR ,2019-01-19 22:43:40,99
MLR ,2019-01-19 23:43:41,99
MLR ,2019-01-20 00:43:41,99
MLR ,2019-01-20 01:43:40,99
MLR ,2019-01-20 02:43:41,99
MLR ,2019-01-20 03:43:40,99
MLR ,2019-01-20 04:43:43,99
MLR ,2019-01-20 05:43:40,99
MLR ,2019-01-20 06:43:41,99
MLR ,2019-01-20 07:43:40,99
MLR ,2019-01-20 08:43:40,99
MLR ,2019-01-20 09:43:40,99
MLR ,2019-01-20 10:43:39,99
MLR ,2019-01-20 11:43:40,99
MLR ,2019-01-20 12:43:40,99
MLR ,2019-01-20 13:43:40,99
MLR ,2019-01-20 14:43:40,99
MLR ,2019-01-20 15:43:41,99
MLR ,2019-01-20 16:43:41,99
MLR ,2019-01-20 17:43:41,99
MLR ,2019-01-20 18:43:40,99
MLR ,2019-01-20 19:43:40,99
MLR ,2019-01-20 20:43:40,99
MLR ,2019-01-20 21:43:40,99
MLR ,2019-01-20 22:43:40,99
MLR ,2019-01-20 23:43:41,99
MLR ,2019-01-21 00:43:40,99
MLR ,2019-01-21 01:43:41,99
MLR ,2019-01-21 02:43:41,99
MLR ,2019-01-21 03:43:40,99
MLR ,2019-01-21 04:43:41,99
MLR ,2019-01-21 05:43:40,99
MLR ,2019-01-21 06:43:40,99
MLR ,2019-01-21 07:43:40,99
MLR ,2019-01-21 08:43:40,99
MLR ,2019-01-21 09:43:41,99
MLR ,2019-01-21 10:43:41,99
MLR ,2019-01-21 11:43:40,99
MLR ,2019-01-21 12:43:40,99
MLR ,2019-01-21 13:43:39,99
MLR ,2019-01-21 14:43:40,99
MLR ,2019-01-21 15:43:39,99
MLR ,2019-01-21 16:43:40,99
MLR ,2019-01-21 17:43:40,99
MLR ,2019-01-21 18:43:40,99
MLR ,2019-01-21 19:43:39,99
MLR ,2019-01-21 20:43:40,99
MLR ,2019-01-21 21:43:39,99
MLR ,2019-01-21 22:43:41,99
MLR ,2019-01-21 23:43:40,99
MLR ,2019-01-22 00:43:40,99
MLR ,2019-01-22 01:43:39,99
MLR ,2019-01-22 02:43:40,99
MLR ,2019-01-22 03:43:40,99
MLR ,2019-01-22 04:43:42,99
MLR ,2019-01-22 05:43:42,99
MLR ,2019-01-22 06:43:39,99
MLR ,2019-01-22 07:43:40,99
MLR ,2019-01-22 08:43:40,99
MLR ,2019-01-22 09:43:39,99
MLR ,2019-01-22 10:43:40,99
MLR ,2019-01-22 11:43:39,99
MLR ,2019-01-22 12:43:39,99
MLR ,2019-01-22 13:43:40,99
MLR ,2019-01-22 14:43:40,99
MLR ,2019-01-22 15:43:40,102
MLR ,2019-01-22 16:43:40,104
MLR ,2019-01-22 17:43:40,104
MLR ,2019-01-22 18:43:40,104
MLR ,2019-01-22 19:43:42,105
MLR ,2019-01-22 20:43:41,105
MLR ,2019-01-22 21:43:42,105
MLR ,2019-01-22 22:43:39,105
MLR ,2019-01-22 23:43:40,105
MLR ,2019-01-23 00:43:40,105
MLR ,2019-01-23 01:43:40,105
MLR ,2019-01-23 02:43:40,105
MLR ,2019-01-23 03:43:41,105
MLR ,2019-01-23 04:43:41,105
MLR ,2019-01-23 05:43:40,105
MLR ,2019-01-23 06:43:42,105
MLR ,2019-01-23 07:43:41,105
MLR ,2019-01-23 08:43:42,105
MLR ,2019-01-23 09:43:43,105
MLR ,2019-01-23 10:43:41,105
MLR ,2019-01-23 11:43:39,105
MLR ,2019-01-23 12:43:40,105
MLR ,2019-01-23 13:43:40,105
MLR ,2019-01-23 15:07:43,105
MLR ,2019-01-23 15:43:40,105
MLR ,2019-01-23 16:43:40,104
MLR ,2019-01-23 17:43:40,104
MLR ,2019-01-23 18:43:40,103
MLR ,2019-01-23 19:43:40,102
MLR ,2019-01-23 20:43:39,102
MLR ,2019-01-23 21:43:40,103
MLR ,2019-01-23 22:43:40,103
MLR ,2019-01-23 23:43:40,103
MLR ,2019-01-30 08:15:42,104
MLR ,2019-01-30 08:21:45,104
MLR ,2019-01-30 08:47:28,104
MLR ,2019-01-30 08:47:29,104
MLR ,2019-01-30 09:47:25,104
MLR ,2019-01-30 09:47:29,104
MLR ,2019-01-30 10:47:26,104
MLR ,2019-01-30 10:47:27,104
MLR ,2019-01-30 11:47:23,104
MLR ,2019-01-30 11:47:34,104
MLR ,2019-01-30 12:47:28,104
MLR ,2019-01-30 12:47:32,104
MLR ,2019-01-30 13:47:26,104
MLR ,2019-01-30 13:47:30,104
MLR ,2019-01-30 14:47:26,104
MLR ,2019-01-30 14:47:31,104
MLR ,2019-01-30 15:47:28,104
MLR ,2019-01-30 15:47:32,104
MLR ,2019-01-30 16:47:26,104
MLR ,2019-01-30 16:47:30,104
MLR ,2019-01-30 17:47:28,105
MLR ,2019-01-30 17:47:30,105
MLR ,2019-01-30 18:47:23,105
MLR ,2019-01-30 18:47:31,105
MLR ,2019-01-30 19:47:30,105
MLR ,2019-01-30 19:47:34,105
MLR ,2019-01-30 20:44:48,105
MLR ,2019-01-30 21:47:27,104
MLR ,2019-01-30 21:47:31,104
MLR ,2019-01-30 22:47:27,104
MLR ,2019-01-30 22:47:31,104
MLR ,2019-01-30 23:47:30,104
MLR ,2019-01-30 23:47:34,104
MLR ,2019-01-31 00:47:31,104
MLR ,2019-01-31 00:47:35,104
MLR ,2019-01-31 01:47:26,104
MLR ,2019-01-31 01:47:30,104
MLR ,2019-01-31 02:47:28,104
MLR ,2019-01-31 02:47:32,104
MLR ,2019-01-31 03:47:28,104
MLR ,2019-01-31 03:47:29,104
MLR ,2019-01-31 04:47:26,104
MLR ,2019-01-31 04:47:27,104
MLR ,2019-01-31 05:47:27,104
MLR ,2019-01-31 05:47:32,104
MLR ,2019-01-31 06:47:28,104
MLR ,2019-01-31 06:47:33,104
MLR ,2019-01-31 08:17:11,104
MLR ,2019-01-31 08:43:46,104
MLR ,2019-01-31 10:07:20,104
MLR ,2019-01-31 10:43:47,104
MLR ,2019-01-31 11:43:46,104
MLR ,2019-01-31 12:43:45,104
MLR ,2019-01-31 13:43:47,104
MLR ,2019-01-31 15:43:47,104
MLR ,2019-01-31 16:43:51,104
MLR ,2019-01-31 17:43:49,104
MLR ,2019-01-31 18:43:48,104
MLR ,2019-01-31 19:43:50,105
MLR ,2019-01-31 20:43:49,105
MLR ,2019-01-31 21:43:47,105
MLR ,2019-01-31 22:43:46,105
MLR ,2019-01-31 23:43:46,105
MLR ,2019-02-01 00:43:46,105
MLR ,2019-02-01 01:43:47,105
MLR ,2019-02-01 02:43:50,105
MLR ,2019-02-01 03:43:48,105
MLR ,2019-02-01 04:43:47,105
MLR ,2019-02-01 05:43:47,105
MLR ,2019-02-01 06:43:47,105
MLR ,2019-02-01 07:43:49,105
MLR ,2019-02-01 08:43:47,105
MLR ,2019-02-01 09:43:47,105
MLR ,2019-02-01 10:43:47,105
MLR ,2019-02-01 11:43:47,105
MLR ,2019-02-01 12:43:46,105
MLR ,2019-02-01 13:43:47,105
MLR ,2019-02-01 14:43:48,105
MLR ,2019-02-01 15:43:48,104
MLR ,2019-02-01 16:43:48,103
MLR ,2019-02-01 17:43:47,103
MLR ,2019-02-01 18:43:52,103
MLR ,2019-02-01 19:43:50,102
MLR ,2019-02-01 20:43:47,102
MLR ,2019-02-01 21:43:50,102
MLR ,2019-02-01 22:43:49,102
MLR ,2019-02-02 00:08:51,102
MLR ,2019-02-02 00:43:48,102
MLR ,2019-02-02 01:43:48,102
MLR ,2019-02-02 02:43:48,102
MLR ,2019-02-02 03:43:46,102
MLR ,2019-02-02 04:43:47,102
MLR ,2019-02-02 05:43:47,102
MLR ,2019-02-02 06:43:47,102
MLR ,2019-02-02 07:43:47,102
MLR ,2019-02-02 08:43:46,102
MLR ,2019-02-02 09:43:46,102
MLR ,2019-02-02 10:43:46,102
MLR ,2019-02-02 11:43:46,102
MLR ,2019-02-02 12:43:47,102
MLR ,2019-02-02 13:43:48,102
MLR ,2019-02-02 14:43:48,102
MLR ,2019-02-02 15:43:46,102
MLR ,2019-02-02 16:43:51,102
MLR ,2019-02-02 17:43:49,102
MLR ,2019-02-02 18:43:49,102
MLR ,2019-02-02 19:43:47,102
MLR ,2019-02-02 20:43:49,102
MLR ,2019-02-02 21:43:46,102
MLR ,2019-02-02 22:43:47,102
MLR ,2019-02-02 23:43:48,102
MLR ,2019-02-03 00:43:48,102
MLR ,2019-02-03 01:43:47,102
MLR ,2019-02-03 02:43:48,102
MLR ,2019-02-03 03:43:48,102
MLR ,2019-02-03 04:43:48,102
MLR ,2019-02-03 05:43:45,102
MLR ,2019-02-03 06:43:47,102
MLR ,2019-02-03 07:43:47,102
MLR ,2019-02-03 08:43:46,102
MLR ,2019-02-03 09:43:47,102
MLR ,2019-02-03 10:43:45,102
MLR ,2019-02-03 11:43:48,102
MLR ,2019-02-03 12:43:47,102
MLR ,2019-02-03 13:43:48,102
MLR ,2019-02-03 14:43:49,102
MLR ,2019-02-03 15:43:46,102
MLR ,2019-02-03 16:43:47,102
MLR ,2019-02-03 17:43:48,102
MLR ,2019-02-03 18:43:50,102
MLR ,2019-02-03 19:43:46,102
MLR ,2019-02-03 20:43:48,102
MLR ,2019-02-03 21:43:50,102
MLR ,2019-02-03 22:43:50,102
MLR ,2019-02-03 23:43:49,102
MLR ,2019-02-04 00:43:48,102
MLR ,2019-02-04 01:43:47,102
MLR ,2019-02-04 02:43:50,102
MLR ,2019-02-04 03:43:48,102
MLR ,2019-02-04 04:43:49,102
MLR ,2019-02-04 05:43:46,102
MLR ,2019-02-04 06:43:46,102
MLR ,2019-02-04 07:43:46,102
MLR ,2019-02-04 08:43:47,102
MLR ,2019-02-04 09:43:47,102
MLR ,2019-02-04 10:43:47,102
MLR ,2019-02-04 11:43:47,102
MLR ,2019-02-04 12:43:45,102
MLR ,2019-02-04 13:43:47,102
MLR ,2019-02-04 14:43:48,102
MLR ,2019-02-04 15:43:50,101
MLR ,2019-02-04 16:43:48,101
MLR ,2019-02-04 17:43:48,102
MLR ,2019-02-04 18:43:49,102
MLR ,2019-02-04 19:43:47,101
MLR ,2019-02-04 20:43:50,101
MLR ,2019-02-04 21:43:49,101
MLR ,2019-02-04 22:43:49,101
MLR ,2019-02-04 23:43:49,101
MLR ,2019-02-05 00:43:49,101
MLR ,2019-02-05 01:43:52,101
MLR ,2019-02-05 02:43:50,101
MLR ,2019-02-05 03:43:49,101
MLR ,2019-02-05 04:44:05,101
MLR ,2019-02-05 05:43:49,101
MLR ,2019-02-05 06:43:49,101
MLR ,2019-02-05 07:43:48,101
MLR ,2019-02-05 08:43:50,101
MLR ,2019-02-05 09:43:48,101
MLR ,2019-02-05 10:43:49,101
MLR ,2019-02-05 11:43:47,101
MLR ,2019-02-05 12:43:46,101
MLR ,2019-02-05 13:43:48,101
MLR ,2019-02-05 14:43:50,101
MLR ,2019-02-05 15:43:47,101
MLR ,2019-02-05 16:43:51,101
MLR ,2019-02-05 17:43:49,101
MLR ,2019-02-05 18:43:51,101
MLR ,2019-02-05 19:43:51,101
MLR ,2019-02-05 20:43:49,101
MLR ,2019-02-05 21:43:48,101
MLR ,2019-02-05 22:43:50,101
MLR ,2019-02-05 23:43:53,101
MLR ,2019-02-06 00:43:50,101
MLR ,2019-02-06 01:43:48,101
MLR ,2019-02-06 02:43:49,101
MLR ,2019-02-06 03:43:50,101
MLR ,2019-02-06 04:43:49,101
MLR ,2019-02-06 05:43:49,101
MLR ,2019-02-06 06:43:52,101
MLR ,2019-02-06 07:43:50,101
MLR ,2019-02-06 08:43:44,101
MLR ,2019-02-06 09:43:44,101
MLR ,2019-02-07 02:43:56,101
MLR ,2019-02-07 03:43:47,101
MLR ,2019-02-07 04:43:47,101
MLR ,2019-02-07 05:43:48,101
MLR ,2019-02-07 06:43:46,101
MLR ,2019-02-07 07:43:46,101
MLR ,2019-02-07 08:43:46,101
MLR ,2019-02-07 09:43:46,101
MLR ,2019-02-07 10:43:50,101
MLR ,2019-02-07 11:43:51,101
MLR ,2019-02-07 12:43:50,101
MLR ,2019-02-07 13:43:50,101
MLR ,2019-02-07 15:07:21,101
MLR ,2019-02-07 15:43:51,101
MLR ,2019-02-07 16:43:53,101
MLR ,2019-02-07 17:43:49,101
MLR ,2019-02-07 18:43:53,101
MLR ,2019-02-07 19:43:53,101
MLR ,2019-02-07 20:43:51,101
MLR ,2019-02-07 21:43:50,100
MLR ,2019-02-07 22:43:49,100
MLR ,2019-02-07 23:43:50,100
MLR ,2019-02-08 00:44:21,100
MLR ,2019-02-08 01:43:50,100
MLR ,2019-02-08 02:43:50,100
MLR ,2019-02-08 03:43:55,100
MLR ,2019-02-08 04:43:50,100
MLR ,2019-02-08 05:43:49,100
MLR ,2019-02-08 06:43:48,100
MLR ,2019-02-08 07:43:48,100
MLR ,2019-02-08 08:43:47,100
MLR ,2019-02-08 09:43:50,100
MLR ,2019-02-08 10:43:49,100
MLR ,2019-02-08 11:43:50,100
MLR ,2019-02-08 12:43:51,100
MLR ,2019-02-08 13:43:51,100
MLR ,2019-02-08 15:08:23,100
MLR ,2019-02-08 15:43:48,100
MLR ,2019-02-08 16:43:49,100
MLR ,2019-02-08 17:43:52,100
MLR ,2019-02-08 18:43:54,100
MLR ,2019-02-08 19:43:54,100
MLR ,2019-02-08 20:43:53,100
MLR ,2019-02-08 21:43:51,100
MLR ,2019-02-08 22:43:49,100
MLR ,2019-02-08 23:43:49,100
MLR ,2019-02-09 00:43:50,100
MLR ,2019-02-09 01:43:49,100
MLR ,2019-02-09 02:43:50,100
MLR ,2019-02-09 03:43:49,100
MLR ,2019-02-09 04:43:52,100
MLR ,2019-02-09 05:43:50,100
MLR ,2019-02-09 06:43:50,100
MLR ,2019-02-09 07:43:49,100
MLR ,2019-02-09 08:43:48,100
MLR ,2019-02-09 09:43:49,100
MLR ,2019-02-09 10:43:49,100
MLR ,2019-02-09 11:43:48,100
MLR ,2019-02-09 12:43:51,100
MLR ,2019-02-09 13:43:49,100
MLR ,2019-02-09 14:43:50,100
MLR ,2019-02-09 15:43:51,100
MLR ,2019-02-09 16:43:51,100
MLR ,2019-02-09 17:43:52,100
MLR ,2019-02-09 18:43:50,100
MLR ,2019-02-09 19:43:50,100
MLR ,2019-02-09 20:43:50,100
MLR ,2019-02-09 21:43:52,100
MLR ,2019-02-09 22:43:50,100
MLR ,2019-02-09 23:43:51,100
MLR ,2019-02-10 00:43:49,100
MLR ,2019-02-10 01:43:51,100
MLR ,2019-02-10 02:43:51,100
MLR ,2019-02-10 03:43:49,100
MLR ,2019-02-10 04:43:53,100
MLR ,2019-02-10 05:43:54,100
MLR ,2019-02-10 06:43:52,100
MLR ,2019-02-10 07:43:49,100
MLR ,2019-02-10 08:43:49,100
MLR ,2019-02-10 09:43:49,100
MLR ,2019-02-10 10:43:49,100
MLR ,2019-02-10 11:43:49,100
MLR ,2019-02-10 12:43:49,100
MLR ,2019-02-10 13:43:51,100
MLR ,2019-02-10 14:43:51,100
MLR ,2019-02-10 15:43:53,100
MLR ,2019-02-10 16:43:53,100
MLR ,2019-02-10 17:43:50,100
MLR ,2019-02-10 18:43:50,100
MLR ,2019-02-10 19:43:53,100
MLR ,2019-02-10 20:43:51,100
MLR ,2019-02-10 21:43:50,100
MLR ,2019-02-10 22:43:52,100
MLR ,2019-02-10 23:43:53,100
MLR ,2019-02-11 00:43:52,100
MLR ,2019-02-11 01:43:52,100
MLR ,2019-02-11 02:43:55,100
MLR ,2019-02-11 03:43:53,100
MLR ,2019-02-11 04:43:55,100
MLR ,2019-02-11 05:43:52,100
MLR ,2019-02-11 06:43:53,100
MLR ,2019-02-11 07:43:50,100
MLR ,2019-02-11 08:43:50,100
MLR ,2019-02-11 09:43:50,100
MLR ,2019-02-11 10:43:53,100
MLR ,2019-02-11 11:43:49,100
MLR ,2019-02-11 12:43:49,100
MLR ,2019-02-11 13:43:51,100
MLR ,2019-02-11 14:43:50,100
MLR ,2019-02-11 15:43:50,100
MLR ,2019-02-11 16:43:52,100
MLR ,2019-02-11 17:43:53,100
MLR ,2019-02-11 18:43:52,101
MLR ,2019-02-11 19:43:51,101
MLR ,2019-02-11 20:43:51,101
MLR ,2019-02-11 21:43:49,101
MLR ,2019-02-11 22:43:50,101
MLR ,2019-02-11 23:43:51,101
MLR ,2019-02-12 00:43:50,101
MLR ,2019-02-12 01:43:48,101
MLR ,2019-02-12 02:43:55,101
MLR ,2019-02-12 03:43:50,101
MLR ,2019-02-12 04:43:52,101
MLR ,2019-02-12 05:43:51,101
MLR ,2019-02-12 06:43:51,101
MLR ,2019-02-12 07:43:51,101
MLR ,2019-02-12 08:43:50,101
MLR ,2019-02-12 09:43:51,101
MLR ,2019-02-12 10:43:52,101
MLR ,2019-02-12 11:43:52,101
MLR ,2019-02-12 12:43:51,101
MLR ,2019-02-12 13:43:52,101
MLR ,2019-02-12 14:43:51,101
MLR ,2019-02-12 15:43:55,101
MLR ,2019-02-12 16:43:51,101
MLR ,2019-02-12 17:43:50,101
MLR ,2019-02-12 18:43:51,101
MLR ,2019-02-12 19:43:52,101
MLR ,2019-02-12 20:43:51,101
MLR ,2019-02-12 21:43:52,101
MLR ,2019-02-12 22:43:52,101
MLR ,2019-02-12 23:43:51,101
MLR ,2019-02-13 00:43:52,101
MLR ,2019-02-13 01:43:53,101
MLR ,2019-02-13 02:43:52,101
MLR ,2019-02-13 03:43:51,101
MLR ,2019-02-13 04:43:53,101
MLR ,2019-02-13 05:43:53,101
MLR ,2019-02-13 06:43:51,101
MLR ,2019-02-13 07:43:51,101
MLR ,2019-02-13 08:43:50,101
MLR ,2019-02-13 09:43:50,101
MLR ,2019-02-13 10:43:51,101
MLR ,2019-02-13 11:43:50,101
MLR ,2019-02-13 12:43:53,101
MLR ,2019-02-13 13:43:50,101
MLR ,2019-02-13 14:43:50,101
MLR ,2019-02-13 15:43:52,102
MLR ,2019-02-13 16:43:50,102
MLR ,2019-02-13 17:43:53,102
MLR ,2019-02-13 18:43:49,102
MLR ,2019-02-13 19:43:49,102
MLR ,2019-02-13 20:43:50,102
MLR ,2019-02-13 21:43:50,102
MLR ,2019-02-13 22:43:53,102
MLR ,2019-02-13 23:43:52,102
MLR ,2019-02-14 00:43:50,102
MLR ,2019-02-14 01:43:52,102
MLR ,2019-02-14 02:43:53,102
MLR ,2019-02-14 03:43:54,102
MLR ,2019-02-14 04:43:51,102
MLR ,2019-02-14 05:43:55,102
MLR ,2019-02-14 06:43:50,102
MLR ,2019-02-14 07:43:51,102
MLR ,2019-02-14 08:43:49,102
MLR ,2019-02-14 09:43:49,102
MLR ,2019-02-14 10:43:50,102
MLR ,2019-02-14 11:43:51,102
MLR ,2019-02-14 12:43:51,102
MLR ,2019-02-14 13:43:51,102
MLR ,2019-02-14 14:43:52,102
MLR ,2019-02-14 15:43:53,102
MLR ,2019-02-14 16:43:49,102
MLR ,2019-02-14 17:43:51,102
MLR ,2019-02-14 18:43:51,102
MLR ,2019-02-14 19:43:51,102
MLR ,2019-02-14 20:43:53,102
MLR ,2019-02-14 21:43:51,102
MLR ,2019-02-14 22:43:53,102
MLR ,2019-02-15 00:43:54,102
MLR ,2019-02-15 01:43:54,102
MLR ,2019-02-15 02:43:55,102
MLR ,2019-02-15 03:43:57,102
MLR ,2019-02-15 04:43:57,102
MLR ,2019-02-15 05:43:52,102
MLR ,2019-02-15 06:43:50,102
MLR ,2019-02-15 07:43:52,102
MLR ,2019-02-15 08:43:51,102
MLR ,2019-02-15 09:43:52,102
MLR ,2019-02-15 10:43:52,102
MLR ,2019-02-15 11:43:53,102
MLR ,2019-02-15 12:43:51,102
MLR ,2019-02-15 14:08:54,102
MLR ,2019-02-15 14:43:54,102
MLR ,2019-02-15 15:44:02,102
MLR ,2019-02-15 16:43:56,102
MLR ,2019-02-15 17:43:51,102
MLR ,2019-02-15 18:43:56,104
MLR ,2019-02-15 19:43:54,104
MLR ,2019-02-15 20:43:52,104
MLR ,2019-02-15 21:43:54,104
MLR ,2019-02-15 22:43:55,104
MLR ,2019-02-15 23:43:54,104
MLR ,2019-02-16 00:43:55,104
MLR ,2019-02-16 01:44:00,104
MLR ,2019-02-16 02:43:58,104
MLR ,2019-02-16 03:43:56,104
MLR ,2019-02-16 04:43:52,104
MLR ,2019-02-16 05:43:54,104
MLR ,2019-02-16 06:43:51,104
MLR ,2019-02-16 07:43:51,104
MLR ,2019-02-16 08:43:51,104
MLR ,2019-02-16 09:43:54,104
MLR ,2019-02-16 10:43:53,104
MLR ,2019-02-16 11:43:51,104
MLR ,2019-02-16 12:43:53,104
MLR ,2019-02-16 13:43:56,104
MLR ,2019-02-16 14:43:53,104
MLR ,2019-02-16 15:43:59,104
MLR ,2019-02-16 16:43:51,104
MLR ,2019-02-16 17:43:51,104
MLR ,2019-02-16 18:43:52,104
MLR ,2019-02-16 19:43:51,104
MLR ,2019-02-16 20:43:53,104
MLR ,2019-02-16 21:43:53,104
MLR ,2019-02-16 22:43:52,104
MLR ,2019-02-16 23:43:51,104
MLR ,2019-02-17 00:43:53,104
MLR ,2019-02-17 01:43:51,104
MLR ,2019-02-17 02:43:49,104
MLR ,2019-02-17 03:43:54,104
MLR ,2019-02-17 04:43:51,104
MLR ,2019-02-17 05:43:53,104
MLR ,2019-02-17 06:43:51,104
MLR ,2019-02-17 07:43:52,104
MLR ,2019-02-17 08:43:51,104
MLR ,2019-02-17 09:43:49,104
MLR ,2019-02-17 10:43:51,104
MLR ,2019-02-17 11:43:51,104
MLR ,2019-02-17 12:43:48,104
MLR ,2019-02-17 13:43:52,104
MLR ,2019-02-17 14:43:50,104
MLR ,2019-02-17 15:43:53,104
MLR ,2019-02-17 16:43:52,104
MLR ,2019-02-17 17:43:52,104
MLR ,2019-02-17 18:43:52,104
MLR ,2019-02-17 19:43:52,104
MLR ,2019-02-17 20:43:53,104
MLR ,2019-02-17 21:43:50,104
MLR ,2019-02-17 22:43:51,104
MLR ,2019-02-17 23:43:51,104
MLR ,2019-02-18 00:43:51,104
MLR ,2019-02-18 01:43:53,104
MLR ,2019-02-18 02:43:55,104
MLR ,2019-02-18 03:43:54,104
MLR ,2019-02-18 04:43:50,104
MLR ,2019-02-18 05:43:51,104
MLR ,2019-02-18 06:43:50,104
MLR ,2019-02-18 07:43:51,104
MLR ,2019-02-18 08:43:50,104
MLR ,2019-02-18 09:43:52,104
MLR ,2019-02-18 10:43:50,104
MLR ,2019-02-18 11:43:50,104
MLR ,2019-02-18 12:43:51,104
MLR ,2019-02-18 13:43:54,104
MLR ,2019-02-18 14:43:51,104
MLR ,2019-02-18 15:43:53,104
MLR ,2019-02-18 16:43:52,104
MLR ,2019-02-18 17:43:53,104
MLR ,2019-02-18 18:43:52,104
MLR ,2019-02-18 19:43:52,104
MLR ,2019-02-18 20:43:53,104
MLR ,2019-02-18 21:43:51,104
MLR ,2019-02-18 22:43:50,104
MLR ,2019-02-18 23:43:51,104
MLR ,2019-02-19 00:43:51,104
MLR ,2019-02-19 01:43:54,104
MLR ,2019-02-19 02:43:52,104
MLR ,2019-02-19 03:43:52,104
MLR ,2019-02-19 04:43:52,104
MLR ,2019-02-19 05:43:51,104
MLR ,2019-02-19 06:43:51,104
MLR ,2019-02-19 07:43:50,104
MLR ,2019-02-19 08:43:51,104
MLR ,2019-02-19 09:43:49,104
MLR ,2019-02-19 10:43:49,104
MLR ,2019-02-19 11:43:47,104
MLR ,2019-02-19 12:43:47,104
MLR ,2019-02-19 14:08:22,104
MLR ,2019-02-19 14:43:51,104
MLR ,2019-02-19 15:43:53,104
MLR ,2019-02-19 16:43:52,103
MLR ,2019-02-19 17:43:53,103
MLR ,2019-02-19 18:43:57,104
MLR ,2019-02-19 19:43:53,104
MLR ,2019-02-19 20:43:56,104
MLR ,2019-02-19 21:43:54,104
MLR ,2019-02-19 22:43:55,104
MLR ,2019-02-19 23:43:54,104
MLR ,2019-02-20 00:44:01,104
MLR ,2019-02-20 01:43:55,104
MLR ,2019-02-20 02:43:55,104
MLR ,2019-02-20 03:44:01,104
MLR ,2019-02-20 04:43:57,104
MLR ,2019-02-20 05:43:53,104
MLR ,2019-02-20 06:43:54,104
MLR ,2019-02-20 07:43:51,104
MLR ,2019-02-20 08:43:54,104
MLR ,2019-02-20 09:43:54,104
MLR ,2019-02-20 10:43:52,104
MLR ,2019-02-20 11:43:55,104
MLR ,2019-02-20 12:43:53,104
MLR ,2019-02-20 13:43:53,104
MLR ,2019-02-20 14:43:56,104
MLR ,2019-02-20 15:43:57,104
MLR ,2019-02-20 16:43:54,104
MLR ,2019-02-20 17:43:55,105
MLR ,2019-02-20 18:43:55,105
MLR ,2019-02-20 19:43:57,105
MLR ,2019-02-20 20:43:56,105
MLR ,2019-02-20 21:43:55,105
MLR ,2019-02-20 22:43:56,105
MLR ,2019-02-20 23:43:52,105
MLR ,2019-02-21 00:43:54,105
MLR ,2019-02-21 01:43:55,105
MLR ,2019-02-21 02:43:58,105
MLR ,2019-02-21 03:43:56,105
MLR ,2019-02-21 04:43:53,105
MLR ,2019-02-21 05:43:55,105
MLR ,2019-02-21 06:43:53,105
MLR ,2019-02-21 07:43:52,105
MLR ,2019-02-21 08:43:51,105
MLR ,2019-02-21 09:43:52,105
MLR ,2019-02-21 10:43:52,105
MLR ,2019-02-21 11:43:53,105
MLR ,2019-02-21 12:43:51,105
MLR ,2019-02-21 13:43:51,105
MLR ,2019-02-21 14:43:54,105
MLR ,2019-02-21 15:43:57,104
MLR ,2019-02-21 17:07:54,104
MLR ,2019-02-21 17:43:51,104
MLR ,2019-02-21 18:43:51,105
MLR ,2019-02-21 19:43:52,104
MLR ,2019-02-21 20:43:56,104
MLR ,2019-02-21 21:43:50,106
MLR ,2019-02-21 22:43:52,106
MLR ,2019-02-21 23:43:52,106
MLR ,2019-02-22 00:43:52,106
MLR ,2019-02-22 01:43:55,106
MLR ,2019-02-22 02:43:53,106
MLR ,2019-02-22 03:43:54,106
MLR ,2019-02-22 04:43:53,106
MLR ,2019-02-22 05:43:51,106
MLR ,2019-02-22 06:43:51,106
MLR ,2019-02-22 07:43:55,106
MLR ,2019-02-22 08:43:55,106
MLR ,2019-02-22 09:43:53,106
MLR ,2019-02-22 10:43:52,106
MLR ,2019-02-22 11:43:53,106
MLR ,2019-02-22 12:43:52,106
MLR ,2019-02-22 13:43:50,106
MLR ,2019-02-22 14:43:53,106
MLR ,2019-02-22 15:43:54,106
MLR ,2019-02-22 16:43:52,105
MLR ,2019-02-22 17:43:52,105
MLR ,2019-02-22 18:43:54,104
MLR ,2019-02-22 19:43:51,103
MLR ,2019-02-22 20:43:51,101
MLR ,2019-02-22 21:43:55,101
MLR ,2019-02-22 22:43:52,101
MLR ,2019-02-22 23:43:55,101
MLR ,2019-02-23 00:43:50,101
MLR ,2019-02-23 01:43:54,101
MLR ,2019-02-23 02:43:56,101
MLR ,2019-02-23 03:43:57,101
MLR ,2019-02-23 04:43:54,101
MLR ,2019-02-23 05:43:54,101
MLR ,2019-02-23 06:43:51,101
MLR ,2019-02-23 07:43:52,101
MLR ,2019-02-23 08:43:52,101
MLR ,2019-02-23 09:43:51,101
MLR ,2019-02-23 10:43:52,101
MLR ,2019-02-23 11:43:53,101
MLR ,2019-02-23 12:43:51,101
MLR ,2019-02-23 13:43:51,101
MLR ,2019-02-23 14:43:52,101
MLR ,2019-02-23 15:43:53,101
MLR ,2019-02-23 16:43:51,101
MLR ,2019-02-23 17:43:52,101
MLR ,2019-02-23 18:43:53,101
MLR ,2019-02-23 19:43:52,101
MLR ,2019-02-23 20:43:52,101
MLR ,2019-02-23 21:43:54,101
MLR ,2019-02-23 22:43:51,101
MLR ,2019-02-23 23:43:52,101
MLR ,2019-02-24 00:43:53,101
MLR ,2019-02-24 01:43:52,101
MLR ,2019-02-24 02:43:53,101
MLR ,2019-02-24 03:43:53,101
MLR ,2019-02-24 04:43:53,101
MLR ,2019-02-24 05:43:53,101
MLR ,2019-02-24 06:43:52,101
MLR ,2019-02-24 07:43:53,101
MLR ,2019-02-24 08:43:52,101
MLR ,2019-02-24 09:43:52,101
MLR ,2019-02-24 10:43:50,101
MLR ,2019-02-24 11:43:51,101
MLR ,2019-02-24 12:43:50,101
MLR ,2019-02-24 13:43:51,101
MLR ,2019-02-24 14:43:51,101
MLR ,2019-02-24 15:43:53,101
MLR ,2019-02-24 16:43:52,101
MLR ,2019-02-24 17:43:54,101
MLR ,2019-02-24 18:43:54,101
MLR ,2019-02-24 19:43:54,101
MLR ,2019-02-24 20:43:51,101
MLR ,2019-02-24 21:43:51,101
MLR ,2019-02-24 22:43:53,101
MLR ,2019-02-24 23:43:52,101
MLR ,2019-02-25 00:43:53,101
MLR ,2019-02-25 01:43:52,101
MLR ,2019-02-25 02:43:51,101
MLR ,2019-02-25 03:43:54,101
MLR ,2019-02-25 04:43:52,101
MLR ,2019-02-25 05:43:51,101
MLR ,2019-02-25 06:43:50,101
MLR ,2019-02-25 07:43:52,101
MLR ,2019-02-25 08:43:51,101
MLR ,2019-02-25 09:43:52,101
MLR ,2019-02-25 10:43:51,101
MLR ,2019-02-25 11:43:53,101
MLR ,2019-02-25 12:43:51,101
MLR ,2019-02-25 14:08:56,101
MLR ,2019-02-25 14:43:53,101
MLR ,2019-02-25 15:43:54,102
MLR ,2019-02-25 16:43:53,102
MLR ,2019-02-25 17:43:54,103
MLR ,2019-02-25 18:43:55,105
MLR ,2019-02-25 19:43:51,105
MLR ,2019-02-25 20:43:53,106
MLR ,2019-02-25 21:43:53,107
MLR ,2019-02-25 22:43:52,107
MLR ,2019-02-25 23:43:54,107
MLR ,2019-02-26 00:43:53,107
MLR ,2019-02-26 01:43:53,107
MLR ,2019-02-26 02:43:56,107
MLR ,2019-02-26 03:43:56,107
MLR ,2019-02-26 04:43:56,107
MLR ,2019-02-26 05:43:52,107
MLR ,2019-02-26 06:43:56,107
MLR ,2019-02-26 07:43:55,107
MLR ,2019-02-26 08:43:53,107
MLR ,2019-02-26 09:43:53,107
MLR ,2019-02-26 10:43:50,107
MLR ,2019-02-26 11:43:53,107
MLR ,2019-02-26 12:43:51,107
MLR ,2019-02-26 13:43:51,107
MLR ,2019-02-26 14:43:54,107
MLR ,2019-02-26 15:43:57,107
MLR ,2019-02-26 16:43:53,107
MLR ,2019-02-26 17:43:54,106
MLR ,2019-02-26 18:43:51,106
MLR ,2019-02-26 19:43:58,106
MLR ,2019-02-26 20:43:55,106
MLR ,2019-02-26 21:43:52,107
MLR ,2019-02-26 22:43:56,107
MLR ,2019-02-26 23:43:55,107
MLR ,2019-02-27 00:43:57,107
MLR ,2019-02-27 01:43:57,107
MLR ,2019-02-27 03:44:17,107
MLR ,2019-02-27 04:43:57,107
MLR ,2019-02-27 05:43:54,107
MLR ,2019-02-27 06:43:56,107
MLR ,2019-02-27 07:43:54,107
MLR ,2019-02-27 08:43:53,107
MLR ,2019-02-27 09:43:50,107
MLR ,2019-02-27 10:43:51,107
MLR ,2019-02-27 11:43:56,107
MLR ,2019-02-27 12:43:58,107
MLR ,2019-02-27 13:43:52,107
MLR ,2019-02-27 14:43:55,107
MLR ,2019-02-27 15:43:59,106
MLR ,2019-02-27 16:43:52,106
MLR ,2019-02-27 17:43:52,106
MLR ,2019-02-27 18:43:57,106
MLR ,2019-02-27 19:43:55,106
MLR ,2019-02-27 20:43:53,105
MLR ,2019-02-27 21:43:54,105
MLR ,2019-02-27 22:43:55,105
MLR ,2019-02-27 23:43:52,105
MLR ,2019-02-28 00:44:40,105
MLR ,2019-02-28 01:43:52,105
MLR ,2019-02-28 02:43:54,105
MLR ,2019-02-28 04:43:53,105
MLR ,2019-02-28 05:43:53,105
MLR ,2019-02-28 06:43:50,105
MLR ,2019-02-28 07:43:52,105
MLR ,2019-02-28 08:43:52,105
MLR ,2019-02-28 09:43:51,105
MLR ,2019-02-28 10:43:53,105
MLR ,2019-02-28 11:43:53,105
MLR ,2019-02-28 12:43:53,105
MLR ,2019-02-28 13:43:54,105
MLR ,2019-02-28 15:07:59,105
MLR ,2019-02-28 15:43:49,105
MLR ,2019-02-28 16:43:55,105
MLR ,2019-02-28 17:43:54,105
MLR ,2019-02-28 18:43:57,105
MLR ,2019-02-28 19:43:55,106
MLR ,2019-02-28 20:43:52,106
MLR ,2019-02-28 21:43:52,106
MLR ,2019-02-28 22:43:54,106
MLR ,2019-02-28 23:43:52,106
MLR ,2019-03-01 00:43:53,106
MLR ,2019-03-01 01:43:54,106
MLR ,2019-03-01 02:43:56,106
MLR ,2019-03-01 03:43:57,106
MLR ,2019-03-01 04:43:55,106
MLR ,2019-03-01 05:43:55,106
MLR ,2019-03-01 06:43:53,106
MLR ,2019-03-01 07:43:55,106
MLR ,2019-03-01 08:43:53,106
MLR ,2019-03-01 09:43:50,106
MLR ,2019-03-01 10:43:53,106
MLR ,2019-03-01 11:43:52,106
MLR ,2019-03-01 12:43:50,106
MLR ,2019-03-01 13:43:59,106
MLR ,2019-03-01 14:43:57,106
MLR ,2019-03-01 15:43:54,106
MLR ,2019-03-01 16:43:54,107
MLR ,2019-03-01 17:43:54,107
MLR ,2019-03-01 18:43:57,107
MLR ,2019-03-01 19:43:57,107
MLR ,2019-03-01 20:43:59,107
MLR ,2019-03-01 21:43:59,107
MLR ,2019-03-01 22:43:58,107
MLR ,2019-03-01 23:43:58,107
MLR ,2019-03-02 07:43:55,107
MLR ,2019-03-02 08:43:55,107
MLR ,2019-03-02 09:43:52,107
MLR ,2019-03-02 10:43:53,107
MLR ,2019-03-02 11:43:56,107
MLR ,2019-03-02 15:43:59,107
MLR ,2019-03-02 16:43:55,107
MLR ,2019-03-02 17:43:55,107
MLR ,2019-03-04 02:43:57,107
MLR ,2019-03-04 07:43:56,107
MLR ,2019-03-04 10:43:52,107
MLR ,2019-03-04 11:43:52,107
MLR ,2019-03-04 12:43:49,107
MLR ,2019-03-04 13:43:48,107
MLR ,2019-03-04 14:43:55,107
MLR ,2019-03-04 15:43:51,108
MLR ,2019-03-04 16:43:54,107
MLR ,2019-03-04 17:43:54,106
MLR ,2019-03-04 18:43:52,106
MLR ,2019-03-04 19:43:56,105
MLR ,2019-03-04 20:43:54,105
MLR ,2019-03-04 21:43:53,106
MLR ,2019-03-04 22:43:55,106
MLR ,2019-03-04 23:43:53,106
MLR ,2019-03-05 00:43:56,106
MLR ,2019-03-05 01:43:54,106
MLR ,2019-03-05 02:43:57,106
MLR ,2019-03-05 03:43:57,106
MLR ,2019-03-05 04:43:54,106
MLR ,2019-03-05 05:43:54,106
MLR ,2019-03-05 06:43:52,106
MLR ,2019-03-05 07:43:52,106
MLR ,2019-03-05 08:43:52,106
MLR ,2019-03-05 09:43:54,106
MLR ,2019-03-05 10:43:51,106
MLR ,2019-03-05 11:43:49,106
MLR ,2019-03-05 12:43:52,106
MLR ,2019-03-05 14:09:02,106
MLR ,2019-03-05 14:43:53,106
MLR ,2019-03-05 15:43:57,107
MLR ,2019-03-05 16:43:56,106
MLR ,2019-03-05 17:43:56,106
MLR ,2019-03-05 18:43:55,106
MLR ,2019-03-05 19:43:54,107
MLR ,2019-03-05 20:43:55,107
MLR ,2019-03-05 21:43:55,107
MLR ,2019-03-05 22:43:59,107
MLR ,2019-03-05 23:43:58,107
MLR ,2019-03-06 00:43:58,107
MLR ,2019-03-06 01:43:57,107
MLR ,2019-03-06 02:43:56,107
MLR ,2019-03-06 03:43:58,107
MLR ,2019-03-06 04:43:59,107
MLR ,2019-03-06 05:43:58,107
MLR ,2019-03-06 06:44:00,107
MLR ,2019-03-06 07:43:55,107
MLR ,2019-03-06 08:43:53,107
MLR ,2019-03-06 09:43:54,107
MLR ,2019-03-06 10:43:56,107
MLR ,2019-03-06 11:44:49,107
MLR ,2019-03-06 12:44:12,107
MLR ,2019-03-06 14:08:47,107
MLR ,2019-03-06 14:44:28,107
MLR ,2019-03-06 15:44:21,106
MLR ,2019-03-06 16:43:52,106
MLR ,2019-03-06 17:44:00,106
MLR ,2019-03-06 18:43:58,106
MLR ,2019-03-06 19:43:55,105
MLR ,2019-03-06 20:43:55,106
MLR ,2019-03-06 21:43:55,106
MLR ,2019-03-06 22:43:55,106
MLR ,2019-03-06 23:43:55,106
MLR ,2019-03-07 00:43:55,106
MLR ,2019-03-07 01:43:57,106
MLR ,2019-03-07 02:43:58,106
MLR ,2019-03-07 04:44:02,106
MLR ,2019-03-07 05:43:57,106
MLR ,2019-03-07 06:43:54,106
MLR ,2019-03-07 07:43:55,106
MLR ,2019-03-07 08:43:56,106
MLR ,2019-03-07 09:43:55,106
MLR ,2019-03-07 10:43:54,106
MLR ,2019-03-07 11:43:55,106
MLR ,2019-03-07 12:43:53,106
MLR ,2019-03-07 13:43:56,106
MLR ,2019-03-07 14:43:58,106
MLR ,2019-03-07 15:43:53,103
MLR ,2019-03-07 16:43:56,103
MLR ,2019-03-07 17:43:59,103
MLR ,2019-03-07 18:43:57,103
MLR ,2019-03-07 20:08:29,103
MLR ,2019-03-07 20:43:55,103
MLR ,2019-03-07 21:43:57,103
MLR ,2019-03-07 22:44:01,103
MLR ,2019-03-07 23:43:53,103
MLR ,2019-03-08 00:43:55,103
MLR ,2019-03-08 01:43:56,103
MLR ,2019-03-08 02:43:55,103
MLR ,2019-03-08 04:43:54,103
MLR ,2019-03-08 05:43:54,103
MLR ,2019-03-08 06:43:54,103
MLR ,2019-03-08 07:43:55,103
MLR ,2019-03-08 08:43:54,103
MLR ,2019-03-08 09:43:53,103
MLR ,2019-03-08 10:43:53,103
MLR ,2019-03-08 11:43:53,103
MLR ,2019-03-08 12:43:54,103
MLR ,2019-03-08 14:08:59,103
MLR ,2019-03-08 14:43:53,103
MLR ,2019-03-08 15:43:58,103
MLR ,2019-03-08 16:43:53,103
MLR ,2019-03-08 17:43:53,102
MLR ,2019-03-08 18:43:56,101
MLR ,2019-03-08 19:43:57,101
MLR ,2019-03-08 20:43:51,101
MLR ,2019-03-08 21:44:00,100
MLR ,2019-03-08 22:43:52,100
MLR ,2019-03-08 23:43:58,100
MLR ,2019-03-09 00:44:01,100
MLR ,2019-03-09 01:43:57,100
MLR ,2019-03-09 02:43:55,100
MLR ,2019-03-09 03:43:57,100
MLR ,2019-03-09 04:43:56,100
MLR ,2019-03-09 05:43:55,100
MLR ,2019-03-09 06:43:53,100
MLR ,2019-03-09 07:43:53,100
MLR ,2019-03-09 08:43:51,100
MLR ,2019-03-09 09:43:50,100
MLR ,2019-03-09 10:43:53,100
MLR ,2019-03-09 11:43:52,100
MLR ,2019-03-09 12:43:52,100
MLR ,2019-03-09 13:43:51,100
MLR ,2019-03-09 14:43:54,100
MLR ,2019-03-09 15:43:56,100
MLR ,2019-03-09 16:43:54,100
MLR ,2019-03-09 17:43:54,100
MLR ,2019-03-09 18:43:54,100
MLR ,2019-03-09 19:43:53,100
MLR ,2019-03-09 20:43:53,100
MLR ,2019-03-09 21:43:52,100
MLR ,2019-03-09 22:43:54,100
MLR ,2019-03-09 23:43:53,100
MLR ,2019-03-10 00:43:53,100
MLR ,2019-03-10 01:43:54,100
MLR ,2019-03-10 02:43:56,100
MLR ,2019-03-10 03:43:54,100
MLR ,2019-03-10 04:43:53,100
MLR ,2019-03-10 05:43:53,100
MLR ,2019-03-10 06:43:54,100
MLR ,2019-03-10 07:43:51,100
MLR ,2019-03-10 08:43:50,100
MLR ,2019-03-10 09:43:52,100
MLR ,2019-03-10 10:43:51,100
MLR ,2019-03-10 11:43:52,100
MLR ,2019-03-10 12:43:53,100
MLR ,2019-03-10 13:43:51,100
MLR ,2019-03-10 14:43:51,100
MLR ,2019-03-10 15:43:56,100
MLR ,2019-03-10 16:43:53,100
MLR ,2019-03-10 17:43:57,100
MLR ,2019-03-10 18:43:59,100
MLR ,2019-03-10 19:43:54,100
MLR ,2019-03-10 20:43:53,100
MLR ,2019-03-10 21:43:52,100
MLR ,2019-03-10 22:43:52,100
MLR ,2019-03-10 23:43:54,100
MLR ,2019-03-11 00:43:54,100
MLR ,2019-03-11 01:43:56,100
MLR ,2019-03-11 02:43:53,100
MLR ,2019-03-11 03:43:52,100
MLR ,2019-03-11 04:43:54,100
MLR ,2019-03-11 05:43:54,100
MLR ,2019-03-11 06:43:52,100
MLR ,2019-03-11 07:43:52,100
MLR ,2019-03-11 08:43:50,100
MLR ,2019-03-11 09:43:53,100
MLR ,2019-03-11 10:43:53,100
MLR ,2019-03-11 11:43:51,100
MLR ,2019-03-11 12:43:56,100
MLR ,2019-03-11 13:43:55,100
MLR ,2019-03-11 14:43:55,99
MLR ,2019-03-11 15:43:53,99
MLR ,2019-03-11 16:43:53,99
MLR ,2019-03-11 17:43:53,99
MLR ,2019-03-11 18:43:54,100
MLR ,2019-03-11 19:43:53,100
MLR ,2019-03-11 20:43:53,100
MLR ,2019-03-11 21:43:56,100
MLR ,2019-03-11 22:43:53,100
MLR ,2019-03-11 23:43:55,100
MLR ,2019-03-12 00:43:58,100
MLR ,2019-03-12 01:43:53,100
MLR ,2019-03-12 02:43:54,100
MLR ,2019-03-12 03:43:56,100
MLR ,2019-03-12 04:43:54,100
MLR ,2019-03-12 05:43:54,100
MLR ,2019-03-12 06:43:55,100
MLR ,2019-03-12 07:43:51,100
MLR ,2019-03-12 08:43:52,100
MLR ,2019-03-12 09:43:52,100
MLR ,2019-03-12 10:43:56,100
MLR ,2019-03-12 11:43:53,100
MLR ,2019-03-12 12:43:54,100
MLR ,2019-03-12 13:43:54,100
MLR ,2019-03-12 14:43:52,100
MLR ,2019-03-12 15:43:53,100
MLR ,2019-03-12 16:43:54,100
MLR ,2019-03-12 17:43:52,100
MLR ,2019-03-12 18:43:54,101
MLR ,2019-03-12 19:43:52,101
MLR ,2019-03-12 20:43:54,100
MLR ,2019-03-12 21:43:53,100
MLR ,2019-03-12 22:43:55,100
MLR ,2019-03-12 23:43:56,100
MLR ,2019-03-13 00:43:55,100
MLR ,2019-03-13 01:43:55,100
MLR ,2019-03-13 02:43:54,100
MLR ,2019-03-13 03:43:55,100
MLR ,2019-03-13 04:43:55,100
MLR ,2019-03-13 05:43:54,100
MLR ,2019-03-13 06:43:52,100
MLR ,2019-03-13 07:43:56,100
MLR ,2019-03-13 08:43:52,100
MLR ,2019-03-13 09:43:53,100
MLR ,2019-03-13 10:43:51,100
MLR ,2019-03-13 11:43:51,100
MLR ,2019-03-13 13:07:55,100
MLR ,2019-03-13 13:43:53,100
MLR ,2019-03-13 14:43:53,100
MLR ,2019-03-13 15:43:53,100
MLR ,2019-03-13 16:43:54,103
MLR ,2019-03-13 17:43:56,103
MLR ,2019-03-13 18:43:51,103
MLR ,2019-03-13 19:43:54,103
MLR ,2019-03-13 20:43:53,104
MLR ,2019-03-13 21:43:54,104
MLR ,2019-03-13 22:43:52,104
MLR ,2019-03-13 23:43:54,104
MLR ,2019-03-14 00:43:52,104
MLR ,2019-03-14 01:43:55,104
MLR ,2019-03-14 02:43:55,104
MLR ,2019-03-14 03:43:52,104
MLR ,2019-03-14 04:43:54,104
MLR ,2019-03-14 05:43:52,104
MLR ,2019-03-14 06:43:53,104
MLR ,2019-03-14 07:43:53,104
MLR ,2019-03-14 08:43:51,104
MLR ,2019-03-14 09:43:50,104
MLR ,2019-03-14 10:43:55,104
MLR ,2019-03-14 11:43:53,104
MLR ,2019-03-14 13:08:27,104
MLR ,2019-03-14 13:43:52,104
MLR ,2019-03-14 14:43:54,104
MLR ,2019-03-14 15:43:54,104
MLR ,2019-03-14 16:43:53,106
MLR ,2019-03-14 17:43:55,106
MLR ,2019-03-14 18:43:52,108
MLR ,2019-03-14 19:43:58,108
MLR ,2019-03-14 20:43:53,108
MLR ,2019-03-14 21:43:54,108
MLR ,2019-03-14 22:43:58,108
MLR ,2019-03-14 23:43:57,108
MLR ,2019-03-15 00:43:55,108
MLR ,2019-03-15 01:43:54,108
MLR ,2019-03-15 02:43:56,108
MLR ,2019-03-15 03:43:55,108
MLR ,2019-03-15 04:43:54,108
MLR ,2019-03-15 05:43:52,108
MLR ,2019-03-15 06:43:50,108
MLR ,2019-03-15 07:43:53,108
MLR ,2019-03-15 08:43:55,108
MLR ,2019-03-15 09:43:54,108
MLR ,2019-03-15 10:43:57,108
MLR ,2019-03-15 11:43:55,108
MLR ,2019-03-15 12:43:54,108
MLR ,2019-03-15 13:43:56,108
MLR ,2019-03-15 14:43:55,106
MLR ,2019-03-15 15:43:59,106
MLR ,2019-03-15 16:43:57,106
MLR ,2019-03-15 17:43:58,106
MLR ,2019-03-15 18:43:55,106
MLR ,2019-03-15 19:43:55,106
MLR ,2019-03-15 20:43:56,106
MLR ,2019-03-15 21:43:53,106
MLR ,2019-03-15 22:43:53,106
MLR ,2019-03-15 23:43:58,106
MLR ,2019-03-16 00:43:55,106
MLR ,2019-03-16 01:43:53,106
MLR ,2019-03-16 02:43:56,106
MLR ,2019-03-16 03:43:57,106
MLR ,2019-03-16 04:43:57,106
MLR ,2019-03-16 05:43:57,106
MLR ,2019-03-16 06:43:55,106
MLR ,2019-03-16 07:43:55,106
MLR ,2019-03-16 08:43:58,106
MLR ,2019-03-16 09:43:54,106
MLR ,2019-03-16 10:43:54,106
MLR ,2019-03-16 11:43:55,106
MLR ,2019-03-16 12:43:54,106
MLR ,2019-03-16 13:43:55,106
MLR ,2019-03-16 14:43:53,106
MLR ,2019-03-16 15:43:55,106
MLR ,2019-03-16 16:43:54,106
MLR ,2019-03-16 17:43:54,106
MLR ,2019-03-16 18:43:53,106
MLR ,2019-03-16 19:43:53,106
MLR ,2019-03-16 20:43:56,106
MLR ,2019-03-16 21:43:57,106
MLR ,2019-03-16 22:43:56,106
MLR ,2019-03-16 23:43:54,106
MLR ,2019-03-17 00:43:57,106
MLR ,2019-03-17 01:43:55,106
MLR ,2019-03-17 02:43:59,106
MLR ,2019-03-17 03:43:56,106
MLR ,2019-03-17 04:43:56,106
MLR ,2019-03-17 05:43:57,106
MLR ,2019-03-17 06:43:55,106
MLR ,2019-03-17 07:43:54,106
MLR ,2019-03-17 08:43:52,106
MLR ,2019-03-17 09:43:56,106
MLR ,2019-03-17 10:43:52,106
MLR ,2019-03-17 11:43:53,106
MLR ,2019-03-17 12:43:53,106
MLR ,2019-03-17 13:43:53,106
MLR ,2019-03-17 14:43:52,106
MLR ,2019-03-17 15:43:52,106
MLR ,2019-03-17 16:43:51,106
MLR ,2019-03-17 17:43:52,106
MLR ,2019-03-17 18:43:53,106
MLR ,2019-03-17 19:43:53,106
MLR ,2019-03-17 20:43:52,106
MLR ,2019-03-17 21:43:51,106
MLR ,2019-03-17 22:43:51,106
MLR ,2019-03-17 23:43:53,106
MLR ,2019-03-18 00:43:54,106
MLR ,2019-03-18 01:43:52,106
MLR ,2019-03-18 02:43:54,106
MLR ,2019-03-18 03:43:54,106
MLR ,2019-03-18 04:43:54,106
MLR ,2019-03-18 05:43:52,107
MLR ,2019-03-18 06:43:53,107
MLR ,2019-03-18 07:43:54,107
MLR ,2019-03-18 08:43:52,107
MLR ,2019-03-18 09:43:54,107
MLR ,2019-03-18 10:43:53,107
MLR ,2019-03-18 11:43:51,107
MLR ,2019-03-18 12:43:55,107
MLR ,2019-03-18 13:43:57,107
MLR ,2019-03-18 14:43:56,106
MLR ,2019-03-18 15:44:01,107
MLR ,2019-03-18 16:43:53,106
MLR ,2019-03-18 17:43:58,106
MLR ,2019-03-18 18:43:58,106
MLR ,2019-03-18 19:43:57,106
MLR ,2019-03-18 20:43:56,106
MLR ,2019-03-18 21:43:56,106
MLR ,2019-03-18 22:43:59,106
MLR ,2019-03-18 23:43:58,106
MLR ,2019-03-19 00:44:01,106
MLR ,2019-03-19 01:43:57,106
MLR ,2019-03-19 02:43:58,106
MLR ,2019-03-19 03:43:55,106
MLR ,2019-03-19 04:43:55,106
MLR ,2019-03-19 05:43:53,106
MLR ,2019-03-19 06:44:00,106
MLR ,2019-03-19 07:43:56,106
MLR ,2019-03-19 08:43:53,106
MLR ,2019-03-19 09:43:55,106
MLR ,2019-03-19 10:43:56,106
MLR ,2019-03-19 11:43:55,106
MLR ,2019-03-19 12:43:57,106
MLR ,2019-03-19 13:43:55,106
MLR ,2019-03-19 14:43:56,106
MLR ,2019-03-19 15:43:58,107
MLR ,2019-03-19 16:43:56,107
MLR ,2019-03-19 17:44:02,107
MLR ,2019-03-19 18:43:58,107
MLR ,2019-03-19 19:44:00,107
MLR ,2019-03-19 20:43:59,107
MLR ,2019-03-19 21:44:04,107
MLR ,2019-03-19 22:44:02,107
MLR ,2019-03-19 23:43:58,107
MLR ,2019-03-20 00:44:01,107
MLR ,2019-03-20 01:44:00,107
MLR ,2019-03-20 02:44:01,107
MLR ,2019-03-20 03:44:02,107
MLR ,2019-03-20 04:44:00,107
MLR ,2019-03-20 05:43:58,107
MLR ,2019-03-20 06:44:04,107
MLR ,2019-03-20 07:44:03,107
MLR ,2019-03-20 08:44:01,107
MLR ,2019-03-20 09:43:58,107
MLR ,2019-03-20 10:44:00,107
MLR ,2019-03-20 11:43:59,107
MLR ,2019-03-20 13:08:07,107
MLR ,2019-03-20 13:43:59,107
MLR ,2019-03-20 14:44:00,106
MLR ,2019-03-20 15:44:03,106
MLR ,2019-03-20 16:43:57,106
MLR ,2019-03-20 17:43:59,105
MLR ,2019-03-20 18:43:57,105
MLR ,2019-03-20 19:43:56,105
MLR ,2019-03-20 20:43:54,105
MLR ,2019-03-20 21:43:54,105
MLR ,2019-03-20 22:43:55,105
MLR ,2019-03-20 23:43:54,105
MLR ,2019-03-21 00:43:54,105
MLR ,2019-03-21 01:43:53,105
MLR ,2019-03-21 02:43:57,105
MLR ,2019-03-21 03:43:58,105
MLR ,2019-03-21 04:43:54,105
MLR ,2019-03-21 05:43:58,105
MLR ,2019-03-21 06:43:53,105
MLR ,2019-03-21 07:43:53,105
MLR ,2019-03-21 08:43:51,105
MLR ,2019-03-21 09:43:53,105
MLR ,2019-03-21 10:43:55,105
MLR ,2019-03-21 11:43:54,105
MLR ,2019-03-21 13:08:56,105
MLR ,2019-03-21 13:43:53,105
MLR ,2019-03-21 14:43:54,105
MLR ,2019-03-21 15:43:55,105
MLR ,2019-03-21 16:43:53,105
MLR ,2019-03-21 17:43:54,105
MLR ,2019-03-21 18:43:56,105
MLR ,2019-03-21 19:43:54,105
MLR ,2019-03-21 20:43:49,105
MLR ,2019-03-21 21:43:51,105
MLR ,2019-03-21 22:43:51,105
MLR ,2019-03-21 23:43:52,105
MLR ,2019-03-22 00:43:52,105
MLR ,2019-03-22 01:43:52,105
MLR ,2019-03-22 02:43:59,105
MLR ,2019-03-22 03:43:53,105
MLR ,2019-03-22 04:43:51,105
MLR ,2019-03-22 05:43:52,105
MLR ,2019-03-22 06:43:49,105
MLR ,2019-03-22 07:43:50,105
MLR ,2019-03-22 08:44:02,105
MLR ,2019-03-22 09:43:52,105
MLR ,2019-03-22 10:43:51,105
MLR ,2019-03-22 11:43:50,105
MLR ,2019-03-22 12:43:59,105
MLR ,2019-03-22 13:43:51,105
MLR ,2019-03-22 14:43:50,105
MLR ,2019-03-22 15:43:52,105
MLR ,2019-03-22 16:43:53,105
MLR ,2019-03-22 17:43:55,105
MLR ,2019-03-22 18:43:52,105
MLR ,2019-03-22 19:43:51,105
MLR ,2019-03-22 20:43:52,105
MLR ,2019-03-22 21:43:51,105
MLR ,2019-03-22 22:43:51,105
MLR ,2019-03-22 23:43:50,105
MLR ,2019-03-23 00:43:52,105
MLR ,2019-03-23 01:43:59,105
MLR ,2019-03-23 02:43:52,105
MLR ,2019-03-23 03:43:51,105
MLR ,2019-03-23 04:43:50,105
MLR ,2019-03-23 05:43:51,105
MLR ,2019-03-23 06:43:50,105
MLR ,2019-03-23 07:43:56,105
MLR ,2019-03-23 08:43:50,105
MLR ,2019-03-23 09:43:51,105
MLR ,2019-03-23 10:43:50,105
MLR ,2019-03-23 11:43:51,105
MLR ,2019-03-23 12:43:51,105
MLR ,2019-03-23 13:43:55,105
MLR ,2019-03-23 14:43:51,105
MLR ,2019-03-23 15:43:52,105
MLR ,2019-03-23 16:43:50,105
MLR ,2019-03-23 17:43:50,105
MLR ,2019-03-23 18:43:51,105
MLR ,2019-03-23 19:43:56,105
MLR ,2019-03-23 20:43:52,105
MLR ,2019-03-23 21:43:52,105
MLR ,2019-03-23 22:43:51,105
MLR ,2019-03-23 23:43:51,105
MLR ,2019-03-24 00:43:51,105
MLR ,2019-03-24 01:43:52,105
MLR ,2019-03-24 02:43:52,105
MLR ,2019-03-24 03:43:54,105
MLR ,2019-03-24 04:43:59,105
MLR ,2019-03-24 05:43:53,105
MLR ,2019-03-24 06:43:53,105
MLR ,2019-03-24 07:43:53,105
MLR ,2019-03-24 08:43:51,105
MLR ,2019-03-24 09:43:58,105
MLR ,2019-03-24 10:43:55,105
MLR ,2019-03-24 11:43:49,105
MLR ,2019-03-24 12:43:50,105
MLR ,2019-03-24 13:43:55,105
MLR ,2019-03-24 14:43:51,105
MLR ,2019-03-24 15:43:52,105
MLR ,2019-03-24 16:43:51,105
MLR ,2019-03-24 17:43:51,105
MLR ,2019-03-24 18:43:52,105
MLR ,2019-03-24 19:43:52,105
MLR ,2019-03-24 20:43:53,105
MLR ,2019-03-24 21:43:59,105
MLR ,2019-03-24 22:43:53,105
MLR ,2019-03-24 23:43:53,105
MLR ,2019-03-25 00:43:52,105
MLR ,2019-03-25 01:43:52,105
MLR ,2019-03-25 02:43:54,105
MLR ,2019-03-25 03:44:02,105
MLR ,2019-03-25 04:43:53,105
MLR ,2019-03-25 05:43:53,105
MLR ,2019-03-25 06:43:52,105
MLR ,2019-03-25 07:43:52,105
MLR ,2019-03-25 08:43:54,105
MLR ,2019-03-25 09:43:51,105
MLR ,2019-03-25 10:43:53,105
MLR ,2019-03-25 11:44:02,105
MLR ,2019-03-25 13:07:57,105
MLR ,2019-03-25 13:43:59,105
MLR ,2019-03-25 14:43:53,104
MLR ,2019-03-25 15:43:54,104
MLR ,2019-03-25 16:43:53,104
MLR ,2019-03-25 17:43:54,104
MLR ,2019-03-25 18:43:55,104
MLR ,2019-03-25 19:43:58,105
MLR ,2019-03-25 20:43:53,105
MLR ,2019-03-25 21:43:52,105
MLR ,2019-03-25 22:44:03,105
MLR ,2019-03-25 23:44:02,105
MLR ,2019-03-26 00:43:56,105
MLR ,2019-03-26 01:43:55,105
MLR ,2019-03-26 02:43:55,105
MLR ,2019-03-26 03:43:55,105
MLR ,2019-03-26 04:43:53,105
MLR ,2019-03-26 05:43:54,105
MLR ,2019-03-26 06:43:52,105
MLR ,2019-03-26 07:43:52,105
MLR ,2019-03-26 08:43:51,105
MLR ,2019-03-26 09:43:51,105
MLR ,2019-03-26 10:43:56,105
MLR ,2019-03-26 11:43:52,105
MLR ,2019-03-26 12:43:54,105
MLR ,2019-03-26 13:44:02,105
MLR ,2019-03-26 14:43:50,105
MLR ,2019-03-26 15:44:02,106
MLR ,2019-03-26 16:43:58,107
MLR ,2019-03-26 17:43:54,107
MLR ,2019-03-26 18:43:58,107
MLR ,2019-03-26 19:44:02,107
MLR ,2019-03-26 20:43:55,106
MLR ,2019-03-26 21:43:54,106
MLR ,2019-03-26 22:43:54,106
MLR ,2019-03-26 23:43:53,106
MLR ,2019-03-27 00:43:58,106
MLR ,2019-03-27 01:43:53,106
MLR ,2019-03-27 02:43:52,106
MLR ,2019-03-27 03:43:59,106
MLR ,2019-03-27 04:43:56,106
MLR ,2019-03-27 05:43:55,106
MLR ,2019-03-27 06:44:01,106
MLR ,2019-03-27 07:43:52,106
MLR ,2019-03-27 08:43:52,106
MLR ,2019-03-27 09:43:53,106
MLR ,2019-03-27 10:43:58,106
MLR ,2019-03-27 11:43:52,106
MLR ,2019-03-27 13:08:36,106
MLR ,2019-03-27 13:43:55,106
MLR ,2019-03-27 14:44:01,106
MLR ,2019-03-27 15:43:53,106
MLR ,2019-03-27 16:43:55,106
MLR ,2019-03-27 17:44:05,106
MLR ,2019-03-27 18:43:53,106
MLR ,2019-03-27 19:43:51,106
MLR ,2019-03-27 20:43:58,106
MLR ,2019-03-27 21:43:53,106
MLR ,2019-03-27 22:44:05,106
MLR ,2019-03-27 23:43:57,106
MLR ,2019-03-28 00:43:56,106
MLR ,2019-03-28 01:43:54,106
MLR ,2019-03-28 02:44:05,106
MLR ,2019-03-28 03:43:55,106
MLR ,2019-03-28 04:43:59,106
MLR ,2019-03-28 05:43:54,106
MLR ,2019-03-28 06:43:51,106
MLR ,2019-03-28 07:43:52,106
MLR ,2019-03-28 08:43:51,106
MLR ,2019-03-28 09:43:52,106
MLR ,2019-03-28 10:43:52,106
MLR ,2019-03-28 11:43:51,106
MLR ,2019-03-28 13:08:25,106
MLR ,2019-03-28 13:43:58,106
MLR ,2019-03-28 14:43:53,107
MLR ,2019-03-28 15:43:55,107
MLR ,2019-03-28 16:43:56,107
MLR ,2019-03-28 17:43:54,107
MLR ,2019-03-28 18:43:54,107
MLR ,2019-03-28 19:43:53,107
MLR ,2019-03-28 20:43:57,107
MLR ,2019-03-28 21:43:55,107
MLR ,2019-03-28 22:43:53,107
MLR ,2019-03-28 23:43:54,107
MLR ,2019-03-29 00:43:53,107
MLR ,2019-03-29 01:44:10,107
MLR ,2019-03-29 02:43:59,107
MLR ,2019-03-29 03:44:02,107
MLR ,2019-03-29 04:43:58,107
MLR ,2019-03-29 05:43:52,107
MLR ,2019-03-29 06:43:51,107
MLR ,2019-03-29 07:43:52,107
MLR ,2019-03-29 08:43:58,107
MLR ,2019-03-29 09:43:53,107
MLR ,2019-03-29 10:43:54,107
MLR ,2019-03-29 11:43:57,107
MLR ,2019-03-29 13:08:56,107
MLR ,2019-03-29 13:43:54,107
MLR ,2019-03-29 14:43:56,107
MLR ,2019-03-29 15:43:56,107
MLR ,2019-03-29 16:43:50,107
MLR ,2019-03-29 17:43:58,106
MLR ,2019-03-29 18:44:10,106
MLR ,2019-03-29 19:43:58,106
MLR ,2019-03-29 20:43:57,106
MLR ,2019-03-29 21:43:56,106
MLR ,2019-03-29 22:44:02,106
MLR ,2019-03-29 23:44:09,106
MLR ,2019-03-30 00:44:01,106
MLR ,2019-03-30 01:43:59,106
MLR ,2019-03-30 02:44:02,106
MLR ,2019-03-30 03:44:01,106
MLR ,2019-03-30 04:44:02,106
MLR ,2019-03-30 05:43:56,106
MLR ,2019-03-30 06:43:56,106
MLR ,2019-03-30 07:43:56,106
MLR ,2019-03-30 08:44:18,106
MLR ,2019-03-30 09:43:58,106
MLR ,2019-03-30 10:43:59,106
MLR ,2019-03-30 11:43:57,106
MLR ,2019-03-30 12:44:04,106
MLR ,2019-03-30 13:43:52,106
MLR ,2019-03-30 14:43:52,106
MLR ,2019-03-30 15:43:52,106
MLR ,2019-03-30 16:43:51,106
MLR ,2019-03-30 17:43:59,106
MLR ,2019-03-30 18:43:51,106
MLR ,2019-03-30 19:43:52,106
MLR ,2019-03-30 20:43:51,106
MLR ,2019-03-30 21:43:52,106
MLR ,2019-03-30 22:43:59,106
MLR ,2019-03-30 23:43:52,106
MLR ,2019-03-31 00:43:53,106
MLR ,2019-03-31 01:43:55,106
MLR ,2019-03-31 02:44:00,106
MLR ,2019-03-31 03:43:54,106
MLR ,2019-03-31 04:43:52,106
MLR ,2019-03-31 05:43:51,106
MLR ,2019-03-31 06:44:00,106
MLR ,2019-03-31 07:43:53,106
MLR ,2019-03-31 08:43:51,106
MLR ,2019-03-31 09:43:51,106
MLR ,2019-03-31 10:43:56,106
MLR ,2019-03-31 11:43:52,106
MLR ,2019-03-31 12:43:52,106
MLR ,2019-03-31 13:43:56,106
MLR ,2019-03-31 14:43:51,106
MLR ,2019-03-31 15:43:52,106
MLR ,2019-03-31 16:43:54,106
MLR ,2019-03-31 17:44:03,106
MLR ,2019-03-31 18:43:52,106
MLR ,2019-03-31 19:43:53,106
MLR ,2019-03-31 20:43:52,106
MLR ,2019-03-31 21:43:53,106
MLR ,2019-03-31 22:43:52,106
MLR ,2019-03-31 23:43:56,106
MLR ,2019-04-01 00:43:59,106
MLR ,2019-04-01 01:43:56,106
MLR ,2019-04-01 02:43:59,106
MLR ,2019-04-01 03:44:08,106
MLR ,2019-04-01 04:43:55,106
MLR ,2019-04-01 05:43:54,106
MLR ,2019-04-01 06:43:54,106
MLR ,2019-04-01 07:44:00,106
MLR ,2019-04-01 08:43:54,106
MLR ,2019-04-01 09:43:55,106
MLR ,2019-04-01 10:44:01,106
MLR ,2019-04-01 11:43:59,106
MLR ,2019-04-01 13:44:03,106
MLR ,2019-04-01 14:44:00,106
MLR ,2019-04-01 15:44:11,106
MLR ,2019-04-01 16:44:06,106
MLR ,2019-04-01 17:43:58,105
MLR ,2019-04-01 18:43:55,105
MLR ,2019-04-01 19:44:09,105
MLR ,2019-04-01 20:43:56,104
MLR ,2019-04-01 21:43:52,104
MLR ,2019-04-01 22:43:58,104
MLR ,2019-04-01 23:43:56,104
MLR ,2019-04-02 00:44:02,104
MLR ,2019-04-02 01:43:54,104
MLR ,2019-04-02 02:43:57,104
MLR ,2019-04-02 03:44:05,104
MLR ,2019-04-02 04:43:57,104
MLR ,2019-04-02 05:43:54,104
MLR ,2019-04-02 06:43:53,104
MLR ,2019-04-02 07:43:59,104
MLR ,2019-04-02 08:43:55,104
MLR ,2019-04-02 09:44:00,104
MLR ,2019-04-02 10:43:54,104
MLR ,2019-04-02 11:43:53,104
MLR ,2019-04-02 13:08:34,104
MLR ,2019-04-02 13:43:56,104
MLR ,2019-04-02 14:43:52,104
MLR ,2019-04-02 15:44:05,104
MLR ,2019-04-02 16:43:54,104
MLR ,2019-04-02 17:44:03,104
MLR ,2019-04-02 18:43:58,104
MLR ,2019-04-02 19:43:59,105
MLR ,2019-04-02 20:44:05,106
MLR ,2019-04-02 21:43:58,106
MLR ,2019-04-02 22:43:57,106
MLR ,2019-04-02 23:43:58,106
MLR ,2019-04-03 00:44:12,106
MLR ,2019-04-03 01:43:59,106
MLR ,2019-04-03 02:43:56,106
MLR ,2019-04-03 03:44:00,106
MLR ,2019-04-03 04:44:00,106
MLR ,2019-04-03 05:44:01,106
MLR ,2019-04-03 06:44:02,106
MLR ,2019-04-03 07:43:57,106
MLR ,2019-04-03 08:43:56,106
MLR ,2019-04-03 09:44:13,106
MLR ,2019-04-03 10:44:02,106
MLR ,2019-04-03 11:43:59,106
MLR ,2019-04-03 13:08:37,106
MLR ,2019-04-03 13:43:57,106
MLR ,2019-04-03 14:44:04,106
MLR ,2019-04-03 15:44:06,107
MLR ,2019-04-03 16:43:56,107
MLR ,2019-04-03 17:43:54,107
MLR ,2019-04-03 18:43:55,107
MLR ,2019-04-03 19:43:57,107
MLR ,2019-04-03 20:43:59,107
MLR ,2019-04-03 21:43:55,107
MLR ,2019-04-03 22:43:54,107
MLR ,2019-04-03 23:44:02,107
MLR ,2019-04-04 00:43:53,107
MLR ,2019-04-04 01:43:56,107
MLR ,2019-04-04 02:43:56,107
MLR ,2019-04-04 03:44:01,107
MLR ,2019-04-04 04:43:52,107
MLR ,2019-04-04 05:43:52,107
MLR ,2019-04-04 06:43:52,107
MLR ,2019-04-04 07:43:55,107
MLR ,2019-04-04 08:44:00,107
MLR ,2019-04-04 09:43:53,107
MLR ,2019-04-04 10:43:54,107
MLR ,2019-04-04 11:44:00,107
MLR ,2019-04-04 12:43:54,107
MLR ,2019-04-04 13:43:54,107
MLR ,2019-04-04 14:44:04,107
MLR ,2019-04-04 15:43:56,107
MLR ,2019-04-04 16:44:04,107
MLR ,2019-04-04 17:43:53,107
MLR ,2019-04-04 18:44:00,106
MLR ,2019-04-04 19:43:55,106
MLR ,2019-04-04 20:43:54,106
MLR ,2019-04-04 21:43:59,106
MLR ,2019-04-04 22:44:07,106
MLR ,2019-04-04 23:43:55,106
MLR ,2019-04-05 00:43:56,106
MLR ,2019-04-05 01:43:53,106
MLR ,2019-04-05 02:43:54,106
MLR ,2019-04-05 03:44:09,106
MLR ,2019-04-05 04:43:56,106
MLR ,2019-04-05 05:43:54,106
MLR ,2019-04-05 06:43:53,106
MLR ,2019-04-05 07:43:54,106
MLR ,2019-04-05 08:44:06,106
MLR ,2019-04-05 09:43:55,106
MLR ,2019-04-05 10:44:03,106
MLR ,2019-04-05 11:43:54,106
MLR ,2019-04-05 13:08:03,106
MLR ,2019-04-05 13:43:59,106
MLR ,2019-04-05 14:43:58,106
MLR ,2019-04-05 15:44:03,106
MLR ,2019-04-05 16:43:54,106
MLR ,2019-04-05 17:43:55,106
MLR ,2019-04-05 18:43:58,106
MLR ,2019-04-05 19:43:55,106
MLR ,2019-04-05 20:43:55,105
MLR ,2019-04-05 21:44:00,105
MLR ,2019-04-05 22:43:56,105
MLR ,2019-04-05 23:44:00,105
MLR ,2019-04-06 00:43:58,105
MLR ,2019-04-06 01:44:11,105
MLR ,2019-04-06 02:44:01,105
MLR ,2019-04-06 03:44:00,105
MLR ,2019-04-06 04:44:05,105
MLR ,2019-04-06 05:43:56,105
MLR ,2019-04-06 06:43:56,105
MLR ,2019-04-06 07:43:58,105
MLR ,2019-04-06 08:44:08,105
MLR ,2019-04-06 09:43:56,105
MLR ,2019-04-06 10:43:56,105
MLR ,2019-04-06 11:43:58,105
MLR ,2019-04-06 12:43:57,105
MLR ,2019-04-06 13:43:54,105
MLR ,2019-04-06 14:43:54,105
MLR ,2019-04-06 15:44:02,105
MLR ,2019-04-06 16:43:55,105
MLR ,2019-04-06 17:43:55,105
MLR ,2019-04-06 18:43:56,105
MLR ,2019-04-06 19:43:55,105
MLR ,2019-04-06 20:43:53,105
MLR ,2019-04-06 21:44:05,105
MLR ,2019-04-06 22:43:55,105
MLR ,2019-04-06 23:43:54,105
MLR ,2019-04-07 00:43:55,105
MLR ,2019-04-07 01:43:52,105
MLR ,2019-04-07 02:43:57,105
MLR ,2019-04-07 03:44:03,105
MLR ,2019-04-07 04:43:57,105
MLR ,2019-04-07 05:43:56,105
MLR ,2019-04-07 06:43:58,105
MLR ,2019-04-07 07:44:06,105
MLR ,2019-04-07 08:43:58,105
MLR ,2019-04-07 09:44:01,105
MLR ,2019-04-07 10:43:54,105
MLR ,2019-04-07 11:44:02,105
MLR ,2019-04-07 12:43:58,105
MLR ,2019-04-07 13:44:03,105
MLR ,2019-04-07 14:43:55,105
MLR ,2019-04-07 15:43:59,105
MLR ,2019-04-07 16:44:02,105
MLR ,2019-04-07 17:43:56,105
MLR ,2019-04-07 18:43:56,105
MLR ,2019-04-07 19:43:56,105
MLR ,2019-04-07 20:44:03,105
MLR ,2019-04-07 21:43:54,105
MLR ,2019-04-07 22:43:55,105
MLR ,2019-04-07 23:43:53,105
MLR ,2019-04-08 00:44:07,105
MLR ,2019-04-08 01:43:57,105
MLR ,2019-04-08 02:43:56,105
MLR ,2019-04-08 03:43:56,105
MLR ,2019-04-08 04:43:52,105
MLR ,2019-04-08 05:44:05,105
MLR ,2019-04-08 06:43:53,105
MLR ,2019-04-08 07:43:53,105
MLR ,2019-04-08 08:43:54,105
MLR ,2019-04-08 09:43:55,105
MLR ,2019-04-08 10:43:55,105
MLR ,2019-04-08 11:44:08,105
MLR ,2019-04-08 12:43:54,105
MLR ,2019-04-08 13:44:03,105
MLR ,2019-04-08 14:43:53,106
MLR ,2019-04-08 15:44:00,106
MLR ,2019-04-08 16:44:09,106
MLR ,2019-04-08 17:43:56,106
MLR ,2019-04-08 18:43:56,106
MLR ,2019-04-08 19:43:56,106
MLR ,2019-04-08 20:43:56,106
MLR ,2019-04-08 21:43:59,106
MLR ,2019-04-08 22:43:58,106
MLR ,2019-04-08 23:43:55,106
MLR ,2019-04-09 00:44:03,106
MLR ,2019-04-09 01:43:57,106
MLR ,2019-04-09 02:44:00,106
MLR ,2019-04-09 03:43:58,106
MLR ,2019-04-09 04:43:56,106
MLR ,2019-04-09 05:44:01,106
MLR ,2019-04-09 06:43:57,106
MLR ,2019-04-09 07:43:56,106
MLR ,2019-04-09 08:43:59,106
MLR ,2019-04-09 09:44:10,106
MLR ,2019-04-09 10:43:55,106
MLR ,2019-04-09 11:43:58,106
MLR ,2019-04-09 13:09:14,106
MLR ,2019-04-09 13:43:56,106
MLR ,2019-04-09 14:43:55,105
MLR ,2019-04-09 15:44:11,105
MLR ,2019-04-09 16:43:58,105
MLR ,2019-04-09 17:43:56,106
MLR ,2019-04-09 18:43:57,106
MLR ,2019-04-09 19:43:57,106
MLR ,2019-04-09 20:43:57,106
MLR ,2019-04-09 21:43:57,106
MLR ,2019-04-09 22:43:56,106
MLR ,2019-04-09 23:44:05,106
MLR ,2019-04-10 00:43:58,106
MLR ,2019-04-10 01:43:58,106
MLR ,2019-04-10 02:43:59,106
MLR ,2019-04-10 03:44:03,106
MLR ,2019-04-10 04:44:05,106
MLR ,2019-04-10 05:43:56,106
MLR ,2019-04-10 06:43:56,106
MLR ,2019-04-10 07:43:55,106
MLR ,2019-04-10 08:44:04,106
MLR ,2019-04-10 09:43:57,106
MLR ,2019-04-10 10:43:57,106
MLR ,2019-04-10 11:43:59,106
MLR ,2019-04-10 12:44:08,106
MLR ,2019-04-10 13:44:09,106
MLR ,2019-04-10 14:43:57,106
MLR ,2019-04-10 15:44:00,106
MLR ,2019-04-10 16:43:58,106
MLR ,2019-04-10 17:43:59,106
MLR ,2019-04-10 18:44:03,106
MLR ,2019-04-10 19:44:00,106
MLR ,2019-04-10 20:43:56,106
MLR ,2019-04-10 21:43:54,106
MLR ,2019-04-10 22:43:54,106
MLR ,2019-04-10 23:44:06,106
MLR ,2019-04-11 00:43:56,106
MLR ,2019-04-11 01:43:53,106
MLR ,2019-04-11 02:43:57,106
MLR ,2019-04-11 03:44:00,106
MLR ,2019-04-11 04:44:00,106
MLR ,2019-04-11 05:43:59,106
MLR ,2019-04-11 06:43:54,106
MLR ,2019-04-11 18:44:04,106
MLR ,2019-04-11 19:44:13,106
MLR ,2019-04-11 20:43:58,106
MLR ,2019-04-11 21:43:58,106
MLR ,2019-04-11 22:43:57,106
MLR ,2019-04-11 23:43:58,106
MLR ,2019-04-12 00:43:57,106
MLR ,2019-04-12 01:44:00,106
MLR ,2019-04-12 02:44:06,106
MLR ,2019-04-12 03:44:00,106
MLR ,2019-04-12 04:43:58,106
MLR ,2019-04-12 05:43:59,106
MLR ,2019-04-12 06:43:56,106
MLR ,2019-04-12 07:43:56,106
MLR ,2019-04-12 08:43:57,106
MLR ,2019-04-12 09:44:03,106
MLR ,2019-04-12 10:43:56,106
MLR ,2019-04-12 11:43:56,106
MLR ,2019-04-12 13:07:42,106
MLR ,2019-04-12 13:43:59,106
MLR ,2019-04-12 14:43:55,106
MLR ,2019-04-12 15:44:03,106
MLR ,2019-04-12 16:44:01,105
MLR ,2019-04-12 17:43:57,105
MLR ,2019-04-12 18:43:57,105
MLR ,2019-04-12 19:43:57,105
MLR ,2019-04-12 20:43:57,105
MLR ,2019-04-12 21:43:56,105
MLR ,2019-04-12 22:44:08,105
MLR ,2019-04-12 23:43:56,105
MLR ,2019-04-13 00:44:00,105
MLR ,2019-04-13 01:43:58,105
MLR ,2019-04-13 02:43:59,105
MLR ,2019-04-13 03:44:12,105
MLR ,2019-04-13 04:44:00,105
MLR ,2019-04-13 05:43:58,105
MLR ,2019-04-13 06:43:59,105
MLR ,2019-04-13 07:43:54,105
MLR ,2019-04-13 08:43:57,105
MLR ,2019-04-13 09:44:02,105
MLR ,2019-04-13 10:43:55,105
MLR ,2019-04-13 11:43:58,105
MLR ,2019-04-13 12:43:57,105
MLR ,2019-04-13 13:43:57,105
MLR ,2019-04-13 14:44:02,105
MLR ,2019-04-13 15:44:00,105
MLR ,2019-04-13 16:43:59,105
MLR ,2019-04-13 17:43:55,105
MLR ,2019-04-13 18:43:58,105
MLR ,2019-04-13 19:43:58,105
MLR ,2019-04-13 20:43:57,105
MLR ,2019-04-13 21:44:03,105
MLR ,2019-04-13 22:43:57,105
MLR ,2019-04-13 23:43:56,105
MLR ,2019-04-14 00:43:59,105
MLR ,2019-04-14 01:44:02,105
MLR ,2019-04-14 02:43:57,105
MLR ,2019-04-14 03:43:57,105
MLR ,2019-04-14 04:44:07,105
MLR ,2019-04-14 05:43:57,105
MLR ,2019-04-14 06:43:58,105
MLR ,2019-04-14 07:44:01,105
MLR ,2019-04-14 08:43:57,105
MLR ,2019-04-14 09:44:00,105
MLR ,2019-04-14 10:43:54,105
MLR ,2019-04-14 11:44:01,105
MLR ,2019-04-14 12:43:55,105
MLR ,2019-04-14 13:43:59,105
MLR ,2019-04-14 14:44:06,105
MLR ,2019-04-14 15:44:01,105
MLR ,2019-04-14 16:44:02,105
MLR ,2019-04-14 17:43:58,105
MLR ,2019-04-14 18:44:29,105
MLR ,2019-04-14 19:44:00,105
MLR ,2019-04-14 20:44:02,105
MLR ,2019-04-14 21:44:09,105
MLR ,2019-04-14 22:43:58,105
MLR ,2019-04-14 23:44:00,105
MLR ,2019-04-15 00:43:58,105
MLR ,2019-04-15 01:43:57,105
MLR ,2019-04-15 02:43:59,105
MLR ,2019-04-15 03:44:10,105
MLR ,2019-04-15 04:43:59,105
MLR ,2019-04-15 05:43:59,105
MLR ,2019-04-15 06:43:55,105
MLR ,2019-04-15 07:43:57,105
MLR ,2019-04-15 08:44:02,105
MLR ,2019-04-15 09:43:55,105
MLR ,2019-04-15 10:43:56,105
MLR ,2019-04-15 11:43:57,105
MLR ,2019-04-15 13:09:39,105
MLR ,2019-04-15 13:43:56,105
MLR ,2019-04-15 14:43:59,105
MLR ,2019-04-15 15:44:06,105
MLR ,2019-04-15 16:43:57,105
MLR ,2019-04-15 17:44:03,105
MLR ,2019-04-15 18:44:03,104
MLR ,2019-04-15 19:44:18,104
MLR ,2019-04-15 20:43:58,104
MLR ,2019-04-15 21:43:58,104
MLR ,2019-04-15 22:44:00,104
MLR ,2019-04-15 23:44:05,104
MLR ,2019-04-16 00:44:00,104
MLR ,2019-04-16 01:43:58,104
MLR ,2019-04-16 02:44:00,104
MLR ,2019-04-16 03:44:04,104
MLR ,2019-04-16 04:43:59,104
MLR ,2019-04-16 05:43:57,104
MLR ,2019-04-16 06:43:57,104
MLR ,2019-04-16 07:43:55,104
MLR ,2019-04-16 08:44:11,104
MLR ,2019-04-16 09:43:57,104
MLR ,2019-04-16 10:44:05,104
MLR ,2019-04-16 11:43:56,104
MLR ,2019-04-16 13:08:00,104
MLR ,2019-04-16 13:43:58,104
MLR ,2019-04-16 14:44:03,104
MLR ,2019-04-16 15:43:56,104
MLR ,2019-04-16 16:43:56,104
MLR ,2019-04-16 17:43:54,104
MLR ,2019-04-16 18:44:04,105
MLR ,2019-04-16 19:43:57,104
MLR ,2019-04-16 20:43:58,104
MLR ,2019-04-16 21:43:54,104
MLR ,2019-04-16 22:43:55,104
MLR ,2019-04-16 23:43:56,104
MLR ,2019-04-17 00:43:56,104
MLR ,2019-04-17 01:43:59,104
MLR ,2019-04-17 02:44:05,104
MLR ,2019-04-17 03:43:57,104
MLR ,2019-04-17 04:43:57,104
MLR ,2019-04-17 05:43:57,104
MLR ,2019-04-17 06:44:13,104
MLR ,2019-04-17 07:43:58,104
MLR ,2019-04-17 08:43:55,104
MLR ,2019-04-17 09:44:03,104
MLR ,2019-04-17 10:43:55,104
MLR ,2019-04-17 11:43:57,104
MLR ,2019-04-17 13:09:04,104
MLR ,2019-04-17 13:44:00,104
MLR ,2019-04-17 14:43:58,104
MLR ,2019-04-17 15:44:24,104
MLR ,2019-04-17 16:43:59,104
MLR ,2019-04-17 17:44:05,104
MLR ,2019-04-17 18:43:58,104
MLR ,2019-04-17 19:43:57,104
MLR ,2019-04-17 20:43:59,104
MLR ,2019-04-17 21:43:57,104
MLR ,2019-04-17 22:43:59,104
MLR ,2019-04-18 00:43:57,104
MLR ,2019-04-18 01:44:00,104
MLR ,2019-04-18 02:43:57,104
MLR ,2019-04-18 03:44:09,104
MLR ,2019-04-18 04:44:00,104
MLR ,2019-04-18 05:44:05,104
MLR ,2019-04-18 06:43:58,104
MLR ,2019-04-18 07:43:57,104
MLR ,2019-04-18 08:44:04,104
MLR ,2019-04-18 09:43:57,104
MLR ,2019-04-18 10:43:59,104
MLR ,2019-04-18 11:44:02,104
MLR ,2019-04-18 13:09:00,104
MLR ,2019-04-18 13:43:59,104
MLR ,2019-04-18 14:44:05,105
MLR ,2019-04-18 15:43:58,104
MLR ,2019-04-18 16:44:01,104
MLR ,2019-04-18 17:44:06,105
MLR ,2019-04-18 18:43:58,105
MLR ,2019-04-18 19:43:57,105
MLR ,2019-04-18 20:43:58,105
MLR ,2019-04-18 21:44:00,105
MLR ,2019-04-18 22:43:58,105
MLR ,2019-04-18 23:44:04,105
MLR ,2019-04-19 00:45:31,105
MLR ,2019-04-19 02:43:57,105
MLR ,2019-04-19 03:44:08,105
MLR ,2019-04-19 04:43:57,105
MLR ,2019-04-19 05:43:56,105
MLR ,2019-04-19 06:43:58,105
MLR ,2019-04-19 07:44:03,105
MLR ,2019-04-19 08:44:01,105
MLR ,2019-04-19 09:43:57,105
MLR ,2019-04-19 10:44:00,105
MLR ,2019-04-19 11:43:55,105
MLR ,2019-04-19 12:43:57,105
MLR ,2019-04-19 13:44:01,105
MLR ,2019-04-19 14:44:02,105
MLR ,2019-04-19 15:43:56,105
MLR ,2019-04-19 16:43:59,105
MLR ,2019-04-19 17:44:06,105
MLR ,2019-04-19 18:43:58,105
MLR ,2019-04-19 19:43:57,105
MLR ,2019-04-19 20:43:57,105
MLR ,2019-04-19 21:43:57,105
MLR ,2019-04-19 22:43:57,105
MLR ,2019-04-19 23:43:59,105
MLR ,2019-04-20 00:44:05,105
MLR ,2019-04-20 01:44:00,105
MLR ,2019-04-20 02:43:59,105
MLR ,2019-04-20 03:43:57,105
MLR ,2019-04-20 04:44:05,105
MLR ,2019-04-20 05:43:58,105
MLR ,2019-04-20 06:43:57,105
MLR ,2019-04-20 07:44:01,105
MLR ,2019-04-20 08:43:58,105
MLR ,2019-04-20 09:44:03,105
MLR ,2019-04-20 10:43:58,105
MLR ,2019-04-20 11:43:54,105
MLR ,2019-04-20 12:44:09,105
MLR ,2019-04-20 13:45:06,105
MLR ,2019-04-20 14:43:57,105
MLR ,2019-04-20 15:43:55,105
MLR ,2019-04-20 16:44:02,105
MLR ,2019-04-20 17:44:01,105
MLR ,2019-04-20 18:43:56,105
MLR ,2019-04-20 19:43:57,105
MLR ,2019-04-20 20:43:57,105
MLR ,2019-04-20 21:43:56,105
MLR ,2019-04-20 22:43:57,105
MLR ,2019-04-20 23:44:05,105
MLR ,2019-04-21 00:43:56,105
MLR ,2019-04-21 01:43:57,105
MLR ,2019-04-21 02:43:59,105
MLR ,2019-04-21 03:43:58,105
MLR ,2019-04-21 04:44:01,105
MLR ,2019-04-21 05:43:57,105
MLR ,2019-04-21 06:43:55,105
MLR ,2019-04-21 07:44:03,105
MLR ,2019-04-21 08:43:55,105
MLR ,2019-04-21 09:43:55,105
MLR ,2019-04-21 10:43:58,105
MLR ,2019-04-21 11:43:59,105
MLR ,2019-04-21 12:43:56,105
MLR ,2019-04-21 13:43:56,105
MLR ,2019-04-21 14:44:05,105
MLR ,2019-04-21 15:43:57,105
MLR ,2019-04-21 16:43:58,105
MLR ,2019-04-21 17:43:58,105
MLR ,2019-04-21 18:43:56,105
MLR ,2019-04-21 19:44:05,105
MLR ,2019-04-21 20:43:55,105
MLR ,2019-04-21 21:43:57,105
MLR ,2019-04-21 22:43:55,105
MLR ,2019-04-21 23:43:56,105
MLR ,2019-04-22 00:43:56,105
MLR ,2019-04-22 01:44:00,105
MLR ,2019-04-22 02:44:08,105
MLR ,2019-04-22 03:43:58,105
MLR ,2019-04-22 04:43:54,105
MLR ,2019-04-22 05:43:56,105
MLR ,2019-04-22 06:44:00,105
MLR ,2019-04-22 07:43:59,105
MLR ,2019-04-22 08:43:56,105
MLR ,2019-04-22 09:43:55,105
MLR ,2019-04-22 10:44:02,105
MLR ,2019-04-22 11:44:01,105
MLR ,2019-04-22 13:09:32,105
MLR ,2019-04-22 13:44:01,105
MLR ,2019-04-22 14:44:02,109
MLR ,2019-04-22 15:43:58,109
MLR ,2019-04-22 16:43:57,109
MLR ,2019-04-22 17:44:00,109
MLR ,2019-04-22 18:44:02,109
MLR ,2019-04-22 19:44:01,109
MLR ,2019-04-22 20:43:57,110
MLR ,2019-04-22 21:43:58,110
MLR ,2019-04-22 22:43:58,110
MLR ,2019-04-22 23:44:02,110
MLR ,2019-04-23 00:44:01,110
MLR ,2019-04-23 01:43:56,110
MLR ,2019-04-23 02:43:57,110
MLR ,2019-04-23 03:44:01,110
MLR ,2019-04-23 04:44:03,110
MLR ,2019-04-23 05:43:58,110
MLR ,2019-04-23 06:44:34,110
MLR ,2019-04-23 07:43:57,110
MLR ,2019-04-23 08:43:54,110
MLR ,2019-04-23 09:43:57,110
MLR ,2019-04-23 10:44:01,110
MLR ,2019-04-23 11:44:01,110
MLR ,2019-04-23 13:10:03,110
MLR ,2019-04-23 13:43:57,110
MLR ,2019-04-23 14:43:56,110
MLR ,2019-04-23 15:44:02,110
MLR ,2019-04-23 16:43:58,110
MLR ,2019-04-23 17:43:58,110
MLR ,2019-04-23 18:43:56,110
MLR ,2019-04-23 19:43:59,110
MLR ,2019-04-23 20:44:08,110
MLR ,2019-04-23 21:44:00,110
MLR ,2019-04-23 22:43:57,110
MLR ,2019-04-23 23:43:59,110
MLR ,2019-04-24 00:43:56,110
MLR ,2019-04-24 01:43:58,110
MLR ,2019-04-24 02:44:04,110
MLR ,2019-04-24 03:43:59,110
MLR ,2019-04-24 04:43:58,110
MLR ,2019-04-24 05:43:55,110
MLR ,2019-04-24 06:43:59,110
MLR ,2019-04-24 07:44:04,110
MLR ,2019-04-24 08:43:57,110
MLR ,2019-04-24 09:43:58,110
MLR ,2019-04-24 10:44:03,110
MLR ,2019-04-24 11:44:04,110
MLR ,2019-04-24 12:43:57,110
MLR ,2019-04-24 13:44:15,110
MLR ,2019-04-24 14:44:02,110
MLR ,2019-04-24 15:44:01,110
MLR ,2019-04-24 16:44:00,110
MLR ,2019-04-24 17:44:02,110
MLR ,2019-04-24 18:44:13,110
MLR ,2019-04-24 19:44:00,110
MLR ,2019-04-24 20:44:01,110
MLR ,2019-04-24 21:43:59,110
MLR ,2019-04-24 22:43:57,110
MLR ,2019-04-24 23:44:09,110
MLR ,2019-04-25 00:44:00,110
MLR ,2019-04-25 01:43:59,110
MLR ,2019-04-25 02:43:59,110
MLR ,2019-04-25 03:44:08,110
MLR ,2019-04-25 04:43:58,110
MLR ,2019-04-25 05:43:58,110
MLR ,2019-04-25 06:44:03,110
MLR ,2019-04-25 07:43:57,110
MLR ,2019-04-25 08:44:02,110
MLR ,2019-04-25 09:43:57,110
MLR ,2019-04-25 10:44:02,110
MLR ,2019-04-25 11:44:02,110
MLR ,2019-04-25 13:08:34,110
MLR ,2019-04-25 13:43:59,110
MLR ,2019-04-25 14:44:05,110
MLR ,2019-04-25 15:43:58,110
MLR ,2019-04-25 16:44:03,110
MLR ,2019-04-25 17:43:56,110
MLR ,2019-04-25 18:43:56,110
MLR ,2019-04-25 19:44:02,110
MLR ,2019-04-25 20:43:56,110
MLR ,2019-04-25 21:44:04,110
MLR ,2019-04-25 22:43:56,110
MLR ,2019-04-25 23:43:55,110
MLR ,2019-04-26 00:43:59,110
MLR ,2019-04-26 01:44:04,110
MLR ,2019-04-26 02:43:58,110
MLR ,2019-04-26 03:43:59,110
MLR ,2019-04-26 04:44:00,110
MLR ,2019-04-26 05:44:01,110
MLR ,2019-04-26 06:44:00,110
MLR ,2019-04-26 07:43:56,110
MLR ,2019-04-26 08:44:04,110
MLR ,2019-04-26 09:43:55,110
MLR ,2019-04-26 10:44:06,110
MLR ,2019-04-26 11:43:56,110
MLR ,2019-04-26 12:43:58,110
MLR ,2019-04-26 13:44:04,110
MLR ,2019-04-26 14:43:57,109
MLR ,2019-04-26 15:44:04,109
MLR ,2019-04-26 16:43:56,109
MLR ,2019-04-26 17:43:58,109
MLR ,2019-04-26 18:43:58,109
MLR ,2019-04-26 19:43:56,109
MLR ,2019-04-26 20:44:03,109
MLR ,2019-04-26 21:43:57,109
MLR ,2019-04-26 22:43:56,109
MLR ,2019-04-26 23:43:58,109
MLR ,2019-04-27 00:43:58,109
MLR ,2019-04-27 01:44:02,109
MLR ,2019-04-27 02:43:57,109
MLR ,2019-04-27 03:43:57,109
MLR ,2019-04-27 04:43:55,109
MLR ,2019-04-27 05:43:59,109
MLR ,2019-04-27 06:44:02,109
MLR ,2019-04-27 07:43:55,109
MLR ,2019-04-27 08:43:55,109
MLR ,2019-04-27 09:44:01,109
MLR ,2019-04-27 10:43:58,109
MLR ,2019-04-27 11:43:54,109
MLR ,2019-04-27 12:43:56,109
MLR ,2019-04-27 13:44:00,109
MLR ,2019-04-27 14:43:56,109
MLR ,2019-04-27 15:43:54,109
MLR ,2019-04-27 16:43:57,109
MLR ,2019-04-27 17:44:05,109
MLR ,2019-04-27 18:43:57,109
MLR ,2019-04-27 19:43:54,109
MLR ,2019-04-27 20:43:58,109
MLR ,2019-04-27 21:43:59,109
MLR ,2019-04-27 22:43:55,109
MLR ,2019-04-27 23:43:55,109
MLR ,2019-04-28 00:43:55,109
MLR ,2019-04-28 01:43:57,109
MLR ,2019-04-28 02:43:56,109
MLR ,2019-04-28 03:43:55,109
MLR ,2019-04-28 04:44:04,109
MLR ,2019-04-28 05:43:56,109
MLR ,2019-04-28 06:43:55,109
MLR ,2019-04-28 07:43:55,109
MLR ,2019-04-28 08:44:00,109
MLR ,2019-04-28 09:43:55,109
MLR ,2019-04-28 10:44:00,109
MLR ,2019-04-28 11:43:58,109
MLR ,2019-04-28 12:43:55,109
MLR ,2019-04-28 13:43:55,109
MLR ,2019-04-28 14:44:00,109
MLR ,2019-04-28 15:43:57,109
MLR ,2019-04-28 16:43:54,109
MLR ,2019-04-28 17:43:56,109
MLR ,2019-04-28 18:43:57,109
MLR ,2019-04-28 19:47:09,109
MLR ,2019-04-28 20:43:55,109
MLR ,2019-04-28 21:43:58,109
MLR ,2019-04-28 22:43:56,109
MLR ,2019-04-28 23:43:58,109
MLR ,2019-04-29 00:44:02,109
MLR ,2019-04-29 01:43:54,109
MLR ,2019-04-29 02:43:54,109
MLR ,2019-04-29 03:43:58,109
MLR ,2019-04-29 04:44:00,109
MLR ,2019-04-29 05:43:55,109
MLR ,2019-04-29 06:43:55,109
MLR ,2019-04-29 07:43:56,109
MLR ,2019-04-29 08:44:00,109
MLR ,2019-04-29 09:43:59,109
MLR ,2019-04-29 10:43:54,109
MLR ,2019-04-29 11:43:55,109
MLR ,2019-04-29 12:44:02,109
MLR ,2019-04-29 13:43:55,109
MLR ,2019-04-29 14:44:01,110
MLR ,2019-04-29 15:43:55,110
MLR ,2019-04-29 16:43:59,110
MLR ,2019-04-29 17:43:58,110
MLR ,2019-04-29 18:43:58,110
MLR ,2019-04-29 19:44:00,111
MLR ,2019-04-29 20:44:07,111
MLR ,2019-04-29 21:43:56,111
MLR ,2019-04-29 22:43:55,111
MLR ,2019-04-29 23:43:58,111
MLR ,2019-04-30 00:43:56,111
MLR ,2019-04-30 01:43:58,111
MLR ,2019-04-30 02:44:02,111
MLR ,2019-04-30 03:44:04,111
MLR ,2019-04-30 04:43:59,111
MLR ,2019-04-30 05:44:00,111
MLR ,2019-04-30 06:43:58,111
MLR ,2019-04-30 07:43:58,111
MLR ,2019-04-30 08:43:59,111
MLR ,2019-04-30 09:44:05,111
MLR ,2019-04-30 10:44:00,111
MLR ,2019-04-30 11:43:58,111
MLR ,2019-04-30 13:08:02,111
MLR ,2019-04-30 13:44:01,111
MLR ,2019-04-30 14:44:01,111
MLR ,2019-04-30 15:44:01,109
MLR ,2019-04-30 16:44:02,109
MLR ,2019-04-30 17:44:07,109
MLR ,2019-04-30 18:43:59,109
MLR ,2019-04-30 19:44:03,109
MLR ,2019-04-30 20:43:59,109
MLR ,2019-04-30 21:43:59,109
MLR ,2019-04-30 22:43:55,109
MLR ,2019-04-30 23:44:03,109
MLR ,2019-05-01 00:43:55,109
MLR ,2019-05-01 01:44:06,109
MLR ,2019-05-01 02:44:00,109
MLR ,2019-05-01 03:44:07,109
MLR ,2019-05-01 04:44:05,109
MLR ,2019-05-01 05:44:02,109
MLR ,2019-05-01 06:43:57,109
MLR ,2019-05-01 07:44:01,109
MLR ,2019-05-01 08:44:01,109
MLR ,2019-05-01 09:44:01,109
MLR ,2019-05-01 10:43:57,109
MLR ,2019-05-01 11:44:00,109
MLR ,2019-05-01 13:08:02,109
MLR ,2019-05-01 13:44:02,109
MLR ,2019-05-01 14:43:54,110
MLR ,2019-05-01 15:44:03,110
MLR ,2019-05-01 16:43:59,110
MLR ,2019-05-01 17:43:56,110
MLR ,2019-05-01 18:44:02,110
MLR ,2019-05-01 19:44:07,111
MLR ,2019-05-01 20:44:04,111
MLR ,2019-05-01 21:44:00,111
MLR ,2019-05-01 22:44:03,111
MLR ,2019-05-01 23:44:04,111
MLR ,2019-05-02 00:44:05,111
MLR ,2019-05-02 01:44:00,111
MLR ,2019-05-02 02:44:07,111
MLR ,2019-05-02 03:44:01,111
MLR ,2019-05-02 04:44:06,111
MLR ,2019-05-02 05:44:09,111
MLR ,2019-05-02 06:44:07,111
MLR ,2019-05-02 07:44:03,111
MLR ,2019-05-02 08:44:03,111
MLR ,2019-05-02 09:44:00,111
MLR ,2019-05-02 10:44:04,111
MLR ,2019-05-02 11:43:59,111
MLR ,2019-05-02 13:44:10,111
MLR ,2019-05-02 14:43:59,111
MLR ,2019-05-02 15:44:00,111
MLR ,2019-05-02 16:44:06,111
MLR ,2019-05-02 17:44:00,111
MLR ,2019-05-02 18:44:00,111
MLR ,2019-05-02 19:44:08,111
MLR ,2019-05-02 20:44:01,111
MLR ,2019-05-02 21:44:04,111
MLR ,2019-05-02 22:44:10,111
MLR ,2019-05-02 23:43:59,111
MLR ,2019-05-03 00:44:01,111
MLR ,2019-05-03 01:44:11,111
MLR ,2019-05-03 02:44:02,111
MLR ,2019-05-03 03:44:09,111
MLR ,2019-05-03 04:44:01,111
MLR ,2019-05-03 05:44:18,111
MLR ,2019-05-03 06:44:04,111
MLR ,2019-05-03 07:44:05,111
MLR ,2019-05-03 08:44:05,111
MLR ,2019-05-03 09:44:04,111
MLR ,2019-05-03 10:44:09,111
MLR ,2019-05-03 11:44:03,111
MLR ,2019-05-03 13:07:14,111
MLR ,2019-05-03 13:44:15,111
MLR ,2019-05-03 14:44:08,111
MLR ,2019-05-03 15:44:06,111
MLR ,2019-05-03 16:44:05,111
MLR ,2019-05-03 17:44:08,111
MLR ,2019-05-03 18:44:15,111
MLR ,2019-05-03 19:44:11,111
MLR ,2019-05-03 20:44:00,111
MLR ,2019-05-03 21:44:13,111
MLR ,2019-05-03 22:44:01,111
MLR ,2019-05-03 23:44:09,111
MLR ,2019-05-04 00:44:05,111
MLR ,2019-05-04 01:44:07,111
MLR ,2019-05-04 02:44:10,111
MLR ,2019-05-04 03:44:15,111
MLR ,2019-05-04 04:44:07,111
MLR ,2019-05-04 05:44:05,111
MLR ,2019-05-04 06:44:08,111
MLR ,2019-05-04 07:44:07,111
MLR ,2019-05-04 08:44:00,111
MLR ,2019-05-04 09:44:04,111
MLR ,2019-05-04 10:43:59,111
MLR ,2019-05-04 11:44:05,111
MLR ,2019-05-04 12:44:08,111
MLR ,2019-05-04 13:44:08,111
MLR ,2019-05-04 14:44:01,111
MLR ,2019-05-04 15:44:02,111
MLR ,2019-05-04 16:44:05,111
MLR ,2019-05-04 17:44:00,111
MLR ,2019-05-04 18:44:00,111
MLR ,2019-05-04 19:44:04,111
MLR ,2019-05-04 20:43:59,111
MLR ,2019-05-04 21:44:01,111
MLR ,2019-05-04 22:44:03,111
MLR ,2019-05-04 23:44:07,111
MLR ,2019-05-05 00:44:03,111
MLR ,2019-05-05 01:44:08,111
MLR ,2019-05-05 02:44:01,111
MLR ,2019-05-05 03:44:05,111
MLR ,2019-05-05 04:44:07,111
MLR ,2019-05-05 05:44:08,111
MLR ,2019-05-05 06:44:08,111
MLR ,2019-05-05 07:44:03,111
MLR ,2019-05-05 08:43:58,111
MLR ,2019-05-05 09:43:59,111
MLR ,2019-05-05 10:44:02,111
MLR ,2019-05-05 11:44:03,111
MLR ,2019-05-05 12:44:02,111
MLR ,2019-05-05 13:44:03,111
MLR ,2019-05-05 14:44:04,111
MLR ,2019-05-05 15:44:01,111
MLR ,2019-05-05 16:44:00,111
MLR ,2019-05-05 17:44:08,111
MLR ,2019-05-05 18:44:01,111
MLR ,2019-05-05 19:43:59,111
MLR ,2019-05-05 20:44:01,111
MLR ,2019-05-05 21:44:01,111
MLR ,2019-05-05 22:44:04,111
MLR ,2019-05-05 23:44:05,111
MLR ,2019-05-06 00:44:00,111
MLR ,2019-05-06 01:44:00,111
MLR ,2019-05-06 02:44:00,111
MLR ,2019-05-06 03:44:05,111
MLR ,2019-05-06 04:43:58,111
MLR ,2019-05-06 05:43:58,111
MLR ,2019-05-06 06:43:59,111
MLR ,2019-05-06 07:44:04,111
MLR ,2019-05-06 08:44:00,111
MLR ,2019-05-06 09:43:57,111
MLR ,2019-05-06 10:44:03,111
MLR ,2019-05-06 11:44:03,111
MLR ,2019-05-06 13:09:15,111
MLR ,2019-05-06 13:44:16,111
MLR ,2019-05-06 14:44:16,111
MLR ,2019-05-06 15:44:00,111
MLR ,2019-05-06 16:44:04,111
MLR ,2019-05-06 17:35:55,111
MLR ,2019-05-06 17:44:00,111
MLR ,2019-05-06 18:44:03,111
MLR ,2019-05-06 19:44:05,111
MLR ,2019-05-06 20:43:57,111
MLR ,2019-05-06 21:43:58,111
MLR ,2019-05-06 22:44:02,111
MLR ,2019-05-06 23:43:57,111
MLR ,2019-05-07 00:43:59,111
MLR ,2019-05-07 01:44:09,111
MLR ,2019-05-07 02:43:59,111
MLR ,2019-05-07 03:44:03,111
MLR ,2019-05-07 04:44:01,111
MLR ,2019-05-07 05:43:59,111
MLR ,2019-05-07 06:43:57,111
MLR ,2019-05-07 07:43:59,111
MLR ,2019-05-07 08:43:56,111
MLR ,2019-05-07 09:44:02,111
MLR ,2019-05-07 10:43:59,111
MLR ,2019-05-07 11:43:56,111
MLR ,2019-05-07 12:44:05,111
MLR ,2019-05-07 13:44:02,111
MLR ,2019-05-07 14:43:57,111
MLR ,2019-05-07 15:43:56,111
MLR ,2019-05-07 16:44:03,111
MLR ,2019-05-07 17:44:02,111
MLR ,2019-05-07 18:43:59,112
MLR ,2019-05-07 19:44:04,112
MLR ,2019-05-07 20:44:00,112
MLR ,2019-05-07 21:43:58,112
MLR ,2019-05-07 22:43:58,112
MLR ,2019-05-07 23:44:03,112
MLR ,2019-05-08 00:43:58,112
MLR ,2019-05-08 01:43:59,112
MLR ,2019-05-08 02:44:00,112
MLR ,2019-05-08 03:44:05,112
MLR ,2019-05-08 04:43:59,112
MLR ,2019-05-08 05:44:00,112
MLR ,2019-05-08 06:44:00,112
MLR ,2019-05-08 07:43:58,112
MLR ,2019-05-08 08:43:56,112
MLR ,2019-05-08 09:44:05,112
MLR ,2019-05-08 10:43:57,112
MLR ,2019-05-08 11:44:01,112
MLR ,2019-05-08 13:08:05,112
MLR ,2019-05-08 13:44:01,112
MLR ,2019-05-08 14:44:05,112
MLR ,2019-05-08 15:44:04,112
MLR ,2019-05-08 16:44:02,112
MLR ,2019-05-08 17:44:03,112
MLR ,2019-05-08 18:44:08,112
MLR ,2019-05-08 19:44:00,113
MLR ,2019-05-08 20:43:58,113
MLR ,2019-05-08 21:44:01,113
MLR ,2019-05-08 22:43:58,113
MLR ,2019-05-08 23:44:10,113
MLR ,2019-05-09 00:44:00,113
MLR ,2019-05-09 01:44:02,113
MLR ,2019-05-09 02:44:03,113
MLR ,2019-05-09 03:44:09,113
MLR ,2019-05-09 04:44:09,113
MLR ,2019-05-09 05:44:01,113
MLR ,2019-05-09 06:44:06,113
MLR ,2019-05-09 07:44:04,113
MLR ,2019-05-09 08:44:02,113
MLR ,2019-05-09 09:44:08,113
MLR ,2019-05-09 10:44:00,113
MLR ,2019-05-09 11:44:05,113
MLR ,2019-05-09 13:07:35,113
MLR ,2019-05-09 13:44:01,113
MLR ,2019-05-09 14:44:02,112
MLR ,2019-05-09 15:44:05,112
MLR ,2019-05-09 16:44:01,112
MLR ,2019-05-09 17:44:08,113
MLR ,2019-05-09 18:44:01,113
MLR ,2019-05-09 19:44:02,113
MLR ,2019-05-09 20:44:01,113
MLR ,2019-05-09 21:43:59,113
MLR ,2019-05-09 22:44:08,113
MLR ,2019-05-09 23:43:59,113
MLR ,2019-05-10 00:44:00,113
MLR ,2019-05-10 01:44:04,113
MLR ,2019-05-10 02:44:11,113
MLR ,2019-05-10 03:43:59,113
MLR ,2019-05-10 04:44:10,113
MLR ,2019-05-10 05:44:00,113
MLR ,2019-05-10 06:44:32,113
MLR ,2019-05-10 07:43:58,113
MLR ,2019-05-10 08:44:05,113
MLR ,2019-05-10 09:44:00,113
MLR ,2019-05-10 10:44:02,113
MLR ,2019-05-10 11:44:00,113
MLR ,2019-05-10 12:44:08,113
MLR ,2019-05-10 13:44:01,113
MLR ,2019-05-10 14:44:06,113
MLR ,2019-05-10 15:44:01,112
MLR ,2019-05-10 16:44:01,111
MLR ,2019-05-10 17:44:01,111
MLR ,2019-05-10 18:44:08,111
MLR ,2019-05-10 19:44:01,111
MLR ,2019-05-10 20:44:00,111
MLR ,2019-05-10 21:44:00,111
MLR ,2019-05-10 22:44:05,111
MLR ,2019-05-10 23:44:03,111
MLR ,2019-05-11 00:44:11,111
MLR ,2019-05-11 01:44:00,111
MLR ,2019-05-11 02:44:09,111
MLR ,2019-05-11 03:44:00,111
MLR ,2019-05-11 04:44:01,111
MLR ,2019-05-11 05:44:13,111
MLR ,2019-05-11 06:43:59,111
MLR ,2019-05-11 07:43:59,111
MLR ,2019-05-11 08:44:06,111
MLR ,2019-05-11 09:43:59,111
MLR ,2019-05-11 10:44:09,111
MLR ,2019-05-11 11:44:00,111
MLR ,2019-05-11 12:44:00,111
MLR ,2019-05-11 13:44:05,111
MLR ,2019-05-11 14:44:00,111
MLR ,2019-05-11 15:44:03,111
MLR ,2019-05-11 16:44:12,111
MLR ,2019-05-11 17:44:01,111
MLR ,2019-05-11 18:44:03,111
MLR ,2019-05-11 19:44:02,111
MLR ,2019-05-11 20:44:00,111
MLR ,2019-05-11 21:44:04,111
MLR ,2019-05-11 22:44:05,111
MLR ,2019-05-11 23:44:02,111
MLR ,2019-05-12 00:44:00,111
MLR ,2019-05-12 01:44:01,111
MLR ,2019-05-12 02:44:02,111
MLR ,2019-05-12 03:44:08,111
MLR ,2019-05-12 04:44:00,111
MLR ,2019-05-12 05:44:03,111
MLR ,2019-05-12 06:44:00,111
MLR ,2019-05-12 07:44:06,111
MLR ,2019-05-12 08:43:59,111
MLR ,2019-05-12 09:44:04,111
MLR ,2019-05-12 10:44:00,111
MLR ,2019-05-12 11:43:58,111
MLR ,2019-05-12 12:43:59,111
MLR ,2019-05-12 13:44:05,111
MLR ,2019-05-12 14:44:00,111
MLR ,2019-05-12 15:44:00,111
MLR ,2019-05-12 16:44:03,111
MLR ,2019-05-12 17:44:07,111
MLR ,2019-05-12 18:43:59,111
MLR ,2019-05-12 19:44:00,111
MLR ,2019-05-12 20:43:59,111
MLR ,2019-05-12 21:43:58,111
MLR ,2019-05-12 22:44:08,111
MLR ,2019-05-12 23:43:59,111
MLR ,2019-05-13 00:44:02,111
MLR ,2019-05-13 01:43:58,111
MLR ,2019-05-13 02:43:58,111
MLR ,2019-05-13 03:44:04,111
MLR ,2019-05-13 04:43:56,111
MLR ,2019-05-13 05:43:56,111
MLR ,2019-05-13 06:44:03,111
MLR ,2019-05-13 07:43:55,111
MLR ,2019-05-13 08:43:57,111
MLR ,2019-05-13 09:43:59,111
MLR ,2019-05-13 10:44:03,111
MLR ,2019-05-13 11:43:59,111
MLR ,2019-05-13 13:07:34,111
MLR ,2019-05-13 13:44:00,111
MLR ,2019-05-13 14:43:59,111
MLR ,2019-05-13 15:44:06,111
MLR ,2019-05-13 16:44:00,111
MLR ,2019-05-13 17:44:00,110
MLR ,2019-05-13 18:44:02,110
MLR ,2019-05-13 19:44:03,110
MLR ,2019-05-13 20:43:59,110
MLR ,2019-05-13 21:44:01,110
MLR ,2019-05-13 22:43:59,110
MLR ,2019-05-13 23:43:59,110
MLR ,2019-05-14 00:44:18,110
MLR ,2019-05-14 01:43:59,110
MLR ,2019-05-14 02:44:02,110
MLR ,2019-05-14 03:44:07,110
MLR ,2019-05-14 04:44:00,110
MLR ,2019-05-14 05:43:58,110
MLR ,2019-05-14 06:44:07,110
MLR ,2019-05-14 07:44:01,110
MLR ,2019-05-14 08:44:00,110
MLR ,2019-05-14 09:44:06,110
MLR ,2019-05-14 10:43:58,110
MLR ,2019-05-14 11:43:59,110
MLR ,2019-05-14 13:07:07,110
MLR ,2019-05-14 13:44:03,110
MLR ,2019-05-14 14:43:59,110
MLR ,2019-05-14 15:44:04,110
MLR ,2019-05-14 16:44:02,110
MLR ,2019-05-14 17:44:04,110
MLR ,2019-05-14 18:44:02,110
MLR ,2019-05-14 19:43:58,110
MLR ,2019-05-14 20:43:59,110
MLR ,2019-05-14 21:43:58,110
MLR ,2019-05-14 22:44:05,110
MLR ,2019-05-14 23:44:01,110
MLR ,2019-05-15 00:44:00,110
MLR ,2019-05-15 01:44:01,110
MLR ,2019-05-15 02:43:59,110
MLR ,2019-05-15 03:44:04,110
MLR ,2019-05-15 04:44:02,110
MLR ,2019-05-15 05:44:02,110
MLR ,2019-05-15 06:44:04,110
MLR ,2019-05-15 07:44:02,110
MLR ,2019-05-15 08:44:03,110
MLR ,2019-05-15 09:44:07,110
MLR ,2019-05-15 10:44:09,110
MLR ,2019-05-15 11:43:59,110
MLR ,2019-05-15 13:08:06,110
MLR ,2019-05-15 13:44:01,110
MLR ,2019-05-15 14:44:02,110
MLR ,2019-05-15 15:43:59,110
MLR ,2019-05-15 16:44:06,110
MLR ,2019-05-15 17:44:02,109
MLR ,2019-05-15 18:44:05,109
MLR ,2019-05-15 19:44:02,109
MLR ,2019-05-15 20:44:00,109
MLR ,2019-05-15 21:44:04,109
MLR ,2019-05-15 22:44:00,109
MLR ,2019-05-15 23:44:01,109
MLR ,2019-05-16 00:44:00,109
MLR ,2019-05-16 01:44:09,109
MLR ,2019-05-16 02:44:05,109
MLR ,2019-05-16 03:43:59,109
MLR ,2019-05-16 04:44:01,109
MLR ,2019-05-16 05:44:06,109
MLR ,2019-05-16 06:44:03,109
MLR ,2019-05-16 07:44:07,109
MLR ,2019-05-16 08:44:06,109
MLR ,2019-05-16 09:44:06,109
MLR ,2019-05-16 10:44:20,109
MLR ,2019-05-16 11:44:02,109
MLR ,2019-05-16 13:07:06,109
MLR ,2019-05-16 13:44:18,109
MLR ,2019-05-16 14:44:03,108
MLR ,2019-05-16 15:44:02,108
MLR ,2019-05-16 16:44:08,108
MLR ,2019-05-16 17:44:03,108
MLR ,2019-05-16 18:44:06,108
MLR ,2019-05-16 19:44:07,108
MLR ,2019-05-16 20:44:01,108
MLR ,2019-05-16 21:44:05,108
MLR ,2019-05-16 22:44:07,108
MLR ,2019-05-16 23:44:04,108
MLR ,2019-05-17 00:44:14,108
MLR ,2019-05-17 01:44:06,108
MLR ,2019-05-17 02:44:03,108
MLR ,2019-05-17 03:44:02,108
MLR ,2019-05-17 04:44:02,108
MLR ,2019-05-17 05:44:04,108
MLR ,2019-05-17 06:44:10,108
MLR ,2019-05-17 07:44:04,108
MLR ,2019-05-17 08:44:11,108
MLR ,2019-05-17 09:44:09,108
MLR ,2019-05-17 10:44:02,108
MLR ,2019-05-17 11:44:08,108
MLR ,2019-05-17 13:08:38,108
MLR ,2019-05-17 13:44:14,108
MLR ,2019-05-17 14:44:04,109
MLR ,2019-05-17 15:44:01,109
MLR ,2019-05-17 16:44:06,109
MLR ,2019-05-17 17:44:03,109
MLR ,2019-05-17 18:44:03,108
MLR ,2019-05-17 19:44:07,108
MLR ,2019-05-17 20:44:01,108
MLR ,2019-05-17 21:44:02,108
MLR ,2019-05-17 22:44:02,108
MLR ,2019-05-17 23:44:03,108
MLR ,2019-05-18 00:44:02,108
MLR ,2019-05-18 01:44:06,108
MLR ,2019-05-18 02:44:04,108
MLR ,2019-05-18 04:43:59,108
MLR ,2019-05-18 05:43:55,108
MLR ,2019-05-18 06:43:58,108
MLR ,2019-05-18 07:43:55,108
MLR ,2019-05-18 08:43:55,108
MLR ,2019-05-18 09:43:54,108
MLR ,2019-05-18 10:43:54,108
MLR ,2019-05-18 11:43:58,108
MLR ,2019-05-18 12:43:54,108
MLR ,2019-05-18 13:43:57,108
MLR ,2019-05-18 14:43:55,108
MLR ,2019-05-18 15:43:59,108
MLR ,2019-05-18 16:43:55,108
MLR ,2019-05-18 17:43:57,108
MLR ,2019-05-18 18:43:54,108
MLR ,2019-05-18 19:43:55,108
MLR ,2019-05-18 20:43:55,108
MLR ,2019-05-18 21:43:55,108
MLR ,2019-05-18 22:43:55,108
MLR ,2019-05-18 23:43:54,108
MLR ,2019-05-19 00:43:53,108
MLR ,2019-05-19 01:43:54,108
MLR ,2019-05-19 02:43:54,108
MLR ,2019-05-19 03:43:53,108
MLR ,2019-05-19 04:43:57,108
MLR ,2019-05-19 05:43:54,108
MLR ,2019-05-19 06:43:54,108
MLR ,2019-05-19 07:43:54,108
MLR ,2019-05-19 08:43:53,108
MLR ,2019-05-19 09:43:54,108
MLR ,2019-05-19 10:43:53,108
MLR ,2019-05-19 11:43:55,108
MLR ,2019-05-19 12:43:56,108
MLR ,2019-05-19 13:43:56,108
MLR ,2019-05-19 14:43:54,108
MLR ,2019-05-19 15:43:54,108
MLR ,2019-05-19 16:43:57,108
MLR ,2019-05-19 17:43:56,108
MLR ,2019-05-19 18:43:54,108
MLR ,2019-05-19 19:43:55,108
MLR ,2019-05-19 20:43:56,108
MLR ,2019-05-19 21:43:56,108
MLR ,2019-05-19 22:43:54,108
MLR ,2019-05-19 23:43:56,108
MLR ,2019-05-20 00:43:56,108
MLR ,2019-05-20 01:43:55,108
MLR ,2019-05-20 02:43:57,108
MLR ,2019-05-20 03:43:56,108
MLR ,2019-05-20 04:43:57,108
MLR ,2019-05-20 05:43:56,108
MLR ,2019-05-20 06:43:56,108
MLR ,2019-05-20 07:43:56,108
MLR ,2019-05-20 08:43:56,108
MLR ,2019-05-20 09:43:56,108
MLR ,2019-05-20 10:43:56,108
MLR ,2019-05-20 11:43:57,108
MLR ,2019-05-20 12:43:59,108
MLR ,2019-05-20 13:43:57,108
MLR ,2019-05-20 14:43:56,108
MLR ,2019-05-20 15:43:54,108
MLR ,2019-05-20 16:43:57,108
MLR ,2019-05-20 17:43:55,108
MLR ,2019-05-20 18:43:53,108
MLR ,2019-05-20 19:43:55,108
MLR ,2019-05-20 20:43:54,108
MLR ,2019-05-20 21:43:55,108
MLR ,2019-05-20 22:43:55,108
MLR ,2019-05-20 23:44:00,108
MLR ,2019-05-21 00:43:55,108
MLR ,2019-05-21 01:43:57,108
MLR ,2019-05-21 02:43:55,108
MLR ,2019-05-21 03:43:55,108
MLR ,2019-05-21 04:43:57,108
MLR ,2019-05-21 05:43:55,108
MLR ,2019-05-21 06:43:53,108
MLR ,2019-05-21 07:43:56,108
MLR ,2019-05-21 08:43:55,108
MLR ,2019-05-21 09:43:53,108
MLR ,2019-05-21 10:43:55,108
MLR ,2019-05-21 11:43:54,108
MLR ,2019-05-21 13:07:57,108
MLR ,2019-05-21 13:43:55,108
MLR ,2019-05-21 14:43:56,108
MLR ,2019-05-21 15:43:53,107
MLR ,2019-05-21 16:43:53,107
MLR ,2019-05-21 17:43:54,107
MLR ,2019-05-21 18:43:55,107
MLR ,2019-05-21 19:43:55,107
MLR ,2019-05-21 20:43:55,107
MLR ,2019-05-21 21:43:54,107
MLR ,2019-05-21 22:43:58,107
MLR ,2019-05-21 23:43:56,107
MLR ,2019-05-22 00:43:54,107
MLR ,2019-05-22 01:43:55,107
MLR ,2019-05-22 02:43:54,107
MLR ,2019-05-22 03:43:54,107
MLR ,2019-05-22 04:43:57,107
MLR ,2019-05-22 05:43:55,107
MLR ,2019-05-22 06:43:54,107
MLR ,2019-05-22 07:43:55,107
MLR ,2019-05-22 08:44:01,107
MLR ,2019-05-22 09:44:01,107
MLR ,2019-05-22 10:43:54,107
MLR ,2019-05-22 11:43:55,107
MLR ,2019-05-22 12:43:56,107
MLR ,2019-05-22 13:43:57,107
MLR ,2019-05-22 14:43:56,107
MLR ,2019-05-22 15:43:59,107
MLR ,2019-05-22 16:43:56,107
MLR ,2019-05-22 17:43:55,107
MLR ,2019-05-22 18:43:56,107
MLR ,2019-05-22 19:43:54,107
MLR ,2019-05-22 20:43:54,107
MLR ,2019-05-22 21:43:56,107
MLR ,2019-05-22 22:43:55,107
MLR ,2019-05-22 23:43:55,107
MLR ,2019-05-23 00:43:56,107
MLR ,2019-05-23 01:43:55,107
MLR ,2019-05-23 02:43:57,107
MLR ,2019-05-23 03:43:56,107
MLR ,2019-05-23 04:43:59,107
MLR ,2019-05-23 05:43:56,107
MLR ,2019-05-23 06:43:56,107
MLR ,2019-05-23 07:43:58,107
MLR ,2019-05-23 08:43:56,107
MLR ,2019-05-23 09:43:56,107
MLR ,2019-05-23 10:43:57,107
MLR ,2019-05-23 11:43:55,107
MLR ,2019-05-23 12:43:59,107
MLR ,2019-05-23 13:43:56,107
MLR ,2019-05-23 14:43:57,107
MLR ,2019-05-23 15:43:55,107
MLR ,2019-05-23 16:43:55,107
MLR ,2019-05-23 17:43:56,107
MLR ,2019-05-23 18:43:55,107
MLR ,2019-05-23 19:43:58,107
MLR ,2019-05-23 20:43:56,107
MLR ,2019-05-23 21:43:56,107
MLR ,2019-05-23 22:43:55,107
MLR ,2019-05-23 23:43:57,107
MLR ,2019-05-24 00:43:57,107
MLR ,2019-05-24 01:43:56,107
MLR ,2019-05-24 02:43:55,107
MLR ,2019-05-24 03:43:55,107
MLR ,2019-05-24 04:43:56,107
MLR ,2019-05-24 05:43:59,107
MLR ,2019-05-24 06:43:55,107
MLR ,2019-05-24 07:43:54,107
MLR ,2019-05-24 08:43:56,107
MLR ,2019-05-24 09:43:57,107
MLR ,2019-05-24 10:43:58,107
MLR ,2019-05-24 11:43:56,107
MLR ,2019-05-24 13:08:00,107
MLR ,2019-05-24 13:43:56,107
MLR ,2019-05-24 14:43:56,107
MLR ,2019-05-24 15:43:56,107
MLR ,2019-05-24 16:43:55,107
MLR ,2019-05-24 17:43:57,107
MLR ,2019-05-24 18:43:58,107
MLR ,2019-05-24 19:43:57,107
MLR ,2019-05-24 20:43:58,107
MLR ,2019-05-24 21:43:59,107
MLR ,2019-05-24 22:43:57,107
MLR ,2019-05-24 23:44:00,107
MLR ,2019-05-25 00:43:57,107
MLR ,2019-05-25 01:43:56,107
MLR ,2019-05-25 04:43:58,107
MLR ,2019-05-26 04:44:00,107
MLR ,2019-05-26 05:43:57,107
MLR ,2019-05-26 06:43:57,107
MLR ,2019-05-26 07:43:58,107
MLR ,2019-05-26 08:43:55,107
MLR ,2019-05-26 09:43:55,107
MLR ,2019-05-26 10:43:57,107
MLR ,2019-05-26 11:43:57,107
MLR ,2019-05-26 12:43:55,107
MLR ,2019-05-26 13:43:55,107
MLR ,2019-05-26 14:43:57,107
MLR ,2019-05-26 15:43:55,107
MLR ,2019-05-26 16:43:55,107
MLR ,2019-05-26 17:43:59,107
MLR ,2019-05-26 18:43:57,107
MLR ,2019-05-26 19:43:55,107
MLR ,2019-05-26 20:43:55,107
MLR ,2019-05-26 21:43:56,107
MLR ,2019-05-26 22:43:57,107
MLR ,2019-05-26 23:43:55,107
MLR ,2019-05-27 00:43:55,107
MLR ,2019-05-27 01:43:56,107
MLR ,2019-05-27 02:43:56,107
MLR ,2019-05-27 03:43:58,107
MLR ,2019-05-27 04:43:58,107
MLR ,2019-05-27 05:43:56,107
MLR ,2019-05-27 06:43:56,107
MLR ,2019-05-27 07:44:02,107
MLR ,2019-05-27 08:44:01,107
MLR ,2019-05-27 09:44:00,107
MLR ,2019-05-27 10:43:58,107
MLR ,2019-05-27 11:43:55,107
MLR ,2019-05-27 12:43:55,107
MLR ,2019-05-27 13:43:56,107
MLR ,2019-05-27 14:43:56,107
MLR ,2019-05-27 15:43:56,107
MLR ,2019-05-27 16:43:56,107
MLR ,2019-05-27 17:44:00,107
MLR ,2019-05-27 18:43:56,107
MLR ,2019-05-27 19:43:55,107
MLR ,2019-05-27 20:43:55,107
MLR ,2019-05-27 21:43:56,107
MLR ,2019-05-27 22:43:54,107
MLR ,2019-05-27 23:43:55,107
MLR ,2019-05-28 00:43:55,107
MLR ,2019-05-28 01:43:56,107
MLR ,2019-05-28 02:43:58,107
MLR ,2019-05-28 03:43:56,107
MLR ,2019-05-28 04:43:56,107
MLR ,2019-05-28 05:43:56,107
MLR ,2019-05-28 06:44:01,107
MLR ,2019-05-28 07:43:58,107
MLR ,2019-05-28 08:43:56,107
MLR ,2019-05-28 09:43:58,107
MLR ,2019-05-28 10:43:56,107
MLR ,2019-05-28 11:43:55,107
MLR ,2019-05-28 12:43:55,107
MLR ,2019-05-28 13:43:57,107
MLR ,2019-05-28 14:43:57,107
MLR ,2019-05-28 15:43:56,107
MLR ,2019-05-28 16:43:57,107
MLR ,2019-05-28 17:44:01,107
MLR ,2019-05-28 18:43:57,107
MLR ,2019-05-28 19:43:56,107
MLR ,2019-05-28 20:43:57,107
MLR ,2019-05-28 21:43:56,107
MLR ,2019-05-28 22:43:57,107
MLR ,2019-05-28 23:43:57,107
MLR ,2019-05-29 00:43:58,107
MLR ,2019-05-29 01:43:56,107
MLR ,2019-05-29 02:43:57,107
MLR ,2019-05-29 03:43:56,107
MLR ,2019-05-29 04:43:56,107
MLR ,2019-05-29 05:43:59,107
MLR ,2019-05-29 06:43:57,107
MLR ,2019-05-29 07:43:59,107
MLR ,2019-05-29 08:43:57,107
MLR ,2019-05-29 09:44:03,107
MLR ,2019-05-29 10:43:57,107
MLR ,2019-05-29 11:43:56,107
MLR ,2019-05-29 13:07:01,107
MLR ,2019-05-29 13:43:59,107
MLR ,2019-05-29 14:43:59,107
MLR ,2019-05-29 15:43:58,107
MLR ,2019-05-29 16:43:57,106
MLR ,2019-05-29 17:43:58,106
MLR ,2019-05-29 18:43:58,106
MLR ,2019-05-29 19:44:00,106
MLR ,2019-05-29 20:43:56,106
MLR ,2019-05-29 21:43:57,106
MLR ,2019-05-29 22:43:57,106
MLR ,2019-05-29 23:43:58,106
MLR ,2019-05-30 00:43:56,106
MLR ,2019-05-30 01:43:57,106
MLR ,2019-05-30 02:43:59,106
MLR ,2019-05-30 03:43:58,106
MLR ,2019-05-30 04:43:58,106
MLR ,2019-05-30 05:43:59,106
MLR ,2019-05-30 06:43:57,106
MLR ,2019-05-30 07:43:57,106
MLR ,2019-05-30 08:44:02,106
MLR ,2019-05-30 09:43:57,106
MLR ,2019-05-30 10:43:56,106
MLR ,2019-05-30 11:43:57,106
MLR ,2019-05-30 12:44:00,106
MLR ,2019-05-30 13:43:56,106
MLR ,2019-05-30 14:44:00,106
MLR ,2019-05-30 15:43:58,106
MLR ,2019-05-30 16:43:56,106
MLR ,2019-05-30 17:43:58,106
MLR ,2019-05-30 18:43:57,106
MLR ,2019-05-30 19:43:57,106
MLR ,2019-05-30 20:43:56,106
MLR ,2019-05-30 21:43:56,106
MLR ,2019-05-30 22:43:59,106
MLR ,2019-05-30 23:43:56,106
MLR ,2019-05-31 00:43:55,106
MLR ,2019-05-31 01:43:57,106
MLR ,2019-05-31 02:43:55,106
MLR ,2019-05-31 03:43:56,106
MLR ,2019-05-31 04:43:56,106
MLR ,2019-05-31 05:43:56,106
MLR ,2019-05-31 06:43:58,106
MLR ,2019-05-31 07:43:55,106
MLR ,2019-05-31 08:43:56,106
MLR ,2019-05-31 09:43:58,106
MLR ,2019-05-31 10:43:56,106
MLR ,2019-05-31 11:43:56,106
MLR ,2019-05-31 12:44:42,106
MLR ,2019-05-31 13:43:58,106
MLR ,2019-05-31 14:43:57,106
MLR ,2019-05-31 15:43:58,107
MLR ,2019-05-31 16:43:56,107
MLR ,2019-05-31 17:44:00,107
MLR ,2019-05-31 18:43:56,107
MLR ,2019-05-31 19:43:55,107
MLR ,2019-05-31 20:43:56,107
MLR ,2019-05-31 21:43:57,107
MLR ,2019-05-31 22:43:54,107
MLR ,2019-05-31 23:43:56,107
MLR ,2019-06-01 00:43:56,107
MLR ,2019-06-01 01:43:55,107
MLR ,2019-06-01 02:43:56,107
MLR ,2019-06-01 03:43:56,107
MLR ,2019-06-01 04:43:56,107
MLR ,2019-06-01 05:43:56,107
MLR ,2019-06-01 06:44:00,107
MLR ,2019-06-01 07:43:55,107
MLR ,2019-06-01 08:43:57,107
MLR ,2019-06-01 09:43:56,107
MLR ,2019-06-01 10:43:58,107
MLR ,2019-06-01 11:43:56,107
MLR ,2019-06-01 12:43:56,107
MLR ,2019-06-01 13:43:55,107
MLR ,2019-06-01 14:44:01,107
MLR ,2019-06-01 15:43:58,107
MLR ,2019-06-01 16:43:56,107
MLR ,2019-06-01 17:43:57,107
MLR ,2019-06-01 18:43:56,107
MLR ,2019-06-01 19:43:58,107
MLR ,2019-06-01 20:43:55,107
MLR ,2019-06-01 21:43:58,107
MLR ,2019-06-01 22:43:57,107
MLR ,2019-06-01 23:43:57,107
MLR ,2019-06-02 00:43:58,107
MLR ,2019-06-02 01:44:01,107
MLR ,2019-06-02 02:43:58,107
MLR ,2019-06-02 03:43:57,107
MLR ,2019-06-02 04:43:56,107
MLR ,2019-06-02 05:44:01,107
MLR ,2019-06-02 06:43:57,107
MLR ,2019-06-02 07:43:56,107
MLR ,2019-06-02 08:43:56,107
MLR ,2019-06-02 09:43:56,107
MLR ,2019-06-02 10:43:56,107
MLR ,2019-06-02 11:43:56,107
MLR ,2019-06-02 12:44:00,107
MLR ,2019-06-02 13:43:57,107
MLR ,2019-06-02 14:43:58,107
MLR ,2019-06-02 15:43:54,107
MLR ,2019-06-02 16:43:55,107
MLR ,2019-06-02 17:43:57,107
MLR ,2019-06-02 18:43:57,107
MLR ,2019-06-02 19:43:57,107
MLR ,2019-06-02 20:43:56,107
MLR ,2019-06-02 21:43:57,107
MLR ,2019-06-02 22:43:57,107
MLR ,2019-06-02 23:43:55,107
MLR ,2019-06-03 00:43:56,107
MLR ,2019-06-03 01:43:59,107
MLR ,2019-06-03 02:43:57,107
MLR ,2019-06-03 03:43:56,107
MLR ,2019-06-03 04:43:56,107
MLR ,2019-06-03 05:43:56,107
MLR ,2019-06-03 06:43:57,107
MLR ,2019-06-03 07:43:56,107
MLR ,2019-06-03 08:43:58,107
MLR ,2019-06-03 09:43:56,107
MLR ,2019-06-03 10:43:59,107
MLR ,2019-06-03 11:43:59,107
MLR ,2019-06-03 12:43:55,107
MLR ,2019-06-03 13:43:59,107
MLR ,2019-06-03 14:43:59,106
MLR ,2019-06-03 15:43:57,106
MLR ,2019-06-03 16:43:56,106
MLR ,2019-06-03 17:43:56,106
MLR ,2019-06-03 18:43:58,106
MLR ,2019-06-03 19:43:58,106
MLR ,2019-06-03 20:43:56,106
MLR ,2019-06-03 21:43:58,106
MLR ,2019-06-03 22:43:57,106
MLR ,2019-06-03 23:44:00,106
MLR ,2019-06-04 00:43:56,106
MLR ,2019-06-04 01:43:57,106
MLR ,2019-06-04 02:43:57,106
MLR ,2019-06-04 03:44:01,106
MLR ,2019-06-04 04:43:58,106
MLR ,2019-06-04 05:43:56,106
MLR ,2019-06-04 06:43:56,106
MLR ,2019-06-04 07:43:55,106
MLR ,2019-06-04 08:44:00,106
MLR ,2019-06-04 09:43:56,106
MLR ,2019-06-04 10:43:58,106
MLR ,2019-06-04 11:43:56,106
MLR ,2019-06-04 13:06:30,106
MLR ,2019-06-04 13:43:57,106
MLR ,2019-06-04 14:44:01,106
MLR ,2019-06-04 15:43:57,106
MLR ,2019-06-04 16:43:57,106
MLR ,2019-06-04 17:43:59,106
MLR ,2019-06-04 18:43:57,106
MLR ,2019-06-04 19:43:57,106
MLR ,2019-06-04 20:43:57,106
MLR ,2019-06-04 21:43:55,106
MLR ,2019-06-04 22:43:56,106
MLR ,2019-06-04 23:44:00,106
MLR ,2019-06-05 00:43:56,106
MLR ,2019-06-05 01:43:57,106
MLR ,2019-06-05 02:43:59,106
MLR ,2019-06-05 03:43:59,106
MLR ,2019-06-05 04:44:01,106
MLR ,2019-06-05 05:43:57,106
MLR ,2019-06-05 06:43:56,106
MLR ,2019-06-05 07:43:57,106
MLR ,2019-06-05 08:44:01,106
MLR ,2019-06-05 09:43:56,106
MLR ,2019-06-05 10:43:56,106
MLR ,2019-06-05 11:44:01,106
MLR ,2019-06-05 13:08:01,106
MLR ,2019-06-05 13:43:57,106
MLR ,2019-06-05 14:43:57,106
MLR ,2019-06-05 15:43:58,105
MLR ,2019-06-05 16:43:58,105
MLR ,2019-06-05 17:43:58,105
MLR ,2019-06-05 18:43:57,105
MLR ,2019-06-05 19:44:02,105
MLR ,2019-06-05 20:43:58,105
MLR ,2019-06-05 21:43:57,105
MLR ,2019-06-05 22:43:58,105
MLR ,2019-06-05 23:43:57,105
MLR ,2019-06-06 00:43:57,105
MLR ,2019-06-06 01:43:56,105
MLR ,2019-06-06 02:43:58,105
MLR ,2019-06-06 03:43:58,105
MLR ,2019-06-06 04:44:02,105
MLR ,2019-06-06 05:43:57,105
MLR ,2019-06-06 06:43:59,105
MLR ,2019-06-06 07:43:57,105
MLR ,2019-06-06 08:44:01,105
MLR ,2019-06-06 09:43:59,105
MLR ,2019-06-06 10:44:03,105
MLR ,2019-06-06 11:43:56,105
MLR ,2019-06-06 13:08:01,105
MLR ,2019-06-06 13:43:58,105
MLR ,2019-06-06 14:43:58,106
MLR ,2019-06-06 15:44:01,107
MLR ,2019-06-06 16:43:58,107
MLR ,2019-06-06 17:44:00,107
MLR ,2019-06-06 18:44:01,107
MLR ,2019-06-06 19:44:00,107
MLR ,2019-06-06 20:43:57,107
MLR ,2019-06-06 21:43:58,107
MLR ,2019-06-06 22:43:57,107
MLR ,2019-06-06 23:43:56,107
MLR ,2019-06-07 00:44:00,107
MLR ,2019-06-07 01:43:59,107
MLR ,2019-06-07 02:44:00,107
MLR ,2019-06-07 03:43:59,107
MLR ,2019-06-07 04:44:02,107
MLR ,2019-06-07 05:43:57,107
MLR ,2019-06-07 06:44:00,107
MLR ,2019-06-07 07:43:59,107
MLR ,2019-06-07 08:43:59,107
MLR ,2019-06-07 09:44:01,107
MLR ,2019-06-07 10:43:58,107
MLR ,2019-06-07 11:43:59,107
MLR ,2019-06-07 13:08:04,107
MLR ,2019-06-07 13:44:01,107
MLR ,2019-06-07 14:44:00,107
MLR ,2019-06-07 15:43:59,107
MLR ,2019-06-07 16:43:59,107
MLR ,2019-06-07 17:43:58,107
MLR ,2019-06-07 18:43:59,107
MLR ,2019-06-07 19:43:57,107
MLR ,2019-06-07 20:43:58,107
MLR ,2019-06-07 21:43:59,107
MLR ,2019-06-07 22:43:57,107
MLR ,2019-06-07 23:44:02,107
MLR ,2019-06-08 00:43:59,107
MLR ,2019-06-08 01:44:03,107
MLR ,2019-06-08 02:44:00,107
MLR ,2019-06-08 03:44:02,107
MLR ,2019-06-08 04:43:59,107
MLR ,2019-06-08 05:44:06,107
MLR ,2019-06-08 06:44:02,107
MLR ,2019-06-08 07:44:02,107
MLR ,2019-06-08 08:43:58,107
MLR ,2019-06-08 09:44:00,107
MLR ,2019-06-08 10:43:59,107
MLR ,2019-06-08 11:44:00,107
MLR ,2019-06-08 12:43:59,107
MLR ,2019-06-08 13:43:57,107
MLR ,2019-06-08 14:43:56,107
MLR ,2019-06-08 15:44:00,107
MLR ,2019-06-08 16:43:59,107
MLR ,2019-06-08 17:43:59,107
MLR ,2019-06-08 18:43:59,107
MLR ,2019-06-08 19:43:57,107
MLR ,2019-06-08 20:43:58,107
MLR ,2019-06-08 21:43:57,107
MLR ,2019-06-08 22:43:58,107
MLR ,2019-06-08 23:44:01,107
MLR ,2019-06-09 00:43:57,107
MLR ,2019-06-09 01:43:58,107
MLR ,2019-06-09 02:44:04,107
MLR ,2019-06-09 03:44:04,107
MLR ,2019-06-09 04:43:58,107
MLR ,2019-06-09 05:44:02,107
MLR ,2019-06-09 06:43:57,107
MLR ,2019-06-09 07:44:01,107
MLR ,2019-06-09 08:43:58,107
MLR ,2019-06-09 09:44:00,107
MLR ,2019-06-09 10:43:58,107
MLR ,2019-06-09 11:43:59,107
MLR ,2019-06-09 12:44:01,107
MLR ,2019-06-09 13:43:59,107
MLR ,2019-06-09 14:43:57,107
MLR ,2019-06-09 15:44:00,107
MLR ,2019-06-09 16:43:58,107
MLR ,2019-06-09 17:44:00,107
MLR ,2019-06-09 18:43:58,107
MLR ,2019-06-09 19:43:58,107
MLR ,2019-06-09 20:43:58,107
MLR ,2019-06-09 21:43:59,107
MLR ,2019-06-09 22:44:03,107
MLR ,2019-06-09 23:43:59,107
MLR ,2019-06-10 00:43:59,107
MLR ,2019-06-10 01:44:02,107
MLR ,2019-06-10 02:43:58,107
MLR ,2019-06-10 03:44:02,107
MLR ,2019-06-10 04:43:59,107
MLR ,2019-06-10 05:44:01,107
MLR ,2019-06-10 06:43:57,107
MLR ,2019-06-10 07:44:03,107
MLR ,2019-06-10 08:43:58,107
MLR ,2019-06-10 09:43:58,107
MLR ,2019-06-10 10:44:03,107
MLR ,2019-06-10 11:44:00,107
MLR ,2019-06-10 12:44:06,107
MLR ,2019-06-10 13:44:04,107
MLR ,2019-06-10 14:43:59,115
MLR ,2019-06-10 15:44:01,115
MLR ,2019-06-10 16:44:03,116
MLR ,2019-06-10 17:44:01,116
MLR ,2019-06-10 18:44:02,116
MLR ,2019-06-10 19:44:02,117
MLR ,2019-06-10 20:44:00,117
MLR ,2019-06-10 21:44:00,117
MLR ,2019-06-10 22:44:01,117
MLR ,2019-06-10 23:44:01,117
MLR ,2019-06-11 00:44:02,117
MLR ,2019-06-11 01:44:05,117
MLR ,2019-06-11 02:44:03,117
MLR ,2019-06-11 03:44:02,117
MLR ,2019-06-11 04:44:00,117
MLR ,2019-06-11 05:44:02,117
MLR ,2019-06-11 06:44:01,117
MLR ,2019-06-11 07:44:00,117
MLR ,2019-06-11 08:44:00,117
MLR ,2019-06-11 09:44:03,117
MLR ,2019-06-11 10:44:01,117
MLR ,2019-06-11 11:44:02,117
MLR ,2019-06-11 13:07:36,117
MLR ,2019-06-11 13:44:05,117
MLR ,2019-06-11 14:44:01,119
MLR ,2019-06-11 15:44:01,118
MLR ,2019-06-11 16:44:05,118
MLR ,2019-06-11 17:44:01,121
MLR ,2019-06-11 18:44:04,121
MLR ,2019-06-11 19:44:01,122
MLR ,2019-06-11 20:44:03,122
MLR ,2019-06-11 21:44:01,122
MLR ,2019-06-11 22:44:01,122
MLR ,2019-06-11 23:44:00,122
MLR ,2019-06-12 00:44:04,122
MLR ,2019-06-12 01:44:03,122
MLR ,2019-06-12 02:44:03,122
MLR ,2019-06-12 03:44:08,122
MLR ,2019-06-12 04:44:03,122
MLR ,2019-06-12 05:44:03,122
MLR ,2019-06-12 06:44:03,122
MLR ,2019-06-12 07:44:05,122
MLR ,2019-06-12 08:44:03,122
MLR ,2019-06-12 09:44:07,122
MLR ,2019-06-12 10:44:04,122
MLR ,2019-06-12 11:44:05,122
MLR ,2019-06-12 13:07:07,122
MLR ,2019-06-12 13:44:02,122
MLR ,2019-06-12 14:44:01,125
MLR ,2019-06-12 15:44:03,125
MLR ,2019-06-12 16:44:02,126
MLR ,2019-06-12 17:44:01,127
MLR ,2019-06-12 18:44:02,127
MLR ,2019-06-12 19:44:04,127
MLR ,2019-06-12 20:44:03,127
MLR ,2019-06-12 21:44:03,127
MLR ,2019-06-12 22:44:01,127
MLR ,2019-06-12 23:44:01,127
MLR ,2019-06-13 00:44:02,127
MLR ,2019-06-13 01:44:04,127
MLR ,2019-06-13 02:44:19,127
MLR ,2019-06-13 03:44:01,127
MLR ,2019-06-13 04:44:03,127
MLR ,2019-06-13 05:44:05,127
MLR ,2019-06-13 06:44:02,127
MLR ,2019-06-13 07:44:00,127
MLR ,2019-06-13 08:44:01,127
MLR ,2019-06-13 09:44:01,127
MLR ,2019-06-13 10:44:06,127
MLR ,2019-06-13 11:44:00,127
MLR ,2019-06-13 13:08:03,127
MLR ,2019-06-13 13:44:04,127
MLR ,2019-06-13 14:44:02,127
MLR ,2019-06-13 15:44:04,128
MLR ,2019-06-13 16:44:03,128
MLR ,2019-06-13 17:44:00,128
MLR ,2019-06-13 18:44:01,129
MLR ,2019-06-13 19:44:02,131
MLR ,2019-06-13 20:43:58,130
MLR ,2019-06-13 21:44:00,130
MLR ,2019-06-13 22:44:00,130
MLR ,2019-06-13 23:44:01,130
MLR ,2019-06-14 00:44:02,130
MLR ,2019-06-14 01:44:02,130
MLR ,2019-06-14 02:44:03,130
MLR ,2019-06-14 03:44:01,130
MLR ,2019-06-14 04:44:02,130
MLR ,2019-06-14 05:44:02,130
MLR ,2019-06-14 06:44:08,130
MLR ,2019-06-14 07:44:04,130
MLR ,2019-06-14 08:44:03,130
MLR ,2019-06-14 09:44:02,130
MLR ,2019-06-14 10:44:04,130
MLR ,2019-06-14 11:44:04,130
MLR ,2019-06-14 12:44:04,130
MLR ,2019-06-14 13:44:01,130
MLR ,2019-06-14 14:44:04,131
MLR ,2019-06-14 15:44:05,131
MLR ,2019-06-14 16:44:04,131
MLR ,2019-06-14 17:44:01,131
MLR ,2019-06-14 18:44:02,131
MLR ,2019-06-14 19:44:02,132
MLR ,2019-06-14 20:44:01,132
MLR ,2019-06-14 21:44:03,132
MLR ,2019-06-14 22:44:00,132
MLR ,2019-06-14 23:44:03,132
MLR ,2019-06-15 00:44:03,132
MLR ,2019-06-15 01:44:05,132
MLR ,2019-06-15 02:44:02,132
MLR ,2019-06-15 03:44:02,132
MLR ,2019-06-15 04:44:03,132
MLR ,2019-06-15 05:44:04,132
MLR ,2019-06-15 06:44:02,132
MLR ,2019-06-15 07:44:02,132
MLR ,2019-06-15 08:44:03,132
MLR ,2019-06-15 09:44:03,132
MLR ,2019-06-15 10:44:03,132
MLR ,2019-06-15 11:44:02,132
MLR ,2019-06-15 12:44:05,132
MLR ,2019-06-15 13:44:08,132
MLR ,2019-06-15 14:44:02,132
MLR ,2019-06-15 15:44:01,132
MLR ,2019-06-15 16:44:03,132
MLR ,2019-06-15 17:44:01,132
MLR ,2019-06-15 18:44:04,132
MLR ,2019-06-15 19:44:02,132
MLR ,2019-06-15 20:44:03,132
MLR ,2019-06-15 21:44:08,132
MLR ,2019-06-15 22:44:08,132
MLR ,2019-06-15 23:44:02,132
MLR ,2019-06-16 00:44:02,132
MLR ,2019-06-16 01:44:07,132
MLR ,2019-06-16 02:44:04,132
MLR ,2019-06-16 03:44:02,132
MLR ,2019-06-16 04:44:06,132
MLR ,2019-06-16 05:44:03,132
MLR ,2019-06-16 06:44:05,132
MLR ,2019-06-16 07:44:06,132
MLR ,2019-06-16 08:44:03,132
MLR ,2019-06-16 09:44:01,132
MLR ,2019-06-16 10:44:00,132
MLR ,2019-06-16 11:44:01,132
MLR ,2019-06-16 12:44:02,132
MLR ,2019-06-16 13:44:00,132
MLR ,2019-06-16 14:44:03,132
MLR ,2019-06-16 15:44:03,132
MLR ,2019-06-16 16:44:05,132
MLR ,2019-06-16 17:44:05,132
MLR ,2019-06-16 18:44:05,132
MLR ,2019-06-16 19:44:02,132
MLR ,2019-06-16 20:44:02,132
MLR ,2019-06-16 21:44:04,132
MLR ,2019-06-16 22:44:01,132
MLR ,2019-06-16 23:44:03,132
MLR ,2019-06-17 00:44:02,132
MLR ,2019-06-17 01:44:02,132
MLR ,2019-06-17 02:44:06,132
MLR ,2019-06-17 03:44:07,132
MLR ,2019-06-17 04:44:05,132
MLR ,2019-06-17 05:44:03,132
MLR ,2019-06-17 06:44:02,132
MLR ,2019-06-17 07:44:01,132
MLR ,2019-06-17 08:44:03,132
MLR ,2019-06-17 09:44:01,132
MLR ,2019-06-17 10:44:04,132
MLR ,2019-06-17 11:44:04,132
MLR ,2019-06-17 13:08:36,132
MLR ,2019-06-17 13:44:01,132
MLR ,2019-06-17 14:44:02,133
MLR ,2019-06-17 15:44:03,135
MLR ,2019-06-17 16:44:14,135
MLR ,2019-06-17 17:44:05,135
MLR ,2019-06-17 18:44:08,135
MLR ,2019-06-17 19:44:03,135
MLR ,2019-06-17 20:44:06,135
MLR ,2019-06-17 21:44:02,135
MLR ,2019-06-17 22:44:03,135
MLR ,2019-06-17 23:44:01,135
MLR ,2019-06-18 00:44:01,135
MLR ,2019-06-18 01:44:01,135
MLR ,2019-06-18 02:44:13,135
MLR ,2019-06-18 03:44:05,135
MLR ,2019-06-18 04:44:03,135
MLR ,2019-06-18 05:44:04,135
MLR ,2019-06-18 06:44:02,135
MLR ,2019-06-18 07:44:03,135
MLR ,2019-06-18 08:44:10,135
MLR ,2019-06-18 09:44:01,135
MLR ,2019-06-18 10:44:00,135
MLR ,2019-06-18 11:44:01,135
MLR ,2019-06-18 13:06:36,135
MLR ,2019-06-18 13:44:03,135
MLR ,2019-06-18 14:44:02,135
MLR ,2019-06-18 15:44:02,136
MLR ,2019-06-18 16:44:02,136
MLR ,2019-06-18 17:44:01,136
MLR ,2019-06-18 18:44:05,136
MLR ,2019-06-18 19:44:05,136
MLR ,2019-06-18 20:44:01,136
MLR ,2019-06-18 21:44:01,136
MLR ,2019-06-18 22:44:02,136
MLR ,2019-06-18 23:44:03,136
MLR ,2019-06-19 00:44:01,136
MLR ,2019-06-19 01:44:05,136
MLR ,2019-06-19 02:44:05,136
MLR ,2019-06-19 03:44:04,136
MLR ,2019-06-19 04:44:01,136
MLR ,2019-06-19 05:44:16,136
MLR ,2019-06-19 06:44:17,136
MLR ,2019-06-19 07:44:06,136
MLR ,2019-06-19 08:44:07,136
MLR ,2019-06-19 09:44:02,136
MLR ,2019-06-19 10:44:05,136
MLR ,2019-06-19 11:44:04,136
MLR ,2019-06-19 13:06:38,136
MLR ,2019-06-19 13:44:03,136
MLR ,2019-06-19 14:44:04,136
MLR ,2019-06-19 15:44:03,136
MLR ,2019-06-19 16:44:13,137
MLR ,2019-06-19 17:44:04,137
MLR ,2019-06-19 18:44:02,138
MLR ,2019-06-19 19:44:05,138
MLR ,2019-06-19 20:44:03,138
MLR ,2019-06-19 21:44:03,138
MLR ,2019-06-19 22:44:02,138
MLR ,2019-06-19 23:44:02,138
MLR ,2019-06-20 00:44:03,138
MLR ,2019-06-20 01:44:01,138
MLR ,2019-06-20 02:44:01,138
MLR ,2019-06-20 03:44:01,138
MLR ,2019-06-20 04:44:03,138
MLR ,2019-06-20 05:44:00,138
MLR ,2019-06-20 06:44:01,138
MLR ,2019-06-20 07:44:02,138
MLR ,2019-06-20 08:44:02,138
MLR ,2019-06-20 09:44:04,138
MLR ,2019-06-20 10:44:03,138
MLR ,2019-06-20 11:44:01,138
MLR ,2019-06-20 13:08:17,138
MLR ,2019-06-20 13:44:06,138
MLR ,2019-06-20 14:44:04,139
MLR ,2019-06-20 15:44:04,140
MLR ,2019-06-20 16:44:05,140
MLR ,2019-06-20 17:44:05,140
MLR ,2019-06-20 18:44:02,140
MLR ,2019-06-20 19:44:03,140
MLR ,2019-06-20 20:44:16,140
MLR ,2019-06-20 21:44:04,140
MLR ,2019-06-20 22:44:03,140
MLR ,2019-06-20 23:44:05,140
MLR ,2019-06-21 00:44:04,140
MLR ,2019-06-21 01:44:05,140
MLR ,2019-06-21 02:44:04,140
MLR ,2019-06-21 03:44:04,140
MLR ,2019-06-21 04:44:05,140
MLR ,2019-06-21 05:44:05,140
MLR ,2019-06-21 06:44:05,140
MLR ,2019-06-21 07:44:06,140
MLR ,2019-06-21 08:44:04,140
MLR ,2019-06-21 09:44:04,140
MLR ,2019-06-21 10:44:03,140
MLR ,2019-06-21 11:44:02,140
MLR ,2019-06-21 12:44:03,140
MLR ,2019-06-21 13:44:05,140
MLR ,2019-06-21 14:44:03,141
MLR ,2019-06-21 15:44:03,141
MLR ,2019-06-21 16:44:04,141
MLR ,2019-06-21 17:44:04,141
MLR ,2019-06-21 18:44:04,141
MLR ,2019-06-21 19:44:02,141
MLR ,2019-06-21 20:44:02,141
MLR ,2019-06-21 21:44:03,141
MLR ,2019-06-21 22:44:03,141
MLR ,2019-06-21 23:44:32,141
MLR ,2019-06-22 00:44:03,141
MLR ,2019-06-22 01:44:08,141
MLR ,2019-06-22 02:44:07,141
MLR ,2019-06-22 03:44:02,141
MLR ,2019-06-22 04:44:03,141
MLR ,2019-06-22 05:44:05,141
MLR ,2019-06-22 06:44:05,141
MLR ,2019-06-22 07:44:04,141
MLR ,2019-06-22 08:44:04,141
MLR ,2019-06-22 09:44:06,141
MLR ,2019-06-22 10:44:08,141
MLR ,2019-06-22 11:44:02,141
MLR ,2019-06-22 12:44:09,141
MLR ,2019-06-22 13:44:04,141
MLR ,2019-06-22 14:44:08,141
MLR ,2019-06-22 15:44:21,141
MLR ,2019-06-22 16:44:12,141
MLR ,2019-06-22 17:44:04,141
MLR ,2019-06-22 18:44:09,141
MLR ,2019-06-22 19:44:05,141
MLR ,2019-06-22 20:44:05,141
MLR ,2019-06-22 21:44:04,141
MLR ,2019-06-22 22:44:10,141
MLR ,2019-06-22 23:44:06,141
MLR ,2019-06-23 00:44:16,141
MLR ,2019-06-23 01:44:08,141
MLR ,2019-06-23 02:44:09,141
MLR ,2019-06-23 03:44:06,141
MLR ,2019-06-23 04:44:03,141
MLR ,2019-06-23 05:44:09,141
MLR ,2019-06-23 06:44:04,141
MLR ,2019-06-23 07:44:02,141
MLR ,2019-06-23 08:44:04,141
MLR ,2019-06-23 09:44:05,141
MLR ,2019-06-23 10:44:03,141
MLR ,2019-06-23 11:44:05,141
MLR ,2019-06-23 12:44:02,141
MLR ,2019-06-23 13:44:04,141
MLR ,2019-06-23 14:44:03,141
MLR ,2019-06-23 15:44:03,141
MLR ,2019-06-23 16:44:05,141
MLR ,2019-06-23 17:44:05,141
MLR ,2019-06-23 18:44:01,141
MLR ,2019-06-23 19:44:01,141
MLR ,2019-06-23 20:44:05,141
MLR ,2019-06-23 21:44:03,141
MLR ,2019-06-23 22:44:03,141
MLR ,2019-06-23 23:44:03,141
MLR ,2019-06-24 00:44:05,141
MLR ,2019-06-24 01:44:03,141
MLR ,2019-06-24 02:44:04,141
MLR ,2019-06-24 03:44:08,141
MLR ,2019-06-24 04:44:06,141
MLR ,2019-06-24 05:44:06,141
MLR ,2019-06-24 06:44:09,141
MLR ,2019-06-24 07:44:03,141
MLR ,2019-06-24 08:44:03,141
MLR ,2019-06-24 09:44:07,141
MLR ,2019-06-24 10:44:02,141
MLR ,2019-06-24 11:44:09,141
MLR ,2019-06-24 12:44:08,141
MLR ,2019-06-24 13:44:03,141
MLR ,2019-06-24 14:44:06,141
MLR ,2019-06-24 15:44:05,141
MLR ,2019-06-24 16:44:10,141
MLR ,2019-06-24 17:44:07,143
MLR ,2019-06-24 18:44:09,142
MLR ,2019-06-24 19:44:07,141
MLR ,2019-06-24 20:44:06,141
MLR ,2019-06-24 21:44:07,141
MLR ,2019-06-24 22:44:04,141
MLR ,2019-06-24 23:44:05,141
MLR ,2019-06-25 00:44:04,141
MLR ,2019-06-25 01:44:07,141
MLR ,2019-06-25 02:44:06,141
MLR ,2019-06-25 03:44:06,141
MLR ,2019-06-25 04:44:04,141
MLR ,2019-06-25 05:44:05,141
MLR ,2019-06-25 06:44:09,141
MLR ,2019-06-25 07:44:06,141
MLR ,2019-06-25 08:44:04,141
MLR ,2019-06-25 09:44:07,141
MLR ,2019-06-25 10:44:05,141
MLR ,2019-06-25 11:44:02,141
MLR ,2019-06-25 13:07:37,141
MLR ,2019-06-25 13:44:04,141
MLR ,2019-06-25 14:44:06,143
MLR ,2019-06-25 15:44:04,144
MLR ,2019-06-25 16:44:05,143
MLR ,2019-06-25 17:44:07,143
MLR ,2019-06-25 18:44:06,142
MLR ,2019-06-25 19:44:03,142
MLR ,2019-06-25 20:44:05,142
MLR ,2019-06-25 21:44:02,142
MLR ,2019-06-25 22:44:01,142
MLR ,2019-06-25 23:44:07,142
MLR ,2019-06-26 00:44:06,142
MLR ,2019-06-26 01:44:04,142
MLR ,2019-06-26 02:44:04,142
MLR ,2019-06-26 03:44:18,142
MLR ,2019-06-26 04:44:05,142
MLR ,2019-06-26 05:44:04,142
MLR ,2019-06-26 06:44:04,142
MLR ,2019-06-26 07:44:06,142
MLR ,2019-06-26 08:44:02,142
MLR ,2019-06-26 09:44:01,142
MLR ,2019-06-26 10:44:03,142
MLR ,2019-06-26 11:44:02,142
MLR ,2019-06-26 13:06:35,142
MLR ,2019-06-26 13:44:04,142
MLR ,2019-06-26 14:44:04,142
MLR ,2019-06-26 15:44:03,142
MLR ,2019-06-26 16:44:06,142
MLR ,2019-06-26 17:44:02,143
MLR ,2019-06-26 18:44:04,142
MLR ,2019-06-26 19:44:04,142
MLR ,2019-06-26 20:44:02,142
MLR ,2019-06-26 21:44:03,142
MLR ,2019-06-26 22:44:04,142
MLR ,2019-06-26 23:44:03,142
MLR ,2019-06-27 00:44:06,142
MLR ,2019-06-27 01:44:03,142
MLR ,2019-06-27 02:44:06,142
MLR ,2019-06-27 03:44:01,142
MLR ,2019-06-27 04:44:06,142
MLR ,2019-06-27 05:44:04,142
MLR ,2019-06-27 06:44:06,142
MLR ,2019-06-27 07:44:00,142
MLR ,2019-06-27 08:44:02,142
MLR ,2019-06-27 09:44:02,142
MLR ,2019-06-27 10:44:03,142
MLR ,2019-06-27 11:44:01,142
MLR ,2019-06-27 13:06:37,142
MLR ,2019-06-27 13:44:01,142
MLR ,2019-06-27 14:44:02,141
MLR ,2019-06-27 15:44:05,141
MLR ,2019-06-27 16:44:02,141
MLR ,2019-06-27 17:44:01,141
MLR ,2019-06-27 18:44:02,142
MLR ,2019-06-27 19:44:00,142
MLR ,2019-06-27 20:44:05,142
MLR ,2019-06-27 21:44:06,142
MLR ,2019-06-27 22:44:00,142
MLR ,2019-06-27 23:44:22,142
MLR ,2019-06-28 00:44:03,142
MLR ,2019-06-28 01:44:02,142
MLR ,2019-06-28 02:44:01,142
MLR ,2019-06-28 03:44:05,142
MLR ,2019-06-28 04:44:05,142
MLR ,2019-06-28 05:44:03,142
MLR ,2019-06-28 06:44:02,142
MLR ,2019-06-28 07:44:01,142
MLR ,2019-06-28 08:44:01,142
MLR ,2019-06-28 09:44:02,142
MLR ,2019-06-28 10:44:00,142
MLR ,2019-06-28 11:44:02,142
MLR ,2019-06-28 13:07:42,142
MLR ,2019-06-28 13:44:01,142
MLR ,2019-06-28 14:44:01,142
MLR ,2019-06-28 15:44:04,142
MLR ,2019-06-28 16:44:03,142
MLR ,2019-06-28 17:44:02,140
MLR ,2019-06-28 18:44:01,140
MLR ,2019-06-28 19:44:02,140
MLR ,2019-06-28 20:44:03,140
MLR ,2019-06-28 21:44:03,140
MLR ,2019-06-28 22:44:03,140
MLR ,2019-06-28 23:44:01,140
MLR ,2019-06-29 00:44:04,140
MLR ,2019-06-29 01:44:08,140
MLR ,2019-06-29 02:44:04,140
MLR ,2019-06-29 03:44:02,140
MLR ,2019-06-29 04:44:02,140
MLR ,2019-06-29 05:44:02,140
MLR ,2019-06-29 06:44:02,140
MLR ,2019-06-29 07:44:03,140
MLR ,2019-06-29 08:44:03,140
MLR ,2019-06-29 09:44:03,140
MLR ,2019-06-29 10:44:03,140
MLR ,2019-06-29 11:44:07,140
MLR ,2019-06-29 12:44:06,140
MLR ,2019-06-29 13:44:04,140
MLR ,2019-06-29 14:44:04,140
MLR ,2019-06-29 15:44:05,140
MLR ,2019-06-29 16:44:08,140
MLR ,2019-06-29 17:44:03,140
MLR ,2019-06-29 18:44:04,140
MLR ,2019-06-29 19:44:05,140
MLR ,2019-06-29 20:44:04,140
MLR ,2019-06-29 21:44:07,140
MLR ,2019-06-29 22:44:02,140
MLR ,2019-06-29 23:44:06,140
MLR ,2019-06-30 00:44:04,140
MLR ,2019-06-30 01:44:08,140
MLR ,2019-06-30 02:44:06,140
MLR ,2019-06-30 03:44:04,140
MLR ,2019-06-30 04:44:06,140
MLR ,2019-06-30 05:44:04,140
MLR ,2019-06-30 06:44:05,140
MLR ,2019-06-30 07:44:06,140
MLR ,2019-06-30 08:44:05,140
MLR ,2019-06-30 09:44:04,140
MLR ,2019-06-30 10:44:04,140
MLR ,2019-06-30 11:44:04,140
MLR ,2019-06-30 12:44:03,140
MLR ,2019-06-30 13:44:05,140
MLR ,2019-06-30 14:44:03,140
MLR ,2019-06-30 15:44:04,140
MLR ,2019-06-30 16:44:05,140
MLR ,2019-06-30 17:44:03,140
MLR ,2019-06-30 18:44:04,140
MLR ,2019-06-30 19:44:05,140
MLR ,2019-06-30 20:44:05,140
MLR ,2019-06-30 21:44:04,140
MLR ,2019-06-30 22:44:03,140
MLR ,2019-06-30 23:44:04,140
MLR ,2019-07-01 00:44:06,140
MLR ,2019-07-01 01:44:04,140
MLR ,2019-07-01 02:44:06,140
MLR ,2019-07-01 03:44:05,140
MLR ,2019-07-01 04:44:03,140
MLR ,2019-07-01 05:44:09,140
MLR ,2019-07-01 06:44:04,140
MLR ,2019-07-01 07:44:11,140
MLR ,2019-07-01 08:44:16,140
MLR ,2019-07-01 09:44:04,140
MLR ,2019-07-01 10:44:03,140
MLR ,2019-07-01 11:44:06,140
MLR ,2019-07-01 13:07:36,140
MLR ,2019-07-01 13:44:08,140
MLR ,2019-07-01 14:44:27,139
MLR ,2019-07-01 15:44:07,139
MLR ,2019-07-01 16:44:06,139
MLR ,2019-07-01 17:44:05,140
MLR ,2019-07-01 18:44:05,140
MLR ,2019-07-01 19:44:07,139
MLR ,2019-07-01 20:44:06,139
MLR ,2019-07-01 21:44:05,139
MLR ,2019-07-01 22:44:06,139
MLR ,2019-07-01 23:44:05,139
MLR ,2019-07-02 00:44:08,139
MLR ,2019-07-02 01:44:04,139
MLR ,2019-07-02 02:44:17,139
MLR ,2019-07-02 03:44:15,139
MLR ,2019-07-02 04:44:06,139
MLR ,2019-07-02 05:44:22,139
MLR ,2019-07-02 06:44:06,139
MLR ,2019-07-02 07:44:07,139
MLR ,2019-07-02 08:44:05,139
MLR ,2019-07-02 09:44:03,139
MLR ,2019-07-02 10:44:04,139
MLR ,2019-07-02 11:44:05,139
MLR ,2019-07-02 12:44:08,139
MLR ,2019-07-02 13:44:05,139
MLR ,2019-07-02 14:44:06,139
MLR ,2019-07-02 15:44:04,138
MLR ,2019-07-02 16:44:04,138
MLR ,2019-07-02 17:44:05,138
MLR ,2019-07-02 18:44:04,138
MLR ,2019-07-02 19:44:06,138
MLR ,2019-07-02 20:44:03,138
MLR ,2019-07-02 21:44:05,138
MLR ,2019-07-02 22:44:10,138
MLR ,2019-07-03 00:44:05,138
MLR ,2019-07-03 01:44:03,138
MLR ,2019-07-03 02:44:08,138
MLR ,2019-07-03 03:44:08,138
MLR ,2019-07-03 04:44:07,138
MLR ,2019-07-03 05:44:07,138
MLR ,2019-07-03 06:44:06,138
MLR ,2019-07-03 07:44:05,138
MLR ,2019-07-03 08:44:18,138
MLR ,2019-07-03 09:44:05,138
MLR ,2019-07-03 10:44:10,138
MLR ,2019-07-03 11:44:04,138
MLR ,2019-07-03 13:08:40,138
MLR ,2019-07-03 13:44:06,138
MLR ,2019-07-03 14:44:14,139
MLR ,2019-07-03 15:44:06,138
MLR ,2019-07-03 16:44:25,137
MLR ,2019-07-03 17:44:07,137
MLR ,2019-07-03 18:44:08,137
MLR ,2019-07-03 19:44:05,137
MLR ,2019-07-03 20:44:04,137
MLR ,2019-07-03 21:44:06,137
MLR ,2019-07-03 22:44:04,137
MLR ,2019-07-03 23:44:07,137
MLR ,2019-07-04 00:44:07,137
MLR ,2019-07-04 01:44:05,137
MLR ,2019-07-04 02:44:10,137
MLR ,2019-07-04 03:44:05,137
MLR ,2019-07-04 04:44:05,137
MLR ,2019-07-04 05:44:08,137
MLR ,2019-07-04 06:44:07,137
MLR ,2019-07-04 07:44:04,137
MLR ,2019-07-04 08:44:04,137
MLR ,2019-07-04 09:44:04,137
MLR ,2019-07-04 10:44:06,137
MLR ,2019-07-04 11:44:05,137
MLR ,2019-07-04 12:44:08,137
MLR ,2019-07-04 13:44:10,137
MLR ,2019-07-04 14:44:07,137
MLR ,2019-07-04 15:44:05,137
MLR ,2019-07-04 16:44:05,137
MLR ,2019-07-04 17:44:04,137
MLR ,2019-07-04 18:44:05,137
MLR ,2019-07-04 19:44:04,137
MLR ,2019-07-04 20:44:06,137
MLR ,2019-07-04 21:44:06,137
MLR ,2019-07-04 22:44:07,137
MLR ,2019-07-04 23:44:04,137
MLR ,2019-07-05 00:44:06,137
MLR ,2019-07-05 01:44:04,137
MLR ,2019-07-05 02:44:05,137
MLR ,2019-07-05 03:44:05,137
MLR ,2019-07-05 04:44:03,137
MLR ,2019-07-05 05:44:09,137
MLR ,2019-07-05 06:44:08,137
MLR ,2019-07-05 07:44:04,137
MLR ,2019-07-05 08:44:03,137
MLR ,2019-07-05 09:44:03,137
MLR ,2019-07-05 10:44:13,137
MLR ,2019-07-05 11:44:12,137
MLR ,2019-07-05 12:44:04,137
MLR ,2019-07-05 13:44:12,137
MLR ,2019-07-05 14:44:06,136
MLR ,2019-07-05 15:44:04,136
MLR ,2019-07-05 16:44:16,136
MLR ,2019-07-05 17:44:05,137
MLR ,2019-07-05 18:44:05,137
MLR ,2019-07-05 19:44:04,137
MLR ,2019-07-05 20:44:05,137
MLR ,2019-07-05 21:44:06,137
MLR ,2019-07-05 22:44:07,137
MLR ,2019-07-05 23:44:05,137
MLR ,2019-07-06 00:44:08,137
MLR ,2019-07-06 01:44:09,137
MLR ,2019-07-06 02:44:11,137
MLR ,2019-07-06 03:44:05,137
MLR ,2019-07-06 04:44:03,137
MLR ,2019-07-06 05:44:05,137
MLR ,2019-07-06 06:44:07,137
MLR ,2019-07-06 07:44:02,137
MLR ,2019-07-06 08:44:04,137
MLR ,2019-07-06 09:44:04,137
MLR ,2019-07-06 10:44:04,137
MLR ,2019-07-06 11:44:23,137
MLR ,2019-07-06 12:44:07,137
MLR ,2019-07-06 13:44:05,137
MLR ,2019-07-06 14:44:03,137
MLR ,2019-07-06 15:44:03,137
MLR ,2019-07-06 16:44:07,137
MLR ,2019-07-06 17:44:05,137
MLR ,2019-07-06 18:44:04,137
MLR ,2019-07-06 19:44:08,137
MLR ,2019-07-06 20:44:02,137
MLR ,2019-07-06 21:44:04,137
MLR ,2019-07-06 22:44:04,137
MLR ,2019-07-06 23:44:05,137
MLR ,2019-07-07 00:44:03,137
MLR ,2019-07-07 01:44:04,137
MLR ,2019-07-07 02:44:06,137
MLR ,2019-07-07 03:44:03,137
MLR ,2019-07-07 04:44:04,137
MLR ,2019-07-07 05:44:08,137
MLR ,2019-07-07 06:44:04,137
MLR ,2019-07-07 07:44:04,137
MLR ,2019-07-07 08:44:05,137
MLR ,2019-07-07 09:44:03,137
MLR ,2019-07-07 10:44:05,137
MLR ,2019-07-07 11:44:01,137
MLR ,2019-07-07 12:44:01,137
MLR ,2019-07-07 13:44:01,137
MLR ,2019-07-07 14:44:03,137
MLR ,2019-07-07 15:44:04,137
MLR ,2019-07-07 16:44:05,137
MLR ,2019-07-07 17:44:03,137
MLR ,2019-07-07 18:44:04,137
MLR ,2019-07-07 19:44:01,137
MLR ,2019-07-07 20:44:02,137
MLR ,2019-07-07 21:44:03,137
MLR ,2019-07-07 22:44:04,137
MLR ,2019-07-07 23:44:02,137
MLR ,2019-07-08 00:44:02,137
MLR ,2019-07-08 01:44:06,137
MLR ,2019-07-08 02:44:03,137
MLR ,2019-07-08 03:44:08,137
MLR ,2019-07-08 04:44:03,137
MLR ,2019-07-08 05:44:01,137
MLR ,2019-07-08 06:44:09,137
MLR ,2019-07-08 07:44:11,137
MLR ,2019-07-08 08:44:08,137
MLR ,2019-07-08 09:44:11,137
MLR ,2019-07-08 10:44:13,137
MLR ,2019-07-08 11:44:21,137
MLR ,2019-07-08 12:44:04,137
MLR ,2019-07-08 13:44:03,137
MLR ,2019-07-08 14:44:04,139
MLR ,2019-07-08 15:44:03,140
MLR ,2019-07-08 16:44:05,140
MLR ,2019-07-08 17:44:02,140
MLR ,2019-07-08 18:44:05,140
MLR ,2019-07-08 19:44:03,140
MLR ,2019-07-08 20:44:03,139
MLR ,2019-07-08 21:44:04,139
MLR ,2019-07-08 22:44:04,139
MLR ,2019-07-08 23:44:02,139
MLR ,2019-07-09 00:44:03,139
MLR ,2019-07-09 01:44:02,139
MLR ,2019-07-09 02:44:12,139
MLR ,2019-07-09 03:44:07,139
MLR ,2019-07-09 04:44:06,139
MLR ,2019-07-09 05:44:12,139
MLR ,2019-07-09 06:44:06,139
MLR ,2019-07-09 07:44:07,139
MLR ,2019-07-09 08:44:04,139
MLR ,2019-07-09 09:44:03,139
MLR ,2019-07-09 10:44:01,139
MLR ,2019-07-09 11:44:04,139
MLR ,2019-07-09 13:07:07,139
MLR ,2019-07-09 13:44:02,139
MLR ,2019-07-09 14:44:03,138
MLR ,2019-07-09 15:44:04,138
MLR ,2019-07-09 16:44:02,138
MLR ,2019-07-09 17:44:06,138
MLR ,2019-07-09 18:44:03,138
MLR ,2019-07-09 19:44:03,138
MLR ,2019-07-09 20:44:03,137
MLR ,2019-07-09 21:44:03,137
MLR ,2019-07-09 22:44:01,137
MLR ,2019-07-09 23:44:03,137
MLR ,2019-07-10 00:44:02,137
MLR ,2019-07-10 01:44:04,137
MLR ,2019-07-10 02:44:02,137
MLR ,2019-07-10 03:44:02,137
MLR ,2019-07-10 04:44:02,137
MLR ,2019-07-10 05:44:07,137
MLR ,2019-07-10 06:44:05,137
MLR ,2019-07-10 07:44:00,137
MLR ,2019-07-10 08:44:02,137
MLR ,2019-07-10 09:44:00,137
MLR ,2019-07-10 10:44:02,137
MLR ,2019-07-10 11:44:04,137
MLR ,2019-07-10 12:44:06,137
MLR ,2019-07-10 13:44:04,137
MLR ,2019-07-10 14:44:03,137
MLR ,2019-07-10 15:44:05,136
MLR ,2019-07-10 16:44:17,135
MLR ,2019-07-10 17:44:03,135
MLR ,2019-07-10 18:44:02,134
MLR ,2019-07-10 19:44:02,134
MLR ,2019-07-10 20:44:03,134
MLR ,2019-07-10 21:44:02,134
MLR ,2019-07-10 22:44:08,134
MLR ,2019-07-10 23:44:03,134
MLR ,2019-07-11 00:44:02,134
MLR ,2019-07-11 01:44:03,134
MLR ,2019-07-11 02:44:09,134
MLR ,2019-07-11 03:44:06,134
MLR ,2019-07-11 04:44:09,134
MLR ,2019-07-11 05:44:06,134
MLR ,2019-07-11 06:44:05,134
MLR ,2019-07-11 07:44:03,134
MLR ,2019-07-11 08:44:09,134
MLR ,2019-07-11 09:44:03,134
MLR ,2019-07-11 10:44:05,134
MLR ,2019-07-11 11:44:02,134
MLR ,2019-07-11 12:44:02,134
MLR ,2019-07-11 13:44:03,134
MLR ,2019-07-11 14:44:03,134
MLR ,2019-07-11 15:44:03,134
MLR ,2019-07-11 16:44:03,134
MLR ,2019-07-11 17:44:03,134
MLR ,2019-07-11 18:44:04,134
MLR ,2019-07-11 19:44:03,134
MLR ,2019-07-11 20:44:02,134
MLR ,2019-07-11 21:44:07,134
MLR ,2019-07-11 22:44:00,134
MLR ,2019-07-11 23:44:03,134
MLR ,2019-07-12 00:44:02,134
MLR ,2019-07-12 01:44:04,134
MLR ,2019-07-12 02:44:02,134
MLR ,2019-07-12 03:44:02,134
MLR ,2019-07-12 04:44:02,134
MLR ,2019-07-12 05:44:07,134
MLR ,2019-07-12 06:44:10,134
MLR ,2019-07-12 07:44:03,134
MLR ,2019-07-12 08:44:03,134
MLR ,2019-07-12 09:44:09,134
MLR ,2019-07-12 10:44:05,134
MLR ,2019-07-12 11:44:03,134
MLR ,2019-07-12 13:07:37,134
MLR ,2019-07-12 13:44:05,134
MLR ,2019-07-12 14:44:03,135
MLR ,2019-07-12 15:44:22,135
MLR ,2019-07-12 16:44:07,135
MLR ,2019-07-12 17:44:07,135
MLR ,2019-07-12 18:44:03,135
MLR ,2019-07-12 19:44:01,135
MLR ,2019-07-12 20:44:01,135
MLR ,2019-07-12 21:44:03,135
MLR ,2019-07-12 22:44:10,135
MLR ,2019-07-12 23:44:03,135
MLR ,2019-07-13 00:44:03,135
MLR ,2019-07-13 01:44:04,135
MLR ,2019-07-13 02:44:07,135
MLR ,2019-07-13 03:44:01,135
MLR ,2019-07-13 04:44:03,135
MLR ,2019-07-13 05:44:03,135
MLR ,2019-07-13 06:44:03,135
MLR ,2019-07-13 07:44:04,135
MLR ,2019-07-13 08:44:01,135
MLR ,2019-07-13 09:44:02,135
MLR ,2019-07-13 10:44:03,135
MLR ,2019-07-13 11:44:05,135
MLR ,2019-07-13 12:44:06,135
MLR ,2019-07-13 13:44:02,135
MLR ,2019-07-13 14:44:02,135
MLR ,2019-07-13 15:44:04,135
MLR ,2019-07-13 16:44:32,135
MLR ,2019-07-13 17:44:07,135
MLR ,2019-07-13 18:44:08,135
MLR ,2019-07-13 19:44:06,135
MLR ,2019-07-13 20:44:08,135
MLR ,2019-07-13 21:44:06,135
MLR ,2019-07-13 22:44:03,135
MLR ,2019-07-13 23:44:03,135
MLR ,2019-07-14 00:44:03,135
MLR ,2019-07-14 01:44:12,135
MLR ,2019-07-14 02:44:04,135
MLR ,2019-07-14 03:44:05,135
MLR ,2019-07-14 04:44:03,135
MLR ,2019-07-14 05:44:06,135
MLR ,2019-07-14 06:44:05,135
MLR ,2019-07-14 07:44:02,135
MLR ,2019-07-14 08:44:03,135
MLR ,2019-07-14 09:44:00,135
MLR ,2019-07-14 10:44:02,135
MLR ,2019-07-14 11:44:05,135
MLR ,2019-07-14 12:44:02,135
MLR ,2019-07-14 13:44:05,135
MLR ,2019-07-14 14:44:03,135
MLR ,2019-07-14 15:44:04,135
MLR ,2019-07-14 16:44:08,135
MLR ,2019-07-14 17:44:04,135
MLR ,2019-07-14 18:44:02,135
MLR ,2019-07-14 19:44:02,135
MLR ,2019-07-14 20:44:11,135
MLR ,2019-07-14 21:44:02,135
MLR ,2019-07-14 22:44:02,135
MLR ,2019-07-14 23:44:02,135
MLR ,2019-07-15 00:44:03,135
MLR ,2019-07-15 01:44:02,135
MLR ,2019-07-15 02:44:03,135
MLR ,2019-07-15 03:44:02,135
MLR ,2019-07-15 04:44:01,135
MLR ,2019-07-15 05:44:08,135
MLR ,2019-07-15 06:44:13,135
MLR ,2019-07-15 07:44:03,135
MLR ,2019-07-15 08:44:01,135
MLR ,2019-07-15 09:44:02,135
MLR ,2019-07-15 10:44:03,135
MLR ,2019-07-15 11:44:01,135
MLR ,2019-07-15 13:08:07,135
MLR ,2019-07-15 13:44:05,135
MLR ,2019-07-15 14:44:03,136
MLR ,2019-07-15 15:44:02,136
MLR ,2019-07-15 16:44:18,136
MLR ,2019-07-15 17:44:03,136
MLR ,2019-07-15 18:44:02,136
MLR ,2019-07-15 19:44:03,136
MLR ,2019-07-15 20:44:03,136
MLR ,2019-07-15 21:44:03,136
MLR ,2019-07-15 22:44:07,136
MLR ,2019-07-15 23:44:03,136
MLR ,2019-07-16 00:44:02,136
MLR ,2019-07-16 01:44:03,136
MLR ,2019-07-16 02:44:09,136
MLR ,2019-07-16 03:44:03,136
MLR ,2019-07-16 04:44:02,136
MLR ,2019-07-16 05:44:08,136
MLR ,2019-07-16 06:44:14,136
MLR ,2019-07-16 07:44:02,136
MLR ,2019-07-16 08:44:03,136
MLR ,2019-07-16 09:44:03,136
MLR ,2019-07-16 10:44:05,136
MLR ,2019-07-16 11:44:01,136
MLR ,2019-07-16 13:08:07,136
MLR ,2019-07-16 13:44:05,136
MLR ,2019-07-16 14:44:03,136
MLR ,2019-07-16 15:44:13,136
MLR ,2019-07-16 16:44:06,136
MLR ,2019-07-16 17:44:06,136
MLR ,2019-07-16 18:44:05,137
MLR ,2019-07-16 19:44:03,138
MLR ,2019-07-16 20:44:30,139
MLR ,2019-07-16 21:44:04,139
MLR ,2019-07-16 22:44:05,139
MLR ,2019-07-16 23:44:04,139
MLR ,2019-07-17 00:44:04,139
MLR ,2019-07-17 01:44:04,139
MLR ,2019-07-17 02:44:06,139
MLR ,2019-07-17 03:44:06,139
MLR ,2019-07-17 04:44:05,139
MLR ,2019-07-17 05:44:19,139
MLR ,2019-07-17 06:44:07,139
MLR ,2019-07-17 07:44:08,139
MLR ,2019-07-17 08:44:05,139
MLR ,2019-07-17 09:44:05,139
MLR ,2019-07-17 10:44:04,139
MLR ,2019-07-17 11:44:03,139
MLR ,2019-07-17 13:07:39,139
MLR ,2019-07-17 13:44:04,139
MLR ,2019-07-17 14:44:06,141
MLR ,2019-07-17 15:44:12,141
MLR ,2019-07-17 16:44:10,140
MLR ,2019-07-17 17:44:03,140
MLR ,2019-07-17 18:44:05,140
MLR ,2019-07-17 19:44:03,140
MLR ,2019-07-17 20:44:04,140
MLR ,2019-07-17 21:44:04,140
MLR ,2019-07-17 22:44:05,140
MLR ,2019-07-17 23:44:04,140
MLR ,2019-07-18 00:44:03,140
MLR ,2019-07-18 01:44:11,140
MLR ,2019-07-18 02:44:06,140
MLR ,2019-07-18 03:44:05,140
MLR ,2019-07-18 04:44:03,140
MLR ,2019-07-18 05:44:08,140
MLR ,2019-07-18 06:44:07,140
MLR ,2019-07-18 07:44:02,140
MLR ,2019-07-18 08:44:08,140
MLR ,2019-07-18 09:44:03,140
MLR ,2019-07-18 10:44:04,140
MLR ,2019-07-18 11:44:02,140
MLR ,2019-07-18 13:08:11,140
MLR ,2019-07-18 13:44:03,140
MLR ,2019-07-18 14:44:03,140
MLR ,2019-07-18 15:44:03,138
MLR ,2019-07-18 16:44:13,138
MLR ,2019-07-18 17:44:05,138
MLR ,2019-07-18 18:44:05,138
MLR ,2019-07-18 19:44:06,138
MLR ,2019-07-18 20:44:05,138
MLR ,2019-07-18 21:44:04,138
MLR ,2019-07-18 22:44:05,138
MLR ,2019-07-18 23:44:08,138
MLR ,2019-07-19 00:44:05,138
MLR ,2019-07-19 01:44:05,138
MLR ,2019-07-19 02:44:07,138
MLR ,2019-07-19 03:44:05,138
MLR ,2019-07-19 04:44:06,138
MLR ,2019-07-19 05:44:21,138
MLR ,2019-07-19 06:44:06,138
MLR ,2019-07-19 07:44:09,138
MLR ,2019-07-19 08:44:04,138
MLR ,2019-07-19 09:44:04,138
MLR ,2019-07-19 10:44:03,138
MLR ,2019-07-19 11:44:04,138
MLR ,2019-07-19 13:07:37,138
MLR ,2019-07-19 13:44:03,138
MLR ,2019-07-19 14:44:03,138
MLR ,2019-07-19 15:44:04,138
MLR ,2019-07-19 16:44:04,137
MLR ,2019-07-19 17:44:07,138
MLR ,2019-07-19 18:44:05,138
MLR ,2019-07-19 19:44:04,138
MLR ,2019-07-19 20:44:04,138
MLR ,2019-07-19 21:44:02,138
MLR ,2019-07-19 22:44:04,138
MLR ,2019-07-19 23:44:03,138
MLR ,2019-07-20 00:44:03,138
MLR ,2019-07-20 01:44:12,138
MLR ,2019-07-20 02:44:13,138
MLR ,2019-07-20 03:44:06,138
MLR ,2019-07-20 04:44:12,138
MLR ,2019-07-20 05:44:09,138
MLR ,2019-07-20 06:44:03,138
MLR ,2019-07-20 07:44:02,138
MLR ,2019-07-20 08:44:04,138
MLR ,2019-07-20 09:44:01,138
MLR ,2019-07-20 10:44:02,138
MLR ,2019-07-20 11:44:03,138
MLR ,2019-07-20 12:44:04,138
MLR ,2019-07-20 13:44:03,138
MLR ,2019-07-20 14:44:03,138
MLR ,2019-07-20 15:44:03,138
MLR ,2019-07-20 16:44:05,138
MLR ,2019-07-20 17:44:03,138
MLR ,2019-07-20 18:44:03,138
MLR ,2019-07-20 19:44:04,138
MLR ,2019-07-20 20:44:02,138
MLR ,2019-07-20 21:44:04,138
MLR ,2019-07-20 22:44:01,138
MLR ,2019-07-20 23:44:02,138
MLR ,2019-07-21 00:44:04,138
MLR ,2019-07-21 01:44:03,138
MLR ,2019-07-21 02:44:05,138
MLR ,2019-07-21 03:44:02,138
MLR ,2019-07-21 04:44:03,138
MLR ,2019-07-21 05:44:11,138
MLR ,2019-07-21 06:44:14,138
MLR ,2019-07-21 07:44:01,138
MLR ,2019-07-21 08:44:03,138
MLR ,2019-07-21 09:44:05,138
MLR ,2019-07-21 10:44:12,138
MLR ,2019-07-21 11:44:03,138
MLR ,2019-07-21 12:44:02,138
MLR ,2019-07-21 13:44:04,138
MLR ,2019-07-21 14:44:03,138
MLR ,2019-07-21 15:44:03,138
MLR ,2019-07-21 16:44:03,138
MLR ,2019-07-21 17:44:03,138
MLR ,2019-07-21 18:44:04,138
MLR ,2019-07-21 19:44:04,138
MLR ,2019-07-21 20:44:04,138
MLR ,2019-07-21 21:44:05,138
MLR ,2019-07-21 22:44:02,138
MLR ,2019-07-21 23:44:03,138
MLR ,2019-07-22 00:44:02,138
MLR ,2019-07-22 01:44:04,138
MLR ,2019-07-22 02:44:03,138
MLR ,2019-07-22 03:44:03,138
MLR ,2019-07-22 04:44:03,138
MLR ,2019-07-22 05:44:07,138
MLR ,2019-07-22 06:44:12,138
MLR ,2019-07-22 07:44:03,138
MLR ,2019-07-22 08:44:03,138
MLR ,2019-07-22 09:44:02,138
MLR ,2019-07-22 10:44:03,138
MLR ,2019-07-22 11:44:16,138
MLR ,2019-07-22 12:44:08,138
MLR ,2019-07-22 13:44:03,138
MLR ,2019-07-22 14:44:05,138
MLR ,2019-07-22 15:44:03,138
MLR ,2019-07-22 16:44:06,139
MLR ,2019-07-22 17:44:04,139
MLR ,2019-07-22 18:44:11,139
MLR ,2019-07-22 19:44:08,139
MLR ,2019-07-22 20:44:06,139
MLR ,2019-07-22 21:44:08,139
MLR ,2019-07-22 22:44:03,139
MLR ,2019-07-22 23:44:03,139
MLR ,2019-07-23 00:44:03,139
MLR ,2019-07-23 01:44:02,139
MLR ,2019-07-23 02:44:08,139
MLR ,2019-07-23 03:44:05,139
MLR ,2019-07-23 04:44:06,139
MLR ,2019-07-23 05:44:07,139
MLR ,2019-07-23 06:44:11,139
MLR ,2019-07-23 07:44:07,139
MLR ,2019-07-23 08:44:03,139
MLR ,2019-07-23 09:44:05,139
MLR ,2019-07-23 10:44:04,139
MLR ,2019-07-23 11:44:04,139
MLR ,2019-07-23 13:07:09,139
MLR ,2019-07-23 13:44:04,139
MLR ,2019-07-23 14:44:05,138
MLR ,2019-07-23 15:44:09,138
MLR ,2019-07-23 16:44:06,138
MLR ,2019-07-23 17:44:04,138
MLR ,2019-07-23 18:44:05,138
MLR ,2019-07-23 19:44:05,138
MLR ,2019-07-23 20:44:05,138
MLR ,2019-07-23 21:44:06,138
MLR ,2019-07-23 22:44:09,138
MLR ,2019-07-23 23:44:06,138
MLR ,2019-07-24 00:44:05,138
MLR ,2019-07-24 01:44:05,138
MLR ,2019-07-24 02:44:11,138
MLR ,2019-07-24 03:44:05,138
MLR ,2019-07-24 04:44:04,138
MLR ,2019-07-24 05:44:05,138
MLR ,2019-07-24 06:44:02,138
MLR ,2019-07-24 07:44:02,138
MLR ,2019-07-24 08:44:08,138
MLR ,2019-07-24 09:44:06,138
MLR ,2019-07-24 10:44:05,138
MLR ,2019-07-24 11:44:02,138
MLR ,2019-07-24 13:06:39,138
MLR ,2019-07-24 13:44:06,138
MLR ,2019-07-24 14:44:04,138
MLR ,2019-07-24 15:44:07,138
MLR ,2019-07-24 16:44:06,138
MLR ,2019-07-24 17:44:04,138
MLR ,2019-07-24 18:44:09,138
MLR ,2019-07-24 19:44:04,138
MLR ,2019-07-24 20:44:06,137
MLR ,2019-07-24 21:44:05,137
MLR ,2019-07-24 22:44:04,137
MLR ,2019-07-24 23:44:05,137
MLR ,2019-07-25 00:44:04,137
MLR ,2019-07-25 01:44:10,137
MLR ,2019-07-25 02:44:19,137
MLR ,2019-07-25 03:44:05,137
MLR ,2019-07-25 04:44:05,137
MLR ,2019-07-25 05:44:11,137
MLR ,2019-07-25 06:44:09,137
MLR ,2019-07-25 07:44:05,137
MLR ,2019-07-25 08:44:08,137
MLR ,2019-07-25 09:44:05,137
MLR ,2019-07-25 10:44:15,137
MLR ,2019-07-25 11:44:04,137
MLR ,2019-07-25 13:07:10,137
MLR ,2019-07-25 13:44:09,137
MLR ,2019-07-25 14:44:07,136
MLR ,2019-07-25 15:44:05,136
MLR ,2019-07-25 16:44:08,136
MLR ,2019-07-25 17:44:07,136
MLR ,2019-07-25 18:44:13,137
MLR ,2019-07-25 19:44:41,137
MLR ,2019-07-25 20:44:11,137
MLR ,2019-07-25 21:44:10,137
MLR ,2019-07-25 22:44:06,137
MLR ,2019-07-25 23:44:06,137
MLR ,2019-07-26 00:44:21,137
MLR ,2019-07-26 01:44:06,137
MLR ,2019-07-26 02:44:08,137
MLR ,2019-07-26 03:44:09,137
MLR ,2019-07-26 04:44:11,137
MLR ,2019-07-26 05:44:15,137
MLR ,2019-07-26 06:44:25,137
MLR ,2019-07-26 07:44:15,137
MLR ,2019-07-26 08:44:03,137
MLR ,2019-07-26 09:44:05,137
MLR ,2019-07-26 10:44:07,137
MLR ,2019-07-26 11:44:10,137
MLR ,2019-07-26 13:09:10,137
MLR ,2019-07-26 13:44:07,137
MLR ,2019-07-26 14:44:06,138
MLR ,2019-07-26 15:44:05,138
MLR ,2019-07-26 16:44:08,138
MLR ,2019-07-26 17:44:08,138
MLR ,2019-07-26 18:44:08,138
MLR ,2019-07-26 19:44:05,138
MLR ,2019-07-26 20:44:05,138
MLR ,2019-07-26 22:44:04,138
MLR ,2019-07-26 23:44:03,138
MLR ,2019-07-27 00:44:04,138
MLR ,2019-07-27 01:44:05,138
MLR ,2019-07-27 02:44:07,138
MLR ,2019-07-27 03:44:05,138
MLR ,2019-07-27 04:44:05,138
MLR ,2019-07-27 05:44:05,138
MLR ,2019-07-27 06:44:05,138
MLR ,2019-07-27 07:44:04,138
MLR ,2019-07-27 08:44:04,138
MLR ,2019-07-27 09:44:03,138
MLR ,2019-07-27 10:44:06,138
MLR ,2019-07-27 11:44:03,138
MLR ,2019-07-27 12:44:05,138
MLR ,2019-07-27 13:44:03,138
MLR ,2019-07-27 14:44:04,138
MLR ,2019-07-27 15:44:08,138
MLR ,2019-07-27 16:44:13,138
MLR ,2019-07-27 17:44:09,138
MLR ,2019-07-27 18:44:07,138
MLR ,2019-07-27 19:44:06,138
MLR ,2019-07-27 20:44:07,138
MLR ,2019-07-27 21:44:05,138
MLR ,2019-07-27 22:44:05,138
MLR ,2019-07-27 23:44:04,138
MLR ,2019-07-28 00:44:04,138
MLR ,2019-07-28 01:44:04,138
MLR ,2019-07-28 02:44:04,138
MLR ,2019-07-28 03:44:03,138
MLR ,2019-07-28 04:44:04,138
MLR ,2019-07-28 05:44:03,138
MLR ,2019-07-28 06:44:03,138
MLR ,2019-07-28 07:44:04,138
MLR ,2019-07-28 08:44:03,138
MLR ,2019-07-28 09:44:02,138
MLR ,2019-07-28 10:44:01,138
MLR ,2019-07-28 11:44:02,138
MLR ,2019-07-28 12:44:03,138
MLR ,2019-07-28 13:44:03,138
MLR ,2019-07-28 14:44:04,138
MLR ,2019-07-28 15:44:03,138
MLR ,2019-07-28 16:44:05,138
MLR ,2019-07-28 17:44:05,138
MLR ,2019-07-28 18:44:04,138
MLR ,2019-07-28 19:44:04,138
MLR ,2019-07-28 20:44:03,138
MLR ,2019-07-28 21:44:03,138
MLR ,2019-07-28 22:44:06,138
MLR ,2019-07-28 23:44:06,138
MLR ,2019-07-29 00:44:04,138
MLR ,2019-07-29 01:44:04,138
MLR ,2019-07-29 02:44:04,138
MLR ,2019-07-29 03:44:05,138
MLR ,2019-07-29 04:44:05,138
MLR ,2019-07-29 05:44:10,138
MLR ,2019-07-29 06:44:17,138
MLR ,2019-07-29 07:44:05,138
MLR ,2019-07-29 08:44:03,138
MLR ,2019-07-29 09:44:04,138
MLR ,2019-07-29 10:44:05,138
MLR ,2019-07-29 11:44:04,138
MLR ,2019-07-29 13:08:08,138
MLR ,2019-07-29 13:44:08,138
MLR ,2019-07-29 14:44:05,138
MLR ,2019-07-29 15:44:05,137
MLR ,2019-07-29 16:44:05,137
MLR ,2019-07-29 17:44:04,137
MLR ,2019-07-29 18:44:05,137
MLR ,2019-07-29 19:44:04,137
MLR ,2019-07-29 20:44:04,137
MLR ,2019-07-29 21:44:03,137
MLR ,2019-07-29 22:44:05,137
MLR ,2019-07-29 23:44:04,137
MLR ,2019-07-30 00:44:04,137
MLR ,2019-07-30 01:44:05,137
MLR ,2019-07-30 02:44:05,137
MLR ,2019-07-30 03:44:04,137
MLR ,2019-07-30 04:44:03,137
MLR ,2019-07-30 05:44:05,137
MLR ,2019-07-30 06:44:05,137
MLR ,2019-07-30 07:44:13,137
MLR ,2019-07-30 08:44:05,137
MLR ,2019-07-30 09:44:04,137
MLR ,2019-07-30 10:44:03,137
MLR ,2019-07-30 11:44:06,137
MLR ,2019-07-30 12:44:04,137
MLR ,2019-07-30 13:44:05,137
MLR ,2019-07-30 14:44:06,137
MLR ,2019-07-30 15:44:06,137
MLR ,2019-07-30 16:44:07,137
MLR ,2019-07-30 17:44:11,137
MLR ,2019-07-30 18:44:08,137
MLR ,2019-07-30 19:44:09,137
MLR ,2019-07-30 20:44:07,137
MLR ,2019-07-30 21:44:06,137
MLR ,2019-07-30 22:44:07,137
MLR ,2019-07-30 23:44:05,137
MLR ,2019-07-31 00:44:08,137
MLR ,2019-07-31 01:44:05,137
MLR ,2019-07-31 02:44:05,137
MLR ,2019-07-31 03:44:07,137
MLR ,2019-07-31 04:44:07,137
MLR ,2019-07-31 05:44:16,137
MLR ,2019-07-31 06:44:06,137
MLR ,2019-07-31 07:44:06,137
MLR ,2019-07-31 08:44:06,137
MLR ,2019-07-31 09:44:07,137
MLR ,2019-07-31 10:44:04,137
MLR ,2019-07-31 11:44:03,137
MLR ,2019-07-31 13:08:12,137
MLR ,2019-07-31 13:44:05,137
MLR ,2019-07-31 14:44:07,137
MLR ,2019-07-31 15:44:07,137
MLR ,2019-07-31 16:44:11,137
MLR ,2019-07-31 17:44:05,137
MLR ,2019-07-31 18:44:04,137
MLR ,2019-07-31 19:44:05,137
MLR ,2019-07-31 20:44:07,136
MLR ,2019-07-31 21:44:07,136
MLR ,2019-07-31 22:44:05,136
MLR ,2019-07-31 23:44:05,136
MLR ,2019-08-01 00:44:06,136
MLR ,2019-08-01 01:44:19,136
MLR ,2019-08-01 02:44:08,136
MLR ,2019-08-01 03:44:06,136
MLR ,2019-08-01 04:44:04,136
MLR ,2019-08-01 05:44:09,136
MLR ,2019-08-01 06:44:07,136
MLR ,2019-08-01 07:44:12,136
MLR ,2019-08-01 08:44:05,136
MLR ,2019-08-01 09:44:07,136
MLR ,2019-08-01 10:44:06,136
MLR ,2019-08-01 11:44:03,136
MLR ,2019-08-01 13:06:38,136
MLR ,2019-08-01 13:44:07,136
MLR ,2019-08-01 14:44:06,135
MLR ,2019-08-01 15:44:13,134
MLR ,2019-08-01 16:44:10,134
MLR ,2019-08-01 17:44:08,134
MLR ,2019-08-01 18:44:04,135
MLR ,2019-08-01 19:44:05,135
MLR ,2019-08-01 20:44:05,135
MLR ,2019-08-01 21:44:05,135
MLR ,2019-08-01 22:44:04,135
MLR ,2019-08-01 23:44:06,135
MLR ,2019-08-02 00:44:05,135
MLR ,2019-08-02 01:44:05,135
MLR ,2019-08-02 02:44:04,135
MLR ,2019-08-02 03:44:05,135
MLR ,2019-08-02 04:44:05,135
MLR ,2019-08-02 05:44:08,135
MLR ,2019-08-02 06:44:05,135
MLR ,2019-08-02 07:44:03,135
MLR ,2019-08-02 08:44:06,135
MLR ,2019-08-02 09:44:06,135
MLR ,2019-08-02 10:44:16,135
MLR ,2019-08-02 11:44:05,135
MLR ,2019-08-02 13:08:13,135
MLR ,2019-08-02 13:44:08,135
MLR ,2019-08-02 14:44:07,134
MLR ,2019-08-02 15:44:08,134
MLR ,2019-08-02 16:44:10,133
MLR ,2019-08-02 17:44:06,133
MLR ,2019-08-02 18:44:07,133
MLR ,2019-08-02 19:44:08,133
MLR ,2019-08-02 20:44:07,133
MLR ,2019-08-02 21:44:07,133
MLR ,2019-08-02 22:44:05,133
MLR ,2019-08-02 23:44:06,133
MLR ,2019-08-03 00:44:06,133
MLR ,2019-08-03 01:44:05,133
MLR ,2019-08-03 02:44:14,133
MLR ,2019-08-03 03:44:06,133
MLR ,2019-08-03 04:44:05,133
MLR ,2019-08-03 05:44:13,133
MLR ,2019-08-03 06:44:06,133
MLR ,2019-08-03 07:44:04,133
MLR ,2019-08-03 08:44:07,133
MLR ,2019-08-03 09:44:06,133
MLR ,2019-08-03 10:44:06,133
MLR ,2019-08-03 11:44:05,133
MLR ,2019-08-03 12:44:07,133
MLR ,2019-08-03 13:44:06,133
MLR ,2019-08-03 14:44:06,133
MLR ,2019-08-03 15:44:04,133
MLR ,2019-08-03 16:44:06,133
MLR ,2019-08-03 17:44:07,133
MLR ,2019-08-03 18:44:06,133
MLR ,2019-08-03 19:44:05,133
MLR ,2019-08-03 20:44:04,133
MLR ,2019-08-03 21:44:04,133
MLR ,2019-08-03 22:44:05,133
MLR ,2019-08-03 23:44:05,133
MLR ,2019-08-04 00:44:06,133
MLR ,2019-08-04 01:44:05,133
MLR ,2019-08-04 02:44:11,133
MLR ,2019-08-04 03:44:07,133
MLR ,2019-08-04 04:44:05,133
MLR ,2019-08-04 05:44:11,133
MLR ,2019-08-04 06:44:05,133
MLR ,2019-08-04 07:44:06,133
MLR ,2019-08-04 08:44:07,133
MLR ,2019-08-04 09:44:05,133
MLR ,2019-08-04 10:44:05,133
MLR ,2019-08-04 11:44:02,133
MLR ,2019-08-04 12:44:05,133
MLR ,2019-08-04 13:44:06,133
MLR ,2019-08-04 14:44:04,133
MLR ,2019-08-04 15:44:05,133
MLR ,2019-08-04 16:44:06,133
MLR ,2019-08-04 17:44:06,133
MLR ,2019-08-04 18:44:06,133
MLR ,2019-08-04 19:44:05,133
MLR ,2019-08-04 20:44:06,133
MLR ,2019-08-04 21:44:06,133
MLR ,2019-08-04 22:44:06,133
MLR ,2019-08-04 23:44:05,133
MLR ,2019-08-05 00:44:05,133
MLR ,2019-08-05 01:44:07,133
MLR ,2019-08-05 02:44:08,133
MLR ,2019-08-05 03:44:06,133
MLR ,2019-08-05 04:44:06,133
MLR ,2019-08-05 05:44:09,133
MLR ,2019-08-05 06:44:05,133
MLR ,2019-08-05 07:44:10,133
MLR ,2019-08-05 08:44:07,133
MLR ,2019-08-05 09:44:08,133
MLR ,2019-08-05 10:44:06,133
MLR ,2019-08-05 11:44:05,133
MLR ,2019-08-05 13:08:41,133
MLR ,2019-08-05 13:44:09,133
MLR ,2019-08-05 14:44:08,133
MLR ,2019-08-05 15:44:06,133
MLR ,2019-08-05 16:44:07,133
MLR ,2019-08-05 17:44:08,133
MLR ,2019-08-05 18:44:09,133
MLR ,2019-08-05 19:44:07,133
MLR ,2019-08-05 20:44:05,133
MLR ,2019-08-05 21:44:06,133
MLR ,2019-08-05 22:44:08,133
MLR ,2019-08-05 23:44:08,133
MLR ,2019-08-06 00:44:19,133
MLR ,2019-08-06 01:44:12,133
MLR ,2019-08-06 02:44:07,133
MLR ,2019-08-06 03:44:06,133
MLR ,2019-08-06 04:44:08,133
MLR ,2019-08-06 05:44:09,133
MLR ,2019-08-06 06:44:06,133
MLR ,2019-08-06 07:44:06,133
MLR ,2019-08-06 08:44:05,133
MLR ,2019-08-06 09:44:11,133
MLR ,2019-08-06 10:44:04,133
MLR ,2019-08-06 11:44:04,133
MLR ,2019-08-06 12:44:06,133
MLR ,2019-08-06 13:44:08,133
MLR ,2019-08-06 14:44:05,133
MLR ,2019-08-06 15:44:07,133
MLR ,2019-08-06 16:44:08,134
MLR ,2019-08-06 17:44:06,134
MLR ,2019-08-06 18:44:05,134
MLR ,2019-08-06 19:44:07,134
MLR ,2019-08-06 20:44:07,134
MLR ,2019-08-06 21:44:06,134
MLR ,2019-08-06 23:44:06,134
MLR ,2019-08-07 00:44:07,134
MLR ,2019-08-07 01:44:08,134
MLR ,2019-08-07 02:44:09,134
MLR ,2019-08-07 03:44:06,134
MLR ,2019-08-07 04:44:06,134
MLR ,2019-08-07 05:44:09,134
MLR ,2019-08-07 06:44:12,134
MLR ,2019-08-07 07:44:04,134
MLR ,2019-08-07 08:44:07,134
MLR ,2019-08-07 09:44:05,134
MLR ,2019-08-07 10:44:14,134
MLR ,2019-08-07 11:44:06,134
MLR ,2019-08-07 12:44:08,134
MLR ,2019-08-07 13:44:09,134
MLR ,2019-08-07 14:44:08,134
MLR ,2019-08-07 15:44:06,136
MLR ,2019-08-07 16:44:07,136
MLR ,2019-08-07 17:44:07,136
MLR ,2019-08-07 18:44:06,136
MLR ,2019-08-07 19:44:06,136
MLR ,2019-08-07 20:44:06,136
MLR ,2019-08-07 21:44:06,136
MLR ,2019-08-07 22:44:05,136
MLR ,2019-08-07 23:44:07,136
MLR ,2019-08-08 00:44:07,136
MLR ,2019-08-08 01:44:06,136
MLR ,2019-08-08 02:44:13,136
MLR ,2019-08-08 03:44:06,136
MLR ,2019-08-08 04:44:05,136
MLR ,2019-08-08 05:44:07,136
MLR ,2019-08-08 06:44:10,136
MLR ,2019-08-08 07:44:06,136
MLR ,2019-08-08 08:44:05,136
MLR ,2019-08-08 09:44:05,136
MLR ,2019-08-08 10:44:10,136
MLR ,2019-08-08 11:44:04,136
MLR ,2019-08-08 12:44:07,136
MLR ,2019-08-08 13:44:07,136
MLR ,2019-08-08 14:44:06,135
MLR ,2019-08-08 15:44:08,135
MLR ,2019-08-08 16:44:09,134
MLR ,2019-08-08 17:44:07,134
MLR ,2019-08-08 18:44:07,134
MLR ,2019-08-08 19:44:07,134
MLR ,2019-08-08 20:44:09,135
MLR ,2019-08-08 21:44:10,135
MLR ,2019-08-08 22:44:09,135
MLR ,2019-08-08 23:44:09,135
MLR ,2019-08-09 00:44:10,135
MLR ,2019-08-09 01:44:11,135
MLR ,2019-08-09 02:44:12,135
MLR ,2019-08-09 03:44:10,135
MLR ,2019-08-09 04:44:11,135
MLR ,2019-08-09 05:44:15,135
MLR ,2019-08-09 06:44:11,135
MLR ,2019-08-09 07:44:20,135
MLR ,2019-08-09 08:44:11,135
MLR ,2019-08-09 09:44:17,135
MLR ,2019-08-09 10:44:11,135
MLR ,2019-08-09 11:44:11,135
MLR ,2019-08-09 13:08:16,135
MLR ,2019-08-09 13:44:10,135
MLR ,2019-08-09 14:44:17,135
MLR ,2019-08-09 15:44:10,135
MLR ,2019-08-09 16:44:18,135
MLR ,2019-08-09 17:44:09,135
MLR ,2019-08-09 18:44:10,135
MLR ,2019-08-09 19:44:10,134
MLR ,2019-08-09 20:44:08,134
MLR ,2019-08-09 21:44:11,134
MLR ,2019-08-09 22:44:10,134
MLR ,2019-08-09 23:44:12,134
MLR ,2019-08-10 00:44:11,134
MLR ,2019-08-10 01:44:10,134
MLR ,2019-08-10 02:44:27,134
MLR ,2019-08-10 03:44:09,134
MLR ,2019-08-10 04:44:10,134
MLR ,2019-08-10 05:44:14,134
MLR ,2019-08-10 06:44:10,134
MLR ,2019-08-10 07:44:09,134
MLR ,2019-08-10 08:44:09,134
MLR ,2019-08-10 09:44:10,134
MLR ,2019-08-10 10:44:11,134
MLR ,2019-08-10 11:44:08,134
MLR ,2019-08-10 12:44:12,134
MLR ,2019-08-10 13:44:12,134
MLR ,2019-08-10 14:44:08,134
MLR ,2019-08-10 15:44:08,134
MLR ,2019-08-10 16:44:17,134
MLR ,2019-08-10 17:44:10,134
MLR ,2019-08-10 18:44:09,134
MLR ,2019-08-10 19:44:10,134
MLR ,2019-08-10 20:44:10,134
MLR ,2019-08-10 21:44:07,134
MLR ,2019-08-10 22:44:09,134
MLR ,2019-08-10 23:44:09,134
MLR ,2019-08-11 00:44:07,134
MLR ,2019-08-11 01:44:09,134
MLR ,2019-08-11 02:44:18,134
MLR ,2019-08-11 03:44:11,134
MLR ,2019-08-11 04:44:09,134
MLR ,2019-08-11 05:44:18,134
MLR ,2019-08-11 06:44:09,134
MLR ,2019-08-11 07:44:10,134
MLR ,2019-08-11 08:44:08,134
MLR ,2019-08-11 09:44:08,134
MLR ,2019-08-11 10:44:08,134
MLR ,2019-08-11 11:44:09,134
MLR ,2019-08-11 12:44:10,134
MLR ,2019-08-11 13:44:12,134
MLR ,2019-08-11 14:44:09,134
MLR ,2019-08-11 15:44:10,134
MLR ,2019-08-11 16:44:10,134
MLR ,2019-08-11 17:44:09,134
MLR ,2019-08-11 18:44:09,134
MLR ,2019-08-11 19:44:11,134
MLR ,2019-08-11 20:44:12,134
MLR ,2019-08-11 21:44:12,134
MLR ,2019-08-11 22:44:11,134
MLR ,2019-08-11 23:44:12,134
MLR ,2019-08-12 00:44:12,134
MLR ,2019-08-12 01:44:11,134
MLR ,2019-08-12 02:44:19,134
MLR ,2019-08-12 03:44:12,134
MLR ,2019-08-12 04:44:11,134
MLR ,2019-08-12 05:44:17,134
MLR ,2019-08-12 06:44:19,134
MLR ,2019-08-12 07:44:09,134
MLR ,2019-08-12 08:44:12,134
MLR ,2019-08-12 09:44:10,134
MLR ,2019-08-12 10:44:14,134
MLR ,2019-08-12 11:44:10,134
MLR ,2019-08-12 12:44:15,134
MLR ,2019-08-12 13:44:22,134
MLR ,2019-08-12 14:44:10,134
MLR ,2019-08-12 15:44:12,134
MLR ,2019-08-12 16:44:20,134
MLR ,2019-08-12 17:44:09,134
MLR ,2019-08-12 18:44:08,134
MLR ,2019-08-12 19:44:07,134
MLR ,2019-08-12 20:44:10,134
MLR ,2019-08-12 21:44:08,134
MLR ,2019-08-12 22:44:08,134
MLR ,2019-08-12 23:44:09,134
MLR ,2019-08-13 00:44:07,134
MLR ,2019-08-13 01:44:09,134
MLR ,2019-08-13 02:44:14,134
MLR ,2019-08-13 03:44:10,134
MLR ,2019-08-13 04:44:06,134
MLR ,2019-08-13 05:44:12,134
MLR ,2019-08-13 06:44:08,134
MLR ,2019-08-13 07:44:09,134
MLR ,2019-08-13 08:44:07,134
MLR ,2019-08-13 09:44:10,134
MLR ,2019-08-13 10:44:14,134
MLR ,2019-08-13 11:44:12,134
MLR ,2019-08-13 12:44:12,134
MLR ,2019-08-13 13:44:12,134
MLR ,2019-08-13 14:44:10,132
MLR ,2019-08-13 15:44:14,132
MLR ,2019-08-13 16:44:12,132
MLR ,2019-08-13 17:44:10,132
MLR ,2019-08-13 18:44:10,132
MLR ,2019-08-13 19:44:10,132
MLR ,2019-08-13 20:44:09,132
MLR ,2019-08-13 21:44:11,132
MLR ,2019-08-13 22:44:17,132
MLR ,2019-08-13 23:44:11,132
MLR ,2019-08-14 00:44:12,132
MLR ,2019-08-14 01:44:11,132
MLR ,2019-08-14 02:44:12,132
MLR ,2019-08-14 03:44:09,132
MLR ,2019-08-14 04:44:09,132
MLR ,2019-08-14 05:44:27,132
MLR ,2019-08-14 06:44:09,132
MLR ,2019-08-14 07:44:08,132
MLR ,2019-08-14 08:44:07,132
MLR ,2019-08-14 09:44:12,132
MLR ,2019-08-14 10:44:06,132
MLR ,2019-08-14 11:44:07,132
MLR ,2019-08-14 13:07:16,132
MLR ,2019-08-14 13:44:11,132
MLR ,2019-08-14 14:44:11,132
MLR ,2019-08-14 15:44:12,132
MLR ,2019-08-14 16:44:09,133
MLR ,2019-08-14 17:44:07,133
MLR ,2019-08-14 18:44:11,133
MLR ,2019-08-14 19:44:12,133
MLR ,2019-08-14 20:44:09,133
MLR ,2019-08-14 21:44:20,133
MLR ,2019-08-14 22:44:09,133
MLR ,2019-08-14 23:44:08,133
MLR ,2019-08-15 00:44:38,133
MLR ,2019-08-15 01:44:11,133
MLR ,2019-08-15 02:44:12,133
MLR ,2019-08-15 03:44:10,133
MLR ,2019-08-15 04:44:10,133
MLR ,2019-08-15 05:44:15,133
MLR ,2019-08-15 06:44:08,133
MLR ,2019-08-15 07:44:07,133
MLR ,2019-08-15 08:44:22,133
MLR ,2019-08-15 09:44:08,133
MLR ,2019-08-15 10:44:08,133
MLR ,2019-08-15 11:44:08,133
MLR ,2019-08-15 13:07:14,133
MLR ,2019-08-15 13:44:16,133
MLR ,2019-08-15 14:44:11,133
MLR ,2019-08-15 15:44:06,133
MLR ,2019-08-15 16:44:26,133
MLR ,2019-08-15 17:44:05,133
MLR ,2019-08-15 18:44:09,133
MLR ,2019-08-15 19:44:07,133
MLR ,2019-08-15 20:44:09,133
MLR ,2019-08-15 21:44:06,133
MLR ,2019-08-15 22:44:05,133
MLR ,2019-08-15 23:44:16,133
MLR ,2019-08-16 00:44:12,133
MLR ,2019-08-16 01:44:23,133
MLR ,2019-08-16 02:44:09,133
MLR ,2019-08-16 03:44:09,133
MLR ,2019-08-16 04:44:05,133
MLR ,2019-08-16 05:44:24,133
MLR ,2019-08-16 06:44:06,133
MLR ,2019-08-16 07:44:08,133
MLR ,2019-08-16 08:44:07,133
MLR ,2019-08-16 09:44:09,133
MLR ,2019-08-16 10:44:06,133
MLR ,2019-08-16 11:44:05,133
MLR ,2019-08-16 12:44:07,133
MLR ,2019-08-16 13:44:11,133
MLR ,2019-08-16 14:44:07,133
MLR ,2019-08-16 15:44:09,133
MLR ,2019-08-16 16:44:22,133
MLR ,2019-08-16 18:44:53,133
MLR ,2019-08-16 19:44:12,133
MLR ,2019-08-16 20:44:15,133
MLR ,2019-08-16 21:44:11,133
MLR ,2019-08-16 22:44:13,133
MLR ,2019-08-16 23:44:12,133
MLR ,2019-08-17 00:44:13,133
MLR ,2019-08-17 01:44:17,133
MLR ,2019-08-17 02:44:26,133
MLR ,2019-08-17 03:44:12,133
MLR ,2019-08-17 04:44:13,133
MLR ,2019-08-17 05:44:14,133
MLR ,2019-08-17 06:44:11,133
MLR ,2019-08-17 07:44:11,133
MLR ,2019-08-17 08:44:13,133
MLR ,2019-08-17 09:44:12,133
MLR ,2019-08-17 10:44:10,133
MLR ,2019-08-17 11:44:10,133
MLR ,2019-08-17 12:44:09,133
MLR ,2019-08-17 13:44:12,133
MLR ,2019-08-17 14:44:42,133
MLR ,2019-08-17 15:44:11,133
MLR ,2019-08-17 16:44:11,133
MLR ,2019-08-17 17:44:09,133
MLR ,2019-08-17 18:44:09,133
MLR ,2019-08-17 19:44:10,133
MLR ,2019-08-17 20:44:12,133
MLR ,2019-08-17 21:44:09,133
MLR ,2019-08-17 22:44:09,133
MLR ,2019-08-17 23:44:09,133
MLR ,2019-08-18 00:44:10,133
MLR ,2019-08-18 01:44:09,133
MLR ,2019-08-18 02:44:12,133
MLR ,2019-08-18 03:44:10,133
MLR ,2019-08-18 04:44:09,133
MLR ,2019-08-18 05:44:31,133
MLR ,2019-08-18 06:44:30,133
MLR ,2019-08-18 07:44:13,133
MLR ,2019-08-18 08:44:14,133
MLR ,2019-08-18 09:44:13,133
MLR ,2019-08-18 10:44:10,133
MLR ,2019-08-18 11:44:11,133
MLR ,2019-08-18 12:44:12,133
MLR ,2019-08-18 13:44:12,133
MLR ,2019-08-18 14:44:12,133
MLR ,2019-08-18 15:44:13,133
MLR ,2019-08-18 16:44:16,133
MLR ,2019-08-18 17:44:11,133
MLR ,2019-08-18 18:44:11,133
MLR ,2019-08-18 19:44:12,133
MLR ,2019-08-18 20:44:13,133
MLR ,2019-08-18 21:44:19,133
MLR ,2019-08-18 22:44:13,133
MLR ,2019-08-18 23:44:12,133
MLR ,2019-08-19 00:44:12,133
MLR ,2019-08-19 01:44:15,133
MLR ,2019-08-19 02:44:14,133
MLR ,2019-08-19 03:44:10,133
MLR ,2019-08-19 04:44:11,133
MLR ,2019-08-19 05:44:16,133
MLR ,2019-08-19 06:44:14,133
MLR ,2019-08-19 07:44:24,133
MLR ,2019-08-19 08:44:12,133
MLR ,2019-08-19 09:44:18,133
MLR ,2019-08-19 10:44:12,133
MLR ,2019-08-19 11:44:11,133
MLR ,2019-08-19 12:44:17,133
MLR ,2019-08-19 13:44:14,133
MLR ,2019-08-19 14:44:07,133
MLR ,2019-08-19 15:44:08,133
MLR ,2019-08-19 16:44:08,133
MLR ,2019-08-19 17:44:07,133
MLR ,2019-08-19 18:44:10,133
MLR ,2019-08-19 19:44:08,133
MLR ,2019-08-19 20:44:07,133
MLR ,2019-08-19 21:44:09,133
MLR ,2019-08-19 22:44:07,133
MLR ,2019-08-19 23:44:08,133
MLR ,2019-08-20 00:44:11,133
MLR ,2019-08-20 01:44:08,133
MLR ,2019-08-20 02:44:11,133
MLR ,2019-08-20 03:44:08,133
MLR ,2019-08-20 04:44:07,133
MLR ,2019-08-20 05:44:23,133
MLR ,2019-08-20 06:44:13,133
MLR ,2019-08-20 07:44:07,133
MLR ,2019-08-20 08:44:07,133
MLR ,2019-08-20 09:44:07,133
MLR ,2019-08-20 10:44:29,133
MLR ,2019-08-20 11:44:06,133
MLR ,2019-08-20 13:06:15,133
MLR ,2019-08-20 13:44:18,133
MLR ,2019-08-20 14:44:10,133
MLR ,2019-08-20 15:44:09,133
MLR ,2019-08-20 16:44:10,133
MLR ,2019-08-20 17:44:10,133
MLR ,2019-08-20 18:44:10,133
MLR ,2019-08-20 19:44:10,133
MLR ,2019-08-20 20:44:11,133
MLR ,2019-08-20 21:44:13,133
MLR ,2019-08-20 22:44:11,133
MLR ,2019-08-20 23:44:09,133
MLR ,2019-08-21 00:44:12,133
MLR ,2019-08-21 01:44:14,133
MLR ,2019-08-21 02:44:16,133
MLR ,2019-08-21 03:44:15,133
MLR ,2019-08-21 04:44:11,133
MLR ,2019-08-21 05:44:13,133
MLR ,2019-08-21 06:44:18,133
MLR ,2019-08-21 07:44:11,133
MLR ,2019-08-21 08:44:12,133
MLR ,2019-08-21 09:44:10,133
MLR ,2019-08-21 10:44:09,133
MLR ,2019-08-21 11:44:09,133
MLR ,2019-08-21 12:44:09,133
MLR ,2019-08-21 13:44:12,133
MLR ,2019-08-21 14:44:11,134
MLR ,2019-08-21 15:44:13,134
MLR ,2019-08-21 16:44:25,134
MLR ,2019-08-21 17:44:09,135
MLR ,2019-08-21 18:44:11,135
MLR ,2019-08-21 19:44:11,135
MLR ,2019-08-21 20:44:11,135
MLR ,2019-08-21 21:44:12,135
MLR ,2019-08-21 22:44:13,135
MLR ,2019-08-21 23:44:10,135
MLR ,2019-08-22 00:44:12,135
MLR ,2019-08-22 01:44:09,135
MLR ,2019-08-22 02:44:16,135
MLR ,2019-08-22 03:44:10,135
MLR ,2019-08-22 04:44:09,135
MLR ,2019-08-22 05:44:13,135
MLR ,2019-08-22 06:44:10,135
MLR ,2019-08-22 07:44:11,135
MLR ,2019-08-22 08:44:10,135
MLR ,2019-08-22 09:44:10,135
MLR ,2019-08-22 10:44:12,135
MLR ,2019-08-22 11:44:12,135
MLR ,2019-08-22 12:44:12,135
MLR ,2019-08-22 13:44:13,135
MLR ,2019-08-22 14:44:15,135
MLR ,2019-08-22 15:44:14,135
MLR ,2019-08-22 16:44:19,134
MLR ,2019-08-22 17:44:15,134
MLR ,2019-08-22 18:44:15,134
MLR ,2019-08-22 19:44:13,134
MLR ,2019-08-22 20:44:14,134
MLR ,2019-08-22 21:44:17,134
MLR ,2019-08-22 22:44:13,134
MLR ,2019-08-22 23:44:14,134
MLR ,2019-08-23 00:44:16,134
MLR ,2019-08-23 01:44:18,134
MLR ,2019-08-23 02:44:19,134
MLR ,2019-08-23 03:44:12,134
MLR ,2019-08-23 04:44:12,134
MLR ,2019-08-23 05:44:13,134
MLR ,2019-08-23 06:44:13,134
MLR ,2019-08-23 07:44:11,134
MLR ,2019-08-23 08:44:13,134
MLR ,2019-08-23 09:44:10,134
MLR ,2019-08-23 10:44:16,134
MLR ,2019-08-23 11:44:10,134
MLR ,2019-08-23 12:44:15,134
MLR ,2019-08-23 13:44:16,134
MLR ,2019-08-23 14:44:13,134
MLR ,2019-08-23 15:44:14,134
MLR ,2019-08-23 16:44:16,134
MLR ,2019-08-23 17:44:10,134
MLR ,2019-08-23 18:44:15,134
MLR ,2019-08-23 19:44:13,134
MLR ,2019-08-23 20:44:10,134
MLR ,2019-08-23 21:44:12,134
MLR ,2019-08-23 22:44:51,134
MLR ,2019-08-23 23:44:11,134
MLR ,2019-08-24 00:44:12,134
MLR ,2019-08-24 01:44:11,134
MLR ,2019-08-24 02:44:33,134
MLR ,2019-08-24 03:44:11,134
MLR ,2019-08-24 04:44:09,134
MLR ,2019-08-24 05:44:14,134
MLR ,2019-08-24 06:44:14,134
MLR ,2019-08-24 07:44:16,134
MLR ,2019-08-24 08:44:14,134
MLR ,2019-08-24 09:44:13,134
MLR ,2019-08-24 10:44:12,134
MLR ,2019-08-24 11:44:10,134
MLR ,2019-08-24 12:44:14,134
MLR ,2019-08-24 13:44:11,134
MLR ,2019-08-24 14:44:12,134
MLR ,2019-08-24 15:44:13,134
MLR ,2019-08-24 16:44:26,134
MLR ,2019-08-24 17:44:12,134
MLR ,2019-08-24 18:44:16,134
MLR ,2019-08-24 19:44:13,134
MLR ,2019-08-24 20:44:12,134
MLR ,2019-08-24 21:44:12,134
MLR ,2019-08-24 22:44:13,134
MLR ,2019-08-24 23:44:11,134
MLR ,2019-08-25 00:44:09,134
MLR ,2019-08-25 01:44:15,134
MLR ,2019-08-25 02:44:25,134
MLR ,2019-08-25 03:44:11,134
MLR ,2019-08-25 04:44:11,134
MLR ,2019-08-25 05:44:11,134
MLR ,2019-08-25 06:44:11,134
MLR ,2019-08-25 07:44:11,134
MLR ,2019-08-25 08:44:13,134
MLR ,2019-08-25 09:44:10,134
MLR ,2019-08-25 10:44:11,134
MLR ,2019-08-25 11:44:15,134
MLR ,2019-08-25 12:44:11,134
MLR ,2019-08-25 13:44:13,134
MLR ,2019-08-25 14:44:11,134
MLR ,2019-08-25 15:44:13,134
MLR ,2019-08-25 16:44:16,134
MLR ,2019-08-25 17:44:10,134
MLR ,2019-08-25 18:44:10,134
MLR ,2019-08-25 19:44:12,134
MLR ,2019-08-25 20:44:12,134
MLR ,2019-08-25 21:44:13,134
MLR ,2019-08-25 22:44:11,134
MLR ,2019-08-25 23:44:12,134
MLR ,2019-08-26 00:44:10,134
MLR ,2019-08-26 01:44:09,134
MLR ,2019-08-26 02:44:16,134
MLR ,2019-08-26 03:44:10,134
MLR ,2019-08-26 04:44:11,134
MLR ,2019-08-26 05:44:14,134
MLR ,2019-08-26 06:44:10,134
MLR ,2019-08-26 07:44:12,134
MLR ,2019-08-26 08:44:10,134
MLR ,2019-08-26 09:44:09,134
MLR ,2019-08-26 10:44:12,134
MLR ,2019-08-26 11:44:09,134
MLR ,2019-08-26 12:44:13,134
MLR ,2019-08-26 13:44:11,134
MLR ,2019-08-26 14:44:10,134
MLR ,2019-08-26 15:44:13,134
MLR ,2019-08-26 16:44:21,134
MLR ,2019-08-26 17:44:10,134
MLR ,2019-08-26 18:44:10,134
MLR ,2019-08-26 19:44:14,134
MLR ,2019-08-26 20:44:13,134
MLR ,2019-08-26 21:44:12,134
MLR ,2019-08-26 22:44:10,134
MLR ,2019-08-26 23:44:10,134
MLR ,2019-08-27 00:44:12,134
MLR ,2019-08-27 01:44:12,134
MLR ,2019-08-27 02:44:17,134
MLR ,2019-08-27 03:44:11,134
MLR ,2019-08-27 04:44:10,134
MLR ,2019-08-27 05:44:16,134
MLR ,2019-08-27 06:44:18,134
MLR ,2019-08-27 07:44:10,134
MLR ,2019-08-27 08:44:14,134
MLR ,2019-08-27 09:44:10,134
MLR ,2019-08-27 10:44:09,134
MLR ,2019-08-27 11:44:15,134
MLR ,2019-08-27 12:44:15,134
MLR ,2019-08-27 13:44:28,134
MLR ,2019-08-27 14:44:11,134
MLR ,2019-08-27 15:44:14,134
MLR ,2019-08-27 16:44:16,134
MLR ,2019-08-27 17:44:10,133
MLR ,2019-08-27 18:44:11,133
MLR ,2019-08-27 19:44:13,133
MLR ,2019-08-27 20:44:11,132
MLR ,2019-08-27 21:44:12,132
MLR ,2019-08-27 22:44:12,132
MLR ,2019-08-27 23:44:16,132
MLR ,2019-08-28 00:44:17,132
MLR ,2019-08-28 01:44:14,132
MLR ,2019-08-28 02:44:19,132
MLR ,2019-08-28 03:44:21,132
MLR ,2019-08-28 04:44:14,132
MLR ,2019-08-28 05:44:17,132
MLR ,2019-08-28 06:44:16,132
MLR ,2019-08-28 07:44:16,132
MLR ,2019-08-28 08:44:11,132
MLR ,2019-08-28 09:44:14,132
MLR ,2019-08-28 10:44:13,132
MLR ,2019-08-28 11:44:17,132
MLR ,2019-08-28 12:44:12,132
MLR ,2019-08-28 13:44:11,132
MLR ,2019-08-28 14:44:09,132
MLR ,2019-08-28 15:44:10,132
MLR ,2019-08-28 16:44:27,132
MLR ,2019-08-28 17:44:09,132
MLR ,2019-08-28 18:44:11,132
MLR ,2019-08-28 19:44:11,132
MLR ,2019-08-28 20:44:13,132
MLR ,2019-08-28 21:44:12,132
MLR ,2019-08-28 22:44:11,132
MLR ,2019-08-28 23:44:15,132
MLR ,2019-08-29 00:44:09,132
MLR ,2019-08-29 01:44:12,132
MLR ,2019-08-29 02:44:13,132
MLR ,2019-08-29 03:44:10,132
MLR ,2019-08-29 04:44:11,132
MLR ,2019-08-29 05:44:24,132
MLR ,2019-08-29 06:44:08,132
MLR ,2019-08-29 07:44:12,132
MLR ,2019-08-29 08:44:11,132
MLR ,2019-08-29 09:44:11,132
MLR ,2019-08-29 10:44:07,132
MLR ,2019-08-29 11:44:08,132
MLR ,2019-08-29 12:44:12,132
MLR ,2019-08-29 13:44:11,132
MLR ,2019-08-29 14:44:09,132
MLR ,2019-08-29 15:44:09,133
MLR ,2019-08-29 16:44:16,133
MLR ,2019-08-29 17:44:09,133
MLR ,2019-08-29 18:44:09,133
MLR ,2019-08-29 19:44:06,132
MLR ,2019-08-29 20:44:09,132
MLR ,2019-08-29 21:44:09,132
MLR ,2019-08-29 22:44:07,132
MLR ,2019-08-29 23:44:08,132
MLR ,2019-08-30 00:44:11,132
MLR ,2019-08-30 01:44:15,132
MLR ,2019-08-30 02:44:10,132
MLR ,2019-08-30 03:44:11,132
MLR ,2019-08-30 04:44:10,132
MLR ,2019-08-30 05:44:19,132
MLR ,2019-08-30 06:44:06,132
MLR ,2019-08-30 07:44:07,132
MLR ,2019-08-30 08:44:06,132
MLR ,2019-08-30 09:44:08,132
MLR ,2019-08-30 10:44:06,132
MLR ,2019-08-30 11:44:05,132
MLR ,2019-08-30 12:44:08,132
MLR ,2019-08-30 13:44:08,132
MLR ,2019-08-30 14:44:08,132
MLR ,2019-08-30 15:44:08,132
MLR ,2019-08-30 16:44:09,132
MLR ,2019-08-30 17:44:09,133
MLR ,2019-08-30 18:44:06,133
MLR ,2019-08-30 20:44:24,133
MLR ,2019-08-30 21:44:19,133
MLR ,2019-08-30 22:44:21,133
MLR ,2019-08-30 23:44:20,133
MLR ,2019-08-31 00:44:20,133
MLR ,2019-08-31 01:44:23,133
MLR ,2019-08-31 02:44:20,133
MLR ,2019-08-31 03:44:21,133
MLR ,2019-08-31 04:44:19,133
MLR ,2019-08-31 23:44:40,133
MLR ,2019-09-01 00:44:24,133
MLR ,2019-09-01 01:44:20,133
MLR ,2019-09-01 02:44:21,133
MLR ,2019-09-01 03:44:21,133
MLR ,2019-09-01 04:44:20,133
MLR ,2019-09-01 05:44:20,133
MLR ,2019-09-01 06:44:20,133
MLR ,2019-09-01 07:44:17,133
MLR ,2019-09-01 08:44:20,133
MLR ,2019-09-01 09:44:19,133
MLR ,2019-09-01 10:44:19,133
MLR ,2019-09-01 11:44:18,133
MLR ,2019-09-01 12:44:22,133
MLR ,2019-09-01 13:44:20,133
MLR ,2019-09-01 14:44:20,133
MLR ,2019-09-01 15:44:19,133
MLR ,2019-09-01 16:44:26,133
MLR ,2019-09-01 17:44:23,133
MLR ,2019-09-01 18:44:20,133
MLR ,2019-09-01 19:44:18,133
MLR ,2019-09-01 20:44:20,133
MLR ,2019-09-01 21:44:20,133
MLR ,2019-09-01 22:44:21,133
MLR ,2019-09-01 23:44:21,133
MLR ,2019-09-02 00:44:19,133
MLR ,2019-09-02 01:44:17,133
MLR ,2019-09-02 02:44:18,133
MLR ,2019-09-02 03:44:21,133
MLR ,2019-09-02 04:44:22,133
MLR ,2019-09-02 05:44:32,133
MLR ,2019-09-02 06:44:22,133
MLR ,2019-09-02 07:44:22,133
MLR ,2019-09-02 08:44:20,133
MLR ,2019-09-02 09:44:26,133
MLR ,2019-09-02 10:44:27,133
MLR ,2019-09-02 11:44:21,133
MLR ,2019-09-02 12:44:18,133
MLR ,2019-09-02 13:44:21,133
MLR ,2019-09-02 14:44:20,133
MLR ,2019-09-02 15:44:20,133
MLR ,2019-09-02 16:44:31,133
MLR ,2019-09-02 17:44:19,133
MLR ,2019-09-02 18:44:22,133
MLR ,2019-09-02 19:44:20,133
MLR ,2019-09-02 20:44:20,133
MLR ,2019-09-02 21:44:21,133
MLR ,2019-09-02 22:44:22,133
MLR ,2019-09-02 23:44:22,133
MLR ,2019-09-03 00:44:21,133
MLR ,2019-09-03 01:44:22,133
MLR ,2019-09-03 02:44:24,133
MLR ,2019-09-03 03:44:20,133
MLR ,2019-09-03 04:44:19,133
MLR ,2019-09-03 05:44:31,133
MLR ,2019-09-03 06:44:24,133
MLR ,2019-09-03 07:44:19,133
MLR ,2019-09-03 08:44:27,133
MLR ,2019-09-03 09:44:20,133
MLR ,2019-09-03 10:44:24,133
MLR ,2019-09-03 11:44:19,133
MLR ,2019-09-03 13:08:31,133
MLR ,2019-09-03 13:44:28,133
MLR ,2019-09-03 14:44:22,134
MLR ,2019-09-03 15:44:21,133
MLR ,2019-09-03 16:44:25,133
MLR ,2019-09-03 17:44:22,133
MLR ,2019-09-03 18:44:19,132
MLR ,2019-09-03 19:44:19,133
MLR ,2019-09-03 20:44:21,133
MLR ,2019-09-03 21:44:19,133
MLR ,2019-09-03 22:44:27,133
MLR ,2019-09-03 23:44:20,133
MLR ,2019-09-04 00:44:24,133
MLR ,2019-09-04 01:44:22,133
MLR ,2019-09-04 02:44:21,133
MLR ,2019-09-04 03:44:20,133
MLR ,2019-09-04 04:44:19,133
MLR ,2019-09-04 05:44:31,133
MLR ,2019-09-04 06:44:22,133
MLR ,2019-09-04 07:44:20,133
MLR ,2019-09-04 08:44:20,133
MLR ,2019-09-04 09:44:22,133
MLR ,2019-09-04 10:44:20,133
MLR ,2019-09-04 11:44:20,133
MLR ,2019-09-04 13:07:28,133
MLR ,2019-09-04 13:44:21,133
MLR ,2019-09-04 14:44:20,133
MLR ,2019-09-04 15:44:21,133
MLR ,2019-09-04 16:44:31,133
MLR ,2019-09-04 17:44:19,133
MLR ,2019-09-04 18:44:22,133
MLR ,2019-09-04 19:44:21,133
MLR ,2019-09-04 20:44:21,132
MLR ,2019-09-04 21:44:19,132
MLR ,2019-09-04 22:44:20,132
MLR ,2019-09-04 23:44:24,132
MLR ,2019-09-05 01:44:20,132
MLR ,2019-09-05 02:44:26,132
MLR ,2019-09-05 03:44:19,132
MLR ,2019-09-05 04:44:20,132
MLR ,2019-09-05 05:44:31,132
MLR ,2019-09-05 06:44:18,132
MLR ,2019-09-05 07:44:24,132
MLR ,2019-09-05 08:44:20,132
MLR ,2019-09-05 09:44:18,132
MLR ,2019-09-05 10:44:26,132
MLR ,2019-09-05 11:44:19,132
MLR ,2019-09-05 13:08:24,132
MLR ,2019-09-05 13:44:21,132
MLR ,2019-09-05 14:44:24,132
MLR ,2019-09-05 15:44:21,132
MLR ,2019-09-05 16:44:33,132
MLR ,2019-09-05 17:44:22,132
MLR ,2019-09-05 18:44:19,132
MLR ,2019-09-05 19:44:19,133
MLR ,2019-09-05 20:44:22,134
MLR ,2019-09-05 21:44:20,134
MLR ,2019-09-05 22:44:21,134
MLR ,2019-09-05 23:44:22,134
MLR ,2019-09-06 00:44:22,134
MLR ,2019-09-06 01:44:22,134
MLR ,2019-09-06 02:44:20,134
MLR ,2019-09-06 03:44:18,134
MLR ,2019-09-06 04:44:19,134
MLR ,2019-09-06 05:44:33,134
MLR ,2019-09-06 06:44:21,134
MLR ,2019-09-06 07:44:23,134
MLR ,2019-09-06 08:44:19,134
MLR ,2019-09-06 09:44:21,134
MLR ,2019-09-06 10:44:21,134
MLR ,2019-09-06 11:44:35,134
MLR ,2019-09-06 13:07:25,134
MLR ,2019-09-06 13:44:22,134
MLR ,2019-09-06 14:44:18,134
MLR ,2019-09-06 15:44:19,134
MLR ,2019-09-06 16:44:31,133
MLR ,2019-09-06 17:44:21,133
MLR ,2019-09-06 18:44:23,134
MLR ,2019-09-06 19:44:19,134
MLR ,2019-09-06 20:44:20,134
MLR ,2019-09-06 21:44:21,134
MLR ,2019-09-06 22:44:20,134
MLR ,2019-09-06 23:44:19,134
MLR ,2019-09-07 00:44:19,134
MLR ,2019-09-07 01:44:21,134
MLR ,2019-09-07 02:44:22,134
MLR ,2019-09-07 03:44:23,134
MLR ,2019-09-07 04:44:21,134
MLR ,2019-09-07 05:44:45,134
MLR ,2019-09-07 06:44:21,134
MLR ,2019-09-07 07:44:18,134
MLR ,2019-09-07 08:44:19,134
MLR ,2019-09-07 09:44:20,134
MLR ,2019-09-07 10:44:22,134
MLR ,2019-09-07 11:44:19,134
MLR ,2019-09-07 12:44:19,134
MLR ,2019-09-07 13:44:22,134
MLR ,2019-09-07 14:44:22,134
MLR ,2019-09-07 15:44:21,134
MLR ,2019-09-07 16:44:21,134
MLR ,2019-09-07 17:44:20,134
MLR ,2019-09-07 18:44:19,134
MLR ,2019-09-07 19:44:19,134
MLR ,2019-09-07 20:44:20,134
MLR ,2019-09-07 22:44:18,134
MLR ,2019-09-07 23:44:21,134
MLR ,2019-09-08 00:44:21,134
MLR ,2019-09-08 01:44:24,134
MLR ,2019-09-08 02:44:26,134
MLR ,2019-09-08 03:44:22,134
MLR ,2019-09-08 04:44:20,134
MLR ,2019-09-08 05:44:26,134
MLR ,2019-09-08 06:44:20,134
MLR ,2019-09-08 07:44:19,134
MLR ,2019-09-08 08:44:20,134
MLR ,2019-09-08 09:44:19,134
MLR ,2019-09-08 10:44:22,134
MLR ,2019-09-08 11:44:19,134
MLR ,2019-09-08 12:44:20,134
MLR ,2019-09-08 13:44:21,134
MLR ,2019-09-08 14:44:20,134
MLR ,2019-09-08 15:44:19,134
MLR ,2019-09-08 16:44:28,134
MLR ,2019-09-08 17:44:20,134
MLR ,2019-09-08 18:44:20,134
MLR ,2019-09-08 19:44:25,134
MLR ,2019-09-08 20:44:23,134
MLR ,2019-09-08 21:44:21,134
MLR ,2019-09-08 22:44:18,134
MLR ,2019-09-08 23:44:19,134
MLR ,2019-09-09 00:44:19,134
MLR ,2019-09-09 01:44:21,134
MLR ,2019-09-09 02:44:21,134
MLR ,2019-09-09 03:44:21,134
MLR ,2019-09-09 04:44:19,134
MLR ,2019-09-09 05:44:35,134
MLR ,2019-09-09 06:44:19,134
MLR ,2019-09-09 07:44:20,134
MLR ,2019-09-09 08:44:20,134
MLR ,2019-09-09 09:44:17,134
MLR ,2019-09-09 10:44:19,134
MLR ,2019-09-09 11:44:20,134
MLR ,2019-09-09 13:07:26,134
MLR ,2019-09-09 13:44:24,134
MLR ,2019-09-09 14:44:27,134
MLR ,2019-09-09 15:44:21,133
MLR ,2019-09-09 16:44:37,133
MLR ,2019-09-09 17:44:20,133
MLR ,2019-09-09 18:44:20,133
MLR ,2019-09-09 19:44:20,133
MLR ,2019-09-09 20:44:19,133
MLR ,2019-09-09 21:44:20,133
MLR ,2019-09-09 22:44:19,133
MLR ,2019-09-09 23:44:20,133
MLR ,2019-09-10 00:44:21,133
MLR ,2019-09-10 01:44:20,133
MLR ,2019-09-10 02:44:26,133
MLR ,2019-09-10 03:44:22,133
MLR ,2019-09-10 04:44:21,133
MLR ,2019-09-10 05:44:26,133
MLR ,2019-09-10 06:44:20,133
MLR ,2019-09-10 07:44:18,133
MLR ,2019-09-10 08:44:21,133
MLR ,2019-09-10 09:44:31,133
MLR ,2019-09-10 10:44:20,133
MLR ,2019-09-10 11:44:19,133
MLR ,2019-09-10 12:44:22,133
MLR ,2019-09-10 13:44:21,133
MLR ,2019-09-10 14:44:19,133
MLR ,2019-09-10 15:44:19,135
MLR ,2019-09-10 16:44:28,135
MLR ,2019-09-10 17:44:20,134
MLR ,2019-09-10 18:44:20,134
MLR ,2019-09-10 19:44:26,134
MLR ,2019-09-10 20:44:18,134
MLR ,2019-09-10 21:44:21,134
MLR ,2019-09-10 22:44:19,134
MLR ,2019-09-10 23:44:20,134
MLR ,2019-09-11 00:44:19,134
MLR ,2019-09-11 01:44:20,134
MLR ,2019-09-11 02:44:19,134
MLR ,2019-09-11 03:44:18,134
MLR ,2019-09-11 04:44:19,134
MLR ,2019-09-11 05:44:29,134
MLR ,2019-09-11 06:44:22,134
MLR ,2019-09-11 07:44:17,134
MLR ,2019-09-11 08:44:19,134
MLR ,2019-09-11 09:44:24,134
MLR ,2019-09-11 10:44:33,134
MLR ,2019-09-11 11:44:27,134
MLR ,2019-09-11 12:44:20,134
MLR ,2019-09-11 13:44:24,134
MLR ,2019-09-11 14:44:20,134
MLR ,2019-09-11 15:44:19,134
MLR ,2019-09-11 16:44:23,135
MLR ,2019-09-11 17:44:18,134
MLR ,2019-09-11 18:44:20,134
MLR ,2019-09-11 19:44:20,134
MLR ,2019-09-11 20:44:19,134
MLR ,2019-09-11 21:44:25,133
MLR ,2019-09-11 22:44:19,133
MLR ,2019-09-11 23:44:19,133
MLR ,2019-09-12 00:44:21,133
MLR ,2019-09-12 01:44:20,133
MLR ,2019-09-12 02:44:27,133
MLR ,2019-09-12 03:44:20,133
MLR ,2019-09-12 04:44:18,133
MLR ,2019-09-12 05:44:31,133
MLR ,2019-09-12 06:44:20,133
MLR ,2019-09-12 07:44:19,133
MLR ,2019-09-12 08:44:18,133
MLR ,2019-09-12 09:44:19,133
MLR ,2019-09-12 10:44:33,133
MLR ,2019-09-12 11:44:22,133
MLR ,2019-09-12 13:08:27,133
MLR ,2019-09-12 13:44:22,133
MLR ,2019-09-12 14:44:25,133
MLR ,2019-09-12 15:44:22,133
MLR ,2019-09-12 16:44:21,133
MLR ,2019-09-12 17:44:19,133
MLR ,2019-09-12 18:44:19,133
MLR ,2019-09-12 19:44:19,133
MLR ,2019-09-12 20:44:18,133
MLR ,2019-09-12 21:44:17,133
MLR ,2019-09-12 22:44:20,133
MLR ,2019-09-12 23:44:19,133
MLR ,2019-09-13 00:44:19,133
MLR ,2019-09-13 01:44:22,133
MLR ,2019-09-13 02:44:20,133
MLR ,2019-09-13 03:44:20,133
MLR ,2019-09-13 04:44:18,133
MLR ,2019-09-13 05:44:19,133
MLR ,2019-09-13 06:44:20,133
MLR ,2019-09-13 07:44:18,133
MLR ,2019-09-13 08:44:20,133
MLR ,2019-09-13 09:44:18,133
MLR ,2019-09-13 10:44:19,133
MLR ,2019-09-13 11:44:18,133
MLR ,2019-09-13 13:08:22,133
MLR ,2019-09-13 14:09:24,134
MLR ,2019-09-13 14:44:20,134
MLR ,2019-09-13 15:44:19,134
MLR ,2019-09-13 16:44:19,134
MLR ,2019-09-13 17:44:18,134
MLR ,2019-09-13 18:44:18,134
MLR ,2019-09-13 19:44:20,134
MLR ,2019-09-13 20:44:16,135
MLR ,2019-09-13 21:44:23,135
MLR ,2019-09-13 22:44:17,135
MLR ,2019-09-13 23:44:20,135
MLR ,2019-09-14 00:44:22,135
MLR ,2019-09-14 01:44:16,135
MLR ,2019-09-14 02:44:19,135
MLR ,2019-09-14 03:44:20,135
MLR ,2019-09-14 04:44:17,135
MLR ,2019-09-14 05:44:19,135
MLR ,2019-09-14 06:44:19,135
MLR ,2019-09-14 07:44:18,135
MLR ,2019-09-14 08:44:19,135
MLR ,2019-09-14 09:44:17,135
MLR ,2019-09-14 10:44:19,135
MLR ,2019-09-14 11:44:15,135
MLR ,2019-09-14 12:44:19,135
MLR ,2019-09-14 13:44:16,135
MLR ,2019-09-14 14:44:19,135
MLR ,2019-09-14 15:44:16,135
MLR ,2019-09-14 16:44:21,135
MLR ,2019-09-14 17:44:19,135
MLR ,2019-09-14 18:44:16,135
MLR ,2019-09-14 19:44:17,135
MLR ,2019-09-14 20:44:16,135
MLR ,2019-09-14 21:44:21,135
MLR ,2019-09-14 22:44:18,135
MLR ,2019-09-14 23:44:20,135
MLR ,2019-09-15 00:44:20,135
MLR ,2019-09-15 01:44:16,135
MLR ,2019-09-15 02:44:21,135
MLR ,2019-09-15 03:44:21,135
MLR ,2019-09-15 04:44:19,135
MLR ,2019-09-15 05:44:17,135
MLR ,2019-09-15 06:44:22,135
MLR ,2019-09-15 07:44:21,135
MLR ,2019-09-15 08:44:21,135
MLR ,2019-09-15 09:44:18,135
MLR ,2019-09-15 10:44:18,135
MLR ,2019-09-15 11:44:19,135
MLR ,2019-09-15 12:44:21,135
MLR ,2019-09-15 13:44:20,135
MLR ,2019-09-15 14:44:19,135
MLR ,2019-09-15 15:44:17,135
MLR ,2019-09-15 16:44:21,135
MLR ,2019-09-15 17:44:15,135
MLR ,2019-09-15 18:44:18,135
MLR ,2019-09-15 19:44:18,135
MLR ,2019-09-15 20:44:17,135
MLR ,2019-09-15 21:44:21,135
MLR ,2019-09-15 22:44:18,135
MLR ,2019-09-15 23:44:17,135
MLR ,2019-09-16 00:44:20,135
MLR ,2019-09-16 01:44:18,135
MLR ,2019-09-16 02:44:21,135
MLR ,2019-09-16 03:44:21,135
MLR ,2019-09-16 04:44:17,135
MLR ,2019-09-16 05:44:20,135
MLR ,2019-09-16 06:44:21,135
MLR ,2019-09-16 07:44:18,135
MLR ,2019-09-16 08:44:20,135
MLR ,2019-09-16 09:44:19,135
MLR ,2019-09-16 10:44:18,135
MLR ,2019-09-16 11:44:15,135
MLR ,2019-09-16 13:07:54,135
MLR ,2019-09-16 13:44:20,135
MLR ,2019-09-16 14:44:24,134
MLR ,2019-09-16 15:44:21,134
MLR ,2019-09-16 16:44:23,134
MLR ,2019-09-16 17:44:19,134
MLR ,2019-09-16 18:44:22,134
MLR ,2019-09-16 19:44:28,134
MLR ,2019-09-16 20:44:26,134
MLR ,2019-09-16 21:44:22,134
MLR ,2019-09-16 22:44:24,134
MLR ,2019-09-16 23:44:23,134
MLR ,2019-09-17 00:44:22,134
MLR ,2019-09-17 01:44:20,134
MLR ,2019-09-17 02:44:22,134
MLR ,2019-09-17 03:44:23,134
MLR ,2019-09-17 04:44:19,134
MLR ,2019-09-17 05:44:19,134
MLR ,2019-09-17 06:44:17,134
MLR ,2019-09-17 07:44:20,134
MLR ,2019-09-17 08:44:18,134
MLR ,2019-09-17 09:44:23,134
MLR ,2019-09-17 10:44:22,134
MLR ,2019-09-17 11:44:20,134
MLR ,2019-09-17 12:44:21,134
MLR ,2019-09-17 13:44:24,134
MLR ,2019-09-17 14:44:21,134
MLR ,2019-09-17 15:44:22,134
MLR ,2019-09-17 16:44:23,134
MLR ,2019-09-17 17:44:19,134
MLR ,2019-09-17 18:44:21,133
MLR ,2019-09-17 19:44:20,133
MLR ,2019-09-17 20:44:20,133
MLR ,2019-09-17 21:44:21,133
MLR ,2019-09-17 22:44:23,133
MLR ,2019-09-17 23:44:21,133
MLR ,2019-09-18 00:44:21,133
MLR ,2019-09-18 01:44:20,133
MLR ,2019-09-18 02:44:19,133
MLR ,2019-09-18 03:44:20,133
MLR ,2019-09-18 04:44:27,133
MLR ,2019-09-18 05:44:20,133
MLR ,2019-09-18 06:44:22,133
MLR ,2019-09-18 07:44:20,133
MLR ,2019-09-18 08:44:22,133
MLR ,2019-09-18 09:44:21,133
MLR ,2019-09-18 10:44:20,133
MLR ,2019-09-18 11:44:19,133
MLR ,2019-09-18 13:39:29,133
MLR ,2019-09-18 13:46:43,133
MLR ,2019-09-18 14:44:21,133
MLR ,2019-09-18 15:44:23,134
MLR ,2019-09-18 16:44:23,134
MLR ,2019-09-18 17:44:18,135
MLR ,2019-09-18 18:44:17,135
MLR ,2019-09-18 19:44:23,135
MLR ,2019-09-18 20:44:20,135
MLR ,2019-09-18 21:44:20,135
MLR ,2019-09-18 22:44:22,135
MLR ,2019-09-18 23:44:24,135
MLR ,2019-09-19 00:44:17,135
MLR ,2019-09-19 01:44:20,135
MLR ,2019-09-19 02:44:24,135
MLR ,2019-09-19 03:44:22,135
MLR ,2019-09-19 04:44:18,135
MLR ,2019-09-19 05:44:21,135
MLR ,2019-09-19 06:44:22,135
MLR ,2019-09-19 07:44:17,135
MLR ,2019-09-19 08:44:20,135
MLR ,2019-09-19 09:44:19,135
MLR ,2019-09-19 10:44:19,135
MLR ,2019-09-19 11:44:16,135
MLR ,2019-09-19 13:07:56,135
MLR ,2019-09-19 13:44:24,135
MLR ,2019-09-19 14:44:19,134
MLR ,2019-09-19 15:44:21,133
MLR ,2019-09-19 16:44:27,133
MLR ,2019-09-19 17:44:22,133
MLR ,2019-09-19 18:44:21,133
MLR ,2019-09-19 19:44:17,132
MLR ,2019-09-19 20:44:23,132
MLR ,2019-09-19 21:44:18,132
MLR ,2019-09-19 22:44:23,132
MLR ,2019-09-19 23:44:19,132
MLR ,2019-09-20 00:44:24,132
MLR ,2019-09-20 01:44:27,132
MLR ,2019-09-20 02:44:18,132
MLR ,2019-09-20 03:44:22,132
MLR ,2019-09-20 04:44:21,132
MLR ,2019-09-20 05:44:23,132
MLR ,2019-09-20 06:44:20,132
MLR ,2019-09-20 07:44:20,132
MLR ,2019-09-20 08:44:23,132
MLR ,2019-09-20 09:44:18,132
MLR ,2019-09-20 10:44:18,132
MLR ,2019-09-20 11:44:22,132
MLR ,2019-09-20 12:44:23,132
MLR ,2019-09-20 13:44:17,132
MLR ,2019-09-20 14:44:20,131
MLR ,2019-09-20 15:44:21,131
MLR ,2019-09-20 16:44:21,131
MLR ,2019-09-20 17:44:24,132
MLR ,2019-09-20 18:44:18,132
MLR ,2019-09-20 19:44:22,132
MLR ,2019-09-20 20:44:16,132
MLR ,2019-09-20 21:44:18,132
MLR ,2019-09-20 22:44:22,132
MLR ,2019-09-20 23:44:16,132
MLR ,2019-09-21 00:44:16,132
MLR ,2019-09-21 01:44:17,132
MLR ,2019-09-21 02:44:20,132
MLR ,2019-09-21 03:44:22,132
MLR ,2019-09-21 04:44:15,132
MLR ,2019-09-21 05:44:20,132
MLR ,2019-09-21 06:44:20,132
MLR ,2019-09-21 07:44:16,132
MLR ,2019-09-21 08:44:16,132
MLR ,2019-09-21 09:44:19,132
MLR ,2019-09-21 10:44:16,132
MLR ,2019-09-21 11:44:18,132
MLR ,2019-09-21 12:44:21,132
MLR ,2019-09-21 13:44:21,132
MLR ,2019-09-21 14:44:18,132
MLR ,2019-09-21 15:44:16,132
MLR ,2019-09-21 16:44:21,132
MLR ,2019-09-21 17:44:18,132
MLR ,2019-09-21 18:44:17,132
MLR ,2019-09-21 19:44:18,132
MLR ,2019-09-21 20:44:16,132
MLR ,2019-09-21 21:44:17,132
MLR ,2019-09-21 22:44:17,132
MLR ,2019-09-21 23:44:20,132
MLR ,2019-09-22 00:44:16,132
MLR ,2019-09-22 01:44:18,132
MLR ,2019-09-22 02:44:19,132
MLR ,2019-09-22 03:44:17,132
MLR ,2019-09-22 04:44:20,132
MLR ,2019-09-22 05:44:17,132
MLR ,2019-09-22 06:44:20,132
MLR ,2019-09-22 07:44:20,132
MLR ,2019-09-22 08:44:17,132
MLR ,2019-09-22 09:44:20,132
MLR ,2019-09-22 10:44:17,132
MLR ,2019-09-22 11:44:16,132
MLR ,2019-09-22 12:44:18,132
MLR ,2019-09-22 13:44:17,132
MLR ,2019-09-22 14:44:21,132
MLR ,2019-09-22 15:44:16,132
MLR ,2019-09-22 16:44:21,132
MLR ,2019-09-22 17:44:17,132
MLR ,2019-09-22 18:44:17,132
MLR ,2019-09-22 19:44:21,132
MLR ,2019-09-22 20:44:17,132
MLR ,2019-09-22 21:44:18,132
MLR ,2019-09-22 22:44:16,132
MLR ,2019-09-22 23:44:17,132
MLR ,2019-09-23 00:44:20,132
MLR ,2019-09-23 01:44:17,132
MLR ,2019-09-23 02:44:16,132
MLR ,2019-09-23 03:44:20,132
MLR ,2019-09-23 04:44:18,132
MLR ,2019-09-23 05:44:17,132
MLR ,2019-09-23 06:44:19,132
MLR ,2019-09-23 07:44:17,132
MLR ,2019-09-23 08:44:20,132
MLR ,2019-09-23 09:44:18,132
MLR ,2019-09-23 10:44:19,132
MLR ,2019-09-23 11:44:21,132
MLR ,2019-09-23 12:44:20,132
MLR ,2019-09-23 13:44:17,132
MLR ,2019-09-23 14:44:21,132
MLR ,2019-09-23 15:44:17,132
MLR ,2019-09-23 16:44:20,131
MLR ,2019-09-23 17:44:17,130
MLR ,2019-09-23 18:44:22,130
MLR ,2019-09-23 19:44:17,130
MLR ,2019-09-23 20:44:18,130
MLR ,2019-09-23 21:44:18,130
MLR ,2019-09-23 22:44:20,130
MLR ,2019-09-23 23:44:16,130
MLR ,2019-09-24 00:44:19,130
MLR ,2019-09-24 01:44:17,130
MLR ,2019-09-24 03:44:21,130
MLR ,2019-09-24 04:44:18,130
MLR ,2019-09-24 05:44:24,130
MLR ,2019-09-24 06:44:18,130
MLR ,2019-09-24 07:44:18,130
MLR ,2019-09-24 08:44:19,130
MLR ,2019-09-24 09:44:16,130
MLR ,2019-09-24 10:44:19,130
MLR ,2019-09-24 11:44:20,130
MLR ,2019-09-24 12:44:21,130
MLR ,2019-09-24 13:44:18,130
MLR ,2019-09-24 14:44:19,130
MLR ,2019-09-24 15:44:22,130
MLR ,2019-09-24 16:44:20,130
MLR ,2019-09-24 17:44:20,130
MLR ,2019-09-24 18:44:21,130
MLR ,2019-09-24 19:44:17,130
MLR ,2019-09-24 20:44:19,130
MLR ,2019-09-24 21:44:21,130
MLR ,2019-09-24 22:44:17,130
MLR ,2019-09-24 23:44:16,130
MLR ,2019-09-25 00:44:19,130
MLR ,2019-09-25 01:44:22,130
MLR ,2019-09-25 02:44:15,130
MLR ,2019-09-25 03:44:23,130
MLR ,2019-09-25 04:44:20,130
MLR ,2019-09-25 05:44:17,130
MLR ,2019-09-25 06:44:20,130
MLR ,2019-09-25 07:44:23,130
MLR ,2019-09-25 08:44:20,130
MLR ,2019-09-25 09:44:20,130
MLR ,2019-09-25 10:44:21,130
MLR ,2019-09-25 11:44:18,130
MLR ,2019-09-25 12:44:22,130
MLR ,2019-09-25 13:44:23,130
MLR ,2019-09-25 14:44:22,130
MLR ,2019-09-25 15:44:22,130
MLR ,2019-09-25 16:44:20,129
MLR ,2019-09-25 17:44:20,129
MLR ,2019-09-25 18:44:20,129
MLR ,2019-09-25 19:44:24,129
MLR ,2019-09-25 20:44:17,129
MLR ,2019-09-25 21:44:20,129
MLR ,2019-09-25 22:44:17,129
MLR ,2019-09-25 23:44:21,129
MLR ,2019-09-26 00:44:19,129
MLR ,2019-09-26 01:44:18,129
MLR ,2019-09-26 02:44:21,129
MLR ,2019-09-26 03:44:19,129
MLR ,2019-09-26 04:44:23,129
MLR ,2019-09-26 05:44:21,129
MLR ,2019-09-26 06:44:20,129
MLR ,2019-09-26 07:44:17,129
MLR ,2019-09-26 08:44:20,129
MLR ,2019-09-26 09:44:20,129
MLR ,2019-09-26 10:44:18,129
MLR ,2019-09-26 11:44:17,129
MLR ,2019-09-26 13:07:25,129
MLR ,2019-09-26 13:44:26,129
MLR ,2019-09-26 14:44:21,129
MLR ,2019-09-26 15:44:22,129
MLR ,2019-09-26 16:44:23,129
MLR ,2019-09-26 17:44:23,129
MLR ,2019-09-26 18:44:26,129
MLR ,2019-09-26 19:44:20,129
MLR ,2019-09-26 20:44:19,129
MLR ,2019-09-26 21:44:23,129
MLR ,2019-09-26 22:44:21,129
MLR ,2019-09-26 23:44:20,129
MLR ,2019-09-27 00:44:20,129
MLR ,2019-09-27 01:44:17,129
MLR ,2019-09-27 02:44:30,129
MLR ,2019-09-27 03:44:21,129
MLR ,2019-09-27 04:44:18,129
MLR ,2019-09-27 05:44:20,129
MLR ,2019-09-27 06:44:21,129
MLR ,2019-09-27 07:44:25,129
MLR ,2019-09-27 08:44:19,129
MLR ,2019-09-27 09:44:19,129
MLR ,2019-09-27 10:44:21,129
MLR ,2019-09-27 11:44:19,129
MLR ,2019-09-27 13:08:25,129
MLR ,2019-09-27 13:44:24,129
MLR ,2019-09-27 14:44:22,129
MLR ,2019-09-27 15:44:21,129
MLR ,2019-09-27 16:44:21,129
MLR ,2019-09-27 17:44:20,129
MLR ,2019-09-27 18:44:16,128
MLR ,2019-09-27 19:44:21,128
MLR ,2019-09-27 20:44:15,128
MLR ,2019-09-27 21:44:18,128
MLR ,2019-09-27 22:44:23,128
MLR ,2019-09-27 23:44:19,128
MLR ,2019-09-28 00:44:18,128
MLR ,2019-09-28 01:44:22,128
MLR ,2019-09-28 02:44:20,128
MLR ,2019-09-28 03:44:20,128
MLR ,2019-09-28 04:44:19,128
MLR ,2019-09-28 05:44:22,128
MLR ,2019-09-28 06:44:16,128
MLR ,2019-09-28 07:44:22,128
MLR ,2019-09-28 08:44:18,128
MLR ,2019-09-28 09:44:20,128
MLR ,2019-09-28 10:44:16,128
MLR ,2019-09-28 11:44:19,128
MLR ,2019-09-28 12:44:21,128
MLR ,2019-09-28 13:44:22,128
MLR ,2019-09-28 14:44:17,128
MLR ,2019-09-28 15:44:16,128
MLR ,2019-09-28 16:44:21,128
MLR ,2019-09-28 17:44:21,128
MLR ,2019-09-28 18:44:16,128
MLR ,2019-09-28 19:44:17,128
MLR ,2019-09-28 20:44:20,128
MLR ,2019-09-28 21:44:17,128
MLR ,2019-09-28 22:44:20,128
MLR ,2019-09-28 23:44:17,128
MLR ,2019-09-29 00:44:17,128
MLR ,2019-09-29 01:44:20,128
MLR ,2019-09-29 02:44:20,128
MLR ,2019-09-29 03:44:21,128
MLR ,2019-09-29 04:44:18,128
MLR ,2019-09-29 05:44:20,128
MLR ,2019-09-29 06:44:16,128
MLR ,2019-09-29 07:44:19,128
MLR ,2019-09-29 08:44:17,128
MLR ,2019-09-29 09:44:19,128
MLR ,2019-09-29 10:44:16,128
MLR ,2019-09-29 11:44:19,128
MLR ,2019-09-29 12:44:17,128
MLR ,2019-09-29 13:44:17,128
MLR ,2019-09-29 14:44:19,128
MLR ,2019-09-29 15:44:16,128
MLR ,2019-09-29 16:44:20,128
MLR ,2019-09-29 17:44:23,128
MLR ,2019-09-29 18:44:17,128
MLR ,2019-09-29 19:44:24,128
MLR ,2019-09-29 20:44:21,128
MLR ,2019-09-29 21:44:17,128
MLR ,2019-09-29 22:44:19,128
MLR ,2019-09-29 23:44:21,128
MLR ,2019-09-30 00:44:15,128
MLR ,2019-09-30 01:44:20,128
MLR ,2019-09-30 02:44:17,128
MLR ,2019-09-30 03:44:21,128
MLR ,2019-09-30 04:44:18,128
MLR ,2019-09-30 05:44:20,128
MLR ,2019-09-30 06:44:18,128
MLR ,2019-09-30 07:44:22,128
MLR ,2019-09-30 08:44:19,128
MLR ,2019-09-30 09:44:20,128
MLR ,2019-09-30 10:44:16,128
MLR ,2019-09-30 11:44:17,128
MLR ,2019-09-30 12:44:21,128
MLR ,2019-09-30 13:44:18,128
MLR ,2019-09-30 14:44:24,128
MLR ,2019-09-30 15:44:20,128
MLR ,2019-09-30 16:44:27,127
MLR ,2019-09-30 17:44:20,127
MLR ,2019-09-30 18:44:24,127
MLR ,2019-09-30 19:44:19,127
MLR ,2019-09-30 20:44:17,127
MLR ,2019-09-30 21:44:20,127
MLR ,2019-09-30 22:44:17,127
MLR ,2019-09-30 23:44:21,127
MLR ,2019-10-01 00:44:19,127
MLR ,2019-10-01 01:44:17,127
MLR ,2019-10-01 02:44:20,127
MLR ,2019-10-01 03:44:21,127
MLR ,2019-10-01 04:44:16,127
MLR ,2019-10-01 05:44:17,127
MLR ,2019-10-01 06:44:19,127
MLR ,2019-10-01 07:44:22,127
MLR ,2019-10-01 08:44:17,127
MLR ,2019-10-01 09:44:23,127
MLR ,2019-10-01 10:44:19,127
MLR ,2019-10-01 11:44:18,127
MLR ,2019-10-01 13:07:23,127
MLR ,2019-10-01 13:44:21,127
MLR ,2019-10-01 14:44:17,127
MLR ,2019-10-01 15:44:18,127
MLR ,2019-10-01 16:44:21,127
MLR ,2019-10-01 17:44:16,127
MLR ,2019-10-01 18:44:19,127
MLR ,2019-10-01 19:44:20,127
MLR ,2019-10-01 20:44:16,127
MLR ,2019-10-01 21:44:17,127
MLR ,2019-10-01 22:44:19,127
MLR ,2019-10-01 23:44:18,127
MLR ,2019-10-02 00:44:33,127
MLR ,2019-10-02 01:44:17,127
MLR ,2019-10-02 02:44:16,127
MLR ,2019-10-02 03:44:18,127
MLR ,2019-10-02 04:44:21,127
MLR ,2019-10-02 05:44:20,127
MLR ,2019-10-02 06:44:16,127
MLR ,2019-10-02 07:44:16,127
MLR ,2019-10-02 08:44:16,127
MLR ,2019-10-02 09:44:19,127
MLR ,2019-10-02 10:44:15,127
MLR ,2019-10-02 11:44:15,127
MLR ,2019-10-02 13:07:53,127
MLR ,2019-10-02 13:44:19,127
MLR ,2019-10-02 14:44:19,127
MLR ,2019-10-02 15:44:20,127
MLR ,2019-10-02 16:44:16,127
MLR ,2019-10-02 17:44:17,127
MLR ,2019-10-02 18:44:18,127
MLR ,2019-10-02 19:44:18,127
MLR ,2019-10-02 20:44:18,127
MLR ,2019-10-02 21:44:18,127
MLR ,2019-10-02 22:44:21,127
MLR ,2019-10-02 23:44:16,127
MLR ,2019-10-03 00:44:16,127
MLR ,2019-10-03 01:44:17,127
MLR ,2019-10-03 02:44:17,127
MLR ,2019-10-03 03:44:19,127
MLR ,2019-10-03 04:44:18,127
MLR ,2019-10-03 06:44:17,127
MLR ,2019-10-03 07:44:19,127
MLR ,2019-10-03 08:44:19,127
MLR ,2019-10-03 09:44:17,127
MLR ,2019-10-03 10:44:21,127
MLR ,2019-10-03 11:44:16,127
MLR ,2019-10-03 13:07:49,127
MLR ,2019-10-03 13:45:20,127
MLR ,2019-10-03 14:44:21,127
MLR ,2019-10-03 15:44:16,127
MLR ,2019-10-03 16:44:17,127
MLR ,2019-10-03 17:44:18,127
MLR ,2019-10-03 18:44:19,127
MLR ,2019-10-03 19:44:18,128
MLR ,2019-10-03 20:44:17,128
MLR ,2019-10-03 21:44:17,128
MLR ,2019-10-03 22:44:17,128
MLR ,2019-10-03 23:44:21,128
MLR ,2019-10-04 00:44:17,128
MLR ,2019-10-04 01:44:17,128
MLR ,2019-10-04 02:44:16,128
MLR ,2019-10-04 03:44:18,128
MLR ,2019-10-04 04:44:17,128
MLR ,2019-10-04 05:44:22,128
MLR ,2019-10-04 06:44:21,128
MLR ,2019-10-04 07:44:17,128
MLR ,2019-10-04 08:44:19,128
MLR ,2019-10-04 09:44:17,128
MLR ,2019-10-04 10:44:19,128
MLR ,2019-10-04 11:44:17,128
MLR ,2019-10-04 12:44:18,128
MLR ,2019-10-04 13:44:21,128
MLR ,2019-10-04 14:44:16,128
MLR ,2019-10-04 15:44:18,128
MLR ,2019-10-04 16:44:21,128
MLR ,2019-10-04 17:44:16,128
MLR ,2019-10-04 18:44:19,128
MLR ,2019-10-04 19:44:18,128
MLR ,2019-10-04 20:44:18,128
MLR ,2019-10-04 21:44:19,128
MLR ,2019-10-04 22:44:16,128
MLR ,2019-10-04 23:44:16,128
MLR ,2019-10-05 00:44:20,128
MLR ,2019-10-05 01:44:17,128
MLR ,2019-10-05 02:44:17,128
MLR ,2019-10-05 03:44:16,128
MLR ,2019-10-05 04:44:16,128
MLR ,2019-10-05 05:44:22,128
MLR ,2019-10-05 06:44:16,128
MLR ,2019-10-05 07:44:17,128
MLR ,2019-10-05 08:44:20,128
MLR ,2019-10-05 09:44:16,128
MLR ,2019-10-05 10:44:17,128
MLR ,2019-10-05 11:44:18,128
MLR ,2019-10-05 12:44:18,128
MLR ,2019-10-05 13:44:19,128
MLR ,2019-10-05 14:44:17,128
MLR ,2019-10-05 15:44:16,128
MLR ,2019-10-05 16:44:18,128
MLR ,2019-10-05 17:44:22,128
MLR ,2019-10-05 18:44:18,128
MLR ,2019-10-05 19:44:17,128
MLR ,2019-10-05 20:44:19,128
MLR ,2019-10-05 21:44:17,128
MLR ,2019-10-05 22:44:17,128
MLR ,2019-10-05 23:44:18,128
MLR ,2019-10-06 00:44:17,128
MLR ,2019-10-06 01:44:18,128
MLR ,2019-10-06 02:44:24,128
MLR ,2019-10-06 03:44:20,128
MLR ,2019-10-06 04:44:17,128
MLR ,2019-10-06 05:44:17,128
MLR ,2019-10-06 06:44:21,128
MLR ,2019-10-06 07:44:18,128
MLR ,2019-10-06 08:44:20,128
MLR ,2019-10-06 09:44:18,128
MLR ,2019-10-06 10:44:18,128
MLR ,2019-10-06 11:44:18,128
MLR ,2019-10-06 12:44:19,128
MLR ,2019-10-06 13:44:16,128
MLR ,2019-10-06 14:44:18,128
MLR ,2019-10-06 15:44:16,128
MLR ,2019-10-06 16:44:17,128
MLR ,2019-10-06 17:44:17,128
MLR ,2019-10-06 18:44:21,128
MLR ,2019-10-06 19:44:20,128
MLR ,2019-10-06 20:44:16,128
MLR ,2019-10-06 21:44:16,128
MLR ,2019-10-06 22:44:16,128
MLR ,2019-10-06 23:44:16,128
MLR ,2019-10-07 00:44:17,128
MLR ,2019-10-07 01:44:18,128
MLR ,2019-10-07 02:44:19,128
MLR ,2019-10-07 03:44:17,128
MLR ,2019-10-07 04:44:18,128
MLR ,2019-10-07 05:44:17,128
MLR ,2019-10-07 06:44:18,128
MLR ,2019-10-07 07:44:17,128
MLR ,2019-10-07 08:44:17,128
MLR ,2019-10-07 09:44:23,128
MLR ,2019-10-07 10:44:17,128
MLR ,2019-10-07 11:44:17,128
MLR ,2019-10-07 12:44:26,128
MLR ,2019-10-07 13:44:20,128
MLR ,2019-10-07 14:44:17,127
MLR ,2019-10-07 15:44:18,127
MLR ,2019-10-07 16:44:19,127
MLR ,2019-10-07 17:44:17,127
MLR ,2019-10-07 18:44:18,127
MLR ,2019-10-07 19:44:20,127
MLR ,2019-10-07 20:44:16,127
MLR ,2019-10-07 21:44:16,127
MLR ,2019-10-07 22:44:16,127
MLR ,2019-10-07 23:44:21,127
MLR ,2019-10-08 00:44:17,127
MLR ,2019-10-08 01:44:17,127
MLR ,2019-10-08 02:44:16,127
MLR ,2019-10-08 03:44:20,127
MLR ,2019-10-08 04:44:17,127
MLR ,2019-10-08 05:44:16,127
MLR ,2019-10-08 06:44:19,127
MLR ,2019-10-08 07:44:17,127
MLR ,2019-10-08 08:44:17,127
MLR ,2019-10-08 09:44:18,127
MLR ,2019-10-08 10:44:19,127
MLR ,2019-10-08 11:44:16,127
MLR ,2019-10-08 12:44:18,127
MLR ,2019-10-08 13:44:19,127
MLR ,2019-10-08 14:44:16,127
MLR ,2019-10-08 15:44:17,127
MLR ,2019-10-08 16:44:21,127
MLR ,2019-10-08 17:44:20,127
MLR ,2019-10-08 18:44:19,127
MLR ,2019-10-08 19:44:20,127
MLR ,2019-10-08 20:44:17,127
MLR ,2019-10-08 21:44:17,127
MLR ,2019-10-08 22:44:19,127
MLR ,2019-10-08 23:44:18,127
MLR ,2019-10-09 00:44:17,127
MLR ,2019-10-09 01:44:18,127
MLR ,2019-10-09 02:44:18,127
MLR ,2019-10-09 03:44:16,127
MLR ,2019-10-09 04:44:20,127
MLR ,2019-10-09 05:44:17,127
MLR ,2019-10-09 06:44:18,127
MLR ,2019-10-09 07:44:23,127
MLR ,2019-10-09 08:44:18,127
MLR ,2019-10-09 09:44:16,127
MLR ,2019-10-09 10:44:19,127
MLR ,2019-10-09 11:44:16,127
MLR ,2019-10-09 12:44:23,127
MLR ,2019-10-09 13:44:18,127
MLR ,2019-10-09 14:44:19,126
MLR ,2019-10-09 15:44:24,126
MLR ,2019-10-09 16:44:19,126
MLR ,2019-10-09 17:44:26,126
MLR ,2019-10-09 18:44:21,126
MLR ,2019-10-09 19:44:23,126
MLR ,2019-10-09 20:44:18,126
MLR ,2019-10-09 21:44:16,126
MLR ,2019-10-09 22:44:18,126
MLR ,2019-10-09 23:44:18,126
MLR ,2019-10-10 00:44:21,126
MLR ,2019-10-10 01:44:17,126
MLR ,2019-10-10 02:44:20,126
MLR ,2019-10-10 03:44:18,126
MLR ,2019-10-10 04:44:17,126
MLR ,2019-10-10 05:44:23,126
MLR ,2019-10-10 06:44:19,126
MLR ,2019-10-10 07:44:21,126
MLR ,2019-10-10 08:44:18,126
MLR ,2019-10-10 09:44:17,126
MLR ,2019-10-10 10:44:17,126
MLR ,2019-10-10 11:44:20,126
MLR ,2019-10-10 13:07:26,126
MLR ,2019-10-10 13:44:21,126
MLR ,2019-10-10 14:44:18,126
MLR ,2019-10-10 15:44:20,126
MLR ,2019-10-10 16:44:18,126
MLR ,2019-10-10 17:44:18,126
MLR ,2019-10-10 18:44:17,126
MLR ,2019-10-10 19:44:19,126
MLR ,2019-10-10 20:44:19,126
MLR ,2019-10-10 21:44:19,126
MLR ,2019-10-10 22:44:19,126
MLR ,2019-10-10 23:44:31,126
MLR ,2019-10-11 00:44:19,126
MLR ,2019-10-11 01:44:19,126
MLR ,2019-10-11 02:44:19,126
MLR ,2019-10-11 03:44:24,126
MLR ,2019-10-11 04:44:19,126
MLR ,2019-10-11 05:44:18,126
MLR ,2019-10-11 06:44:21,126
MLR ,2019-10-11 07:44:19,126
MLR ,2019-10-11 08:44:18,126
MLR ,2019-10-11 09:44:23,126
MLR ,2019-10-11 10:44:18,126
MLR ,2019-10-11 11:44:19,126
MLR ,2019-10-11 13:07:55,126
MLR ,2019-10-11 13:44:21,126
MLR ,2019-10-11 14:44:18,126
MLR ,2019-10-11 15:44:27,126
MLR ,2019-10-11 16:44:20,126
MLR ,2019-10-11 17:44:19,125
MLR ,2019-10-11 18:44:21,126
MLR ,2019-10-11 19:44:20,126
MLR ,2019-10-11 20:44:18,126
MLR ,2019-10-11 21:44:18,126
MLR ,2019-10-11 22:44:18,126
MLR ,2019-10-11 23:44:18,126
MLR ,2019-10-12 00:44:22,126
MLR ,2019-10-12 01:44:17,126
MLR ,2019-10-12 02:44:19,126
MLR ,2019-10-12 03:44:21,126
MLR ,2019-10-12 04:44:18,126
MLR ,2019-10-12 05:44:22,126
MLR ,2019-10-12 06:44:24,126
MLR ,2019-10-12 07:44:17,126
MLR ,2019-10-12 08:44:18,126
MLR ,2019-10-12 09:44:22,126
MLR ,2019-10-12 10:44:18,126
MLR ,2019-10-12 11:44:17,126
MLR ,2019-10-12 12:44:23,126
MLR ,2019-10-12 13:44:18,126
MLR ,2019-10-12 14:44:19,126
MLR ,2019-10-12 15:44:18,126
MLR ,2019-10-12 16:44:22,126
MLR ,2019-10-12 17:44:22,126
MLR ,2019-10-12 18:44:18,126
MLR ,2019-10-12 19:44:19,126
MLR ,2019-10-12 20:44:19,126
MLR ,2019-10-12 21:44:17,126
MLR ,2019-10-12 22:44:19,126
MLR ,2019-10-12 23:44:18,126
MLR ,2019-10-13 00:44:22,126
MLR ,2019-10-13 01:44:18,126
MLR ,2019-10-13 02:44:18,126
MLR ,2019-10-13 03:44:21,126
MLR ,2019-10-13 04:44:17,126
MLR ,2019-10-13 05:44:17,126
MLR ,2019-10-13 06:44:20,126
MLR ,2019-10-13 07:44:18,126
MLR ,2019-10-13 08:44:22,126
MLR ,2019-10-13 09:44:21,126
MLR ,2019-10-13 10:44:16,126
MLR ,2019-10-13 11:44:22,126
MLR ,2019-10-13 12:44:17,126
MLR ,2019-10-13 13:44:22,126
MLR ,2019-10-13 14:44:21,126
MLR ,2019-10-13 15:44:18,126
MLR ,2019-10-13 16:44:25,126
MLR ,2019-10-13 17:44:18,126
MLR ,2019-10-13 18:44:20,126
MLR ,2019-10-13 19:44:20,126
MLR ,2019-10-13 20:44:23,126
MLR ,2019-10-13 21:44:21,126
MLR ,2019-10-13 22:44:21,126
MLR ,2019-10-13 23:44:25,126
MLR ,2019-10-14 00:44:19,126
MLR ,2019-10-14 01:44:21,126
MLR ,2019-10-14 02:44:19,126
MLR ,2019-10-14 03:44:20,126
MLR ,2019-10-14 04:44:20,126
MLR ,2019-10-14 05:44:19,126
MLR ,2019-10-14 06:44:22,126
MLR ,2019-10-14 07:44:18,126
MLR ,2019-10-14 08:44:19,126
MLR ,2019-10-14 09:44:22,126
MLR ,2019-10-14 10:44:20,126
MLR ,2019-10-14 11:44:21,126
MLR ,2019-10-14 12:44:22,126
MLR ,2019-10-14 13:44:20,126
MLR ,2019-10-14 14:44:20,126
MLR ,2019-10-14 15:44:20,126
MLR ,2019-10-14 16:44:24,126
MLR ,2019-10-14 17:44:18,126
MLR ,2019-10-14 18:44:23,127
MLR ,2019-10-14 19:44:18,127
MLR ,2019-10-14 20:44:20,127
MLR ,2019-10-14 21:44:20,127
MLR ,2019-10-14 22:44:22,127
MLR ,2019-10-14 23:44:28,127
MLR ,2019-10-15 00:44:19,127
MLR ,2019-10-15 02:44:24,127
MLR ,2019-10-15 03:44:18,127
MLR ,2019-10-15 04:44:18,127
MLR ,2019-10-15 05:44:22,127
MLR ,2019-10-15 06:44:21,127
MLR ,2019-10-15 07:44:26,127
MLR ,2019-10-15 08:44:21,127
MLR ,2019-10-15 09:44:19,127
MLR ,2019-10-15 10:44:19,127
MLR ,2019-10-15 11:44:23,127
MLR ,2019-10-15 12:44:20,127
MLR ,2019-10-15 13:44:25,127
MLR ,2019-10-15 14:44:18,127
MLR ,2019-10-15 15:44:18,127
MLR ,2019-10-15 16:44:20,127
MLR ,2019-10-15 17:44:22,127
MLR ,2019-10-15 18:44:24,127
MLR ,2019-10-15 19:44:23,126
MLR ,2019-10-15 20:44:27,126
MLR ,2019-10-15 21:44:20,126
MLR ,2019-10-15 22:44:18,126
MLR ,2019-10-15 23:44:18,126
MLR ,2019-10-16 00:44:19,126
MLR ,2019-10-16 01:44:18,126
MLR ,2019-10-16 02:44:20,126
MLR ,2019-10-16 03:44:25,126
MLR ,2019-10-16 04:44:20,126
MLR ,2019-10-16 05:44:19,126
MLR ,2019-10-16 06:44:19,126
MLR ,2019-10-16 07:44:26,126
MLR ,2019-10-16 08:44:27,126
MLR ,2019-10-16 09:44:19,126
MLR ,2019-10-16 10:44:22,126
MLR ,2019-10-16 11:44:18,126
MLR ,2019-10-16 12:44:20,126
MLR ,2019-10-16 13:44:26,126
MLR ,2019-10-16 14:44:20,126
MLR ,2019-10-16 15:44:28,126
MLR ,2019-10-16 16:44:20,126
MLR ,2019-10-16 17:44:19,127
MLR ,2019-10-16 18:44:22,127
MLR ,2019-10-16 19:44:19,127
MLR ,2019-10-16 20:44:20,127
MLR ,2019-10-16 21:44:22,127
MLR ,2019-10-16 22:44:18,127
MLR ,2019-10-16 23:44:20,127
MLR ,2019-10-17 00:44:19,127
MLR ,2019-10-17 01:44:21,127
MLR ,2019-10-17 02:44:20,127
MLR ,2019-10-17 04:44:23,127
MLR ,2019-10-17 05:44:19,127
MLR ,2019-10-17 06:44:19,127
MLR ,2019-10-17 07:44:23,127
MLR ,2019-10-17 08:44:20,127
MLR ,2019-10-17 09:44:18,127
MLR ,2019-10-17 10:44:18,127
MLR ,2019-10-17 11:44:23,127
MLR ,2019-10-17 12:44:21,127
MLR ,2019-10-17 13:44:22,127
MLR ,2019-10-17 14:44:24,127
MLR ,2019-10-17 15:44:19,127
MLR ,2019-10-17 16:44:19,127
MLR ,2019-10-17 17:44:21,127
MLR ,2019-10-17 18:44:20,127
MLR ,2019-10-17 19:44:23,127
MLR ,2019-10-17 20:44:20,127
MLR ,2019-10-17 21:44:20,127
MLR ,2019-10-17 22:44:20,127
MLR ,2019-10-17 23:44:20,127
MLR ,2019-10-18 00:44:19,127
MLR ,2019-10-18 01:44:20,127
MLR ,2019-10-18 02:44:19,127
MLR ,2019-10-18 03:44:24,127
MLR ,2019-10-18 04:44:19,127
MLR ,2019-10-18 05:44:20,127
MLR ,2019-10-18 06:44:25,127
MLR ,2019-10-18 07:44:20,127
MLR ,2019-10-18 08:44:21,127
MLR ,2019-10-18 09:44:21,127
MLR ,2019-10-18 10:44:24,127
MLR ,2019-10-18 11:44:20,127
MLR ,2019-10-18 13:06:55,127
MLR ,2019-10-18 13:44:18,127
MLR ,2019-10-18 14:44:19,127
MLR ,2019-10-18 15:44:24,127
MLR ,2019-10-18 16:44:18,127
MLR ,2019-10-18 17:44:21,127
MLR ,2019-10-18 18:44:19,126
MLR ,2019-10-18 19:44:20,126
MLR ,2019-10-18 20:44:23,126
MLR ,2019-10-18 21:44:19,126
MLR ,2019-10-18 22:44:19,126
MLR ,2019-10-18 23:44:20,126
MLR ,2019-10-19 00:44:19,126
MLR ,2019-10-19 01:44:23,126
MLR ,2019-10-19 02:44:19,126
MLR ,2019-10-19 03:44:19,126
MLR ,2019-10-19 04:44:22,126
MLR ,2019-10-19 05:44:18,126
MLR ,2019-10-19 06:44:23,126
MLR ,2019-10-19 07:44:21,126
MLR ,2019-10-19 08:44:20,126
MLR ,2019-10-19 09:44:21,126
MLR ,2019-10-19 10:44:22,126
MLR ,2019-10-19 11:44:18,126
MLR ,2019-10-19 12:44:24,126
MLR ,2019-10-19 13:44:18,126
MLR ,2019-10-19 14:44:20,126
MLR ,2019-10-19 15:44:20,126
MLR ,2019-10-19 16:44:24,126
MLR ,2019-10-19 17:44:19,126
MLR ,2019-10-19 18:44:19,126
MLR ,2019-10-19 19:44:23,126
MLR ,2019-10-19 20:44:20,126
MLR ,2019-10-19 21:44:18,126
MLR ,2019-10-19 22:44:19,126
MLR ,2019-10-19 23:44:19,126
MLR ,2019-10-20 00:44:19,126
MLR ,2019-10-20 01:44:19,126
MLR ,2019-10-20 02:44:22,126
MLR ,2019-10-20 03:44:19,126
MLR ,2019-10-20 04:44:20,126
MLR ,2019-10-20 05:44:22,126
MLR ,2019-10-20 06:44:21,126
MLR ,2019-10-20 07:44:23,126
MLR ,2019-10-20 08:44:20,126
MLR ,2019-10-20 09:44:19,126
MLR ,2019-10-20 10:44:22,126
MLR ,2019-10-20 11:44:19,126
MLR ,2019-10-20 12:44:23,126
MLR ,2019-10-20 13:44:19,126
MLR ,2019-10-20 14:44:18,126
MLR ,2019-10-20 16:44:23,126
MLR ,2019-10-20 17:44:19,126
MLR ,2019-10-20 18:44:20,126
MLR ,2019-10-20 19:44:18,126
MLR ,2019-10-20 20:44:18,126
MLR ,2019-10-20 21:44:18,126
MLR ,2019-10-20 22:44:19,126
MLR ,2019-10-20 23:44:19,126
MLR ,2019-10-21 00:44:20,126
MLR ,2019-10-21 01:44:22,126
MLR ,2019-10-21 02:44:20,126
MLR ,2019-10-21 03:44:19,126
MLR ,2019-10-21 04:44:19,126
MLR ,2019-10-21 05:44:24,126
MLR ,2019-10-21 06:44:19,126
MLR ,2019-10-21 07:44:21,126
MLR ,2019-10-21 08:44:22,126
MLR ,2019-10-21 09:44:20,126
MLR ,2019-10-21 10:44:20,126
MLR ,2019-10-21 11:44:23,126
MLR ,2019-10-21 13:07:52,126
MLR ,2019-10-21 13:44:26,126
MLR ,2019-10-21 14:44:20,127
MLR ,2019-10-21 15:44:22,127
MLR ,2019-10-21 16:44:22,126
MLR ,2019-10-21 17:44:19,126
MLR ,2019-10-21 18:44:20,126
MLR ,2019-10-21 19:44:20,126
MLR ,2019-10-21 20:44:19,126
MLR ,2019-10-21 22:44:24,126
MLR ,2019-10-21 23:44:19,126
MLR ,2019-10-22 00:44:19,126
MLR ,2019-10-22 01:44:20,126
MLR ,2019-10-22 02:44:23,126
MLR ,2019-10-22 03:44:25,126
MLR ,2019-10-22 04:44:23,126
MLR ,2019-10-22 05:44:20,126
MLR ,2019-10-22 06:44:19,126
MLR ,2019-10-22 07:44:25,126
MLR ,2019-10-22 08:44:20,126
MLR ,2019-10-22 09:44:22,126
MLR ,2019-10-22 10:44:19,126
MLR ,2019-10-22 11:44:18,126
MLR ,2019-10-22 12:44:29,126
MLR ,2019-10-22 13:44:20,125
MLR ,2019-10-22 14:44:20,125
MLR ,2019-10-22 15:44:25,125
MLR ,2019-10-22 16:44:22,125
MLR ,2019-10-22 17:44:24,125
MLR ,2019-10-22 18:44:22,124
MLR ,2019-10-22 19:44:19,124
MLR ,2019-10-22 20:44:22,124
MLR ,2019-10-22 21:44:21,124
MLR ,2019-10-22 22:44:22,124
MLR ,2019-10-22 23:44:21,124
MLR ,2019-10-23 00:44:28,124
MLR ,2019-10-23 01:44:24,124
MLR ,2019-10-23 02:44:20,124
MLR ,2019-10-23 03:44:19,124
MLR ,2019-10-23 04:44:25,124
MLR ,2019-10-23 05:44:22,124
MLR ,2019-10-23 06:44:30,124
MLR ,2019-10-23 07:44:23,124
MLR ,2019-10-23 08:44:21,124
MLR ,2019-10-23 09:44:25,124
MLR ,2019-10-23 10:44:22,124
MLR ,2019-10-23 11:44:19,124
MLR ,2019-10-23 12:44:26,124
MLR ,2019-10-23 13:44:26,124
MLR ,2019-10-23 14:44:20,124
MLR ,2019-10-23 15:44:19,124
MLR ,2019-10-23 16:44:23,124
MLR ,2019-10-23 17:44:20,124
MLR ,2019-10-23 18:44:19,123
MLR ,2019-10-23 19:44:20,123
MLR ,2019-10-23 20:44:23,122
MLR ,2019-10-23 21:44:19,122
MLR ,2019-10-23 22:44:20,122
MLR ,2019-10-23 23:44:20,122
MLR ,2019-10-24 00:56:16,122
MLR ,2019-10-24 01:44:22,122
MLR ,2019-10-24 02:44:22,122
MLR ,2019-10-24 03:44:25,122
MLR ,2019-10-24 04:44:20,122
MLR ,2019-10-24 05:44:24,122
MLR ,2019-10-24 06:44:28,122
MLR ,2019-10-24 07:44:21,122
MLR ,2019-10-24 08:44:20,122
MLR ,2019-10-24 09:44:25,122
MLR ,2019-10-24 10:44:19,122
MLR ,2019-10-24 11:44:19,122
MLR ,2019-10-24 13:07:56,122
MLR ,2019-10-24 13:44:21,122
MLR ,2019-10-24 14:44:20,123
MLR ,2019-10-24 15:44:24,123
MLR ,2019-10-24 16:44:20,123
MLR ,2019-10-24 17:44:21,123
MLR ,2019-10-24 18:44:20,123
MLR ,2019-10-24 19:44:24,123
MLR ,2019-10-24 20:44:19,123
MLR ,2019-10-24 21:44:20,123
MLR ,2019-10-24 22:44:20,123
MLR ,2019-10-24 23:44:22,123
MLR ,2019-10-25 00:44:20,123
MLR ,2019-10-25 01:44:21,123
MLR ,2019-10-25 02:44:25,123
MLR ,2019-10-25 03:44:21,123
MLR ,2019-10-25 04:44:18,123
MLR ,2019-10-25 05:44:23,123
MLR ,2019-10-25 06:44:21,123
MLR ,2019-10-25 07:44:23,123
MLR ,2019-10-25 08:44:23,123
MLR ,2019-10-25 09:44:19,123
MLR ,2019-10-25 10:44:19,123
MLR ,2019-10-25 11:44:27,123
MLR ,2019-10-25 13:07:53,123
MLR ,2019-10-25 13:44:24,123
MLR ,2019-10-25 14:44:27,123
MLR ,2019-10-25 15:44:20,123
MLR ,2019-10-25 16:44:26,123
MLR ,2019-10-25 17:44:20,123
MLR ,2019-10-25 18:44:20,122
MLR ,2019-10-25 19:44:19,122
MLR ,2019-10-25 20:44:20,122
MLR ,2019-10-25 21:44:19,122
MLR ,2019-10-25 22:44:20,122
MLR ,2019-10-25 23:44:20,122
MLR ,2019-10-26 00:44:23,122
MLR ,2019-10-26 01:44:25,122
MLR ,2019-10-26 02:44:21,122
MLR ,2019-10-26 03:44:21,122
MLR ,2019-10-26 04:44:25,122
MLR ,2019-10-26 05:44:20,122
MLR ,2019-10-26 06:44:18,122
MLR ,2019-10-26 07:44:25,122
MLR ,2019-10-26 08:44:19,122
MLR ,2019-10-26 09:44:19,122
MLR ,2019-10-26 10:44:19,122
MLR ,2019-10-26 11:44:23,122
MLR ,2019-10-26 12:44:20,122
MLR ,2019-10-26 13:44:22,122
MLR ,2019-10-26 14:44:23,122
MLR ,2019-10-26 15:44:24,122
MLR ,2019-10-26 16:44:22,122
MLR ,2019-10-26 17:44:23,122
MLR ,2019-10-26 18:44:24,122
MLR ,2019-10-26 19:44:23,122
MLR ,2019-10-26 20:44:22,122
MLR ,2019-10-26 21:44:23,122
MLR ,2019-10-26 22:44:21,122
MLR ,2019-10-26 23:44:22,122
MLR ,2019-10-27 00:44:23,122
MLR ,2019-10-27 01:44:20,122
MLR ,2019-10-27 02:44:23,122
MLR ,2019-10-27 03:44:23,122
MLR ,2019-10-27 04:44:20,122
MLR ,2019-10-27 05:44:25,122
MLR ,2019-10-27 06:44:22,122
MLR ,2019-10-27 07:44:19,122
MLR ,2019-10-27 08:44:21,122
MLR ,2019-10-27 09:44:19,122
MLR ,2019-10-27 10:44:18,122
MLR ,2019-10-27 11:44:19,122
MLR ,2019-10-27 12:44:22,122
MLR ,2019-10-27 13:44:20,122
MLR ,2019-10-27 14:44:19,122
MLR ,2019-10-27 15:44:27,122
MLR ,2019-10-27 16:44:19,122
MLR ,2019-10-27 17:44:20,122
MLR ,2019-10-27 18:44:23,122
MLR ,2019-10-27 19:44:22,122
MLR ,2019-10-27 20:44:24,122
MLR ,2019-10-27 21:44:20,122
MLR ,2019-10-27 22:44:19,122
MLR ,2019-10-27 23:44:19,122
MLR ,2019-10-28 00:44:19,122
MLR ,2019-10-28 01:44:21,122
MLR ,2019-10-28 02:44:20,122
MLR ,2019-10-28 03:44:23,122
MLR ,2019-10-28 04:44:19,122
MLR ,2019-10-28 05:44:19,122
MLR ,2019-10-28 06:44:22,122
MLR ,2019-10-28 07:44:22,122
MLR ,2019-10-28 08:44:20,122
MLR ,2019-10-28 09:44:19,122
MLR ,2019-10-28 10:44:24,122
MLR ,2019-10-28 11:44:18,122
MLR ,2019-10-28 12:44:25,122
MLR ,2019-10-28 14:44:24,123
MLR ,2019-10-28 15:44:30,123
MLR ,2019-10-28 16:44:29,123
MLR ,2019-10-28 17:44:24,123
MLR ,2019-10-28 18:44:24,123
MLR ,2019-10-28 19:44:24,123
MLR ,2019-10-28 23:44:22,123
MLR ,2019-10-29 00:44:21,123
MLR ,2019-10-29 01:44:26,123
MLR ,2019-10-29 02:44:23,123
MLR ,2019-10-29 03:44:26,123
MLR ,2019-10-29 04:44:21,123
MLR ,2019-10-29 05:44:24,123
MLR ,2019-10-29 06:44:24,123
MLR ,2019-10-29 07:44:23,123
MLR ,2019-10-29 08:44:23,123
MLR ,2019-10-29 09:44:20,123
MLR ,2019-10-29 10:44:25,123
MLR ,2019-10-29 11:44:21,123
MLR ,2019-10-29 12:44:22,123
MLR ,2019-10-29 13:44:29,123
MLR ,2019-10-29 14:44:22,124
MLR ,2019-10-29 15:44:23,124
MLR ,2019-10-29 16:44:25,125
MLR ,2019-10-29 17:44:20,125
MLR ,2019-10-29 18:44:24,125
MLR ,2019-10-29 19:44:24,126
MLR ,2019-10-29 20:44:21,126
MLR ,2019-10-29 21:44:24,126
MLR ,2019-10-29 22:44:22,126
MLR ,2019-10-29 23:44:22,126
MLR ,2019-10-30 00:44:28,126
MLR ,2019-10-30 01:44:23,126
MLR ,2019-10-30 02:44:21,126
MLR ,2019-10-30 03:44:22,126
MLR ,2019-10-30 04:44:26,126
MLR ,2019-10-30 05:44:27,126
MLR ,2019-10-30 06:44:22,126
MLR ,2019-10-30 07:44:31,126
MLR ,2019-10-30 08:44:22,126
MLR ,2019-10-30 09:44:23,126
MLR ,2019-10-30 10:44:25,126
MLR ,2019-10-30 11:44:19,126
MLR ,2019-10-30 13:44:24,126
MLR ,2019-10-30 14:44:20,126
MLR ,2019-10-30 15:44:20,126
MLR ,2019-10-30 16:44:22,127
MLR ,2019-10-30 17:44:22,127
MLR ,2019-10-30 18:44:21,127
MLR ,2019-10-30 19:44:20,127
MLR ,2019-10-30 20:44:23,128
MLR ,2019-10-30 21:44:21,128
MLR ,2019-10-30 22:44:21,128
MLR ,2019-10-30 23:44:21,128
MLR ,2019-10-31 00:44:21,128
MLR ,2019-10-31 01:44:22,128
MLR ,2019-10-31 02:44:20,128
MLR ,2019-10-31 03:44:23,128
MLR ,2019-10-31 04:44:21,128
MLR ,2019-10-31 05:44:21,128
MLR ,2019-10-31 06:44:24,128
MLR ,2019-10-31 07:44:22,128
MLR ,2019-10-31 08:44:22,128
MLR ,2019-10-31 09:44:25,128
MLR ,2019-10-31 10:44:21,128
MLR ,2019-10-31 11:44:23,128
MLR ,2019-10-31 13:09:27,128
MLR ,2019-10-31 13:44:24,128
MLR ,2019-10-31 14:44:22,128
MLR ,2019-10-31 15:44:24,128
MLR ,2019-10-31 16:44:23,128
MLR ,2019-10-31 17:44:22,128
MLR ,2019-10-31 18:44:21,128
MLR ,2019-10-31 19:44:21,128
MLR ,2019-10-31 20:44:23,128
MLR ,2019-10-31 22:07:26,128
MLR ,2019-10-31 22:44:27,128
MLR ,2019-10-31 23:44:21,128
MLR ,2019-11-01 00:44:21,128
MLR ,2019-11-01 01:44:21,128
MLR ,2019-11-01 02:44:21,128
MLR ,2019-11-01 03:44:25,128
MLR ,2019-11-01 04:44:22,128
MLR ,2019-11-01 05:44:25,128
MLR ,2019-11-01 06:44:20,128
MLR ,2019-11-01 07:44:27,128
MLR ,2019-11-01 08:44:22,128
MLR ,2019-11-01 09:44:24,128
MLR ,2019-11-01 10:44:24,128
MLR ,2019-11-01 11:44:27,128
MLR ,2019-11-01 13:40:33,128
MLR ,2019-11-01 13:49:49,128
MLR ,2019-11-01 14:44:21,128
MLR ,2019-11-01 15:44:20,128
MLR ,2019-11-01 16:44:25,128
MLR ,2019-11-01 17:44:23,128
MLR ,2019-11-01 18:44:27,128
MLR ,2019-11-01 19:44:21,128
MLR ,2019-11-01 20:44:21,128
MLR ,2019-11-01 21:44:20,128
MLR ,2019-11-01 22:44:20,128
MLR ,2019-11-01 23:44:20,128
MLR ,2019-11-02 00:44:24,128
MLR ,2019-11-02 01:44:21,128
MLR ,2019-11-02 02:44:21,128
MLR ,2019-11-02 03:44:26,128
MLR ,2019-11-02 04:44:21,128
MLR ,2019-11-02 05:44:21,128
MLR ,2019-11-02 06:44:24,128
MLR ,2019-11-02 07:44:20,128
MLR ,2019-11-02 08:44:21,128
MLR ,2019-11-02 09:44:19,128
MLR ,2019-11-02 10:44:24,128
MLR ,2019-11-02 11:44:20,128
MLR ,2019-11-02 12:44:26,128
MLR ,2019-11-02 13:44:22,128
MLR ,2019-11-02 14:44:22,128
MLR ,2019-11-02 15:44:25,128
MLR ,2019-11-02 16:44:20,128
MLR ,2019-11-02 17:44:21,128
MLR ,2019-11-02 18:44:22,128
MLR ,2019-11-02 19:44:21,128
MLR ,2019-11-02 20:44:21,128
MLR ,2019-11-02 23:44:23,128
MLR ,2019-11-03 00:44:20,128
MLR ,2019-11-03 01:44:21,128
MLR ,2019-11-03 03:44:22,128
MLR ,2019-11-03 05:44:23,128
MLR ,2019-11-03 06:44:20,128
MLR ,2019-11-03 07:44:22,128
MLR ,2019-11-03 21:44:24,128
MLR ,2019-11-03 22:44:20,128
MLR ,2019-11-03 23:44:25,128
MLR ,2019-11-04 00:44:20,128
MLR ,2019-11-04 01:44:21,128
MLR ,2019-11-04 02:44:20,128
MLR ,2019-11-04 03:44:20,128
MLR ,2019-11-04 04:44:20,128
MLR ,2019-11-04 05:44:24,128
MLR ,2019-11-04 06:44:21,128
MLR ,2019-11-04 07:44:19,128
MLR ,2019-11-04 08:44:20,128
MLR ,2019-11-04 09:44:22,128
MLR ,2019-11-04 10:44:20,128
MLR ,2019-11-04 11:44:19,128
MLR ,2019-11-04 12:44:20,128
MLR ,2019-11-04 14:09:54,128
MLR ,2019-11-04 15:44:20,128
MLR ,2019-11-04 16:44:21,128
MLR ,2019-11-04 17:44:21,128
MLR ,2019-11-04 18:44:21,128
MLR ,2019-11-04 19:44:23,129
MLR ,2019-11-04 20:44:21,129
MLR ,2019-11-04 21:44:21,129
MLR ,2019-11-04 22:44:21,129
MLR ,2019-11-04 23:44:20,129
MLR ,2019-11-05 00:44:21,129
MLR ,2019-11-05 01:44:21,129
MLR ,2019-11-05 02:44:24,129
MLR ,2019-11-05 03:44:21,129
MLR ,2019-11-05 04:44:20,129
MLR ,2019-11-05 05:44:24,129
MLR ,2019-11-05 06:44:22,129
MLR ,2019-11-05 07:44:21,129
MLR ,2019-11-05 08:44:22,129
MLR ,2019-11-05 09:44:23,129
MLR ,2019-11-05 10:44:21,129
MLR ,2019-11-05 11:44:21,129
MLR ,2019-11-05 12:44:21,129
MLR ,2019-11-05 14:09:54,129
MLR ,2019-11-05 14:44:26,129
MLR ,2019-11-05 15:44:21,129
MLR ,2019-11-05 16:44:21,129
MLR ,2019-11-05 17:44:21,129
MLR ,2019-11-05 18:44:20,129
MLR ,2019-11-05 19:44:23,129
MLR ,2019-11-05 20:44:23,129
MLR ,2019-11-05 21:44:21,129
MLR ,2019-11-05 22:44:22,129
MLR ,2019-11-05 23:44:20,129
MLR ,2019-11-06 00:44:21,129
MLR ,2019-11-06 01:44:22,129
MLR ,2019-11-06 02:44:22,129
MLR ,2019-11-06 03:44:22,129
MLR ,2019-11-06 04:44:25,129
MLR ,2019-11-06 05:44:21,129
MLR ,2019-11-06 06:44:26,129
MLR ,2019-11-06 07:44:20,129
MLR ,2019-11-06 08:44:21,129
MLR ,2019-11-06 09:44:23,129
MLR ,2019-11-06 10:44:23,129
MLR ,2019-11-06 11:44:20,129
MLR ,2019-11-06 12:44:20,129
MLR ,2019-11-06 13:44:21,129
MLR ,2019-11-06 14:44:26,129
MLR ,2019-11-06 15:44:23,129
MLR ,2019-11-06 16:44:23,129
MLR ,2019-11-06 17:44:23,130
MLR ,2019-11-06 18:44:24,130
MLR ,2019-11-06 19:44:23,130
MLR ,2019-11-06 20:44:26,130
MLR ,2019-11-06 21:44:24,130
MLR ,2019-11-06 22:44:22,130
MLR ,2019-11-06 23:44:22,130
MLR ,2019-11-07 00:44:22,130
MLR ,2019-11-07 01:44:21,130
MLR ,2019-11-07 02:44:23,130
MLR ,2019-11-07 03:44:22,130
MLR ,2019-11-07 04:44:25,130
MLR ,2019-11-07 05:44:23,130
MLR ,2019-11-07 06:44:21,130
MLR ,2019-11-07 07:44:23,130
MLR ,2019-11-07 08:44:23,130
MLR ,2019-11-07 09:44:23,130
MLR ,2019-11-07 10:44:20,130
MLR ,2019-11-07 11:44:20,130
MLR ,2019-11-07 12:44:21,130
MLR ,2019-11-07 14:08:25,130
MLR ,2019-11-07 14:44:55,130
MLR ,2019-11-07 15:44:26,130
MLR ,2019-11-07 16:44:25,130
MLR ,2019-11-07 17:44:25,131
MLR ,2019-11-07 18:44:25,131
MLR ,2019-11-07 19:44:25,130
MLR ,2019-11-07 21:08:59,129
MLR ,2019-11-07 21:44:27,129
MLR ,2019-11-07 22:44:29,129
MLR ,2019-11-07 23:44:30,129
MLR ,2019-11-08 00:44:31,129
MLR ,2019-11-08 01:44:28,129
MLR ,2019-11-08 02:44:33,129
MLR ,2019-11-08 03:44:30,129
MLR ,2019-11-08 04:44:29,129
MLR ,2019-11-08 05:44:31,129
MLR ,2019-11-08 06:44:26,129
MLR ,2019-11-08 07:44:27,129
MLR ,2019-11-08 08:44:31,129
MLR ,2019-11-08 09:44:28,129
MLR ,2019-11-08 10:44:28,129
MLR ,2019-11-08 11:44:25,129
MLR ,2019-11-08 12:44:26,129
MLR ,2019-11-08 14:10:03,129
MLR ,2019-11-08 14:45:03,129
MLR ,2019-11-08 15:44:28,129
MLR ,2019-11-08 16:44:28,129
MLR ,2019-11-08 17:44:30,130
MLR ,2019-11-08 18:44:29,129
MLR ,2019-11-08 19:44:32,129
MLR ,2019-11-08 20:44:28,129
MLR ,2019-11-08 21:44:30,129
MLR ,2019-11-08 22:44:29,129
MLR ,2019-11-08 23:44:30,129
MLR ,2019-11-09 00:44:30,129
MLR ,2019-11-09 01:44:30,129
MLR ,2019-11-09 02:44:29,129
MLR ,2019-11-09 03:44:28,129
MLR ,2019-11-09 04:44:31,129
MLR ,2019-11-09 05:44:27,129
MLR ,2019-11-09 06:44:28,129
MLR ,2019-11-09 07:44:30,129
MLR ,2019-11-09 08:44:31,129
MLR ,2019-11-09 09:44:29,129
MLR ,2019-11-09 10:44:27,129
MLR ,2019-11-09 11:44:31,129
MLR ,2019-11-09 12:44:28,129
MLR ,2019-11-09 13:44:27,129
MLR ,2019-11-09 14:44:30,129
MLR ,2019-11-09 15:44:32,129
MLR ,2019-11-09 16:44:29,129
MLR ,2019-11-09 17:44:30,129
MLR ,2019-11-09 18:44:27,129
MLR ,2019-11-09 19:44:29,129
MLR ,2019-11-09 20:44:32,129
MLR ,2019-11-09 21:44:28,129
MLR ,2019-11-09 22:44:32,129
MLR ,2019-11-09 23:44:28,129
MLR ,2019-11-10 00:44:27,129
MLR ,2019-11-10 01:44:29,129
MLR ,2019-11-10 02:44:31,129
MLR ,2019-11-10 03:44:27,129
MLR ,2019-11-10 04:44:29,129
MLR ,2019-11-10 05:44:28,129
MLR ,2019-11-10 06:44:27,129
MLR ,2019-11-10 07:44:26,129
MLR ,2019-11-10 08:44:31,129
MLR ,2019-11-10 09:44:30,129
MLR ,2019-11-10 10:44:27,129
MLR ,2019-11-10 11:44:27,129
MLR ,2019-11-10 12:44:29,129
MLR ,2019-11-10 13:44:27,129
MLR ,2019-11-10 14:44:26,129
MLR ,2019-11-10 15:44:31,129
MLR ,2019-11-10 16:44:28,129
MLR ,2019-11-10 17:44:28,129
MLR ,2019-11-10 18:44:30,129
MLR ,2019-11-10 19:44:27,129
MLR ,2019-11-10 20:44:28,129
MLR ,2019-11-10 21:44:26,129
MLR ,2019-11-10 22:44:30,129
MLR ,2019-11-10 23:44:30,129
MLR ,2019-11-11 00:44:28,129
MLR ,2019-11-11 01:44:31,129
MLR ,2019-11-11 02:44:30,129
MLR ,2019-11-11 03:44:30,129
MLR ,2019-11-11 04:44:29,129
MLR ,2019-11-11 05:44:31,129
MLR ,2019-11-11 06:44:28,129
MLR ,2019-11-11 07:44:29,129
MLR ,2019-11-11 08:44:32,129
MLR ,2019-11-11 09:44:31,129
MLR ,2019-11-11 10:44:31,129
MLR ,2019-11-11 11:44:28,129
MLR ,2019-11-11 12:44:31,129
MLR ,2019-11-11 13:44:30,129
MLR ,2019-11-11 14:44:33,129
MLR ,2019-11-11 15:44:34,129
MLR ,2019-11-11 16:44:31,128
MLR ,2019-11-11 17:44:32,128
MLR ,2019-11-11 18:44:34,128
MLR ,2019-11-11 19:44:30,129
MLR ,2019-11-11 21:44:30,128
MLR ,2019-11-11 22:44:28,128
MLR ,2019-11-11 23:44:29,128
MLR ,2019-11-12 00:44:26,128
MLR ,2019-11-12 01:44:27,128
MLR ,2019-11-12 02:44:33,128
MLR ,2019-11-12 03:44:29,128
MLR ,2019-11-12 04:44:27,128
MLR ,2019-11-12 05:44:30,128
MLR ,2019-11-12 06:44:28,128
MLR ,2019-11-12 07:44:31,128
MLR ,2019-11-12 08:44:28,128
MLR ,2019-11-12 09:44:27,128
MLR ,2019-11-12 10:44:26,128
MLR ,2019-11-12 11:44:31,128
MLR ,2019-11-12 12:44:32,128
MLR ,2019-11-12 14:08:31,128
MLR ,2019-11-12 14:44:33,128
MLR ,2019-11-12 15:44:28,129
MLR ,2019-11-12 16:44:29,129
MLR ,2019-11-12 17:44:29,129
MLR ,2019-11-12 18:44:33,129
MLR ,2019-11-12 19:44:27,129
MLR ,2019-11-12 20:44:27,129
MLR ,2019-11-12 21:44:28,129
MLR ,2019-11-12 22:44:32,129
MLR ,2019-11-12 23:44:28,129
MLR ,2019-11-13 00:44:34,129
MLR ,2019-11-13 01:44:28,129
MLR ,2019-11-13 02:44:29,129
MLR ,2019-11-13 03:44:32,129
MLR ,2019-11-13 04:44:29,129
MLR ,2019-11-13 05:44:36,129
MLR ,2019-11-13 06:44:28,129
MLR ,2019-11-13 07:44:34,129
MLR ,2019-11-13 08:44:31,129
MLR ,2019-11-13 09:44:29,129
MLR ,2019-11-13 10:44:28,129
MLR ,2019-11-13 11:44:33,129
MLR ,2019-11-13 12:44:27,129
MLR ,2019-11-13 13:44:28,129
MLR ,2019-11-13 15:44:34,129
MLR ,2019-11-13 16:44:29,129
MLR ,2019-11-13 17:44:30,129
MLR ,2019-11-13 18:44:33,130
MLR ,2019-11-13 19:44:29,130
MLR ,2019-11-13 20:44:28,130
MLR ,2019-11-13 21:44:27,131
MLR ,2019-11-13 22:44:29,131
MLR ,2019-11-13 23:44:30,131
MLR ,2019-11-14 00:44:29,131
MLR ,2019-11-14 01:44:27,131
MLR ,2019-11-14 02:44:34,131
MLR ,2019-11-14 03:44:27,131
MLR ,2019-11-14 04:44:28,131
MLR ,2019-11-14 05:44:33,131
MLR ,2019-11-14 06:44:27,131
MLR ,2019-11-14 07:44:34,131
MLR ,2019-11-14 08:44:31,131
MLR ,2019-11-14 09:44:32,131
MLR ,2019-11-14 10:44:30,131
MLR ,2019-11-14 11:44:34,131
MLR ,2019-11-14 12:44:27,131
MLR ,2019-11-14 14:08:07,131
MLR ,2019-11-14 14:44:31,131
MLR ,2019-11-14 15:44:29,131
MLR ,2019-11-14 17:44:30,132
MLR ,2019-11-14 18:44:28,132
MLR ,2019-11-14 19:44:28,132
MLR ,2019-11-14 20:44:29,132
MLR ,2019-11-14 21:44:34,132
MLR ,2019-11-14 22:44:27,132
MLR ,2019-11-14 23:44:29,132
MLR ,2019-11-15 00:44:29,132
MLR ,2019-11-15 01:44:29,132
MLR ,2019-11-15 02:44:28,132
MLR ,2019-11-15 03:44:29,132
MLR ,2019-11-15 04:44:30,132
MLR ,2019-11-15 05:44:30,132
MLR ,2019-11-15 06:44:31,132
MLR ,2019-11-15 07:44:28,132
MLR ,2019-11-15 08:44:37,132
MLR ,2019-11-15 09:44:28,132
MLR ,2019-11-15 10:44:28,132
MLR ,2019-11-15 11:44:27,132
MLR ,2019-11-15 12:44:32,132
MLR ,2019-11-15 14:11:01,132
MLR ,2019-11-15 15:44:35,133
MLR ,2019-11-15 16:44:27,132
MLR ,2019-11-15 17:44:29,132
MLR ,2019-11-15 18:44:35,132
MLR ,2019-11-15 19:44:31,132
MLR ,2019-11-15 20:44:32,132
MLR ,2019-11-15 21:44:26,131
MLR ,2019-11-15 22:44:30,131
MLR ,2019-11-15 23:44:29,131
MLR ,2019-11-16 00:44:31,131
MLR ,2019-11-16 01:44:28,131
MLR ,2019-11-16 02:44:29,131
MLR ,2019-11-16 03:44:27,131
MLR ,2019-11-16 04:44:30,131
MLR ,2019-11-16 05:44:28,131
MLR ,2019-11-16 06:44:30,131
MLR ,2019-11-16 07:44:28,131
MLR ,2019-11-16 08:44:30,131
MLR ,2019-11-16 09:44:33,131
MLR ,2019-11-16 10:44:26,131
MLR ,2019-11-16 11:44:27,131
MLR ,2019-11-16 12:44:32,131
MLR ,2019-11-16 13:44:30,131
MLR ,2019-11-16 14:44:30,131
MLR ,2019-11-16 15:44:28,131
MLR ,2019-11-16 16:44:28,131
MLR ,2019-11-16 17:44:30,131
MLR ,2019-11-16 18:44:27,131
MLR ,2019-11-16 19:44:27,131
MLR ,2019-11-16 20:44:26,131
MLR ,2019-11-16 21:44:27,131
MLR ,2019-11-16 22:44:27,131
MLR ,2019-11-16 23:44:26,131
MLR ,2019-11-17 00:44:27,131
MLR ,2019-11-17 01:44:25,131
MLR ,2019-11-17 02:44:30,131
MLR ,2019-11-17 03:44:26,131
MLR ,2019-11-17 04:44:28,131
MLR ,2019-11-17 05:44:28,131
MLR ,2019-11-17 06:44:29,131
MLR ,2019-11-17 07:44:30,131
MLR ,2019-11-17 08:44:27,131
MLR ,2019-11-17 10:44:33,131
MLR ,2019-11-17 11:44:31,131
MLR ,2019-11-17 12:44:28,131
MLR ,2019-11-17 13:44:28,131
MLR ,2019-11-17 14:44:26,131
MLR ,2019-11-17 15:44:26,131
MLR ,2019-11-17 16:44:29,131
MLR ,2019-11-17 17:44:25,131
MLR ,2019-11-17 18:44:26,131
MLR ,2019-11-17 19:44:27,131
MLR ,2019-11-17 20:44:29,131
MLR ,2019-11-17 21:44:31,131
MLR ,2019-11-17 22:44:28,131
MLR ,2019-11-17 23:44:31,131
MLR ,2019-11-18 00:44:26,131
MLR ,2019-11-18 01:44:26,131
MLR ,2019-11-18 02:44:28,131
MLR ,2019-11-18 03:44:27,131
MLR ,2019-11-18 04:44:25,131
MLR ,2019-11-18 05:44:29,131
MLR ,2019-11-18 06:44:25,131
MLR ,2019-11-18 07:44:27,131
MLR ,2019-11-18 08:44:32,131
MLR ,2019-11-18 09:44:32,131
MLR ,2019-11-18 10:44:29,131
MLR ,2019-11-18 11:44:26,131
MLR ,2019-11-18 12:44:29,131
MLR ,2019-11-18 14:09:33,131
MLR ,2019-11-18 14:44:27,131
MLR ,2019-11-18 15:44:32,135
MLR ,2019-11-18 16:44:30,135
MLR ,2019-11-18 17:44:32,135
MLR ,2019-11-18 18:44:32,135
MLR ,2019-11-18 19:44:28,135
MLR ,2019-11-18 20:44:31,135
MLR ,2019-11-18 21:44:30,135
MLR ,2019-11-18 22:44:26,135
MLR ,2019-11-18 23:44:29,135
MLR ,2019-11-19 00:44:28,135
MLR ,2019-11-19 01:44:28,135
MLR ,2019-11-19 02:44:27,135
MLR ,2019-11-19 03:44:27,135
MLR ,2019-11-19 04:44:29,135
MLR ,2019-11-19 05:44:26,135
MLR ,2019-11-19 06:44:29,135
MLR ,2019-11-19 07:44:27,135
MLR ,2019-11-19 08:44:28,135
MLR ,2019-11-19 09:44:33,135
MLR ,2019-11-19 10:44:27,135
MLR ,2019-11-19 11:44:26,135
MLR ,2019-11-19 12:44:28,135
MLR ,2019-11-19 14:09:33,134
MLR ,2019-11-19 14:44:30,134
MLR ,2019-11-19 15:44:30,134
MLR ,2019-11-19 16:44:28,133
MLR ,2019-11-19 17:44:35,132
MLR ,2019-11-19 18:44:26,132
MLR ,2019-11-19 19:44:30,132
MLR ,2019-11-19 20:44:29,131
MLR ,2019-11-19 21:44:32,131
MLR ,2019-11-19 22:44:29,131
MLR ,2019-11-19 23:44:29,131
MLR ,2019-11-20 00:44:30,131
MLR ,2019-11-20 01:44:29,131
MLR ,2019-11-20 02:44:30,131
MLR ,2019-11-20 03:44:30,131
MLR ,2019-11-20 04:44:28,131
MLR ,2019-11-20 05:44:30,131
MLR ,2019-11-20 06:44:30,131
MLR ,2019-11-20 07:44:30,131
MLR ,2019-11-20 08:44:33,131
MLR ,2019-11-20 09:44:37,131
MLR ,2019-11-20 10:44:37,131
MLR ,2019-11-20 11:44:35,131
MLR ,2019-11-20 12:44:34,131
MLR ,2019-11-20 14:09:06,131
MLR ,2019-11-20 14:44:36,131
MLR ,2019-11-20 15:44:33,131
MLR ,2019-11-20 16:44:34,131
MLR ,2019-11-20 22:44:32,131
MLR ,2019-11-20 23:44:27,131
MLR ,2019-11-21 00:44:27,131
MLR ,2019-11-21 01:44:27,131
MLR ,2019-11-21 02:44:31,131
MLR ,2019-11-21 03:44:28,131
MLR ,2019-11-21 04:44:26,131
MLR ,2019-11-21 05:44:29,131
MLR ,2019-11-21 06:44:31,131
MLR ,2019-11-21 07:44:26,131
MLR ,2019-11-21 08:44:26,131
MLR ,2019-11-21 09:44:28,131
MLR ,2019-11-21 10:44:28,131
MLR ,2019-11-21 11:44:28,131
MLR ,2019-11-21 12:44:27,131
MLR ,2019-11-21 14:08:31,131
MLR ,2019-11-21 14:44:32,131
MLR ,2019-11-21 15:44:27,131
MLR ,2019-11-21 16:44:28,130
MLR ,2019-11-21 17:44:30,131
MLR ,2019-11-21 18:44:26,131
MLR ,2019-11-21 19:44:26,131
MLR ,2019-11-21 20:44:26,131
MLR ,2019-11-21 21:44:27,131
MLR ,2019-11-21 22:44:27,131
MLR ,2019-11-21 23:44:28,131
MLR ,2019-11-22 00:44:28,131
MLR ,2019-11-22 01:44:31,131
MLR ,2019-11-22 02:44:28,131
MLR ,2019-11-22 03:44:27,131
MLR ,2019-11-22 04:44:26,131
MLR ,2019-11-22 05:44:31,131
MLR ,2019-11-22 06:44:28,131
MLR ,2019-11-22 07:44:31,131
MLR ,2019-11-22 08:44:33,131
MLR ,2019-11-22 09:44:32,131
MLR ,2019-11-22 10:44:32,131
MLR ,2019-11-22 11:44:28,131
MLR ,2019-11-22 12:45:27,131
MLR ,2019-11-22 13:44:26,131
MLR ,2019-11-22 14:44:29,131
MLR ,2019-11-22 15:44:25,131
MLR ,2019-11-22 16:44:26,131
MLR ,2019-11-22 17:44:31,131
MLR ,2019-11-22 18:44:30,131
MLR ,2019-11-22 19:44:26,131
MLR ,2019-11-22 20:44:27,131
MLR ,2019-11-22 21:44:26,131
MLR ,2019-11-22 22:44:26,131
MLR ,2019-11-22 23:44:28,131
MLR ,2019-11-23 00:44:33,131
MLR ,2019-11-23 01:44:26,131
MLR ,2019-11-23 02:44:26,131
MLR ,2019-11-23 03:44:26,131
MLR ,2019-11-23 04:44:30,131
MLR ,2019-11-23 05:44:27,131
MLR ,2019-11-23 06:44:28,131
MLR ,2019-11-23 07:44:28,131
MLR ,2019-11-23 08:44:28,131
MLR ,2019-11-23 09:44:29,131
MLR ,2019-11-23 10:44:29,131
MLR ,2019-11-23 11:44:25,131
MLR ,2019-11-23 12:44:25,131
MLR ,2019-11-23 13:44:25,131
MLR ,2019-11-23 14:44:26,131
MLR ,2019-11-23 15:44:26,131
MLR ,2019-11-23 16:44:26,131
MLR ,2019-11-23 17:44:27,131
MLR ,2019-11-23 18:44:27,131
MLR ,2019-11-23 19:44:28,131
MLR ,2019-11-23 20:44:24,131
MLR ,2019-11-23 21:44:27,131
MLR ,2019-11-23 22:44:24,131
MLR ,2019-11-23 23:44:24,131
MLR ,2019-11-24 00:44:28,131
MLR ,2019-11-24 01:44:25,131
MLR ,2019-11-24 02:44:25,131
MLR ,2019-11-24 03:44:25,131
MLR ,2019-11-24 04:44:24,131
MLR ,2019-11-24 05:44:25,131
MLR ,2019-11-24 06:44:25,131
MLR ,2019-11-24 07:44:23,131
MLR ,2019-11-24 08:44:27,131
MLR ,2019-11-24 09:44:29,131
MLR ,2019-11-24 10:44:28,131
MLR ,2019-11-24 11:44:26,131
MLR ,2019-11-24 12:44:24,131
MLR ,2019-11-24 13:44:24,131
MLR ,2019-11-24 14:44:25,131
MLR ,2019-11-24 15:44:26,131
MLR ,2019-11-24 16:44:25,131
MLR ,2019-11-24 17:44:25,131
MLR ,2019-11-24 18:44:27,131
MLR ,2019-11-24 19:44:25,131
MLR ,2019-11-24 20:44:28,131
MLR ,2019-11-24 21:44:25,131
MLR ,2019-11-24 22:44:29,131
MLR ,2019-11-24 23:44:26,131
MLR ,2019-11-25 00:44:26,131
MLR ,2019-11-25 01:44:29,131
MLR ,2019-11-25 02:44:27,131
MLR ,2019-11-25 04:44:24,131
MLR ,2019-11-25 05:44:26,131
MLR ,2019-11-25 06:44:26,131
MLR ,2019-11-25 07:44:26,131
MLR ,2019-11-25 08:44:32,131
MLR ,2019-11-25 09:44:32,131
MLR ,2019-11-25 10:44:31,131
MLR ,2019-11-25 11:44:29,131
MLR ,2019-11-25 12:44:30,131
MLR ,2019-11-25 13:44:25,131
MLR ,2019-11-25 14:44:27,131
MLR ,2019-11-25 15:44:30,132
MLR ,2019-11-25 16:44:26,132
MLR ,2019-11-25 17:44:27,132
MLR ,2019-11-25 18:44:25,132
MLR ,2019-11-25 19:44:28,131
MLR ,2019-11-25 20:44:28,131
MLR ,2019-11-25 21:44:25,131
MLR ,2019-11-25 22:44:32,131
MLR ,2019-11-25 23:44:27,131
MLR ,2019-11-26 00:44:28,131
MLR ,2019-11-26 01:44:27,131
MLR ,2019-11-26 02:44:29,131
MLR ,2019-11-26 03:44:28,131
MLR ,2019-11-26 04:44:26,131
MLR ,2019-11-26 05:44:32,131
MLR ,2019-11-26 06:44:35,131
MLR ,2019-11-26 07:44:28,131
MLR ,2019-11-26 08:44:30,131
MLR ,2019-11-26 09:44:35,131
MLR ,2019-11-26 20:44:31,132
MLR ,2019-11-26 21:44:28,132
MLR ,2019-11-26 22:44:32,132
MLR ,2019-11-26 23:44:28,132
MLR ,2019-11-27 00:44:31,132
MLR ,2019-11-27 01:44:28,132
MLR ,2019-11-27 02:44:28,132
MLR ,2019-11-27 03:44:30,132
MLR ,2019-11-27 04:44:28,132
MLR ,2019-11-27 05:44:30,132
MLR ,2019-11-27 06:44:29,132
MLR ,2019-11-27 07:44:29,132
MLR ,2019-11-27 08:44:35,132
MLR ,2019-11-27 09:44:35,132
MLR ,2019-11-27 10:44:28,132
MLR ,2019-11-27 11:44:26,132
MLR ,2019-11-27 12:44:35,132
MLR ,2019-11-27 13:44:28,132
MLR ,2019-11-27 14:44:30,132
MLR ,2019-11-27 15:44:35,133
MLR ,2019-11-27 16:44:30,133
MLR ,2019-11-27 17:44:29,133
MLR ,2019-11-27 18:44:30,133
MLR ,2019-11-27 19:44:31,133
MLR ,2019-11-27 20:44:28,133
MLR ,2019-11-27 21:44:28,132
MLR ,2019-11-27 22:44:30,132
MLR ,2019-11-27 23:44:29,132
MLR ,2019-11-28 00:44:29,132
MLR ,2019-11-28 01:44:30,132
MLR ,2019-11-28 02:44:34,132
MLR ,2019-11-28 03:44:32,132
MLR ,2019-11-28 04:44:31,132
MLR ,2019-11-28 05:44:28,132
MLR ,2019-11-28 06:44:29,132
MLR ,2019-11-28 07:44:32,132
MLR ,2019-11-28 08:44:30,132
MLR ,2019-11-28 09:44:36,132
MLR ,2019-11-28 10:44:32,132
MLR ,2019-11-28 11:44:29,132
MLR ,2019-11-28 12:44:28,132
MLR ,2019-11-28 13:44:27,132
MLR ,2019-11-28 14:44:28,132
MLR ,2019-11-28 15:44:29,132
MLR ,2019-11-28 16:44:28,132
MLR ,2019-11-28 17:44:30,132
MLR ,2019-11-28 18:44:29,132
MLR ,2019-11-28 19:44:28,132
MLR ,2019-11-28 20:44:27,132
MLR ,2019-11-28 21:44:28,132
MLR ,2019-11-28 22:44:27,132
MLR ,2019-11-28 23:44:29,132
MLR ,2019-11-29 00:44:28,132
MLR ,2019-11-29 01:44:28,132
MLR ,2019-11-29 02:44:28,132
MLR ,2019-11-29 03:44:28,132
MLR ,2019-11-29 04:44:31,132
MLR ,2019-11-29 05:44:30,132
MLR ,2019-11-29 06:44:27,132
MLR ,2019-11-29 07:44:30,132
MLR ,2019-11-29 08:44:38,132
MLR ,2019-11-29 09:44:40,132
MLR ,2019-11-29 10:44:48,132
MLR ,2019-11-29 11:44:33,132
MLR ,2019-11-29 12:44:32,132
MLR ,2019-11-29 13:44:36,132
MLR ,2019-11-29 14:44:37,132
MLR ,2019-11-29 15:44:34,131
MLR ,2019-11-29 16:44:37,132
MLR ,2019-11-29 17:44:38,132
MLR ,2019-11-29 18:44:34,132
MLR ,2019-11-29 20:44:34,132
MLR ,2019-11-29 21:44:27,132
MLR ,2019-11-29 22:44:36,132
MLR ,2019-11-29 23:44:33,132
MLR ,2019-11-30 00:44:29,132
MLR ,2019-11-30 01:44:28,132
MLR ,2019-11-30 02:44:30,132
MLR ,2019-11-30 03:44:31,132
MLR ,2019-11-30 04:44:30,132
MLR ,2019-11-30 05:44:35,132
MLR ,2019-11-30 06:44:31,132
MLR ,2019-11-30 07:44:32,132
MLR ,2019-11-30 08:44:30,132
MLR ,2019-11-30 21:44:51,132
MLR ,2019-11-30 22:44:36,132
MLR ,2019-11-30 23:44:31,132
MLR ,2019-12-01 00:44:32,132
MLR ,2019-12-01 01:44:28,132
MLR ,2019-12-01 02:44:35,132
MLR ,2019-12-01 22:44:39,132
MLR ,2019-12-01 23:44:28,132
MLR ,2019-12-02 00:44:26,132
MLR ,2019-12-02 01:44:32,132
MLR ,2019-12-02 02:44:30,132
MLR ,2019-12-02 06:17:51,132
MLR ,2019-12-02 06:46:28,132
MLR ,2019-12-02 07:46:35,132
MLR ,2019-12-02 08:46:26,132
MLR ,2019-12-02 09:46:26,132
MLR ,2019-12-02 10:46:27,132
MLR ,2019-12-02 11:46:27,132
MLR ,2019-12-02 12:46:24,132
MLR ,2019-12-02 14:09:12,132
MLR ,2019-12-02 14:46:32,132
MLR ,2019-12-02 15:46:35,132
MLR ,2019-12-02 16:46:29,132
MLR ,2019-12-02 17:46:48,132
MLR ,2019-12-02 18:46:47,132
MLR ,2019-12-02 19:46:49,132
MLR ,2019-12-02 20:46:43,132
MLR ,2019-12-02 21:46:46,132
MLR ,2019-12-02 22:47:01,132
MLR ,2019-12-02 23:46:49,132
MLR ,2019-12-03 00:46:36,132
MLR ,2019-12-03 01:46:47,132
MLR ,2019-12-03 02:46:47,132
MLR ,2019-12-03 03:46:46,132
MLR ,2019-12-03 04:46:47,132
MLR ,2019-12-03 05:46:48,132
MLR ,2019-12-03 06:46:28,132
MLR ,2019-12-03 07:46:27,132
MLR ,2019-12-03 08:46:27,132
MLR ,2019-12-03 09:46:41,132
MLR ,2019-12-03 10:46:45,132
MLR ,2019-12-03 11:46:37,132
MLR ,2019-12-03 12:46:24,132
MLR ,2019-12-03 13:46:23,132
MLR ,2019-12-03 14:46:47,132
MLR ,2019-12-03 15:46:27,132
MLR ,2019-12-03 16:46:47,132
MLR ,2019-12-03 17:46:44,132
MLR ,2019-12-03 18:46:44,132
MLR ,2019-12-03 19:46:43,132
MLR ,2019-12-03 20:46:43,132
MLR ,2019-12-03 21:47:08,133
MLR ,2019-12-03 22:46:46,133
MLR ,2019-12-03 23:46:57,133
MLR ,2019-12-04 00:47:14,133
MLR ,2019-12-04 01:47:21,133
MLR ,2019-12-04 02:47:07,133
MLR ,2019-12-04 03:46:53,133
MLR ,2019-12-04 04:46:51,133
MLR ,2019-12-04 06:46:52,133
MLR ,2019-12-04 07:46:51,133
MLR ,2019-12-04 08:46:35,133
MLR ,2019-12-04 09:46:35,133
MLR ,2019-12-04 10:46:32,133
MLR ,2019-12-04 11:46:36,133
MLR ,2019-12-04 12:46:33,133
MLR ,2019-12-04 14:08:43,133
MLR ,2019-12-04 14:46:59,133
MLR ,2019-12-04 15:46:56,133
MLR ,2019-12-04 16:46:50,133
MLR ,2019-12-04 17:46:51,133
MLR ,2019-12-04 18:46:51,133
MLR ,2019-12-04 19:46:52,133
MLR ,2019-12-04 20:46:48,133
MLR ,2019-12-04 21:46:45,133
MLR ,2019-12-04 22:46:45,133
MLR ,2019-12-04 23:46:46,133
MLR ,2019-12-05 00:46:49,133
MLR ,2019-12-05 01:46:50,133
MLR ,2019-12-05 02:46:49,133
MLR ,2019-12-05 03:46:49,133
MLR ,2019-12-05 04:46:48,133
MLR ,2019-12-05 06:46:49,133
MLR ,2019-12-05 07:46:30,133
MLR ,2019-12-05 08:46:47,133
MLR ,2019-12-05 09:46:26,133
MLR ,2019-12-05 10:46:26,133
MLR ,2019-12-05 11:46:27,133
MLR ,2019-12-05 12:46:26,133
MLR ,2019-12-05 13:46:46,133
MLR ,2019-12-05 14:46:51,133
MLR ,2019-12-05 15:46:47,134
MLR ,2019-12-05 16:46:46,134
MLR ,2019-12-05 17:46:46,134
MLR ,2019-12-05 18:46:47,134
MLR ,2019-12-05 20:09:13,134
MLR ,2019-12-05 20:46:58,134
MLR ,2019-12-05 21:46:45,134
MLR ,2019-12-05 22:46:47,134
MLR ,2019-12-05 23:46:32,134
MLR ,2019-12-06 00:46:46,134
MLR ,2019-12-06 01:46:45,134
MLR ,2019-12-06 02:46:51,134
MLR ,2019-12-06 03:46:48,134
MLR ,2019-12-06 04:46:45,134
MLR ,2019-12-06 05:46:57,134
MLR ,2019-12-06 06:46:50,134
MLR ,2019-12-06 07:46:51,134
MLR ,2019-12-06 08:46:48,134
MLR ,2019-12-06 09:46:46,134
MLR ,2019-12-06 10:46:48,134
MLR ,2019-12-06 11:46:46,134
MLR ,2019-12-06 12:46:29,134
MLR ,2019-12-06 13:47:27,134
MLR ,2019-12-06 14:46:54,134
MLR ,2019-12-06 15:47:13,133
MLR ,2019-12-06 16:46:50,133
MLR ,2019-12-06 17:46:45,133
MLR ,2019-12-06 18:46:48,133
MLR ,2019-12-06 19:46:48,134
MLR ,2019-12-06 20:46:46,133
MLR ,2019-12-06 21:46:26,132
MLR ,2019-12-06 22:46:28,132
MLR ,2019-12-06 23:46:31,132
MLR ,2019-12-07 00:46:35,132
MLR ,2019-12-07 01:47:07,132
MLR ,2019-12-07 02:46:49,132
MLR ,2019-12-07 03:46:47,132
MLR ,2019-12-07 04:46:37,132
MLR ,2019-12-07 05:47:13,132
MLR ,2019-12-07 06:46:30,132
MLR ,2019-12-07 07:46:32,132
MLR ,2019-12-07 08:46:29,132
MLR ,2019-12-07 09:46:28,132
MLR ,2019-12-07 10:46:28,132
MLR ,2019-12-07 11:46:27,132
MLR ,2019-12-07 12:46:44,132
MLR ,2019-12-07 13:46:58,132
MLR ,2019-12-07 14:46:50,132
MLR ,2019-12-07 15:46:51,132
MLR ,2019-12-07 16:46:47,132
MLR ,2019-12-07 17:46:51,132
MLR ,2019-12-07 18:46:48,132
MLR ,2019-12-07 19:46:29,132
MLR ,2019-12-07 20:46:48,132
MLR ,2019-12-07 21:46:54,132
MLR ,2019-12-07 22:46:32,132
MLR ,2019-12-07 23:46:29,132
MLR ,2019-12-08 00:46:41,132
MLR ,2019-12-08 01:46:28,132
MLR ,2019-12-08 02:46:50,132
MLR ,2019-12-08 03:46:48,132
MLR ,2019-12-08 04:46:45,132
MLR ,2019-12-08 05:46:51,132
MLR ,2019-12-08 06:46:49,132
MLR ,2019-12-08 07:46:47,132
MLR ,2019-12-08 08:46:47,132
MLR ,2019-12-08 09:46:46,132
MLR ,2019-12-08 10:46:47,132
MLR ,2019-12-08 11:46:27,132
MLR ,2019-12-08 12:46:30,132
MLR ,2019-12-08 13:46:44,132
MLR ,2019-12-08 14:46:41,132
MLR ,2019-12-08 15:46:31,132
MLR ,2019-12-08 16:46:47,132
MLR ,2019-12-08 17:46:50,132
MLR ,2019-12-08 18:46:28,132
MLR ,2019-12-08 19:46:43,132
MLR ,2019-12-08 20:46:44,132
MLR ,2019-12-08 21:46:51,132
MLR ,2019-12-08 22:46:50,132
MLR ,2019-12-08 23:46:47,132
MLR ,2019-12-09 00:46:47,132
MLR ,2019-12-09 01:46:27,132
MLR ,2019-12-09 02:46:34,132
MLR ,2019-12-09 03:46:49,132
MLR ,2019-12-09 04:46:31,132
MLR ,2019-12-09 05:46:36,132
MLR ,2019-12-09 06:46:52,132
MLR ,2019-12-09 07:46:31,132
MLR ,2019-12-09 08:46:31,132
MLR ,2019-12-09 09:46:27,132
MLR ,2019-12-09 10:46:29,132
MLR ,2019-12-09 11:46:25,132
MLR ,2019-12-09 12:46:26,132
MLR ,2019-12-09 14:09:43,132
MLR ,2019-12-09 14:46:38,132
MLR ,2019-12-09 15:46:39,133
MLR ,2019-12-09 16:46:58,133
MLR ,2019-12-09 17:47:08,133
MLR ,2019-12-09 18:46:39,133
MLR ,2019-12-09 19:46:28,133
MLR ,2019-12-09 20:46:53,133
MLR ,2019-12-09 21:46:51,132
MLR ,2019-12-09 22:46:29,132
MLR ,2019-12-09 23:46:45,132
MLR ,2019-12-10 00:46:52,132
MLR ,2019-12-10 01:46:46,132
MLR ,2019-12-10 02:46:50,132
MLR ,2019-12-10 03:46:56,132
MLR ,2019-12-10 04:46:47,132
MLR ,2019-12-10 05:46:57,132
MLR ,2019-12-10 06:46:52,132
MLR ,2019-12-10 07:46:48,132
MLR ,2019-12-10 08:46:52,132
MLR ,2019-12-10 09:46:30,132
MLR ,2019-12-10 10:46:31,132
MLR ,2019-12-10 11:46:29,132
MLR ,2019-12-10 12:46:53,132
MLR ,2019-12-10 13:46:27,132
MLR ,2019-12-10 14:46:34,132
MLR ,2019-12-10 15:46:32,132
MLR ,2019-12-10 16:46:55,132
MLR ,2019-12-10 17:46:48,132
MLR ,2019-12-10 18:46:44,132
MLR ,2019-12-10 19:46:32,132
MLR ,2019-12-10 20:46:47,132
MLR ,2019-12-10 21:46:46,132
MLR ,2019-12-10 22:46:52,132
MLR ,2019-12-10 23:46:58,132
MLR ,2019-12-11 00:46:55,132
MLR ,2019-12-11 01:47:00,132
MLR ,2019-12-11 02:47:07,132
MLR ,2019-12-11 03:46:49,132
MLR ,2019-12-11 04:46:57,132
MLR ,2019-12-11 05:46:58,132
MLR ,2019-12-11 06:46:40,132
MLR ,2019-12-11 07:46:36,131
MLR ,2019-12-11 08:46:47,131
MLR ,2019-12-11 09:46:35,131
MLR ,2019-12-11 10:46:40,131
MLR ,2019-12-11 11:46:40,131
MLR ,2019-12-11 12:46:56,131
MLR ,2019-12-11 13:46:44,131
MLR ,2019-12-11 14:47:14,131
MLR ,2019-12-11 15:46:45,131
MLR ,2019-12-11 16:47:01,131
MLR ,2019-12-11 17:47:05,131
MLR ,2019-12-11 18:46:53,131
MLR ,2019-12-11 19:47:02,131
MLR ,2019-12-11 20:46:51,131
MLR ,2019-12-11 21:46:50,131
MLR ,2019-12-11 22:46:54,131
MLR ,2019-12-11 23:46:54,131
MLR ,2019-12-12 00:46:40,131
MLR ,2019-12-12 01:47:07,131
MLR ,2019-12-12 02:46:57,131
MLR ,2019-12-12 03:46:41,131
MLR ,2019-12-12 04:46:55,131
MLR ,2019-12-12 05:46:55,131
MLR ,2019-12-12 06:46:58,131
MLR ,2019-12-12 07:46:55,131
MLR ,2019-12-12 08:46:39,131
MLR ,2019-12-12 09:46:48,131
MLR ,2019-12-12 10:46:53,131
MLR ,2019-12-12 11:46:40,131
MLR ,2019-12-12 12:46:32,131
MLR ,2019-12-12 14:08:13,131
MLR ,2019-12-12 14:47:19,131
MLR ,2019-12-12 15:46:43,131
MLR ,2019-12-12 16:47:01,131
MLR ,2019-12-12 17:46:42,131
MLR ,2019-12-12 18:46:42,131
MLR ,2019-12-12 19:46:43,130
MLR ,2019-12-12 20:46:43,129
MLR ,2019-12-12 21:46:42,129
MLR ,2019-12-12 22:46:36,129
MLR ,2019-12-12 23:46:40,129
MLR ,2019-12-13 00:47:31,129
MLR ,2019-12-13 01:47:39,129
MLR ,2019-12-13 02:47:35,129
MLR ,2019-12-13 03:47:43,129
MLR ,2019-12-13 04:47:36,129
MLR ,2019-12-13 05:47:52,128
MLR ,2019-12-13 06:47:59,128
MLR ,2019-12-13 07:47:32,128
MLR ,2019-12-13 08:47:25,128
MLR ,2019-12-13 09:47:35,128
MLR ,2019-12-13 10:47:16,128
MLR ,2019-12-13 11:47:16,128
MLR ,2019-12-13 12:47:24,128
MLR ,2019-12-13 14:40:21,128
MLR ,2019-12-13 14:48:09,128
MLR ,2019-12-13 15:47:44,128
MLR ,2019-12-13 16:47:30,128
MLR ,2019-12-13 17:47:39,128
MLR ,2019-12-13 18:47:35,129
MLR ,2019-12-13 19:47:32,130
MLR ,2019-12-13 20:48:09,130
MLR ,2019-12-13 21:47:28,130
MLR ,2019-12-13 22:47:29,130
MLR ,2019-12-13 23:47:16,130
MLR ,2019-12-14 00:47:29,130
MLR ,2019-12-14 01:47:19,130
MLR ,2019-12-14 02:47:37,130
MLR ,2019-12-14 03:47:26,130
MLR ,2019-12-14 04:47:29,130
MLR ,2019-12-14 05:47:31,130
MLR ,2019-12-14 06:47:34,130
MLR ,2019-12-14 07:47:13,130
MLR ,2019-12-14 08:47:23,130
MLR ,2019-12-14 09:47:24,130
MLR ,2019-12-14 10:47:11,130
MLR ,2019-12-14 11:47:12,130
MLR ,2019-12-14 12:47:11,130
MLR ,2019-12-14 13:47:40,130
MLR ,2019-12-14 14:47:23,130
MLR ,2019-12-14 15:47:44,130
MLR ,2019-12-14 16:47:44,130
MLR ,2019-12-14 17:47:19,130
MLR ,2019-12-14 18:47:46,130
MLR ,2019-12-14 19:47:19,130
MLR ,2019-12-14 20:47:28,130
MLR ,2019-12-14 22:47:43,130
MLR ,2019-12-14 23:47:27,130
MLR ,2019-12-15 00:47:34,130
MLR ,2019-12-15 01:47:47,130
MLR ,2019-12-15 02:47:41,130
MLR ,2019-12-15 03:47:25,130
MLR ,2019-12-15 04:47:35,130
MLR ,2019-12-15 05:47:15,130
MLR ,2019-12-15 06:47:31,130
MLR ,2019-12-15 07:47:13,130
MLR ,2019-12-15 08:47:19,130
MLR ,2019-12-15 09:47:03,130
MLR ,2019-12-15 10:47:05,130
MLR ,2019-12-15 11:47:26,130
MLR ,2019-12-15 13:47:19,130
MLR ,2019-12-15 14:47:07,130
MLR ,2019-12-15 15:47:32,130
MLR ,2019-12-15 16:47:33,130
MLR ,2019-12-15 17:47:31,130
MLR ,2019-12-15 19:47:23,130
MLR ,2019-12-15 20:47:27,130
MLR ,2019-12-15 21:47:23,130
MLR ,2019-12-15 22:47:20,130
MLR ,2019-12-15 23:47:30,130
MLR ,2019-12-16 00:47:26,130
MLR ,2019-12-16 01:47:50,130
MLR ,2019-12-16 02:47:20,130
MLR ,2019-12-16 04:48:10,130
MLR ,2019-12-16 05:47:38,130
MLR ,2019-12-16 06:47:36,130
MLR ,2019-12-16 07:47:14,130
MLR ,2019-12-16 08:47:17,130
MLR ,2019-12-16 09:47:14,130
MLR ,2019-12-16 10:47:06,130
MLR ,2019-12-16 11:47:28,130
MLR ,2019-12-16 12:47:24,130
MLR ,2019-12-16 13:47:33,130
MLR ,2019-12-16 14:49:07,130
MLR ,2019-12-16 16:07:43,131
MLR ,2019-12-16 16:47:57,131
MLR ,2019-12-16 17:47:43,131
MLR ,2019-12-16 18:47:43,131
MLR ,2019-12-16 19:47:37,131
MLR ,2019-12-16 20:47:41,131
MLR ,2019-12-16 21:47:30,132
MLR ,2019-12-16 22:47:32,132
MLR ,2019-12-16 23:47:24,132
MLR ,2019-12-17 00:47:13,132
MLR ,2019-12-17 01:47:23,132
MLR ,2019-12-17 02:47:47,132
MLR ,2019-12-17 03:47:36,132
MLR ,2019-12-17 04:47:44,132
MLR ,2019-12-17 05:47:36,132
MLR ,2019-12-17 06:47:49,132
MLR ,2019-12-17 07:47:25,132
MLR ,2019-12-17 08:47:43,132
MLR ,2019-12-17 09:47:06,132
MLR ,2019-12-17 10:47:20,132
MLR ,2019-12-17 11:47:07,132
MLR ,2019-12-17 12:47:05,132
MLR ,2019-12-17 14:09:13,132
MLR ,2019-12-17 14:48:15,132
MLR ,2019-12-17 15:47:55,132
MLR ,2019-12-17 16:47:38,132
MLR ,2019-12-17 17:47:38,132
MLR ,2019-12-17 18:47:28,132
MLR ,2019-12-17 19:47:54,132
MLR ,2019-12-17 20:47:39,132
MLR ,2019-12-17 21:47:12,132
MLR ,2019-12-17 22:47:28,132
MLR ,2019-12-17 23:47:34,132
MLR ,2019-12-18 01:47:51,132
MLR ,2019-12-18 02:47:44,132
MLR ,2019-12-18 03:47:28,132
MLR ,2019-12-18 04:47:07,132
MLR ,2019-12-18 05:47:25,132
MLR ,2019-12-18 06:47:22,132
MLR ,2019-12-18 07:47:10,132
MLR ,2019-12-18 08:47:31,132
MLR ,2019-12-18 09:47:17,132
MLR ,2019-12-18 10:47:12,132
MLR ,2019-12-18 11:47:12,132
MLR ,2019-12-18 12:47:17,132
MLR ,2019-12-18 14:08:12,132
MLR ,2019-12-18 14:48:14,132
MLR ,2019-12-18 15:47:32,133
MLR ,2019-12-18 16:47:42,133
MLR ,2019-12-18 17:47:37,133
MLR ,2019-12-18 18:47:30,133
MLR ,2019-12-18 19:47:30,132
MLR ,2019-12-18 20:47:44,132
MLR ,2019-12-18 21:47:27,132
MLR ,2019-12-18 22:47:26,132
MLR ,2019-12-18 23:47:26,132
MLR ,2019-12-19 00:47:32,132
MLR ,2019-12-19 01:47:35,132
MLR ,2019-12-19 02:47:48,132
MLR ,2019-12-19 03:47:31,132
MLR ,2019-12-19 04:47:33,132
MLR ,2019-12-19 05:47:14,132
MLR ,2019-12-19 06:47:31,132
MLR ,2019-12-19 07:47:23,132
MLR ,2019-12-19 08:47:07,132
MLR ,2019-12-19 09:47:14,132
MLR ,2019-12-19 10:47:06,132
MLR ,2019-12-19 11:46:58,132
MLR ,2019-12-19 12:47:17,132
MLR ,2019-12-19 14:09:45,132
MLR ,2019-12-19 14:48:05,132
MLR ,2019-12-19 15:48:27,131
MLR ,2019-12-19 16:48:03,131
MLR ,2019-12-19 17:47:55,131
MLR ,2019-12-19 18:47:40,131
MLR ,2019-12-19 19:47:52,130
MLR ,2019-12-19 21:09:48,130
MLR ,2019-12-19 21:47:42,130
MLR ,2019-12-19 22:47:50,130
MLR ,2019-12-19 23:47:49,130
MLR ,2019-12-20 00:47:49,130
MLR ,2019-12-20 01:47:38,130
MLR ,2019-12-20 02:47:48,130
MLR ,2019-12-20 03:47:39,130
MLR ,2019-12-20 04:47:56,130
MLR ,2019-12-20 05:47:46,130
MLR ,2019-12-20 06:48:01,130
MLR ,2019-12-20 07:47:44,130
MLR ,2019-12-20 08:47:51,130
MLR ,2019-12-20 09:47:40,130
MLR ,2019-12-20 10:47:04,130
MLR ,2019-12-20 11:47:33,130
MLR ,2019-12-20 12:47:42,130
MLR ,2019-12-20 14:08:45,130
MLR ,2019-12-20 14:48:45,130
MLR ,2019-12-20 15:48:35,130
MLR ,2019-12-20 16:48:14,130
MLR ,2019-12-20 17:48:16,131
MLR ,2019-12-20 18:48:01,131
MLR ,2019-12-20 19:48:16,133
MLR ,2019-12-20 20:48:14,133
MLR ,2019-12-20 21:47:47,133
MLR ,2019-12-20 22:47:45,133
MLR ,2019-12-20 23:47:58,133
MLR ,2019-12-21 00:47:56,133
MLR ,2019-12-21 01:47:47,133
MLR ,2019-12-21 02:48:04,133
MLR ,2019-12-21 03:47:41,133
MLR ,2019-12-21 04:47:55,133
MLR ,2019-12-21 05:47:30,133
MLR ,2019-12-21 06:47:26,133
MLR ,2019-12-21 07:47:42,133
MLR ,2019-12-21 08:47:38,133
MLR ,2019-12-21 09:47:14,133
MLR ,2019-12-21 10:47:13,133
MLR ,2019-12-21 11:47:04,133
MLR ,2019-12-21 12:47:22,133
MLR ,2019-12-21 13:47:20,133
MLR ,2019-12-21 14:47:34,133
MLR ,2019-12-21 15:47:28,133
MLR ,2019-12-21 16:47:52,133
MLR ,2019-12-21 17:47:23,133
MLR ,2019-12-21 18:47:25,133
MLR ,2019-12-21 19:47:23,133
MLR ,2019-12-21 20:47:27,133
MLR ,2019-12-21 22:47:54,133
MLR ,2019-12-21 23:47:14,133
MLR ,2019-12-22 00:47:23,133
MLR ,2019-12-22 01:47:27,133
MLR ,2019-12-22 02:47:21,133
MLR ,2019-12-22 04:47:35,133
MLR ,2019-12-22 05:47:13,133
MLR ,2019-12-22 06:47:18,133
MLR ,2019-12-22 07:47:20,133
MLR ,2019-12-22 08:47:18,133
MLR ,2019-12-22 09:47:12,133
MLR ,2019-12-22 10:47:17,133
MLR ,2019-12-22 11:47:04,133
MLR ,2019-12-22 12:47:22,133
MLR ,2019-12-22 13:47:17,133
MLR ,2019-12-22 14:47:28,133
MLR ,2019-12-22 15:47:50,133
MLR ,2019-12-22 16:47:26,133
MLR ,2019-12-22 17:47:27,133
MLR ,2019-12-22 18:47:24,133
MLR ,2019-12-22 19:47:42,133
MLR ,2019-12-22 20:47:55,133
MLR ,2019-12-22 22:47:25,133
MLR ,2019-12-22 23:47:38,133
MLR ,2019-12-23 00:47:45,133
MLR ,2019-12-23 01:47:48,133
MLR ,2019-12-23 02:47:34,133
MLR ,2019-12-23 03:47:37,133
MLR ,2019-12-23 04:47:49,133
MLR ,2019-12-23 05:47:43,133
MLR ,2019-12-23 06:47:40,133
MLR ,2019-12-23 07:47:16,133
MLR ,2019-12-23 08:47:17,133
MLR ,2019-12-23 09:47:07,133
MLR ,2019-12-23 10:47:09,133
MLR ,2019-12-23 11:47:17,133
MLR ,2019-12-23 12:47:18,133
MLR ,2019-12-23 14:09:48,134
MLR ,2019-12-23 14:48:45,134
MLR ,2019-12-23 15:47:48,133
MLR ,2019-12-23 16:47:37,133
MLR ,2019-12-23 17:47:59,133
MLR ,2019-12-23 18:47:58,132
MLR ,2019-12-23 19:47:59,132
MLR ,2019-12-23 20:48:02,132
MLR ,2019-12-23 21:47:45,133
MLR ,2019-12-23 22:47:26,133
MLR ,2019-12-23 23:47:48,133
MLR ,2019-12-24 00:47:27,133
MLR ,2019-12-24 01:47:30,133
MLR ,2019-12-24 02:47:51,133
MLR ,2019-12-24 03:48:01,133
MLR ,2019-12-24 04:47:59,133
MLR ,2019-12-24 05:47:30,133
MLR ,2019-12-24 06:47:57,133
MLR ,2019-12-24 07:47:22,133
MLR ,2019-12-24 08:47:25,133
MLR ,2019-12-24 09:47:21,133
MLR ,2019-12-24 10:47:01,133
MLR ,2019-12-24 11:47:22,133
MLR ,2019-12-24 12:47:10,133
MLR ,2019-12-24 13:47:11,133
MLR ,2019-12-24 14:48:21,132
MLR ,2019-12-24 15:47:41,132
MLR ,2019-12-24 16:47:31,133
MLR ,2019-12-24 17:47:37,133
MLR ,2019-12-24 18:47:23,133
MLR ,2019-12-24 19:47:45,133
MLR ,2019-12-24 20:47:14,133
MLR ,2019-12-24 21:47:15,133
MLR ,2019-12-24 22:47:49,133
MLR ,2019-12-24 23:47:35,133
MLR ,2019-12-25 00:47:41,133
MLR ,2019-12-25 01:47:13,133
MLR ,2019-12-25 02:47:09,133
MLR ,2019-12-25 03:47:32,133
MLR ,2019-12-25 04:47:34,133
MLR ,2019-12-25 05:47:41,133
MLR ,2019-12-25 06:47:22,133
MLR ,2019-12-25 07:47:20,133
MLR ,2019-12-25 08:47:49,133
MLR ,2019-12-25 09:47:22,133
MLR ,2019-12-25 10:47:13,133
MLR ,2019-12-25 11:47:06,133
MLR ,2019-12-25 12:47:11,133
MLR ,2019-12-25 13:47:11,133
MLR ,2019-12-25 14:47:31,133
MLR ,2019-12-25 15:47:44,133
MLR ,2019-12-25 16:47:26,133
MLR ,2019-12-25 17:47:40,133
MLR ,2019-12-25 18:47:15,133
MLR ,2019-12-25 19:47:20,133
MLR ,2019-12-25 20:47:21,133
MLR ,2019-12-25 21:47:26,133
MLR ,2019-12-25 22:47:24,133
MLR ,2019-12-25 23:47:26,133
MLR ,2019-12-26 00:47:38,133
MLR ,2019-12-26 01:47:42,133
MLR ,2019-12-26 02:47:47,133
MLR ,2019-12-26 03:47:54,133
MLR ,2019-12-26 04:47:57,133
MLR ,2019-12-26 05:47:28,133
MLR ,2019-12-26 06:47:39,133
MLR ,2019-12-26 07:47:31,133
MLR ,2019-12-26 08:47:07,133
MLR ,2019-12-26 09:47:11,133
MLR ,2019-12-26 10:47:13,133
MLR ,2019-12-26 11:47:04,133
MLR ,2019-12-26 12:47:07,133
MLR ,2019-12-26 13:47:27,133
MLR ,2019-12-26 14:48:09,133
MLR ,2019-12-26 15:47:59,133
MLR ,2019-12-26 16:47:46,133
MLR ,2019-12-26 17:48:09,133
MLR ,2019-12-26 18:47:39,133
MLR ,2019-12-26 19:47:30,133
MLR ,2019-12-26 20:48:14,133
MLR ,2019-12-26 21:47:52,133
MLR ,2019-12-26 22:48:18,133
MLR ,2019-12-26 23:47:44,133
MLR ,2019-12-27 00:47:25,133
MLR ,2019-12-27 01:47:52,133
MLR ,2019-12-27 02:48:01,133
MLR ,2019-12-27 03:47:35,133
MLR ,2019-12-27 04:47:57,133
MLR ,2019-12-27 05:47:52,133
MLR ,2019-12-27 06:48:01,133
MLR ,2019-12-27 07:47:20,133
MLR ,2019-12-27 08:47:42,133
MLR ,2019-12-27 09:47:18,133
MLR ,2019-12-27 10:47:02,133
MLR ,2019-12-27 11:47:14,133
MLR ,2019-12-27 12:47:24,133
MLR ,2019-12-27 14:09:45,133
MLR ,2019-12-27 14:48:09,133
MLR ,2019-12-27 15:47:50,133
MLR ,2019-12-27 16:47:41,132
MLR ,2019-12-27 17:47:39,132
MLR ,2019-12-27 18:47:48,132
MLR ,2019-12-27 19:48:23,132
MLR ,2019-12-27 20:47:51,132
MLR ,2019-12-27 21:48:08,132
MLR ,2019-12-27 22:47:49,132
MLR ,2019-12-27 23:47:21,132
MLR ,2019-12-28 00:47:51,132
MLR ,2019-12-28 01:47:36,132
MLR ,2019-12-28 02:47:36,132
MLR ,2019-12-28 03:47:29,132
MLR ,2019-12-28 04:47:47,132
MLR ,2019-12-28 05:47:51,132
MLR ,2019-12-28 06:47:48,132
MLR ,2019-12-28 07:47:27,132
MLR ,2019-12-28 08:47:44,132
MLR ,2019-12-28 09:47:23,132
MLR ,2019-12-28 10:47:29,132
MLR ,2019-12-28 11:47:11,132
MLR ,2019-12-28 12:47:03,132
MLR ,2019-12-28 13:47:26,132
MLR ,2019-12-28 14:47:41,132
MLR ,2019-12-28 15:47:57,132
MLR ,2019-12-28 16:47:34,132
MLR ,2019-12-28 17:47:49,132
MLR ,2019-12-28 18:47:37,132
MLR ,2019-12-28 19:47:28,132
MLR ,2019-12-28 20:47:51,132
MLR ,2019-12-28 21:47:25,132
MLR ,2019-12-28 22:47:37,132
MLR ,2019-12-28 23:47:45,132
MLR ,2019-12-29 00:47:32,132
MLR ,2019-12-29 01:48:05,132
MLR ,2019-12-29 02:47:42,132
MLR ,2019-12-29 03:47:59,132
MLR ,2019-12-29 04:47:38,132
MLR ,2019-12-29 05:47:57,132
MLR ,2019-12-29 06:47:58,132
MLR ,2019-12-29 07:47:26,132
MLR ,2019-12-29 08:47:53,132
MLR ,2019-12-29 09:47:24,132
MLR ,2019-12-29 10:47:29,132
MLR ,2019-12-29 11:47:16,132
MLR ,2019-12-29 12:47:22,132
MLR ,2019-12-29 13:47:22,132
MLR ,2019-12-29 14:47:34,132
MLR ,2019-12-29 15:47:31,132
MLR ,2019-12-29 16:47:39,132
MLR ,2019-12-29 17:47:25,132
MLR ,2019-12-29 18:47:41,132
MLR ,2019-12-29 19:47:48,132
MLR ,2019-12-29 20:47:23,132
MLR ,2019-12-29 21:48:15,132
MLR ,2019-12-29 22:47:39,132
MLR ,2019-12-29 23:47:19,132
MLR ,2019-12-30 00:47:29,132
MLR ,2019-12-30 01:47:53,132
MLR ,2019-12-30 02:48:15,132
MLR ,2019-12-30 03:47:27,132
MLR ,2019-12-30 04:48:12,132
MLR ,2019-12-30 05:47:41,132
MLR ,2019-12-30 06:47:19,132
MLR ,2019-12-30 07:47:11,132
MLR ,2019-12-30 08:47:27,132
MLR ,2019-12-30 09:47:35,132
MLR ,2019-12-30 10:47:03,132
MLR ,2019-12-30 11:47:36,132
MLR ,2019-12-30 12:47:21,132
MLR ,2019-12-30 14:09:43,132
MLR ,2019-12-30 14:48:42,132
MLR ,2019-12-30 15:47:45,132
MLR ,2019-12-30 16:47:43,132
MLR ,2019-12-30 17:47:48,132
MLR ,2019-12-30 18:47:57,132
MLR ,2019-12-30 19:47:49,132
MLR ,2019-12-30 20:47:33,132
MLR ,2019-12-30 21:47:30,132
MLR ,2019-12-30 22:47:20,132
MLR ,2019-12-30 23:47:32,132
MLR ,2019-12-31 00:47:33,132
MLR ,2019-12-31 01:47:20,132
MLR ,2019-12-31 02:47:41,132
MLR ,2019-12-31 03:47:43,132
MLR ,2019-12-31 04:47:29,132
MLR ,2019-12-31 05:47:23,132
MLR ,2019-12-31 06:47:30,132
MLR ,2019-12-31 07:47:26,132
MLR ,2019-12-31 08:47:44,132
MLR ,2019-12-31 09:47:39,132
MLR ,2019-12-31 10:47:50,132
MLR ,2019-12-31 11:47:43,132
MLR ,2019-12-31 12:47:28,132
MLR ,2019-12-31 14:10:46,132
MLR ,2019-12-31 14:48:30,132
MLR ,2019-12-31 15:48:02,131
MLR ,2019-12-31 16:47:46,131
MLR ,2019-12-31 17:47:30,131
MLR ,2019-12-31 18:47:43,131
MLR ,2019-12-31 19:47:45,131
MLR ,2019-12-31 20:47:50,131
MLR ,2019-12-31 21:47:31,131
MLR ,2019-12-31 22:47:30,131
MLR ,2019-12-31 23:47:30,131
MLR ,2020-01-01 00:47:27,131
MLR ,2020-01-01 01:47:24,131
MLR ,2020-01-01 02:47:23,131
MLR ,2020-01-01 03:47:33,131
MLR ,2020-01-01 04:47:09,131
MLR ,2020-01-01 05:47:53,131
MLR ,2020-01-01 06:47:52,131
MLR ,2020-01-01 07:47:28,131
MLR ,2020-01-01 08:47:27,131
MLR ,2020-01-01 09:47:17,131
MLR ,2020-01-01 10:47:07,131
MLR ,2020-01-01 11:47:12,131
MLR ,2020-01-01 12:47:18,131
MLR ,2020-01-01 13:47:15,131
MLR ,2020-01-01 14:47:23,131
MLR ,2020-01-01 15:47:23,131
MLR ,2020-01-01 16:47:33,131
MLR ,2020-01-01 17:47:27,131
MLR ,2020-01-01 18:47:32,131
MLR ,2020-01-01 19:47:15,131
MLR ,2020-01-01 20:47:40,131
MLR ,2020-01-01 21:47:27,131
MLR ,2020-01-01 22:47:39,131
MLR ,2020-01-01 23:48:11,131
MLR ,2020-01-02 00:47:55,131
MLR ,2020-01-02 01:47:46,131
MLR ,2020-01-02 02:48:25,131
MLR ,2020-01-02 03:47:41,131
MLR ,2020-01-02 04:47:43,131
MLR ,2020-01-02 05:47:38,131
MLR ,2020-01-02 06:47:27,131
MLR ,2020-01-02 07:47:22,131
MLR ,2020-01-02 08:47:27,131
MLR ,2020-01-02 09:47:20,131
MLR ,2020-01-02 10:47:18,131
MLR ,2020-01-02 11:47:19,131
MLR ,2020-01-02 12:47:25,131
MLR ,2020-01-02 14:11:15,131
MLR ,2020-01-02 14:49:17,131
MLR ,2020-01-02 15:48:04,132
MLR ,2020-01-02 16:47:49,132
MLR ,2020-01-02 17:47:55,132
MLR ,2020-01-02 18:47:59,130
MLR ,2020-01-02 19:47:46,130
MLR ,2020-01-02 20:47:58,130
MLR ,2020-01-02 21:47:32,130
MLR ,2020-01-02 22:48:27,130
MLR ,2020-01-02 23:47:27,130
MLR ,2020-01-03 00:47:47,130
MLR ,2020-01-03 01:47:47,130
MLR ,2020-01-03 02:47:59,130
MLR ,2020-01-03 03:47:39,130
MLR ,2020-01-03 04:47:38,130
MLR ,2020-01-03 05:47:45,130
MLR ,2020-01-03 06:47:45,130
MLR ,2020-01-03 07:47:29,130
MLR ,2020-01-03 08:47:42,130
MLR ,2020-01-03 09:47:24,130
MLR ,2020-01-03 10:47:25,130
MLR ,2020-01-03 11:47:23,130
MLR ,2020-01-03 12:47:18,130
MLR ,2020-01-03 14:11:14,130
MLR ,2020-01-03 14:52:02,130
MLR ,2020-01-03 15:47:39,130
MLR ,2020-01-03 16:47:50,130
MLR ,2020-01-03 17:48:35,130
MLR ,2020-01-03 18:47:48,130
MLR ,2020-01-03 19:47:45,130
MLR ,2020-01-03 20:48:00,130
MLR ,2020-01-03 21:47:27,130
MLR ,2020-01-03 22:47:38,130
MLR ,2020-01-03 23:47:28,130
MLR ,2020-01-04 00:47:37,130
MLR ,2020-01-04 01:47:35,130
MLR ,2020-01-04 02:47:30,130
MLR ,2020-01-04 03:47:52,130
MLR ,2020-01-04 04:47:41,130
MLR ,2020-01-04 05:47:30,130
MLR ,2020-01-04 06:47:30,130
MLR ,2020-01-04 07:47:15,130
MLR ,2020-01-04 08:47:21,130
MLR ,2020-01-04 09:47:16,130
MLR ,2020-01-04 10:47:17,130
MLR ,2020-01-04 11:47:15,130
MLR ,2020-01-04 12:47:24,130
MLR ,2020-01-04 13:47:24,130
MLR ,2020-01-04 14:47:26,130
MLR ,2020-01-04 15:47:34,130
MLR ,2020-01-04 16:47:36,130
MLR ,2020-01-04 17:47:42,130
MLR ,2020-01-04 18:47:34,130
MLR ,2020-01-04 19:47:35,130
MLR ,2020-01-04 20:47:47,130
MLR ,2020-01-04 21:48:18,130
MLR ,2020-01-04 22:47:47,130
MLR ,2020-01-04 23:47:50,130
MLR ,2020-01-05 00:47:29,130
MLR ,2020-01-05 01:48:18,130
MLR ,2020-01-05 02:47:58,130
MLR ,2020-01-05 03:47:41,130
MLR ,2020-01-05 04:47:26,130
MLR ,2020-01-05 05:47:26,130
MLR ,2020-01-05 06:47:24,130
MLR ,2020-01-05 07:47:11,130
MLR ,2020-01-05 08:47:10,130
MLR ,2020-01-05 09:47:02,130
MLR ,2020-01-05 10:47:02,130
MLR ,2020-01-05 11:47:31,130
MLR ,2020-01-05 12:47:06,130
MLR ,2020-01-05 13:47:27,130
MLR ,2020-01-05 14:47:12,130
MLR ,2020-01-05 15:47:12,130
MLR ,2020-01-05 16:47:34,130
MLR ,2020-01-05 17:48:34,130
MLR ,2020-01-05 18:47:43,130
MLR ,2020-01-05 20:47:39,130
MLR ,2020-01-05 21:47:48,130
MLR ,2020-01-05 22:47:29,130
MLR ,2020-01-05 23:47:35,130
MLR ,2020-01-06 00:47:43,130
MLR ,2020-01-06 01:47:46,130
MLR ,2020-01-06 02:48:04,130
MLR ,2020-01-06 03:48:09,130
MLR ,2020-01-06 04:48:02,130
MLR ,2020-01-06 05:47:53,130
MLR ,2020-01-06 06:47:41,130
MLR ,2020-01-06 07:47:28,130
MLR ,2020-01-06 08:47:36,130
MLR ,2020-01-16 06:47:17,130
MLR ,2020-01-16 07:47:16,130
MLR ,2020-01-16 08:47:19,130
MLR ,2020-01-16 09:47:02,130
MLR ,2020-01-16 10:47:06,130
MLR ,2020-01-16 11:47:08,130
MLR ,2020-01-16 12:47:12,130
MLR ,2020-01-16 14:11:16,129
MLR ,2020-01-16 15:47:20,130
MLR ,2020-01-16 16:47:29,130
MLR ,2020-01-16 17:47:29,130
MLR ,2020-01-16 18:47:16,130
MLR ,2020-01-16 19:47:22,130
MLR ,2020-01-16 20:47:23,130
MLR ,2020-01-16 21:47:14,130
MLR ,2020-01-16 22:47:25,130
MLR ,2020-01-16 23:47:16,130
MLR ,2020-01-17 00:47:47,130
MLR ,2020-01-17 01:47:50,130
MLR ,2020-01-17 02:47:12,130
MLR ,2020-01-17 03:47:04,130
MLR ,2020-01-17 04:47:04,130
MLR ,2020-01-17 05:47:08,130
MLR ,2020-01-17 06:47:09,130
MLR ,2020-01-17 07:46:52,130
MLR ,2020-01-17 08:46:48,130
MLR ,2020-01-17 09:47:48,130
MLR ,2020-01-17 10:46:45,130
MLR ,2020-01-17 11:46:43,130
MLR ,2020-01-17 12:47:03,130
MLR ,2020-01-17 14:09:18,130
MLR ,2020-01-17 14:47:27,130
MLR ,2020-01-17 15:47:14,129
MLR ,2020-01-17 16:47:16,128
MLR ,2020-01-17 17:47:06,128
MLR ,2020-01-17 18:47:15,128
MLR ,2020-01-17 19:47:11,128
MLR ,2020-01-17 20:47:06,128
MLR ,2020-01-17 21:46:54,128
MLR ,2020-01-17 22:47:06,128
MLR ,2020-01-17 23:47:01,128
MLR ,2020-01-18 00:47:43,128
MLR ,2020-01-18 01:47:02,128
MLR ,2020-01-18 02:46:56,128
MLR ,2020-01-18 03:47:09,128
MLR ,2020-01-18 04:47:08,128
MLR ,2020-01-18 05:47:11,128
MLR ,2020-01-18 06:46:49,128
MLR ,2020-01-18 07:47:03,128
MLR ,2020-01-18 08:47:01,128
MLR ,2020-01-18 09:46:54,128
MLR ,2020-01-18 10:46:56,128
MLR ,2020-01-18 11:46:45,128
MLR ,2020-01-18 12:46:59,128
MLR ,2020-01-18 13:46:58,128
MLR ,2020-01-18 14:47:02,128
MLR ,2020-01-18 15:47:03,128
MLR ,2020-01-18 16:46:45,128
MLR ,2020-01-18 17:47:18,128
MLR ,2020-01-18 18:47:04,128
MLR ,2020-01-18 19:47:37,128
MLR ,2020-01-18 20:47:06,128
MLR ,2020-01-18 21:47:13,128
MLR ,2020-01-18 23:47:11,128
MLR ,2020-01-19 00:46:49,128
MLR ,2020-01-19 01:47:09,128
MLR ,2020-01-19 02:47:13,128
MLR ,2020-01-19 03:47:13,128
MLR ,2020-01-19 04:47:07,128
MLR ,2020-01-19 05:47:02,128
MLR ,2020-01-19 06:46:59,128
MLR ,2020-01-19 07:46:53,128
MLR ,2020-01-19 08:47:23,128
MLR ,2020-01-19 09:46:56,128
MLR ,2020-01-19 10:46:44,128
MLR ,2020-01-19 11:46:46,128
MLR ,2020-01-19 12:47:03,128
MLR ,2020-01-19 13:46:50,128
MLR ,2020-01-19 14:47:27,128
MLR ,2020-01-19 15:47:35,128
MLR ,2020-01-19 16:46:54,128
MLR ,2020-01-19 17:47:01,128
MLR ,2020-01-19 18:46:52,128
MLR ,2020-01-19 19:47:50,128
MLR ,2020-01-19 20:47:04,128
MLR ,2020-01-19 21:47:01,128
MLR ,2020-01-19 22:47:01,128
MLR ,2020-01-19 23:48:07,128
MLR ,2020-01-20 00:47:48,128
MLR ,2020-01-20 01:47:42,128
MLR ,2020-01-20 02:47:14,128
MLR ,2020-01-20 03:47:45,128
MLR ,2020-01-20 04:47:39,128
MLR ,2020-01-20 05:46:59,128
MLR ,2020-01-20 06:47:48,128
MLR ,2020-01-20 07:46:51,128
MLR ,2020-01-20 08:47:45,128
MLR ,2020-01-20 09:54:09,128
MLR ,2020-01-20 10:47:23,128
MLR ,2020-01-20 11:46:46,128
MLR ,2020-01-20 12:46:57,128
MLR ,2020-01-20 13:47:33,128
MLR ,2020-01-20 14:47:24,128
MLR ,2020-01-20 15:47:40,128
MLR ,2020-01-20 16:46:57,128
MLR ,2020-01-20 17:47:38,128
MLR ,2020-01-20 18:47:03,128
MLR ,2020-01-20 19:47:38,128
MLR ,2020-01-20 21:47:58,128
MLR ,2020-01-20 22:47:46,128
MLR ,2020-01-20 23:47:44,128
MLR ,2020-01-21 00:47:49,128
MLR ,2020-01-21 01:47:33,128
MLR ,2020-01-21 02:47:45,128
MLR ,2020-01-21 03:47:01,128
MLR ,2020-01-21 04:47:05,128
MLR ,2020-01-21 05:47:00,128
MLR ,2020-01-21 06:46:54,128
MLR ,2020-01-21 07:46:51,128
MLR ,2020-01-21 08:47:05,128
MLR ,2020-01-21 10:02:40,128
MLR ,2020-01-21 10:47:43,128
MLR ,2020-01-21 11:46:56,128
MLR ,2020-01-21 12:46:58,128
MLR ,2020-01-21 13:47:01,128
MLR ,2020-01-21 15:48:05,126
MLR ,2020-01-21 16:47:24,127
MLR ,2020-01-21 17:47:52,128
MLR ,2020-01-21 18:47:20,128
MLR ,2020-01-21 19:47:48,128
MLR ,2020-01-21 20:47:17,128
MLR ,2020-01-21 21:47:57,129
MLR ,2020-01-21 22:47:39,129
MLR ,2020-01-21 23:47:14,129
MLR ,2020-01-22 00:47:11,129
MLR ,2020-01-22 01:47:21,129
MLR ,2020-01-22 02:47:45,129
MLR ,2020-01-22 03:47:11,129
MLR ,2020-01-22 04:47:19,129
MLR ,2020-01-22 05:47:11,129
MLR ,2020-01-22 06:47:03,129
MLR ,2020-01-22 07:46:59,129
MLR ,2020-01-22 08:47:09,129
MLR ,2020-01-22 09:58:51,129
MLR ,2020-01-22 10:46:48,129
MLR ,2020-01-22 11:46:47,129
MLR ,2020-01-22 12:47:25,129
MLR ,2020-01-22 13:47:31,129
MLR ,2020-01-22 14:47:48,129
MLR ,2020-01-22 15:47:20,128
MLR ,2020-01-22 16:47:54,128
MLR ,2020-01-22 17:47:46,128
MLR ,2020-01-22 18:47:29,128
MLR ,2020-01-22 19:47:57,128
MLR ,2020-01-22 20:47:48,128
MLR ,2020-01-22 21:47:55,128
MLR ,2020-01-22 22:47:30,128
MLR ,2020-01-22 23:47:48,128
MLR ,2020-01-23 00:47:47,128
MLR ,2020-01-23 01:47:55,128
MLR ,2020-01-23 02:47:22,128
MLR ,2020-01-23 03:47:18,128
MLR ,2020-01-23 04:47:14,128
MLR ,2020-01-23 05:46:50,128
MLR ,2020-01-23 06:47:06,128
MLR ,2020-01-23 07:47:04,128
MLR ,2020-01-23 08:47:00,128
MLR ,2020-01-23 10:46:53,128
MLR ,2020-01-23 11:46:59,128
MLR ,2020-01-23 12:46:58,128
MLR ,2020-01-23 14:10:48,128
MLR ,2020-01-23 14:47:42,128
MLR ,2020-01-23 15:47:21,128
MLR ,2020-01-23 16:47:13,128
MLR ,2020-01-23 17:47:03,128
MLR ,2020-01-23 18:47:25,128
MLR ,2020-01-23 19:47:08,128
MLR ,2020-01-23 20:47:21,128
MLR ,2020-01-23 21:47:21,128
MLR ,2020-01-23 22:47:01,128
MLR ,2020-01-23 23:47:08,128
MLR ,2020-01-24 00:47:02,128
MLR ,2020-01-24 01:47:11,128
MLR ,2020-01-24 02:47:46,128
MLR ,2020-01-24 03:46:58,128
MLR ,2020-01-24 04:47:05,128
MLR ,2020-01-24 05:47:17,128
MLR ,2020-01-24 06:46:46,128
MLR ,2020-01-24 07:47:16,128
MLR ,2020-01-24 08:46:49,128
MLR ,2020-01-24 09:56:56,128
MLR ,2020-01-24 10:46:55,128
MLR ,2020-01-24 11:46:51,128
MLR ,2020-01-24 12:47:01,128
MLR ,2020-01-24 14:09:47,128
MLR ,2020-01-24 14:47:21,128
MLR ,2020-01-24 15:47:24,128
MLR ,2020-01-24 16:47:16,128
MLR ,2020-01-24 17:47:07,128
MLR ,2020-01-24 18:47:11,128
MLR ,2020-01-24 19:47:23,128
MLR ,2020-01-24 20:47:18,128
MLR ,2020-01-24 21:47:03,128
MLR ,2020-01-24 22:46:57,128
MLR ,2020-01-24 23:47:09,128
MLR ,2020-01-25 00:46:57,128
MLR ,2020-01-25 01:47:10,128
MLR ,2020-01-25 02:47:19,128
MLR ,2020-01-25 03:47:16,128
MLR ,2020-01-25 04:47:05,128
MLR ,2020-01-25 05:47:11,128
MLR ,2020-01-25 06:47:02,128
MLR ,2020-01-25 07:47:07,128
MLR ,2020-01-25 08:47:05,128
MLR ,2020-01-25 09:57:21,128
MLR ,2020-01-25 10:46:45,128
MLR ,2020-01-25 11:46:58,128
MLR ,2020-01-25 12:47:08,128
MLR ,2020-01-25 14:46:58,128
MLR ,2020-01-25 15:46:53,128
MLR ,2020-01-25 16:47:06,128
MLR ,2020-01-25 17:47:06,128
MLR ,2020-01-25 18:47:07,128
MLR ,2020-01-25 19:47:07,128
MLR ,2020-01-25 20:47:02,128
MLR ,2020-01-25 21:46:59,128
MLR ,2020-01-25 22:47:02,128
MLR ,2020-01-25 23:46:59,128
MLR ,2020-01-26 00:47:11,128
MLR ,2020-01-26 01:47:06,128
MLR ,2020-01-26 02:47:11,128
MLR ,2020-01-26 03:47:05,128
MLR ,2020-01-26 04:46:57,128
MLR ,2020-01-26 06:47:16,128
MLR ,2020-01-26 07:46:51,128
MLR ,2020-01-27 02:47:06,128
MLR ,2020-01-27 03:47:06,128
MLR ,2020-01-27 04:47:09,128
MLR ,2020-01-27 05:47:07,128
MLR ,2020-01-27 06:47:15,128
MLR ,2020-01-27 07:46:54,128
MLR ,2020-01-27 08:47:02,128
MLR ,2020-01-27 09:47:18,128
MLR ,2020-01-27 10:47:03,128
MLR ,2020-01-27 11:47:07,128
MLR ,2020-01-27 12:46:40,128
MLR ,2020-01-27 13:47:10,128
MLR ,2020-01-27 14:48:20,128
MLR ,2020-01-27 15:47:43,128
MLR ,2020-01-27 16:47:23,128
MLR ,2020-01-27 17:47:28,128
MLR ,2020-01-27 18:47:23,128
MLR ,2020-01-27 19:47:35,128
MLR ,2020-01-27 20:47:23,128
MLR ,2020-01-27 21:47:27,128
MLR ,2020-01-27 22:48:02,128
MLR ,2020-01-27 23:47:34,128
MLR ,2020-01-28 00:47:00,128
MLR ,2020-01-28 01:47:33,128
MLR ,2020-01-28 02:47:29,128
MLR ,2020-01-28 03:47:19,128
MLR ,2020-01-28 04:47:20,128
MLR ,2020-01-28 05:47:10,128
MLR ,2020-01-28 06:46:53,128
MLR ,2020-01-28 07:46:56,128
MLR ,2020-01-28 08:47:14,128
MLR ,2020-01-28 09:47:38,128
MLR ,2020-01-28 10:46:58,128
MLR ,2020-01-28 11:46:59,128
MLR ,2020-01-28 12:47:01,128
MLR ,2020-01-28 14:10:20,128
MLR ,2020-01-28 14:47:58,128
MLR ,2020-01-28 15:47:26,128
MLR ,2020-01-28 16:47:34,128
MLR ,2020-01-28 17:47:16,128
MLR ,2020-01-28 18:47:29,128
MLR ,2020-01-28 19:47:24,128
MLR ,2020-01-28 21:47:55,127
MLR ,2020-01-28 22:47:25,127
MLR ,2020-01-28 23:47:10,127
MLR ,2020-01-29 00:47:11,127
MLR ,2020-01-29 01:47:23,127
MLR ,2020-01-29 02:47:42,127
MLR ,2020-01-29 03:47:28,127
MLR ,2020-01-29 04:47:23,127
MLR ,2020-01-29 05:47:24,127
MLR ,2020-01-29 06:47:12,127
MLR ,2020-01-29 07:46:57,127
MLR ,2020-01-29 08:47:07,127
MLR ,2020-01-29 09:47:16,127
MLR ,2020-01-29 10:46:54,127
MLR ,2020-01-29 11:46:58,127
MLR ,2020-01-29 12:47:06,127
MLR ,2020-01-29 13:47:30,127
MLR ,2020-01-29 14:47:56,127
MLR ,2020-01-29 15:47:37,128
MLR ,2020-01-29 16:47:23,129
MLR ,2020-01-29 17:47:49,129
MLR ,2020-01-29 18:47:34,128
MLR ,2020-01-29 19:47:42,128
MLR ,2020-01-29 20:47:41,128
MLR ,2020-01-29 21:47:24,128
MLR ,2020-01-29 22:47:14,128
MLR ,2020-01-29 23:47:09,128
MLR ,2020-01-30 00:47:21,128
MLR ,2020-01-30 01:47:39,128
MLR ,2020-01-30 02:47:33,128
MLR ,2020-01-30 03:47:07,128
MLR ,2020-01-30 04:47:45,128
MLR ,2020-01-30 05:47:45,128
MLR ,2020-01-30 06:47:21,128
MLR ,2020-01-30 07:46:58,128
MLR ,2020-01-30 08:47:07,128
MLR ,2020-01-30 09:47:18,128
MLR ,2020-01-30 10:46:45,128
MLR ,2020-01-30 11:47:02,128
MLR ,2020-01-30 12:47:10,128
MLR ,2020-01-30 13:47:05,128
MLR ,2020-01-30 14:47:55,128
MLR ,2020-01-30 15:47:40,128
MLR ,2020-01-30 16:47:43,128
MLR ,2020-01-30 17:47:36,128
MLR ,2020-01-30 18:47:29,128
MLR ,2020-01-30 19:47:40,128
MLR ,2020-01-30 20:47:13,128
MLR ,2020-01-30 21:47:33,128
MLR ,2020-01-30 22:46:55,128
MLR ,2020-01-30 23:47:05,128
MLR ,2020-01-31 00:47:06,128
MLR ,2020-01-31 01:47:34,128
MLR ,2020-01-31 02:47:17,128
MLR ,2020-01-31 03:47:24,128
MLR ,2020-01-31 04:47:15,128
MLR ,2020-01-31 05:47:06,128
MLR ,2020-01-31 06:46:58,128
MLR ,2020-01-31 07:47:07,128
MLR ,2020-01-31 08:47:26,128
MLR ,2020-01-31 09:47:27,128
MLR ,2020-01-31 10:47:05,128
MLR ,2020-01-31 11:46:59,128
MLR ,2020-01-31 12:46:57,128
MLR ,2020-01-31 13:47:18,128
MLR ,2020-01-31 14:47:33,128
MLR ,2020-01-31 15:47:25,128
MLR ,2020-01-31 16:47:22,128
MLR ,2020-01-31 17:47:21,128
MLR ,2020-01-31 18:47:16,128
MLR ,2020-01-31 19:47:22,128
MLR ,2020-01-31 20:47:18,128
MLR ,2020-01-31 21:47:00,128
MLR ,2020-01-31 22:47:02,128
MLR ,2020-01-31 23:47:13,128
MLR ,2020-02-01 00:47:00,128
MLR ,2020-02-01 01:47:34,128
MLR ,2020-02-01 02:47:08,128
MLR ,2020-02-01 03:47:09,128
MLR ,2020-02-01 04:47:19,128
MLR ,2020-02-01 05:47:26,128
MLR ,2020-02-01 06:47:26,128
MLR ,2020-02-01 07:47:05,128
MLR ,2020-02-01 08:47:09,128
MLR ,2020-02-01 09:47:25,128
MLR ,2020-02-01 10:46:54,128
MLR ,2020-02-01 11:47:08,128
MLR ,2020-02-01 12:46:56,128
MLR ,2020-02-01 13:47:14,128
MLR ,2020-02-01 14:47:23,128
MLR ,2020-02-01 15:47:14,128
MLR ,2020-02-01 16:47:10,128
MLR ,2020-02-01 17:47:20,128
MLR ,2020-02-01 18:47:08,128
MLR ,2020-02-01 19:47:12,128
MLR ,2020-02-01 20:47:17,128
MLR ,2020-02-01 21:47:38,128
MLR ,2020-02-01 22:47:20,128
MLR ,2020-02-01 23:47:29,128
MLR ,2020-02-02 00:47:31,128
MLR ,2020-02-02 01:47:39,128
MLR ,2020-02-02 02:47:23,128
MLR ,2020-02-02 03:47:27,128
MLR ,2020-02-02 04:47:21,128
MLR ,2020-02-02 05:47:24,128
MLR ,2020-02-02 06:47:21,128
MLR ,2020-02-02 07:47:16,128
MLR ,2020-02-02 08:47:22,128
MLR ,2020-02-02 09:47:19,128
MLR ,2020-02-02 10:47:10,128
MLR ,2020-02-02 11:47:16,128
MLR ,2020-02-02 12:47:21,128
MLR ,2020-02-02 13:47:28,128
MLR ,2020-02-02 14:47:20,128
MLR ,2020-02-02 15:47:17,128
MLR ,2020-02-02 16:47:24,128
MLR ,2020-02-02 17:47:36,128
MLR ,2020-02-02 18:47:19,128
MLR ,2020-02-02 19:47:31,128
MLR ,2020-02-02 20:47:34,128
MLR ,2020-02-02 21:47:25,128
MLR ,2020-02-02 22:47:26,128
MLR ,2020-02-02 23:47:44,128
MLR ,2020-02-03 00:47:57,128
MLR ,2020-02-03 01:47:49,128
MLR ,2020-02-03 02:47:24,128
MLR ,2020-02-03 03:47:28,128
MLR ,2020-02-03 04:47:36,128
MLR ,2020-02-03 05:47:33,128
MLR ,2020-02-03 06:47:17,128
MLR ,2020-02-03 07:47:16,128
MLR ,2020-02-03 08:47:25,128
MLR ,2020-02-03 09:47:24,128
MLR ,2020-02-03 10:47:12,128
MLR ,2020-02-03 11:47:16,128
MLR ,2020-02-03 12:47:04,128
MLR ,2020-02-03 14:47:00,128
MLR ,2020-02-03 14:54:46,128
MLR ,2020-02-03 15:47:48,128
MLR ,2020-02-03 16:47:39,128
MLR ,2020-02-03 17:47:41,128
MLR ,2020-02-03 18:47:48,128
MLR ,2020-02-03 19:47:41,128
MLR ,2020-02-03 20:47:37,128
MLR ,2020-02-03 21:47:37,128
MLR ,2020-02-03 22:47:28,128
MLR ,2020-02-03 23:47:35,128
MLR ,2020-02-04 00:47:33,128
MLR ,2020-02-04 01:47:39,128
MLR ,2020-02-04 02:47:43,128
MLR ,2020-02-04 03:47:43,128
MLR ,2020-02-04 04:47:38,128
MLR ,2020-02-04 05:47:48,128
MLR ,2020-02-04 06:47:29,128
MLR ,2020-02-04 07:47:36,128
MLR ,2020-02-04 08:47:08,128
MLR ,2020-02-04 09:47:35,128
MLR ,2020-02-04 10:47:13,128
MLR ,2020-02-04 11:47:31,128
MLR ,2020-02-04 12:47:29,128
MLR ,2020-02-04 14:13:55,128
MLR ,2020-02-04 15:47:48,128
MLR ,2020-02-04 16:47:32,128
MLR ,2020-02-04 17:47:45,127
MLR ,2020-02-04 18:47:28,127
MLR ,2020-02-04 19:47:33,127
MLR ,2020-02-04 20:47:30,127
MLR ,2020-02-04 21:47:39,127
MLR ,2020-02-04 22:47:28,127
MLR ,2020-02-04 23:47:34,127
MLR ,2020-02-05 00:47:41,127
MLR ,2020-02-05 01:47:30,127
MLR ,2020-02-05 02:47:40,127
MLR ,2020-02-05 03:47:43,127
MLR ,2020-02-05 04:48:11,127
MLR ,2020-02-05 05:47:28,127
MLR ,2020-02-05 06:47:37,127
MLR ,2020-02-05 07:47:35,127
MLR ,2020-02-05 08:47:30,127
MLR ,2020-02-05 09:47:25,127
MLR ,2020-02-05 10:47:32,127
MLR ,2020-02-05 11:47:22,127
MLR ,2020-02-05 12:47:38,127
MLR ,2020-02-05 14:07:55,127
MLR ,2020-02-05 14:48:03,127
MLR ,2020-02-05 15:47:52,127
MLR ,2020-02-05 16:47:46,127
MLR ,2020-02-05 17:47:33,127
MLR ,2020-02-05 18:47:37,127
MLR ,2020-02-05 19:47:42,127
MLR ,2020-02-05 20:47:45,127
MLR ,2020-02-05 21:47:26,127
MLR ,2020-02-05 22:47:29,127
MLR ,2020-02-05 23:47:27,127
MLR ,2020-02-06 00:47:42,127
MLR ,2020-02-06 01:47:45,127
MLR ,2020-02-06 02:47:44,127
MLR ,2020-02-06 03:48:00,127
MLR ,2020-02-06 04:47:50,127
MLR ,2020-02-06 05:47:42,127
MLR ,2020-02-06 06:47:32,127
MLR ,2020-02-06 07:47:34,127
MLR ,2020-02-06 08:47:30,127
MLR ,2020-02-06 09:47:32,127
MLR ,2020-02-06 10:47:16,127
MLR ,2020-02-06 11:47:21,127
MLR ,2020-02-06 12:47:23,127
MLR ,2020-02-06 13:47:18,127
MLR ,2020-02-06 14:47:50,127
MLR ,2020-02-06 15:47:53,126
MLR ,2020-02-06 16:47:38,126
MLR ,2020-02-06 17:47:41,126
MLR ,2020-02-06 18:47:36,126
MLR ,2020-02-06 19:47:43,126
MLR ,2020-02-06 20:47:44,127
MLR ,2020-02-06 21:47:33,127
MLR ,2020-02-06 22:47:40,127
MLR ,2020-02-06 23:47:27,127
MLR ,2020-02-07 00:47:36,127
MLR ,2020-02-07 01:47:45,127
MLR ,2020-02-07 02:47:32,127
MLR ,2020-02-07 03:47:38,127
MLR ,2020-02-07 04:47:38,127
MLR ,2020-02-07 05:47:49,127
MLR ,2020-02-07 06:47:56,127
MLR ,2020-02-07 07:47:42,127
MLR ,2020-02-07 08:47:34,127
MLR ,2020-02-07 09:47:39,127
MLR ,2020-02-07 10:47:22,127
MLR ,2020-02-07 11:47:26,127
MLR ,2020-02-07 12:47:24,127
MLR ,2020-02-07 14:09:24,127
MLR ,2020-02-07 14:47:57,127
MLR ,2020-02-07 15:47:44,127
MLR ,2020-02-07 16:47:48,127
MLR ,2020-02-07 17:47:52,127
MLR ,2020-02-07 18:47:35,127
MLR ,2020-02-07 19:47:44,127
MLR ,2020-02-07 20:47:47,128
MLR ,2020-02-07 21:47:31,128
MLR ,2020-02-07 22:47:41,128
MLR ,2020-02-07 23:47:19,128
MLR ,2020-02-08 00:47:29,128
MLR ,2020-02-08 01:47:27,128
MLR ,2020-02-08 02:47:35,128
MLR ,2020-02-08 03:47:35,128
MLR ,2020-02-08 04:47:40,128
MLR ,2020-02-08 05:47:30,128
MLR ,2020-02-08 06:47:25,128
MLR ,2020-02-08 07:47:34,128
MLR ,2020-02-08 08:47:19,128
MLR ,2020-02-08 09:47:22,128
MLR ,2020-02-08 10:47:13,128
MLR ,2020-02-08 11:47:17,128
MLR ,2020-02-08 12:47:18,128
MLR ,2020-02-08 13:47:17,128
MLR ,2020-02-08 14:47:44,128
MLR ,2020-02-08 15:47:31,128
MLR ,2020-02-08 16:47:34,128
MLR ,2020-02-08 17:47:31,128
MLR ,2020-02-08 18:50:16,128
MLR ,2020-02-08 19:47:24,128
MLR ,2020-02-08 20:47:37,128
MLR ,2020-02-08 21:47:31,128
MLR ,2020-02-08 22:47:37,128
MLR ,2020-02-08 23:47:25,128
MLR ,2020-02-09 00:47:25,128
MLR ,2020-02-09 01:47:32,128
MLR ,2020-02-09 02:47:33,128
MLR ,2020-02-09 03:47:31,128
MLR ,2020-02-09 04:47:22,128
MLR ,2020-02-09 05:47:29,128
MLR ,2020-02-09 06:47:24,128
MLR ,2020-02-09 07:47:25,128
MLR ,2020-02-09 08:47:24,128
MLR ,2020-02-09 09:47:27,128
MLR ,2020-02-09 10:47:33,128
MLR ,2020-02-09 11:47:36,128
MLR ,2020-02-09 12:47:22,128
MLR ,2020-02-09 13:47:21,128
MLR ,2020-02-09 14:47:28,128
MLR ,2020-02-09 15:47:36,128
MLR ,2020-02-09 16:47:28,128
MLR ,2020-02-09 17:47:35,128
MLR ,2020-02-09 18:47:35,128
MLR ,2020-02-09 19:47:30,128
MLR ,2020-02-09 20:47:33,128
MLR ,2020-02-09 21:47:47,128
MLR ,2020-02-09 22:47:27,128
MLR ,2020-02-09 23:48:08,128
MLR ,2020-02-10 00:47:40,128
MLR ,2020-02-10 01:47:32,128
MLR ,2020-02-10 02:47:29,128
MLR ,2020-02-10 03:47:32,128
MLR ,2020-02-10 04:47:30,128
MLR ,2020-02-10 05:47:42,128
MLR ,2020-02-10 06:47:34,128
MLR ,2020-02-10 07:47:30,128
MLR ,2020-02-10 08:47:30,128
MLR ,2020-02-10 09:47:40,128
MLR ,2020-02-10 10:47:23,128
MLR ,2020-02-10 11:47:24,128
MLR ,2020-02-10 12:47:16,128
MLR ,2020-02-10 13:47:24,128
MLR ,2020-02-10 14:47:52,128
MLR ,2020-02-10 15:47:52,128
MLR ,2020-02-10 16:47:44,128
MLR ,2020-02-10 17:47:32,128
MLR ,2020-02-10 18:47:41,128
MLR ,2020-02-10 19:47:40,128
MLR ,2020-02-10 20:47:51,128
MLR ,2020-02-10 21:47:39,128
MLR ,2020-02-10 22:47:38,128
MLR ,2020-02-10 23:47:29,128
MLR ,2020-02-11 00:47:38,128
MLR ,2020-02-11 01:47:57,128
MLR ,2020-02-11 02:47:37,128
MLR ,2020-02-11 03:47:35,128
MLR ,2020-02-11 04:47:37,128
MLR ,2020-02-11 05:47:36,128
MLR ,2020-02-11 06:47:30,128
MLR ,2020-02-11 07:47:32,128
MLR ,2020-02-11 08:47:30,128
MLR ,2020-02-11 09:47:33,128
MLR ,2020-02-11 10:47:13,128
MLR ,2020-02-11 11:47:19,128
MLR ,2020-02-11 12:47:13,128
MLR ,2020-02-11 14:09:52,128
MLR ,2020-02-11 14:48:01,128
MLR ,2020-02-11 15:47:51,128
MLR ,2020-02-11 16:47:50,129
MLR ,2020-02-11 17:47:40,129
MLR ,2020-02-11 18:47:42,129
MLR ,2020-02-11 19:47:41,129
MLR ,2020-02-11 20:47:44,129
MLR ,2020-02-11 21:50:56,129
MLR ,2020-02-11 22:47:59,129
MLR ,2020-02-11 23:47:26,129
MLR ,2020-02-12 00:48:00,129
MLR ,2020-02-12 01:47:38,129
MLR ,2020-02-12 02:48:09,129
MLR ,2020-02-12 03:47:32,129
MLR ,2020-02-12 04:47:42,129
MLR ,2020-02-12 05:47:31,129
MLR ,2020-02-12 06:47:35,129
MLR ,2020-02-12 07:47:20,129
MLR ,2020-02-12 08:47:26,129
MLR ,2020-02-12 09:47:40,129
MLR ,2020-02-12 10:47:21,129
MLR ,2020-02-12 11:47:23,129
MLR ,2020-02-12 12:47:22,129
MLR ,2020-02-12 14:09:53,129
MLR ,2020-02-12 14:47:58,129
MLR ,2020-02-12 15:47:48,129
MLR ,2020-02-12 16:47:40,129
MLR ,2020-02-12 17:47:45,129
MLR ,2020-02-12 18:47:43,129
MLR ,2020-02-12 19:47:37,129
MLR ,2020-02-12 20:47:50,129
MLR ,2020-02-12 21:47:39,127
MLR ,2020-02-12 22:47:13,127
MLR ,2020-02-12 23:47:01,127
MLR ,2020-02-13 00:47:29,127
MLR ,2020-02-13 01:47:17,127
MLR ,2020-02-13 02:47:57,127
MLR ,2020-02-13 03:47:47,127
MLR ,2020-02-13 04:47:37,127
MLR ,2020-02-13 05:47:32,127
MLR ,2020-02-13 06:47:31,127
MLR ,2020-02-13 07:47:12,127
MLR ,2020-02-13 08:47:28,127
MLR ,2020-02-13 09:47:14,127
MLR ,2020-02-13 10:47:05,127
MLR ,2020-02-13 11:47:33,127
MLR ,2020-02-13 12:47:11,127
MLR ,2020-02-13 14:09:50,127
MLR ,2020-02-13 14:47:30,127
MLR ,2020-02-13 15:47:37,127
MLR ,2020-02-13 16:47:33,127
MLR ,2020-02-13 17:47:54,127
MLR ,2020-02-13 18:47:49,127
MLR ,2020-02-13 19:47:39,126
MLR ,2020-02-13 20:47:30,126
MLR ,2020-02-13 21:47:35,126
MLR ,2020-02-13 22:47:12,126
MLR ,2020-02-13 23:47:10,126
MLR ,2020-02-14 00:47:09,126
MLR ,2020-02-14 01:47:36,126
MLR ,2020-02-14 02:47:34,126
MLR ,2020-02-14 03:47:15,126
MLR ,2020-02-14 04:47:28,126
MLR ,2020-02-14 05:47:25,126
MLR ,2020-02-14 06:46:58,126
MLR ,2020-02-14 07:46:54,126
MLR ,2020-02-14 08:47:16,126
MLR ,2020-02-14 09:47:08,126
MLR ,2020-02-14 10:47:11,126
MLR ,2020-02-14 11:47:03,126
MLR ,2020-02-14 12:47:14,126
MLR ,2020-02-14 13:47:21,126
MLR ,2020-02-14 14:47:42,126
MLR ,2020-02-14 15:47:53,126
MLR ,2020-02-14 16:47:23,126
MLR ,2020-02-14 17:47:25,126
MLR ,2020-02-14 18:47:18,126
MLR ,2020-02-14 19:47:24,125
MLR ,2020-02-14 20:47:43,125
MLR ,2020-02-14 21:47:13,125
MLR ,2020-02-14 22:47:11,125
MLR ,2020-02-14 23:47:33,125
MLR ,2020-02-15 00:47:14,125
MLR ,2020-02-15 01:47:23,125
MLR ,2020-02-15 02:47:30,125
MLR ,2020-02-15 03:47:26,125
MLR ,2020-02-15 04:47:21,125
MLR ,2020-02-15 05:46:35,125
MLR ,2020-02-15 06:46:49,125
MLR ,2020-02-15 07:46:37,125
MLR ,2020-02-15 08:46:36,125
MLR ,2020-02-15 09:46:40,125
MLR ,2020-02-15 10:46:30,125
MLR ,2020-02-15 11:46:35,125
MLR ,2020-02-15 12:46:46,125
MLR ,2020-02-15 13:46:35,125
MLR ,2020-02-15 14:46:40,125
MLR ,2020-02-15 15:46:39,125
MLR ,2020-02-15 16:46:35,125
MLR ,2020-02-15 17:46:34,125
MLR ,2020-02-15 18:46:57,125
MLR ,2020-02-15 19:46:34,125
MLR ,2020-02-15 20:46:37,125
MLR ,2020-02-15 21:46:34,125
MLR ,2020-02-15 22:46:36,125
MLR ,2020-02-15 23:46:35,125
MLR ,2020-02-16 00:46:34,125
MLR ,2020-02-16 01:46:36,125
MLR ,2020-02-16 02:46:34,125
MLR ,2020-02-16 03:46:35,125
MLR ,2020-02-16 04:46:39,125
MLR ,2020-02-16 05:46:38,125
MLR ,2020-02-16 06:46:34,125
MLR ,2020-02-16 07:46:33,125
MLR ,2020-02-16 08:46:34,125
MLR ,2020-02-16 09:46:39,125
MLR ,2020-02-16 10:46:33,125
MLR ,2020-02-16 11:46:34,125
MLR ,2020-02-16 12:46:38,125
MLR ,2020-02-16 13:46:33,125
MLR ,2020-02-16 14:46:36,125
MLR ,2020-02-16 15:46:56,125
MLR ,2020-02-16 16:46:48,125
MLR ,2020-02-16 17:46:36,125
MLR ,2020-02-16 18:46:39,125
MLR ,2020-02-16 19:46:35,125
MLR ,2020-02-16 20:46:36,125
MLR ,2020-02-16 21:46:36,125
MLR ,2020-02-16 22:46:37,125
MLR ,2020-02-16 23:46:38,125
MLR ,2020-02-17 00:46:35,125
MLR ,2020-02-17 01:46:33,125
MLR ,2020-02-17 02:46:40,125
MLR ,2020-02-17 03:46:37,125
MLR ,2020-02-17 04:46:36,125
MLR ,2020-02-17 05:46:36,125
MLR ,2020-02-17 06:46:39,125
MLR ,2020-02-17 07:46:33,125
MLR ,2020-02-17 08:46:38,125
MLR ,2020-02-17 09:46:39,125
MLR ,2020-02-17 10:46:35,125
MLR ,2020-02-17 11:46:31,125
MLR ,2020-02-17 12:46:49,125
MLR ,2020-02-17 13:46:31,125
MLR ,2020-02-17 14:46:29,125
MLR ,2020-02-17 15:46:34,125
MLR ,2020-02-17 16:46:49,125
MLR ,2020-02-17 17:46:33,125
MLR ,2020-02-17 18:46:35,125
MLR ,2020-02-17 19:46:32,125
MLR ,2020-02-17 20:46:33,125
MLR ,2020-02-17 22:46:48,125
MLR ,2020-02-17 23:46:55,125
MLR ,2020-02-18 00:46:32,125
MLR ,2020-02-18 01:46:35,125
MLR ,2020-02-18 02:46:39,125
MLR ,2020-02-18 03:46:39,125
MLR ,2020-02-18 04:46:36,125
MLR ,2020-02-18 05:47:18,125
MLR ,2020-02-18 06:46:59,125
MLR ,2020-02-18 07:47:08,125
MLR ,2020-02-18 08:47:16,125
MLR ,2020-02-18 09:47:18,125
MLR ,2020-02-18 10:47:02,125
MLR ,2020-02-18 11:47:04,125
MLR ,2020-02-18 12:47:32,125
MLR ,2020-02-18 14:10:20,125
MLR ,2020-02-18 14:47:43,125
MLR ,2020-02-18 15:47:38,125
MLR ,2020-02-18 16:47:31,125
MLR ,2020-02-18 18:47:27,125
MLR ,2020-02-18 19:47:24,125
MLR ,2020-02-18 20:47:22,125
MLR ,2020-02-18 21:47:13,125
MLR ,2020-02-18 22:47:06,125
MLR ,2020-02-18 23:47:19,125
MLR ,2020-02-19 01:47:14,125
MLR ,2020-02-19 02:47:20,125
MLR ,2020-02-19 03:47:29,125
MLR ,2020-02-19 04:47:21,125
MLR ,2020-02-19 05:46:59,125
MLR ,2020-02-19 06:47:36,125
MLR ,2020-02-19 07:47:18,125
MLR ,2020-02-19 08:47:09,125
MLR ,2020-02-19 09:47:21,125
MLR ,2020-02-19 10:46:54,125
MLR ,2020-02-19 11:46:57,125
MLR ,2020-02-19 12:47:11,125
MLR ,2020-02-19 14:11:51,125
MLR ,2020-02-19 14:47:42,125
MLR ,2020-02-19 15:47:37,125
MLR ,2020-02-19 16:47:16,125
MLR ,2020-02-19 17:47:28,125
MLR ,2020-02-19 18:47:23,125
MLR ,2020-02-19 19:47:17,125
MLR ,2020-02-19 20:47:17,125
MLR ,2020-02-19 21:47:45,125
MLR ,2020-02-19 22:47:22,125
MLR ,2020-02-19 23:47:16,125
MLR ,2020-02-20 00:47:24,125
MLR ,2020-02-20 01:47:25,125
MLR ,2020-02-20 02:47:32,125
MLR ,2020-02-20 03:47:22,125
MLR ,2020-02-20 04:47:29,125
MLR ,2020-02-20 05:47:26,125
MLR ,2020-02-20 06:47:45,125
MLR ,2020-02-20 07:47:35,125
MLR ,2020-02-20 08:47:35,125
MLR ,2020-02-20 09:47:20,125
MLR ,2020-02-20 10:47:19,125
MLR ,2020-02-20 11:47:29,125
MLR ,2020-02-20 12:47:28,125
MLR ,2020-02-20 13:47:39,125
MLR ,2020-02-20 14:46:57,125
MLR ,2020-02-20 15:47:10,125
MLR ,2020-02-20 16:46:57,125
MLR ,2020-02-20 17:47:22,124
MLR ,2020-02-20 18:47:41,124
MLR ,2020-02-20 19:48:07,124
MLR ,2020-02-20 20:47:52,123
MLR ,2020-02-20 21:47:48,123
MLR ,2020-02-20 22:47:55,123
MLR ,2020-02-20 23:47:37,123
MLR ,2020-02-21 01:47:49,123
MLR ,2020-02-21 02:47:59,123
MLR ,2020-02-21 03:48:26,123
MLR ,2020-02-21 04:48:28,123
MLR ,2020-02-21 05:47:56,123
MLR ,2020-02-21 06:47:54,123
MLR ,2020-02-21 07:48:08,123
MLR ,2020-02-21 08:47:46,123
MLR ,2020-02-21 09:48:27,123
MLR ,2020-02-21 10:49:06,123
MLR ,2020-02-21 11:48:23,123
MLR ,2020-02-21 12:48:19,123
MLR ,2020-02-21 13:48:31,123
MLR ,2020-02-21 14:48:25,123
MLR ,2020-02-21 15:48:47,123
MLR ,2020-02-21 16:49:15,123
MLR ,2020-02-21 17:49:07,123
MLR ,2020-02-21 18:48:31,123
MLR ,2020-02-21 19:48:00,123
MLR ,2020-02-21 20:47:56,123
MLR ,2020-02-21 21:48:31,123
MLR ,2020-02-21 22:48:06,123
MLR ,2020-02-21 23:50:19,123
MLR ,2020-02-22 00:48:47,123
MLR ,2020-02-22 01:48:12,123
MLR ,2020-02-22 02:48:08,123
MLR ,2020-02-22 03:48:48,123
MLR ,2020-02-22 04:48:20,123
MLR ,2020-02-22 05:47:41,123
MLR ,2020-02-22 06:47:04,123
MLR ,2020-02-22 07:47:34,123
MLR ,2020-02-22 08:48:11,123
MLR ,2020-02-22 09:47:04,122
MLR ,2020-02-22 10:47:24,122
MLR ,2020-02-22 11:47:03,122
MLR ,2020-02-22 12:47:46,122
MLR ,2020-02-22 13:49:35,122
MLR ,2020-02-22 14:47:03,122
MLR ,2020-02-22 15:47:18,122
MLR ,2020-02-22 16:48:47,122
MLR ,2020-02-22 17:47:57,122
MLR ,2020-02-22 18:47:11,122
MLR ,2020-02-22 19:47:07,122
MLR ,2020-02-22 20:47:46,122
MLR ,2020-02-22 21:49:03,122
MLR ,2020-02-22 22:48:07,122
MLR ,2020-02-22 23:47:05,122
MLR ,2020-02-23 00:47:14,122
MLR ,2020-02-23 01:47:22,122
MLR ,2020-02-23 02:47:37,122
MLR ,2020-02-23 03:47:14,122
MLR ,2020-02-23 04:47:46,122
MLR ,2020-02-23 05:47:46,122
MLR ,2020-02-23 06:47:15,122
MLR ,2020-02-23 07:47:21,122
MLR ,2020-02-23 08:48:10,122
MLR ,2020-02-23 09:47:13,122
MLR ,2020-02-23 10:47:16,122
MLR ,2020-02-23 11:47:20,122
MLR ,2020-02-23 12:47:18,122
MLR ,2020-02-23 13:47:16,122
MLR ,2020-02-23 14:47:51,122
MLR ,2020-02-23 15:47:15,122
MLR ,2020-02-23 16:47:21,122
MLR ,2020-02-23 17:47:05,122
MLR ,2020-02-23 18:47:18,122
MLR ,2020-02-23 19:47:17,122
MLR ,2020-02-23 20:47:14,122
MLR ,2020-02-23 21:47:50,122
MLR ,2020-02-23 22:46:58,122
MLR ,2020-02-23 23:47:20,122
MLR ,2020-02-24 00:48:01,122
MLR ,2020-02-24 01:47:09,122
MLR ,2020-02-24 02:47:58,122
MLR ,2020-02-24 03:47:15,122
MLR ,2020-02-24 04:47:27,122
MLR ,2020-02-24 05:48:39,122
MLR ,2020-02-24 06:47:57,122
MLR ,2020-02-24 07:47:46,122
MLR ,2020-02-24 08:47:58,122
MLR ,2020-02-24 09:58:15,122
MLR ,2020-02-24 10:47:37,122
MLR ,2020-02-24 11:48:29,122
MLR ,2020-02-24 12:47:43,122
MLR ,2020-02-24 13:48:20,122
MLR ,2020-02-24 14:49:12,123
MLR ,2020-02-24 15:47:57,123
MLR ,2020-02-24 16:48:45,123
MLR ,2020-02-24 17:48:05,123
MLR ,2020-02-24 18:48:15,123
MLR ,2020-02-24 19:48:42,123
MLR ,2020-02-24 20:48:50,123
MLR ,2020-02-24 21:48:36,123
MLR ,2020-02-24 22:48:35,123
MLR ,2020-02-24 23:47:46,123
MLR ,2020-02-25 00:47:54,123
MLR ,2020-02-25 01:47:48,123
MLR ,2020-02-25 02:48:21,123
MLR ,2020-02-25 03:48:07,123
MLR ,2020-02-25 04:48:10,123
MLR ,2020-02-25 05:49:05,123
MLR ,2020-02-25 06:48:10,123
MLR ,2020-02-25 07:48:13,123
MLR ,2020-02-25 08:48:22,123
MLR ,2020-02-25 09:58:59,123
MLR ,2020-02-25 10:48:19,123
MLR ,2020-02-25 11:47:55,123
MLR ,2020-02-25 12:48:12,123
MLR ,2020-02-25 14:11:16,123
MLR ,2020-02-25 14:48:13,123
MLR ,2020-02-25 15:48:12,124
MLR ,2020-02-25 16:48:12,124
MLR ,2020-02-25 17:48:04,124
MLR ,2020-02-25 18:48:39,123
MLR ,2020-02-25 19:47:59,123
MLR ,2020-02-25 20:48:49,123
MLR ,2020-02-25 21:48:43,123
MLR ,2020-02-25 22:48:02,123
MLR ,2020-02-25 23:48:03,123
MLR ,2020-02-26 00:47:55,123
MLR ,2020-02-26 01:48:06,123
MLR ,2020-02-26 02:48:15,123
MLR ,2020-02-26 03:48:01,123
MLR ,2020-02-26 04:49:00,123
MLR ,2020-02-26 05:48:41,123
MLR ,2020-02-26 06:48:31,123
MLR ,2020-02-26 07:49:11,123
MLR ,2020-02-26 08:48:25,123
MLR ,2020-02-26 09:48:14,123
MLR ,2020-02-26 10:48:01,123
MLR ,2020-02-26 11:48:23,123
MLR ,2020-02-26 12:47:56,123
MLR ,2020-02-26 13:48:40,123
MLR ,2020-02-26 14:49:15,123
MLR ,2020-02-26 15:48:50,123
MLR ,2020-02-26 16:48:13,123
MLR ,2020-02-26 17:48:11,123
MLR ,2020-02-26 18:48:17,123
MLR ,2020-02-26 19:48:42,123
MLR ,2020-02-26 20:48:40,123
MLR ,2020-02-26 21:48:36,124
MLR ,2020-02-26 22:48:32,124
MLR ,2020-02-26 23:48:31,124
MLR ,2020-02-27 00:47:57,124
MLR ,2020-02-27 01:48:13,124
MLR ,2020-02-27 02:47:45,124
MLR ,2020-02-27 03:48:57,124
MLR ,2020-02-27 04:48:00,124
MLR ,2020-02-27 05:48:04,124
MLR ,2020-02-27 06:48:00,124
MLR ,2020-02-27 07:47:46,124
MLR ,2020-02-27 08:48:20,124
MLR ,2020-02-27 09:48:03,124
MLR ,2020-02-27 10:48:39,124
MLR ,2020-02-27 11:48:14,124
MLR ,2020-02-27 12:48:36,124
MLR ,2020-02-27 14:09:49,124
MLR ,2020-02-27 14:49:24,124
MLR ,2020-02-27 15:48:45,123
MLR ,2020-02-27 16:48:48,123
MLR ,2020-02-27 17:48:23,123
MLR ,2020-02-27 18:48:41,123
MLR ,2020-02-27 19:47:57,123
MLR ,2020-02-27 20:48:22,123
MLR ,2020-02-27 21:48:09,122
MLR ,2020-02-27 22:48:35,122
MLR ,2020-02-27 23:48:06,122
MLR ,2020-02-28 00:48:55,122
MLR ,2020-02-28 01:47:57,122
MLR ,2020-02-28 02:47:58,122
MLR ,2020-02-28 03:48:48,122
MLR ,2020-02-28 04:49:03,122
MLR ,2020-02-28 05:48:45,122
MLR ,2020-02-28 06:48:23,122
MLR ,2020-02-28 07:48:42,122
MLR ,2020-02-28 08:48:54,122
MLR ,2020-02-28 09:48:46,122
MLR ,2020-02-28 10:47:59,122
MLR ,2020-02-28 11:48:13,122
MLR ,2020-02-28 12:48:34,122
MLR ,2020-02-28 14:10:23,122
MLR ,2020-02-28 14:48:19,122
MLR ,2020-02-28 15:48:12,122
MLR ,2020-02-28 16:48:17,122
MLR ,2020-02-28 17:48:15,122
MLR ,2020-02-28 18:48:13,122
MLR ,2020-02-28 19:48:55,122
MLR ,2020-02-28 20:48:07,122
MLR ,2020-02-28 21:48:02,122
MLR ,2020-02-28 22:48:32,122
MLR ,2020-02-28 23:48:05,122
MLR ,2020-02-29 00:48:13,122
MLR ,2020-02-29 01:48:04,122
MLR ,2020-02-29 02:48:06,122
MLR ,2020-02-29 03:47:57,122
MLR ,2020-02-29 04:48:23,122
MLR ,2020-02-29 05:48:06,122
MLR ,2020-02-29 06:47:49,122
MLR ,2020-02-29 07:49:06,122
MLR ,2020-02-29 08:49:43,122
MLR ,2020-02-29 09:49:03,122
MLR ,2020-02-29 10:47:13,122
MLR ,2020-02-29 11:47:08,122
MLR ,2020-02-29 12:49:08,122
MLR ,2020-02-29 13:49:05,122
MLR ,2020-02-29 14:47:20,122
MLR ,2020-02-29 15:47:21,122
MLR ,2020-02-29 16:48:01,122
MLR ,2020-02-29 17:47:49,122
MLR ,2020-02-29 18:47:20,122
MLR ,2020-02-29 19:47:17,122
MLR ,2020-02-29 20:47:09,122
MLR ,2020-02-29 21:47:37,122
MLR ,2020-02-29 22:49:45,122
MLR ,2020-02-29 23:48:59,122
MLR ,2020-03-01 00:49:00,122
MLR ,2020-03-01 01:49:04,122
MLR ,2020-03-01 02:47:21,122
MLR ,2020-03-01 03:49:02,122
MLR ,2020-03-01 04:47:14,122
MLR ,2020-03-01 05:47:51,122
MLR ,2020-03-01 06:47:16,122
MLR ,2020-03-01 07:47:43,122
MLR ,2020-03-01 08:47:10,122
MLR ,2020-03-01 09:49:02,122
MLR ,2020-03-01 10:48:55,122
MLR ,2020-03-01 11:47:39,122
MLR ,2020-03-01 12:47:50,122
MLR ,2020-03-01 13:47:11,122
MLR ,2020-03-01 14:47:07,122
MLR ,2020-03-01 15:49:08,122
MLR ,2020-03-01 16:47:57,122
MLR ,2020-03-01 17:48:57,122
MLR ,2020-03-01 18:49:08,122
MLR ,2020-03-01 19:49:12,122
MLR ,2020-03-01 20:49:08,122
MLR ,2020-03-01 21:47:15,122
MLR ,2020-03-01 22:47:17,122
MLR ,2020-03-01 23:49:06,122
MLR ,2020-03-02 00:47:02,122
MLR ,2020-03-02 01:47:55,122
MLR ,2020-03-02 02:49:00,122
MLR ,2020-03-02 03:49:44,122
MLR ,2020-03-02 04:47:57,122
MLR ,2020-03-02 05:49:57,122
MLR ,2020-03-02 07:48:07,122
MLR ,2020-03-02 08:49:58,122
MLR ,2020-03-02 09:49:38,122
MLR ,2020-03-02 10:48:24,122
MLR ,2020-03-02 11:48:00,122
MLR ,2020-03-02 12:48:39,122
MLR ,2020-03-02 13:49:57,122
MLR ,2020-03-02 18:48:47,122
MLR ,2020-03-03 00:48:34,123
MLR ,2020-03-03 01:48:56,123
MLR ,2020-03-03 02:48:39,123
MLR ,2020-03-03 03:49:19,123
MLR ,2020-03-03 04:50:00,123
MLR ,2020-03-03 06:50:31,123
MLR ,2020-03-03 07:48:34,123
MLR ,2020-03-03 08:50:32,123
MLR ,2020-03-03 09:50:49,123
MLR ,2020-03-03 10:48:36,123
MLR ,2020-03-03 11:51:15,123
MLR ,2020-03-03 12:48:34,123
MLR ,2020-03-03 13:50:52,123
MLR ,2020-03-03 14:50:12,124
MLR ,2020-03-03 16:51:31,125
MLR ,2020-03-03 17:50:54,125
MLR ,2020-03-03 18:48:07,125
MLR ,2020-03-03 19:48:04,125
MLR ,2020-03-03 20:48:55,125
MLR ,2020-03-03 21:48:42,125
MLR ,2020-03-03 22:51:40,125
MLR ,2020-03-03 23:49:51,125
MLR ,2020-03-04 00:50:27,125
MLR ,2020-03-04 01:50:01,125
MLR ,2020-03-04 02:48:13,125
MLR ,2020-03-04 03:48:38,125
MLR ,2020-03-04 04:50:30,125
MLR ,2020-03-04 05:48:18,125
MLR ,2020-03-04 06:50:30,125
MLR ,2020-03-04 07:48:35,125
MLR ,2020-03-04 08:50:00,125
MLR ,2020-03-04 09:48:35,125
MLR ,2020-03-04 10:47:51,125
MLR ,2020-03-04 11:50:33,125
MLR ,2020-03-04 12:50:17,125
MLR ,2020-03-04 13:50:08,125
MLR ,2020-03-04 14:48:11,125
MLR ,2020-03-04 15:50:42,125
MLR ,2020-03-04 16:48:12,124
MLR ,2020-03-04 17:48:38,124
MLR ,2020-03-04 18:49:57,124
MLR ,2020-03-04 19:55:24,124
MLR ,2020-03-04 20:50:09,124
MLR ,2020-03-04 21:47:56,124
MLR ,2020-03-04 22:49:59,124
MLR ,2020-03-04 23:48:19,124
MLR ,2020-03-05 00:48:28,124
MLR ,2020-03-05 01:48:41,124
MLR ,2020-03-05 02:48:14,124
MLR ,2020-03-05 03:48:22,124
MLR ,2020-03-05 04:48:38,124
MLR ,2020-03-05 05:48:43,124
MLR ,2020-03-05 06:48:27,124
MLR ,2020-03-05 07:48:05,124
MLR ,2020-03-05 08:49:41,124
MLR ,2020-03-05 09:48:45,124
MLR ,2020-03-05 10:48:03,124
MLR ,2020-03-05 11:50:10,124
MLR ,2020-03-05 12:48:31,124
MLR ,2020-03-05 13:48:35,124
MLR ,2020-03-05 14:50:10,124
MLR ,2020-03-05 15:48:43,126
MLR ,2020-03-05 16:50:03,126
MLR ,2020-03-05 17:48:12,126
MLR ,2020-03-05 18:48:20,126
MLR ,2020-03-05 19:48:09,126
MLR ,2020-03-05 20:48:11,126
MLR ,2020-03-05 21:48:03,126
MLR ,2020-03-05 22:49:56,126
MLR ,2020-03-05 23:49:59,126
MLR ,2020-03-06 00:48:00,126
MLR ,2020-03-06 01:48:13,126
MLR ,2020-03-06 02:50:32,126
MLR ,2020-03-06 03:50:05,126
MLR ,2020-03-06 04:50:05,126
MLR ,2020-03-06 05:50:09,126
MLR ,2020-03-06 06:50:37,126
MLR ,2020-03-06 07:49:50,126
MLR ,2020-03-06 08:48:28,126
MLR ,2020-03-06 09:50:12,126
MLR ,2020-03-06 10:48:01,126
MLR ,2020-03-06 11:50:30,126
MLR ,2020-03-06 12:48:09,126
MLR ,2020-03-06 13:47:49,126
MLR ,2020-03-06 14:51:02,126
MLR ,2020-03-06 15:48:54,126
MLR ,2020-03-06 16:48:50,126
MLR ,2020-03-06 17:48:25,127
MLR ,2020-03-06 18:48:03,127
MLR ,2020-03-06 19:48:37,127
MLR ,2020-03-06 20:48:16,127
MLR ,2020-03-06 21:48:02,127
MLR ,2020-03-06 22:48:09,127
MLR ,2020-03-06 23:48:46,127
MLR ,2020-03-07 00:47:54,127
MLR ,2020-03-07 01:48:36,127
MLR ,2020-03-07 02:48:06,127
MLR ,2020-03-07 03:50:31,127
MLR ,2020-03-07 04:50:45,127
MLR ,2020-03-07 05:50:12,127
MLR ,2020-03-07 06:50:00,127
MLR ,2020-03-07 07:48:45,127
MLR ,2020-03-07 08:49:51,127
MLR ,2020-03-07 09:48:24,127
MLR ,2020-03-07 10:48:45,127
MLR ,2020-03-07 11:49:56,127
MLR ,2020-03-07 12:48:38,127
MLR ,2020-03-07 13:47:56,127
MLR ,2020-03-07 14:48:16,127
MLR ,2020-03-07 15:48:02,127
MLR ,2020-03-07 16:48:10,127
MLR ,2020-03-07 17:48:41,127
MLR ,2020-03-07 18:48:19,127
MLR ,2020-03-07 19:48:17,127
MLR ,2020-03-07 20:50:07,127
MLR ,2020-03-07 21:50:45,127
MLR ,2020-03-07 22:50:03,127
MLR ,2020-03-07 23:50:07,127
MLR ,2020-03-08 00:48:16,127
MLR ,2020-03-08 01:48:44,127
MLR ,2020-03-08 02:48:49,127
MLR ,2020-03-08 03:50:10,127
MLR ,2020-03-08 04:50:02,127
MLR ,2020-03-08 05:50:03,127
MLR ,2020-03-08 06:49:14,127
MLR ,2020-03-08 07:49:57,127
MLR ,2020-03-08 08:50:05,127
MLR ,2020-03-08 09:48:44,127
MLR ,2020-03-08 10:50:05,127
MLR ,2020-03-08 11:48:36,127
MLR ,2020-03-08 12:50:34,127
MLR ,2020-03-08 13:50:43,127
MLR ,2020-03-08 14:48:12,127
MLR ,2020-03-08 15:50:09,127
MLR ,2020-03-08 16:48:02,127
MLR ,2020-03-08 17:48:14,127
MLR ,2020-03-08 18:50:50,127
MLR ,2020-03-08 19:49:07,127
MLR ,2020-03-08 20:48:52,127
MLR ,2020-03-08 21:48:03,127
MLR ,2020-03-08 22:49:53,127
MLR ,2020-03-08 23:48:15,127
MLR ,2020-03-09 00:50:30,127
MLR ,2020-03-09 01:48:11,127
MLR ,2020-03-09 02:50:24,127
MLR ,2020-03-09 03:50:18,127
MLR ,2020-03-09 04:49:59,127
MLR ,2020-03-09 05:48:05,127
MLR ,2020-03-09 06:47:56,127
MLR ,2020-03-09 07:48:15,127
MLR ,2020-03-09 08:47:56,127
MLR ,2020-03-09 09:48:34,127
MLR ,2020-03-09 10:49:46,127
MLR ,2020-03-09 11:49:57,127
MLR ,2020-03-09 12:49:09,127
MLR ,2020-03-09 13:47:39,127
MLR ,2020-03-09 14:49:46,127
MLR ,2020-03-09 15:48:35,128
MLR ,2020-03-09 16:48:06,128
MLR ,2020-03-09 17:47:23,128
MLR ,2020-03-09 18:47:32,127
MLR ,2020-03-09 19:48:06,127
MLR ,2020-03-09 20:48:13,126
MLR ,2020-03-09 21:49:55,126
MLR ,2020-03-09 22:49:46,126
MLR ,2020-03-09 23:50:40,126
MLR ,2020-03-10 00:47:55,126
MLR ,2020-03-10 01:49:56,126
MLR ,2020-03-10 02:48:36,126
MLR ,2020-03-10 03:50:29,126
MLR ,2020-03-10 04:48:34,126
MLR ,2020-03-10 06:50:34,126
MLR ,2020-03-10 07:50:23,126
MLR ,2020-03-10 08:48:18,126
MLR ,2020-03-10 09:49:46,126
MLR ,2020-03-10 10:49:34,126
MLR ,2020-03-10 11:49:52,126
MLR ,2020-03-10 12:48:34,126
MLR ,2020-03-10 13:49:00,126
MLR ,2020-03-10 14:50:39,127
MLR ,2020-03-10 15:50:41,127
MLR ,2020-03-10 16:48:00,127
MLR ,2020-03-10 17:50:10,127
MLR ,2020-03-10 18:50:05,127
MLR ,2020-03-10 19:50:14,127
MLR ,2020-03-10 20:52:07,127
MLR ,2020-03-10 21:50:31,127
MLR ,2020-03-10 22:49:59,127
MLR ,2020-03-10 23:48:32,127
MLR ,2020-03-11 00:50:16,127
MLR ,2020-03-11 01:50:25,127
MLR ,2020-03-11 02:50:37,127
MLR ,2020-03-11 03:48:38,127
MLR ,2020-03-11 04:48:48,127
MLR ,2020-03-11 05:50:25,127
MLR ,2020-03-11 06:49:59,127
MLR ,2020-03-11 07:48:01,127
MLR ,2020-03-11 08:48:45,127
MLR ,2020-03-11 09:47:49,127
MLR ,2020-03-11 10:48:02,127
MLR ,2020-03-11 11:50:08,127
MLR ,2020-03-11 12:50:23,127
MLR ,2020-03-11 13:50:08,127
MLR ,2020-03-11 14:48:45,127
MLR ,2020-03-11 15:48:16,127
MLR ,2020-03-11 16:50:27,127
MLR ,2020-03-11 17:48:42,127
MLR ,2020-03-11 18:48:11,128
MLR ,2020-03-11 19:50:38,128
MLR ,2020-03-11 20:50:38,128
MLR ,2020-03-11 21:48:44,128
MLR ,2020-03-11 22:48:47,128
MLR ,2020-03-11 23:49:05,128
MLR ,2020-03-12 00:47:58,128
MLR ,2020-03-12 01:50:08,128
MLR ,2020-03-12 02:48:38,128
MLR ,2020-03-12 03:50:08,128
MLR ,2020-03-12 04:50:31,128
MLR ,2020-03-12 05:48:49,128
MLR ,2020-03-12 06:48:26,127
MLR ,2020-03-12 07:48:36,127
MLR ,2020-03-12 08:50:07,127
MLR ,2020-03-12 09:49:13,127
MLR ,2020-03-12 10:49:58,127
MLR ,2020-03-12 11:50:01,127
MLR ,2020-03-12 12:49:58,127
MLR ,2020-03-12 13:50:49,127
MLR ,2020-03-12 14:47:57,125
MLR ,2020-03-12 15:48:01,125
MLR ,2020-03-12 16:48:13,125
MLR ,2020-03-12 17:48:08,125
MLR ,2020-03-12 18:50:38,126
MLR ,2020-03-12 19:48:52,126
MLR ,2020-03-12 20:48:14,126
MLR ,2020-03-12 21:50:45,126
MLR ,2020-03-12 22:48:06,126
MLR ,2020-03-12 23:50:35,126
MLR ,2020-03-13 00:50:47,126
MLR ,2020-03-13 01:47:55,126
MLR ,2020-03-13 02:50:05,126
MLR ,2020-03-13 03:50:06,126
MLR ,2020-03-13 04:48:37,126
MLR ,2020-03-13 05:49:09,126
MLR ,2020-03-13 06:51:17,126
MLR ,2020-03-13 07:51:00,126
MLR ,2020-03-13 08:51:08,126
MLR ,2020-03-13 09:51:17,126
MLR ,2020-03-13 10:48:43,126
MLR ,2020-03-13 11:49:53,126
MLR ,2020-03-13 13:09:54,126
MLR ,2020-03-13 13:49:07,126
MLR ,2020-03-13 14:49:01,127
MLR ,2020-03-13 15:48:53,127
MLR ,2020-03-13 16:50:15,128
MLR ,2020-03-13 17:50:05,128
MLR ,2020-03-13 18:50:44,129
MLR ,2020-03-13 19:50:09,129
MLR ,2020-03-13 20:48:17,129
MLR ,2020-03-13 21:48:40,129
MLR ,2020-03-13 22:48:11,129
MLR ,2020-03-13 23:49:56,129
MLR ,2020-03-14 00:48:42,129
MLR ,2020-03-14 01:50:32,129
MLR ,2020-03-14 02:50:11,129
MLR ,2020-03-14 03:48:33,129
MLR ,2020-03-14 04:50:42,129
MLR ,2020-03-14 05:50:14,129
MLR ,2020-03-14 06:48:51,129
MLR ,2020-03-14 07:50:32,129
MLR ,2020-03-14 08:50:03,129
MLR ,2020-03-14 09:50:06,129
MLR ,2020-03-14 10:48:23,129
MLR ,2020-03-14 11:48:19,129
MLR ,2020-03-14 12:48:33,129
MLR ,2020-03-14 13:48:10,129
MLR ,2020-03-14 14:50:08,129
MLR ,2020-03-14 15:48:08,129
MLR ,2020-03-14 16:49:57,129
MLR ,2020-03-14 17:48:37,129
MLR ,2020-03-14 18:50:08,129
MLR ,2020-03-14 19:48:44,129
MLR ,2020-03-14 20:50:26,129
MLR ,2020-03-14 21:50:03,129
MLR ,2020-03-14 22:50:44,129
MLR ,2020-03-14 23:49:55,129
MLR ,2020-03-15 00:48:29,129
MLR ,2020-03-15 01:48:39,129
MLR ,2020-03-15 02:50:32,129
MLR ,2020-03-15 03:50:37,129
MLR ,2020-03-15 04:48:16,129
MLR ,2020-03-15 05:50:37,129
MLR ,2020-03-15 06:48:47,129
MLR ,2020-03-15 07:50:45,129
MLR ,2020-03-15 09:02:45,129
MLR ,2020-03-15 09:49:17,129
MLR ,2020-03-15 10:49:48,129
MLR ,2020-03-15 11:50:39,129
MLR ,2020-03-15 12:50:01,129
MLR ,2020-03-15 13:48:16,129
MLR ,2020-03-15 14:49:15,129
MLR ,2020-03-15 15:48:35,129
MLR ,2020-03-15 16:49:57,129
MLR ,2020-03-15 17:48:53,129
MLR ,2020-03-15 18:50:32,129
MLR ,2020-03-15 19:50:05,129
MLR ,2020-03-15 20:48:44,129
MLR ,2020-03-15 21:48:48,129
MLR ,2020-03-15 22:50:06,129
MLR ,2020-03-15 23:49:58,129
MLR ,2020-03-16 00:48:15,129
MLR ,2020-03-16 01:48:12,129
MLR ,2020-03-16 02:48:06,129
MLR ,2020-03-16 03:49:31,129
MLR ,2020-03-16 04:50:10,129
MLR ,2020-03-16 05:50:43,129
MLR ,2020-03-16 06:48:43,129
MLR ,2020-03-16 07:50:35,129
MLR ,2020-03-16 09:01:21,129
MLR ,2020-03-16 09:50:01,129
MLR ,2020-03-16 10:48:45,129
MLR ,2020-03-16 11:49:50,129
MLR ,2020-03-16 13:11:31,129
MLR ,2020-03-16 14:48:34,129
MLR ,2020-03-16 15:49:56,129
MLR ,2020-03-16 16:48:18,129
MLR ,2020-03-16 17:48:49,129
MLR ,2020-03-16 18:48:16,128
MLR ,2020-03-16 19:50:37,128
MLR ,2020-03-16 20:48:05,128
MLR ,2020-03-16 21:48:54,128
MLR ,2020-03-16 22:48:23,128
MLR ,2020-03-16 23:50:14,128
MLR ,2020-03-17 00:50:12,128
MLR ,2020-03-17 01:48:19,128
MLR ,2020-03-17 02:50:05,128
MLR ,2020-03-17 20:13:19,127
MLR ,2020-03-17 20:21:06,127
MLR ,2020-03-17 20:48:44,127
MLR ,2020-03-17 21:48:24,127
MLR ,2020-03-17 22:48:13,127
MLR ,2020-03-17 23:48:28,127
MLR ,2020-03-18 00:48:43,127
MLR ,2020-03-18 01:48:55,127
MLR ,2020-03-18 02:48:51,127
MLR ,2020-03-18 03:49:01,127
MLR ,2020-03-18 04:48:51,127
MLR ,2020-03-18 05:49:08,127
MLR ,2020-03-18 06:48:32,127
MLR ,2020-03-18 07:49:03,127
MLR ,2020-03-18 08:47:55,127
MLR ,2020-03-18 09:48:37,127
MLR ,2020-03-18 10:48:12,127
MLR ,2020-03-18 11:48:11,127
MLR ,2020-03-18 13:11:26,127
MLR ,2020-03-18 13:49:12,127
MLR ,2020-03-18 14:48:32,127
MLR ,2020-03-18 15:48:35,127
MLR ,2020-03-18 16:48:28,127
MLR ,2020-03-18 17:49:05,127
MLR ,2020-03-18 18:48:25,127
MLR ,2020-03-18 19:48:50,127
MLR ,2020-03-18 20:48:19,127
MLR ,2020-03-18 21:48:21,127
MLR ,2020-03-18 22:48:10,127
MLR ,2020-03-18 23:48:41,127
MLR ,2020-03-19 00:48:29,127
MLR ,2020-03-19 01:48:45,127
MLR ,2020-03-19 02:48:14,127
MLR ,2020-03-19 03:48:09,127
MLR ,2020-03-19 04:48:19,127
MLR ,2020-03-19 05:50:45,127
MLR ,2020-03-19 06:48:31,127
MLR ,2020-03-19 07:48:34,127
MLR ,2020-03-19 08:48:16,127
MLR ,2020-03-19 09:48:42,127
MLR ,2020-03-19 10:47:59,127
MLR ,2020-03-19 11:48:10,127
MLR ,2020-03-19 12:48:05,127
MLR ,2020-03-19 13:48:27,127
MLR ,2020-03-19 14:48:29,127
MLR ,2020-03-19 15:48:30,126
MLR ,2020-03-19 16:48:33,127
MLR ,2020-03-19 17:48:28,126
MLR ,2020-03-19 18:48:09,126
MLR ,2020-03-19 19:48:41,126
MLR ,2020-03-19 20:49:05,126
MLR ,2020-03-19 21:48:48,126
MLR ,2020-03-19 22:48:15,126
MLR ,2020-03-19 23:49:21,126
MLR ,2020-03-20 00:48:15,126
MLR ,2020-03-20 01:48:12,126
MLR ,2020-03-20 02:49:30,126
MLR ,2020-03-20 03:48:31,126
MLR ,2020-03-20 04:48:27,126
MLR ,2020-03-20 06:48:51,126
MLR ,2020-03-20 07:48:29,126
MLR ,2020-03-20 08:49:26,126
MLR ,2020-03-20 09:48:51,126
MLR ,2020-03-20 10:48:26,126
MLR ,2020-03-20 11:48:14,126
MLR ,2020-03-20 13:10:20,126
MLR ,2020-03-20 13:49:08,126
MLR ,2020-03-20 14:48:27,126
MLR ,2020-03-20 15:48:18,126
MLR ,2020-03-20 16:48:24,127
MLR ,2020-03-20 17:48:22,127
MLR ,2020-03-20 18:48:11,127
MLR ,2020-03-20 19:48:29,128
MLR ,2020-03-20 20:48:24,128
MLR ,2020-03-20 21:48:11,128
MLR ,2020-03-20 22:48:57,128
MLR ,2020-03-20 23:49:01,128
MLR ,2020-03-21 00:48:26,128
MLR ,2020-03-21 01:48:24,128
MLR ,2020-03-21 02:48:48,128
MLR ,2020-03-21 03:48:58,128
MLR ,2020-03-21 04:48:12,128
MLR ,2020-03-21 05:48:08,128
MLR ,2020-03-21 06:48:20,128
MLR ,2020-03-21 07:48:43,128
MLR ,2020-03-21 09:12:47,128
MLR ,2020-03-21 09:48:19,128
MLR ,2020-03-21 10:48:23,128
MLR ,2020-03-21 11:48:33,128
MLR ,2020-03-21 12:48:08,128
MLR ,2020-03-21 13:48:15,128
MLR ,2020-03-21 14:49:16,128
MLR ,2020-03-21 15:48:50,128
MLR ,2020-03-21 16:48:42,128
MLR ,2020-03-21 17:49:05,128
MLR ,2020-03-21 18:48:29,128
MLR ,2020-03-21 19:48:27,128
MLR ,2020-03-21 20:48:03,128
MLR ,2020-03-21 21:48:31,128
MLR ,2020-03-21 22:48:10,128
MLR ,2020-03-21 23:48:18,128
MLR ,2020-03-22 00:48:09,128
MLR ,2020-03-22 01:48:43,128
MLR ,2020-03-22 02:48:14,128
MLR ,2020-03-22 03:49:09,128
MLR ,2020-03-22 04:48:30,128
MLR ,2020-03-22 05:48:32,128
MLR ,2020-03-22 06:48:55,128
MLR ,2020-03-22 07:48:49,128
MLR ,2020-03-22 09:17:02,128
MLR ,2020-03-22 09:48:23,128
MLR ,2020-03-22 10:48:45,128
MLR ,2020-03-22 11:48:09,128
MLR ,2020-03-22 12:48:42,128
MLR ,2020-03-22 21:58:15,128
MLR ,2020-03-22 22:48:48,128
MLR ,2020-03-22 23:48:23,128
MLR ,2020-03-23 00:49:16,128
MLR ,2020-03-23 01:48:41,128
MLR ,2020-03-23 02:48:15,128
MLR ,2020-03-23 03:48:21,128
MLR ,2020-03-23 04:49:01,128
MLR ,2020-03-23 05:48:47,128
MLR ,2020-03-23 06:48:41,128
MLR ,2020-03-23 07:48:20,128
MLR ,2020-03-23 08:48:23,128
MLR ,2020-03-23 09:48:55,128
MLR ,2020-03-23 10:48:23,128
MLR ,2020-03-23 11:48:51,128
MLR ,2020-03-23 13:09:49,128
MLR ,2020-03-23 13:48:31,128
MLR ,2020-03-23 14:48:55,128
MLR ,2020-03-23 15:48:33,128
MLR ,2020-03-23 16:49:00,128
MLR ,2020-03-23 17:48:24,128
MLR ,2020-03-23 18:48:19,129
MLR ,2020-03-23 19:48:49,129
MLR ,2020-03-23 20:48:52,128
MLR ,2020-03-23 21:48:28,128
MLR ,2020-03-23 22:48:19,128
MLR ,2020-03-23 23:48:17,128
MLR ,2020-03-24 00:48:19,128
MLR ,2020-03-24 01:48:18,128
MLR ,2020-03-24 02:48:11,128
MLR ,2020-03-24 03:48:27,128
MLR ,2020-03-24 04:48:52,128
MLR ,2020-03-24 05:50:44,128
MLR ,2020-03-24 06:49:04,128
MLR ,2020-03-24 07:49:14,128
MLR ,2020-03-24 09:11:20,128
MLR ,2020-03-24 09:48:02,128
MLR ,2020-03-24 10:48:03,128
MLR ,2020-03-24 11:48:10,128
MLR ,2020-03-24 12:47:50,128
MLR ,2020-03-24 13:49:40,128
MLR ,2020-03-24 14:49:57,128
MLR ,2020-03-24 15:49:21,128
MLR ,2020-03-24 16:49:32,128
MLR ,2020-03-24 17:48:58,128
MLR ,2020-03-24 18:48:52,128
MLR ,2020-03-24 19:48:33,128
MLR ,2020-03-24 20:48:12,128
MLR ,2020-03-24 21:48:06,128
MLR ,2020-03-24 22:48:48,128
MLR ,2020-03-24 23:48:45,128
MLR ,2020-03-25 00:48:18,128
MLR ,2020-03-25 01:48:25,128
MLR ,2020-03-25 02:48:14,128
MLR ,2020-03-25 03:48:11,128
MLR ,2020-03-25 04:47:56,128
MLR ,2020-03-25 06:49:07,128
MLR ,2020-03-25 07:48:18,128
MLR ,2020-03-25 09:49:40,128
MLR ,2020-03-25 10:48:22,128
MLR ,2020-03-25 11:48:44,128
MLR ,2020-03-25 12:48:46,128
MLR ,2020-03-25 13:49:08,128
MLR ,2020-03-25 14:49:12,128
MLR ,2020-03-25 15:49:30,128
MLR ,2020-03-25 16:49:05,127
MLR ,2020-03-25 17:49:55,128
MLR ,2020-03-25 18:48:20,127
MLR ,2020-03-25 19:48:25,127
MLR ,2020-03-25 20:48:35,127
MLR ,2020-03-25 21:48:11,127
MLR ,2020-03-25 22:48:15,127
MLR ,2020-03-25 23:48:22,127
MLR ,2020-03-26 02:08:13,127
MLR ,2020-03-26 02:48:24,127
MLR ,2020-03-26 03:48:46,127
MLR ,2020-03-26 04:49:34,127
MLR ,2020-03-26 05:48:36,127
MLR ,2020-03-26 06:48:38,127
MLR ,2020-03-26 07:48:36,127
MLR ,2020-03-26 08:48:12,127
MLR ,2020-03-26 09:48:49,127
MLR ,2020-03-26 10:48:07,127
MLR ,2020-03-26 11:48:28,127
MLR ,2020-03-26 12:48:26,127
MLR ,2020-03-26 13:48:35,127
MLR ,2020-03-26 14:48:46,128
MLR ,2020-03-26 15:48:40,129
MLR ,2020-03-26 16:48:27,129
MLR ,2020-03-26 17:48:51,129
MLR ,2020-03-26 18:48:19,129
MLR ,2020-03-26 19:48:24,129
MLR ,2020-03-26 20:48:27,129
MLR ,2020-03-26 21:48:40,129
MLR ,2020-03-26 22:48:14,129
MLR ,2020-03-26 23:48:55,129
MLR ,2020-03-27 00:48:29,129
MLR ,2020-03-27 01:48:39,129
MLR ,2020-03-27 02:48:51,129
MLR ,2020-03-27 03:48:29,129
MLR ,2020-03-27 04:48:39,129
MLR ,2020-03-27 05:48:20,129
MLR ,2020-03-27 06:48:51,129
MLR ,2020-03-27 07:49:00,129
MLR ,2020-03-27 08:50:58,129
MLR ,2020-03-27 09:49:16,129
MLR ,2020-03-27 10:48:34,129
MLR ,2020-03-27 11:48:14,129
MLR ,2020-03-27 12:48:09,129
MLR ,2020-03-27 13:48:52,130
MLR ,2020-03-27 14:48:27,131
MLR ,2020-03-27 15:48:27,131
MLR ,2020-03-27 16:48:40,132
MLR ,2020-03-27 17:48:24,132
MLR ,2020-03-27 18:49:03,131
MLR ,2020-03-27 19:48:26,131
MLR ,2020-03-27 20:48:21,131
MLR ,2020-03-27 21:49:01,131
MLR ,2020-03-27 22:48:25,131
MLR ,2020-03-27 23:48:42,131
MLR ,2020-03-28 00:48:50,131
MLR ,2020-03-28 01:48:04,131
MLR ,2020-03-28 02:48:07,131
MLR ,2020-03-28 03:48:29,131
MLR ,2020-03-28 04:48:17,131
MLR ,2020-03-28 05:49:24,131
MLR ,2020-03-28 06:48:29,131
MLR ,2020-03-28 07:48:05,131
MLR ,2020-03-28 08:48:19,131
MLR ,2020-03-28 09:48:38,131
MLR ,2020-03-28 10:49:00,131
MLR ,2020-03-28 11:48:18,131
MLR ,2020-03-28 12:48:48,131
MLR ,2020-03-28 13:48:45,131
MLR ,2020-03-28 14:48:21,131
MLR ,2020-03-28 15:48:20,131
MLR ,2020-03-28 16:48:12,131
MLR ,2020-03-28 17:48:25,131
MLR ,2020-03-28 18:48:32,131
MLR ,2020-03-28 19:48:10,131
MLR ,2020-03-28 20:48:27,131
MLR ,2020-03-28 21:48:09,131
MLR ,2020-03-28 22:49:20,131
MLR ,2020-03-28 23:48:25,131
MLR ,2020-03-29 00:48:37,131
MLR ,2020-03-29 01:48:50,131
MLR ,2020-03-29 02:49:24,131
MLR ,2020-03-29 03:49:32,131
MLR ,2020-03-29 04:48:45,131
MLR ,2020-03-29 05:48:32,131
MLR ,2020-03-29 06:49:35,131
MLR ,2020-03-29 07:48:46,131
MLR ,2020-03-29 08:48:28,131
MLR ,2020-03-29 09:48:19,131
MLR ,2020-03-29 10:49:04,131
MLR ,2020-03-29 11:48:25,131
MLR ,2020-03-29 12:48:12,131
MLR ,2020-03-29 13:48:17,131
MLR ,2020-03-29 14:48:15,131
MLR ,2020-03-29 15:48:18,131
MLR ,2020-03-29 16:48:27,131
MLR ,2020-03-29 17:48:49,131
MLR ,2020-03-29 18:48:17,131
MLR ,2020-03-29 19:48:18,131
MLR ,2020-03-29 20:48:13,131
MLR ,2020-03-29 21:49:17,131
MLR ,2020-03-29 22:48:27,131
MLR ,2020-03-29 23:48:30,131
MLR ,2020-03-30 00:48:23,131
MLR ,2020-03-30 01:48:22,131
MLR ,2020-03-30 02:49:03,131
MLR ,2020-03-30 03:48:26,131
MLR ,2020-03-30 04:49:03,131
MLR ,2020-03-30 05:48:12,131
MLR ,2020-03-30 06:48:34,131
MLR ,2020-03-30 07:48:52,131
MLR ,2020-03-30 08:48:18,131
MLR ,2020-03-30 09:48:04,131
MLR ,2020-03-30 10:48:12,131
MLR ,2020-03-30 11:47:56,131
MLR ,2020-03-30 12:48:09,131
MLR ,2020-03-30 13:49:08,131
MLR ,2020-03-30 14:48:19,131
MLR ,2020-03-30 15:48:57,131
MLR ,2020-03-30 16:48:26,131
MLR ,2020-03-30 17:48:49,132
MLR ,2020-03-30 18:48:31,132
MLR ,2020-03-30 19:48:55,132
MLR ,2020-03-30 20:48:21,132
MLR ,2020-03-30 21:48:46,132
MLR ,2020-03-30 22:48:09,132
MLR ,2020-03-30 23:48:09,132
MLR ,2020-03-31 00:48:00,132
MLR ,2020-03-31 01:48:20,132
MLR ,2020-03-31 02:48:15,132
MLR ,2020-03-31 03:48:41,132
MLR ,2020-03-31 04:48:14,132
MLR ,2020-03-31 05:48:22,132
MLR ,2020-03-31 06:48:11,132
MLR ,2020-03-31 07:48:25,132
MLR ,2020-03-31 08:48:22,132
MLR ,2020-03-31 09:48:20,132
MLR ,2020-03-31 10:48:14,132
MLR ,2020-03-31 11:48:46,132
MLR ,2020-03-31 13:08:52,132
MLR ,2020-03-31 13:48:30,132
MLR ,2020-03-31 14:49:12,133
MLR ,2020-03-31 15:48:20,132
MLR ,2020-03-31 16:49:11,132
MLR ,2020-03-31 17:48:28,132
MLR ,2020-03-31 18:48:49,133
MLR ,2020-03-31 19:48:18,133
MLR ,2020-03-31 20:48:52,133
MLR ,2020-03-31 21:48:18,133
MLR ,2020-03-31 22:48:28,133
MLR ,2020-03-31 23:47:52,133
MLR ,2020-04-01 00:47:26,133
MLR ,2020-04-01 01:47:27,133
MLR ,2020-04-01 02:47:24,133
MLR ,2020-04-01 03:47:32,133
MLR ,2020-04-01 04:47:50,133
MLR ,2020-04-01 05:48:09,133
MLR ,2020-04-01 06:47:37,133
MLR ,2020-04-01 07:48:02,133
MLR ,2020-04-01 08:47:24,133
MLR ,2020-04-01 09:47:41,133
MLR ,2020-04-01 10:47:09,133
MLR ,2020-04-01 11:48:20,133
MLR ,2020-04-01 13:11:53,133
MLR ,2020-04-01 13:47:28,133
MLR ,2020-04-01 14:48:22,133
MLR ,2020-04-01 15:47:54,133
MLR ,2020-04-01 16:47:15,132
MLR ,2020-04-01 17:47:12,132
MLR ,2020-04-01 18:47:16,133
MLR ,2020-04-01 19:47:24,133
MLR ,2020-04-01 20:47:29,133
MLR ,2020-04-01 21:47:15,133
MLR ,2020-04-01 22:47:15,133
MLR ,2020-04-01 23:48:00,133
MLR ,2020-04-02 00:47:23,133
MLR ,2020-04-02 01:47:58,133
MLR ,2020-04-02 02:47:22,133
MLR ,2020-04-02 03:47:55,133
MLR ,2020-04-02 04:47:25,133
MLR ,2020-04-02 05:47:35,133
MLR ,2020-04-02 06:47:05,133
MLR ,2020-04-02 07:47:56,133
MLR ,2020-04-02 08:48:38,133
MLR ,2020-04-02 09:47:54,133
MLR ,2020-04-02 10:47:28,133
MLR ,2020-04-02 11:47:20,133
MLR ,2020-04-02 13:12:55,133
MLR ,2020-04-02 13:48:06,133
MLR ,2020-04-02 14:47:12,133
MLR ,2020-04-02 15:47:33,133
MLR ,2020-04-02 16:47:07,133
MLR ,2020-04-02 17:47:15,133
MLR ,2020-04-02 19:47:17,133
MLR ,2020-04-02 20:47:46,132
MLR ,2020-04-02 21:48:28,132
MLR ,2020-04-02 22:48:05,132
MLR ,2020-04-02 23:47:16,132
MLR ,2020-04-03 00:47:32,132
MLR ,2020-04-03 01:47:57,132
MLR ,2020-04-03 02:47:28,132
MLR ,2020-04-03 03:47:18,132
MLR ,2020-04-03 04:47:45,132
MLR ,2020-04-03 05:47:57,132
MLR ,2020-04-03 06:47:23,132
MLR ,2020-04-03 08:47:25,132
MLR ,2020-04-03 09:47:24,132
MLR ,2020-04-03 10:47:53,132
MLR ,2020-04-03 11:47:19,132
MLR ,2020-04-03 13:13:56,132
MLR ,2020-04-03 13:47:36,132
MLR ,2020-04-03 14:47:40,132
MLR ,2020-04-03 15:48:03,133
MLR ,2020-04-03 16:47:59,133
MLR ,2020-04-03 17:48:01,133
MLR ,2020-04-03 18:48:02,133
MLR ,2020-04-03 19:47:22,133
MLR ,2020-04-03 20:47:20,133
MLR ,2020-04-03 21:47:34,133
MLR ,2020-04-03 22:48:25,133
MLR ,2020-04-03 23:47:28,133
MLR ,2020-04-04 00:47:15,133
MLR ,2020-04-04 01:47:54,133
MLR ,2020-04-04 02:47:31,133
MLR ,2020-04-04 03:47:35,133
MLR ,2020-04-04 04:47:45,133
MLR ,2020-04-04 05:47:54,133
MLR ,2020-04-04 06:47:16,133
MLR ,2020-04-04 07:48:04,133
MLR ,2020-04-04 08:47:49,133
MLR ,2020-04-04 09:47:46,133
MLR ,2020-04-04 10:47:24,133
MLR ,2020-04-04 11:47:24,133
MLR ,2020-04-04 12:47:23,133
MLR ,2020-04-04 13:47:20,133
MLR ,2020-04-04 14:47:42,133
MLR ,2020-04-04 15:47:12,133
MLR ,2020-04-04 16:47:24,133
MLR ,2020-04-04 17:47:26,133
MLR ,2020-04-04 18:47:19,133
MLR ,2020-04-04 19:47:23,133
MLR ,2020-04-04 20:47:16,133
MLR ,2020-04-04 21:47:19,133
MLR ,2020-04-04 22:48:03,133
MLR ,2020-04-04 23:47:17,133
MLR ,2020-04-05 00:48:18,133
MLR ,2020-04-05 01:47:53,133
MLR ,2020-04-05 02:47:15,133
MLR ,2020-04-05 03:47:25,133
MLR ,2020-04-05 04:47:54,133
MLR ,2020-04-05 05:47:44,133
MLR ,2020-04-05 06:47:51,133
MLR ,2020-04-05 07:47:26,133
MLR ,2020-04-05 08:47:33,133
MLR ,2020-04-05 09:47:21,133
MLR ,2020-04-05 10:48:03,133
MLR ,2020-04-05 11:47:54,133
MLR ,2020-04-05 12:47:17,133
MLR ,2020-04-05 13:47:59,133
MLR ,2020-04-05 14:47:24,133
MLR ,2020-04-05 15:47:13,133
MLR ,2020-04-05 16:47:56,133
MLR ,2020-04-05 17:47:10,133
MLR ,2020-04-05 18:47:27,133
MLR ,2020-04-05 19:47:17,133
MLR ,2020-04-05 20:47:25,133
MLR ,2020-04-05 21:47:29,133
MLR ,2020-04-05 22:47:49,133
MLR ,2020-04-05 23:47:16,133
MLR ,2020-04-06 00:47:14,133
MLR ,2020-04-06 01:47:28,133
MLR ,2020-04-06 02:47:49,133
MLR ,2020-04-06 03:48:30,133
MLR ,2020-04-06 04:47:06,133
MLR ,2020-04-06 05:47:40,133
MLR ,2020-04-06 06:47:42,133
MLR ,2020-04-06 07:47:24,133
MLR ,2020-04-06 08:47:56,133
MLR ,2020-04-06 09:47:20,133
MLR ,2020-04-06 10:47:39,133
MLR ,2020-04-06 11:47:10,133
MLR ,2020-04-06 12:47:37,133
MLR ,2020-04-06 13:47:29,133
MLR ,2020-04-06 14:47:25,134
MLR ,2020-04-06 15:47:27,134
MLR ,2020-04-06 16:47:16,134
MLR ,2020-04-06 17:47:16,134
MLR ,2020-04-06 18:50:23,134
MLR ,2020-04-06 19:47:54,134
MLR ,2020-04-06 20:47:20,134
MLR ,2020-04-06 21:47:11,134
MLR ,2020-04-06 22:47:27,134
MLR ,2020-04-06 23:47:42,134
MLR ,2020-04-07 00:47:27,134
MLR ,2020-04-07 01:47:39,134
MLR ,2020-04-07 02:47:28,134
MLR ,2020-04-07 03:47:18,134
MLR ,2020-04-07 04:47:18,134
MLR ,2020-04-07 05:47:10,134
MLR ,2020-04-07 06:47:35,134
MLR ,2020-04-07 07:47:27,134
MLR ,2020-04-07 08:47:50,134
MLR ,2020-04-07 09:47:18,134
MLR ,2020-04-07 10:47:05,134
MLR ,2020-04-07 11:47:16,134
MLR ,2020-04-07 12:47:18,134
MLR ,2020-04-07 13:47:24,134
MLR ,2020-04-07 14:47:02,135
MLR ,2020-04-07 15:47:13,134
MLR ,2020-04-07 16:47:30,134
MLR ,2020-04-07 17:47:08,134
MLR ,2020-04-07 18:47:11,134
MLR ,2020-04-07 19:47:12,134
MLR ,2020-04-07 20:47:22,135
MLR ,2020-04-07 21:47:30,135
MLR ,2020-04-07 22:47:14,135
MLR ,2020-04-07 23:47:19,135
MLR ,2020-04-08 00:47:29,135
MLR ,2020-04-08 01:47:12,135
MLR ,2020-04-08 02:46:59,135
MLR ,2020-04-08 03:47:30,135
MLR ,2020-04-08 04:47:05,135
MLR ,2020-04-08 06:47:24,135
MLR ,2020-04-08 07:47:34,135
MLR ,2020-04-08 08:47:42,135
MLR ,2020-04-08 09:47:20,135
MLR ,2020-04-08 10:47:13,135
MLR ,2020-04-08 11:47:10,135
MLR ,2020-04-08 12:47:10,135
MLR ,2020-04-08 13:47:17,135
MLR ,2020-04-08 14:47:05,135
MLR ,2020-04-08 15:47:23,135
MLR ,2020-04-08 16:47:10,135
MLR ,2020-04-08 17:47:36,135
MLR ,2020-04-08 18:47:09,135
MLR ,2020-04-08 19:47:33,135
MLR ,2020-04-08 20:47:19,135
MLR ,2020-04-08 21:47:12,135
MLR ,2020-04-08 22:47:05,135
MLR ,2020-04-08 23:47:16,135
MLR ,2020-04-09 00:47:09,135
MLR ,2020-04-09 02:47:15,135
MLR ,2020-04-09 03:47:09,135
MLR ,2020-04-09 04:47:39,135
MLR ,2020-04-09 05:47:23,135
MLR ,2020-04-09 06:47:43,135
MLR ,2020-04-09 07:47:01,135
MLR ,2020-04-09 08:47:06,135
MLR ,2020-04-09 09:47:03,135
MLR ,2020-04-09 10:47:12,135
MLR ,2020-04-09 11:47:10,135
MLR ,2020-04-09 12:47:07,135
MLR ,2020-04-09 13:47:25,135
MLR ,2020-04-09 14:47:23,135
MLR ,2020-04-09 15:46:55,135
MLR ,2020-04-09 16:47:11,135
MLR ,2020-04-09 17:47:10,136
MLR ,2020-04-09 18:46:54,136
MLR ,2020-04-09 19:47:33,136
MLR ,2020-04-09 20:47:10,136
MLR ,2020-04-09 21:47:08,136
MLR ,2020-04-09 22:47:06,136
MLR ,2020-04-09 23:47:03,136
MLR ,2020-04-10 00:47:11,136
MLR ,2020-04-10 01:47:02,136
MLR ,2020-04-10 02:47:17,136
MLR ,2020-04-10 03:47:13,136
MLR ,2020-04-10 04:47:06,136
MLR ,2020-04-10 05:47:20,136
MLR ,2020-04-10 06:47:05,136
MLR ,2020-04-10 07:47:07,136
MLR ,2020-04-10 08:47:19,136
MLR ,2020-04-10 09:47:08,136
MLR ,2020-04-10 10:47:14,136
MLR ,2020-04-10 11:47:12,136
MLR ,2020-04-10 12:47:10,136
MLR ,2020-04-10 13:47:15,136
MLR ,2020-04-10 14:47:26,136
MLR ,2020-04-10 15:47:11,136
MLR ,2020-04-10 16:47:01,136
MLR ,2020-04-10 17:47:10,136
MLR ,2020-04-10 18:47:10,136
MLR ,2020-04-10 19:47:09,136
MLR ,2020-04-10 20:47:37,136
MLR ,2020-04-10 21:46:48,136
MLR ,2020-04-10 22:46:45,136
MLR ,2020-04-10 23:46:47,136
MLR ,2020-04-11 00:46:54,136
MLR ,2020-04-11 01:46:41,136
MLR ,2020-04-11 02:46:47,136
MLR ,2020-04-11 03:46:47,136
MLR ,2020-04-11 04:46:54,136
MLR ,2020-04-11 05:46:43,136
MLR ,2020-04-11 06:46:46,136
MLR ,2020-04-11 07:46:45,136
MLR ,2020-04-11 08:46:38,136
MLR ,2020-04-11 09:46:39,136
MLR ,2020-04-11 10:46:54,136
MLR ,2020-04-11 11:46:38,136
MLR ,2020-04-11 12:46:45,136
MLR ,2020-04-11 13:46:54,136
MLR ,2020-04-11 14:46:38,136
MLR ,2020-04-11 15:46:55,136
MLR ,2020-04-11 16:46:51,136
MLR ,2020-04-11 17:46:50,136
MLR ,2020-04-11 18:46:50,136
MLR ,2020-04-11 19:46:44,136
MLR ,2020-04-11 20:46:37,136
MLR ,2020-04-11 21:46:46,136
MLR ,2020-04-11 22:46:45,136
MLR ,2020-04-11 23:46:45,136
MLR ,2020-04-12 00:46:54,136
MLR ,2020-04-12 01:46:44,136
MLR ,2020-04-12 02:46:44,136
MLR ,2020-04-12 03:46:41,136
MLR ,2020-04-12 04:47:00,136
MLR ,2020-04-12 05:46:50,136
MLR ,2020-04-12 06:46:48,136
MLR ,2020-04-12 07:46:42,136
MLR ,2020-04-12 08:46:43,136
MLR ,2020-04-12 09:46:48,136
MLR ,2020-04-12 10:46:48,136
MLR ,2020-04-12 11:46:41,136
MLR ,2020-04-12 12:46:46,136
MLR ,2020-04-12 13:46:53,136
MLR ,2020-04-12 14:46:49,136
MLR ,2020-04-12 15:46:46,136
MLR ,2020-04-12 16:46:45,136
MLR ,2020-04-12 17:46:39,136
MLR ,2020-04-12 18:46:49,136
MLR ,2020-04-12 19:46:46,136
MLR ,2020-04-12 20:47:04,136
MLR ,2020-04-12 21:46:51,136
MLR ,2020-04-12 22:46:56,136
MLR ,2020-04-12 23:47:03,136
MLR ,2020-04-13 00:47:14,136
MLR ,2020-04-13 01:46:58,136
MLR ,2020-04-13 02:47:02,136
MLR ,2020-04-13 03:47:20,136
MLR ,2020-04-13 04:47:06,136
MLR ,2020-04-13 05:47:08,136
MLR ,2020-04-13 06:46:47,136
MLR ,2020-04-13 07:46:39,136
MLR ,2020-04-13 08:46:49,136
MLR ,2020-04-13 09:46:43,136
MLR ,2020-04-13 10:46:43,136
MLR ,2020-04-13 11:46:53,136
MLR ,2020-04-13 13:10:48,136
MLR ,2020-04-13 13:46:43,136
MLR ,2020-04-13 14:46:41,137
MLR ,2020-04-13 15:46:46,137
MLR ,2020-04-13 16:46:49,137
MLR ,2020-04-13 17:47:00,138
MLR ,2020-04-13 18:46:39,138
MLR ,2020-04-13 19:46:42,138
MLR ,2020-04-13 20:46:47,138
MLR ,2020-04-13 21:46:53,138
MLR ,2020-04-13 22:46:41,138
MLR ,2020-04-13 23:46:49,138
MLR ,2020-04-14 00:47:18,138
MLR ,2020-04-14 01:47:13,138
MLR ,2020-04-14 02:47:06,138
MLR ,2020-04-14 03:47:06,138
MLR ,2020-04-14 04:47:07,138
MLR ,2020-04-14 05:47:13,138
MLR ,2020-04-14 06:46:55,138
MLR ,2020-04-14 07:46:47,138
MLR ,2020-04-14 08:46:51,138
MLR ,2020-04-14 09:46:49,138
MLR ,2020-04-14 10:46:49,138
MLR ,2020-04-14 11:46:50,138
MLR ,2020-04-14 12:46:45,138
MLR ,2020-04-14 13:46:51,138
MLR ,2020-04-14 14:47:01,138
MLR ,2020-04-14 15:47:03,139
MLR ,2020-04-14 16:47:09,137
MLR ,2020-04-14 17:46:39,137
MLR ,2020-04-14 18:47:09,137
MLR ,2020-04-14 19:46:47,138
MLR ,2020-04-14 20:46:45,138
MLR ,2020-04-14 21:46:48,138
MLR ,2020-04-14 22:46:45,138
MLR ,2020-04-14 23:47:03,138
MLR ,2020-04-15 00:47:00,138
MLR ,2020-04-15 01:47:02,138
MLR ,2020-04-15 02:46:56,138
MLR ,2020-04-15 03:47:00,138
MLR ,2020-04-15 04:47:03,138
MLR ,2020-04-15 05:46:43,138
MLR ,2020-04-15 06:46:41,138
MLR ,2020-04-15 07:46:49,138
MLR ,2020-04-15 08:46:52,138
MLR ,2020-04-15 09:46:47,138
MLR ,2020-04-15 10:46:41,138
MLR ,2020-04-15 11:46:40,138
MLR ,2020-04-15 13:13:52,138
MLR ,2020-04-15 14:46:47,137
MLR ,2020-04-15 15:46:41,137
MLR ,2020-04-15 16:47:00,137
MLR ,2020-04-15 17:46:43,137
MLR ,2020-04-15 18:46:45,137
MLR ,2020-04-15 19:46:55,137
MLR ,2020-04-15 20:46:44,137
MLR ,2020-04-15 21:46:53,137
MLR ,2020-04-15 22:46:54,137
MLR ,2020-04-15 23:46:55,137
MLR ,2020-04-16 00:47:01,137
MLR ,2020-04-16 01:47:07,137
MLR ,2020-04-16 02:47:10,137
MLR ,2020-04-16 03:47:10,137
MLR ,2020-04-16 04:47:12,137
MLR ,2020-04-16 05:46:52,137
MLR ,2020-04-16 06:47:08,137
MLR ,2020-04-16 07:46:50,137
MLR ,2020-04-16 08:46:49,137
MLR ,2020-04-16 09:46:43,137
MLR ,2020-04-16 10:46:49,137
MLR ,2020-04-16 11:46:49,137
MLR ,2020-04-16 12:46:49,137
MLR ,2020-04-16 13:46:50,137
MLR ,2020-04-16 14:46:45,136
MLR ,2020-04-16 15:47:09,136
MLR ,2020-04-16 16:47:11,136
MLR ,2020-04-16 17:46:51,136
MLR ,2020-04-16 18:47:05,136
MLR ,2020-04-16 19:46:45,137
MLR ,2020-04-16 20:46:49,137
MLR ,2020-04-16 21:47:14,137
MLR ,2020-04-16 22:46:50,137
MLR ,2020-04-16 23:47:12,137
MLR ,2020-04-17 00:47:04,137
MLR ,2020-04-17 01:47:02,137
MLR ,2020-04-17 02:47:10,137
MLR ,2020-04-17 03:46:55,137
MLR ,2020-04-17 04:46:51,137
MLR ,2020-04-17 05:46:55,137
MLR ,2020-04-17 06:46:56,137
MLR ,2020-04-17 07:47:10,137
MLR ,2020-04-17 08:46:54,137
MLR ,2020-04-17 09:46:50,137
MLR ,2020-04-17 10:46:51,137
MLR ,2020-04-17 11:46:42,137
MLR ,2020-04-17 13:10:51,137
MLR ,2020-04-17 13:47:05,137
MLR ,2020-04-17 14:46:52,137
MLR ,2020-04-17 15:46:56,137
MLR ,2020-04-17 16:46:41,138
MLR ,2020-04-17 17:46:48,139
MLR ,2020-04-17 18:47:10,140
MLR ,2020-04-17 19:47:02,140
MLR ,2020-04-17 20:47:09,140
MLR ,2020-04-17 21:47:05,140
MLR ,2020-04-17 22:46:56,140
MLR ,2020-04-17 23:47:06,140
MLR ,2020-04-18 00:47:04,140
MLR ,2020-04-18 01:47:00,140
MLR ,2020-04-18 02:46:56,140
MLR ,2020-04-18 03:46:57,140
MLR ,2020-04-18 04:47:08,140
MLR ,2020-04-18 05:47:07,140
MLR ,2020-04-18 06:46:51,140
MLR ,2020-04-18 07:46:44,140
MLR ,2020-04-18 08:47:06,140
MLR ,2020-04-18 09:46:38,140
MLR ,2020-04-18 10:46:48,140
MLR ,2020-04-18 11:46:52,140
MLR ,2020-04-18 12:46:38,140
MLR ,2020-04-18 13:47:00,140
MLR ,2020-04-18 14:46:47,140
MLR ,2020-04-18 15:46:51,140
MLR ,2020-04-18 16:46:39,140
MLR ,2020-04-18 17:46:55,140
MLR ,2020-04-18 18:46:52,140
MLR ,2020-04-18 19:46:42,140
MLR ,2020-04-18 20:46:55,140
MLR ,2020-04-18 21:46:46,140
MLR ,2020-04-18 22:46:57,140
MLR ,2020-04-18 23:47:14,140
MLR ,2020-04-19 00:47:14,140
MLR ,2020-04-19 01:47:27,140
MLR ,2020-04-19 02:47:07,140
MLR ,2020-04-19 03:47:08,140
MLR ,2020-04-19 04:47:28,140
MLR ,2020-04-19 05:47:02,140
MLR ,2020-04-19 06:47:07,140
MLR ,2020-04-19 07:47:00,140
MLR ,2020-04-19 08:46:49,140
MLR ,2020-04-19 09:46:48,140
MLR ,2020-04-19 10:46:48,140
MLR ,2020-04-19 11:46:39,140
MLR ,2020-04-19 12:46:43,140
MLR ,2020-04-19 13:47:04,140
MLR ,2020-04-19 14:46:40,140
MLR ,2020-04-19 15:46:51,140
MLR ,2020-04-19 16:46:54,140
MLR ,2020-04-19 17:47:17,140
MLR ,2020-04-19 18:46:51,140
MLR ,2020-04-19 19:46:47,140
MLR ,2020-04-19 20:46:41,140
MLR ,2020-04-19 21:47:21,140
MLR ,2020-04-19 22:47:12,140
MLR ,2020-04-19 23:47:03,140
MLR ,2020-04-20 00:47:20,140
MLR ,2020-04-20 01:47:12,140
MLR ,2020-04-20 02:47:24,140
MLR ,2020-04-20 03:47:24,140
MLR ,2020-04-20 04:47:11,140
MLR ,2020-04-20 05:47:23,140
MLR ,2020-04-20 06:47:08,140
MLR ,2020-04-20 07:46:48,140
MLR ,2020-04-20 08:46:46,140
MLR ,2020-04-20 09:46:48,140
MLR ,2020-04-20 10:46:46,140
MLR ,2020-04-20 11:46:46,140
MLR ,2020-04-20 12:46:48,140
MLR ,2020-04-20 13:46:45,140
MLR ,2020-04-20 14:47:16,144
MLR ,2020-04-20 15:46:52,144
MLR ,2020-04-20 16:46:59,144
MLR ,2020-04-20 17:46:56,145
MLR ,2020-04-20 18:47:07,144
MLR ,2020-04-20 20:47:48,143
MLR ,2020-04-20 21:47:36,143
MLR ,2020-04-20 22:47:55,143
MLR ,2020-04-20 23:47:09,143
MLR ,2020-04-21 00:47:20,143
MLR ,2020-04-21 01:47:11,143
MLR ,2020-04-21 02:47:08,143
MLR ,2020-04-21 03:48:52,143
MLR ,2020-04-21 04:49:17,143
MLR ,2020-04-21 05:49:18,143
MLR ,2020-04-21 06:47:10,143
MLR ,2020-04-21 07:46:59,143
MLR ,2020-04-21 08:46:55,143
MLR ,2020-04-21 09:46:52,143
MLR ,2020-04-21 10:46:50,143
MLR ,2020-04-21 11:46:49,143
MLR ,2020-04-21 12:46:50,143
MLR ,2020-04-21 13:47:18,143
MLR ,2020-04-21 14:47:09,144
MLR ,2020-04-21 15:46:40,144
MLR ,2020-04-21 16:46:39,144
MLR ,2020-04-21 17:47:08,144
MLR ,2020-04-21 18:46:40,144
MLR ,2020-04-21 19:46:48,144
MLR ,2020-04-21 20:47:14,144
MLR ,2020-04-21 21:47:20,144
MLR ,2020-04-21 22:47:14,144
MLR ,2020-04-21 23:46:46,144
MLR ,2020-04-22 00:47:03,144
MLR ,2020-04-22 01:47:13,144
MLR ,2020-04-22 02:47:16,144
MLR ,2020-04-22 03:47:02,144
MLR ,2020-04-22 04:46:45,144
MLR ,2020-04-22 05:46:48,144
MLR ,2020-04-22 06:47:06,144
MLR ,2020-04-22 07:46:58,144
MLR ,2020-04-22 08:46:43,144
MLR ,2020-04-22 09:46:54,144
MLR ,2020-04-22 10:47:20,144
MLR ,2020-04-22 11:46:42,144
MLR ,2020-04-22 12:46:49,144
MLR ,2020-04-22 13:46:40,144
MLR ,2020-04-22 14:46:59,144
MLR ,2020-04-22 15:46:45,144
MLR ,2020-04-22 16:47:12,145
MLR ,2020-04-22 17:47:22,145
MLR ,2020-04-22 18:47:05,145
MLR ,2020-04-22 19:46:47,145
MLR ,2020-04-22 20:46:48,145
MLR ,2020-04-22 21:47:08,145
MLR ,2020-04-22 22:46:59,145
MLR ,2020-04-22 23:47:07,145
MLR ,2020-04-23 00:46:47,145
MLR ,2020-04-23 01:47:04,145
MLR ,2020-04-23 02:47:11,145
MLR ,2020-04-23 03:47:11,145
MLR ,2020-04-23 04:47:02,145
MLR ,2020-04-23 05:46:40,145
MLR ,2020-04-23 06:46:48,145
MLR ,2020-04-23 07:46:53,145
MLR ,2020-04-23 08:46:48,145
MLR ,2020-04-23 09:46:38,145
MLR ,2020-04-23 10:46:46,145
MLR ,2020-04-23 11:47:04,145
MLR ,2020-04-23 12:46:41,145
MLR ,2020-04-23 13:46:42,145
MLR ,2020-04-23 14:46:45,145
MLR ,2020-04-23 15:46:49,145
MLR ,2020-04-23 16:47:08,145
MLR ,2020-04-23 17:46:43,145
MLR ,2020-04-23 18:46:54,145
MLR ,2020-04-23 19:46:42,145
MLR ,2020-04-23 20:47:15,145
MLR ,2020-04-23 21:46:53,145
MLR ,2020-04-23 22:46:47,145
MLR ,2020-04-23 23:46:54,145
MLR ,2020-04-24 00:47:05,145
MLR ,2020-04-24 01:47:35,145
MLR ,2020-04-24 02:46:40,145
MLR ,2020-04-24 03:47:14,145
MLR ,2020-04-24 04:46:56,145
MLR ,2020-04-24 05:46:42,145
MLR ,2020-04-24 06:46:43,145
MLR ,2020-04-24 07:46:37,145
MLR ,2020-04-24 08:46:56,145
MLR ,2020-04-24 09:46:45,145
MLR ,2020-04-24 10:46:44,145
MLR ,2020-04-24 11:46:38,145
MLR ,2020-04-24 13:11:54,145
MLR ,2020-04-24 13:47:15,145
MLR ,2020-04-24 14:46:55,146
MLR ,2020-04-24 15:46:46,147
MLR ,2020-04-24 16:46:48,147
MLR ,2020-04-24 17:46:53,147
MLR ,2020-04-24 18:47:22,147
MLR ,2020-04-24 19:46:48,147
MLR ,2020-04-24 20:46:56,147
MLR ,2020-04-24 21:47:21,147
MLR ,2020-04-24 22:47:21,147
MLR ,2020-04-24 23:46:57,147
MLR ,2020-04-25 00:47:19,147
MLR ,2020-04-25 01:47:18,147
MLR ,2020-04-25 02:47:12,147
MLR ,2020-04-25 03:47:12,147
MLR ,2020-04-25 04:47:14,147
MLR ,2020-04-25 05:47:23,147
MLR ,2020-04-25 06:46:58,147
MLR ,2020-04-25 07:46:49,147
MLR ,2020-04-25 08:46:58,147
MLR ,2020-04-25 09:46:53,147
MLR ,2020-04-25 10:46:45,147
MLR ,2020-04-25 11:46:52,147
MLR ,2020-04-25 12:46:49,147
MLR ,2020-04-25 13:47:04,147
MLR ,2020-04-25 14:46:53,147
MLR ,2020-04-25 15:46:58,147
MLR ,2020-04-25 16:47:03,147
MLR ,2020-04-25 17:46:59,147
MLR ,2020-04-25 18:46:49,147
MLR ,2020-04-25 19:46:58,147
MLR ,2020-04-25 20:46:51,147
MLR ,2020-04-25 21:46:49,147
MLR ,2020-04-25 22:46:55,147
MLR ,2020-04-25 23:46:59,147
MLR ,2020-04-26 00:46:52,147
MLR ,2020-04-26 01:47:09,147
MLR ,2020-04-26 02:47:08,147
MLR ,2020-04-26 03:47:16,147
MLR ,2020-04-26 04:46:46,147
MLR ,2020-04-26 05:47:26,147
MLR ,2020-04-26 06:46:59,147
MLR ,2020-04-26 07:46:54,147
MLR ,2020-04-26 08:46:51,147
MLR ,2020-04-26 09:46:52,147
MLR ,2020-04-26 10:46:45,147
MLR ,2020-04-26 11:46:57,147
MLR ,2020-04-26 12:46:51,147
MLR ,2020-04-26 13:46:42,147
MLR ,2020-04-26 14:46:48,147
MLR ,2020-04-26 15:46:56,147
MLR ,2020-04-26 16:46:53,147
MLR ,2020-04-26 17:46:51,147
MLR ,2020-04-26 18:46:51,147
MLR ,2020-04-26 19:46:45,147
MLR ,2020-04-26 20:46:48,147
MLR ,2020-04-26 21:46:54,147
MLR ,2020-04-26 22:47:08,147
MLR ,2020-04-26 23:47:25,147
MLR ,2020-04-27 00:47:23,147
MLR ,2020-04-27 01:47:23,147
MLR ,2020-04-27 02:47:14,147
MLR ,2020-04-27 03:47:16,147
MLR ,2020-04-27 04:47:20,147
MLR ,2020-04-27 05:46:59,147
MLR ,2020-04-27 06:46:55,147
MLR ,2020-04-27 07:46:47,147
MLR ,2020-04-27 08:46:56,147
MLR ,2020-04-27 09:46:57,147
MLR ,2020-04-27 10:46:57,147
MLR ,2020-04-27 11:46:40,147
MLR ,2020-04-27 12:46:50,147
MLR ,2020-04-27 13:47:25,147
MLR ,2020-04-27 14:47:00,148
MLR ,2020-04-27 15:46:54,148
MLR ,2020-04-27 16:46:41,147
MLR ,2020-04-27 17:46:54,147
MLR ,2020-04-27 18:46:49,147
MLR ,2020-04-27 19:46:48,147
MLR ,2020-04-27 20:46:49,146
MLR ,2020-04-27 21:47:03,146
MLR ,2020-04-27 22:46:49,146
MLR ,2020-04-27 23:47:11,146
MLR ,2020-04-28 00:47:46,146
MLR ,2020-04-28 01:46:57,146
MLR ,2020-04-28 02:47:25,146
MLR ,2020-04-28 03:47:20,146
MLR ,2020-04-28 04:47:15,146
MLR ,2020-04-28 05:46:51,146
MLR ,2020-04-28 06:46:49,146
MLR ,2020-04-28 07:47:24,146
MLR ,2020-04-28 08:47:14,146
MLR ,2020-04-28 09:46:55,146
MLR ,2020-04-28 10:46:41,146
MLR ,2020-04-28 11:46:55,146
MLR ,2020-04-28 12:46:56,146
MLR ,2020-04-28 13:46:52,146
MLR ,2020-04-28 14:47:25,146
MLR ,2020-04-28 15:47:15,146
MLR ,2020-04-28 16:46:46,146
MLR ,2020-04-28 17:46:52,145
MLR ,2020-04-28 18:46:51,145
MLR ,2020-04-28 19:46:49,146
MLR ,2020-04-28 20:46:51,146
MLR ,2020-04-28 21:46:56,146
MLR ,2020-04-28 22:46:43,146
MLR ,2020-04-28 23:46:52,146
MLR ,2020-04-29 00:47:27,146
MLR ,2020-04-29 01:47:29,146
MLR ,2020-04-29 02:47:19,146
MLR ,2020-04-29 03:46:49,146
MLR ,2020-04-29 04:46:56,146
MLR ,2020-04-29 05:46:45,146
MLR ,2020-04-29 06:46:57,146
MLR ,2020-04-29 07:46:56,146
MLR ,2020-04-29 08:46:53,146
MLR ,2020-04-29 09:47:11,146
MLR ,2020-04-29 10:46:55,146
MLR ,2020-04-29 11:46:40,146
MLR ,2020-04-29 13:09:47,146
MLR ,2020-04-29 13:46:56,146
MLR ,2020-04-29 14:46:45,148
MLR ,2020-04-29 15:46:42,149
MLR ,2020-04-29 16:46:57,149
MLR ,2020-04-29 17:47:01,149
MLR ,2020-04-29 18:47:23,149
MLR ,2020-04-29 19:47:24,149
MLR ,2020-04-29 20:46:51,149
MLR ,2020-04-29 21:47:23,149
MLR ,2020-04-29 22:47:23,149
MLR ,2020-04-29 23:47:04,149
MLR ,2020-04-30 00:47:22,149
MLR ,2020-04-30 01:47:24,149
MLR ,2020-04-30 02:47:55,149
MLR ,2020-04-30 03:47:47,149
MLR ,2020-04-30 04:47:10,149
MLR ,2020-04-30 05:47:05,149
MLR ,2020-04-30 06:46:55,149
MLR ,2020-04-30 07:46:53,149
MLR ,2020-04-30 08:46:57,149
MLR ,2020-04-30 09:46:50,149
MLR ,2020-04-30 10:46:42,149
MLR ,2020-04-30 11:47:10,149
MLR ,2020-04-30 12:46:47,149
MLR ,2020-04-30 13:46:50,149
MLR ,2020-04-30 14:47:12,150
MLR ,2020-04-30 15:46:52,150
MLR ,2020-04-30 16:46:48,150
MLR ,2020-04-30 17:50:38,149
MLR ,2020-04-30 18:47:03,149
MLR ,2020-04-30 20:46:53,149
MLR ,2020-04-30 21:46:56,149
MLR ,2020-04-30 22:47:00,149
MLR ,2020-04-30 23:46:54,149
MLR ,2020-05-01 00:47:24,149
MLR ,2020-05-01 01:47:20,149
MLR ,2020-05-01 02:46:53,149
MLR ,2020-05-01 03:46:46,149
MLR ,2020-05-01 04:46:57,149
MLR ,2020-05-01 05:47:03,149
MLR ,2020-05-01 06:46:57,149
MLR ,2020-05-01 07:46:59,149
MLR ,2020-05-01 08:46:52,149
MLR ,2020-05-01 09:46:55,149
MLR ,2020-05-01 10:46:48,149
MLR ,2020-05-01 11:46:49,149
MLR ,2020-05-01 13:10:51,149
MLR ,2020-05-01 13:47:30,149
MLR ,2020-05-01 14:46:47,149
MLR ,2020-05-01 15:46:47,149
MLR ,2020-05-01 16:46:47,149
MLR ,2020-05-01 17:46:48,149
MLR ,2020-05-01 18:46:47,150
MLR ,2020-05-01 19:46:58,150
MLR ,2020-05-01 20:46:48,151
MLR ,2020-05-01 21:47:19,151
MLR ,2020-05-01 22:46:49,151
MLR ,2020-05-01 23:46:48,151
MLR ,2020-05-02 00:46:49,151
MLR ,2020-05-02 01:47:11,151
MLR ,2020-05-02 02:47:03,151
MLR ,2020-05-02 03:47:08,151
MLR ,2020-05-02 04:46:52,151
MLR ,2020-05-02 05:47:07,151
MLR ,2020-05-02 06:46:54,151
MLR ,2020-05-02 07:47:02,151
MLR ,2020-05-02 08:46:57,151
MLR ,2020-05-02 09:46:53,151
MLR ,2020-05-02 10:46:44,151
MLR ,2020-05-02 11:46:53,151
MLR ,2020-05-02 12:46:44,151
MLR ,2020-05-02 13:46:56,151
MLR ,2020-05-02 14:46:55,151
MLR ,2020-05-02 15:47:01,151
MLR ,2020-05-02 16:46:55,151
MLR ,2020-05-02 17:46:53,151
MLR ,2020-05-02 18:47:06,151
MLR ,2020-05-02 19:46:56,151
MLR ,2020-05-02 20:47:03,151
MLR ,2020-05-02 21:46:54,151
MLR ,2020-05-02 22:46:43,151
MLR ,2020-05-02 23:47:15,151
MLR ,2020-05-03 00:46:54,151
MLR ,2020-05-03 01:47:18,151
MLR ,2020-05-03 02:47:14,151
MLR ,2020-05-03 03:47:14,151
MLR ,2020-05-03 04:47:03,151
MLR ,2020-05-03 05:46:50,151
MLR ,2020-05-03 06:46:49,151
MLR ,2020-05-03 07:46:58,151
MLR ,2020-05-03 08:46:55,151
MLR ,2020-05-03 09:47:28,151
MLR ,2020-05-03 10:46:56,151
MLR ,2020-05-03 11:46:54,151
MLR ,2020-05-03 12:46:51,151
MLR ,2020-05-03 13:46:53,151
MLR ,2020-05-03 14:47:00,151
MLR ,2020-05-03 15:46:56,151
MLR ,2020-05-03 16:47:17,151
MLR ,2020-05-03 17:47:25,151
MLR ,2020-05-03 18:46:47,151
MLR ,2020-05-03 19:47:44,151
MLR ,2020-05-03 20:47:20,151
MLR ,2020-05-03 21:47:12,151
MLR ,2020-05-03 22:47:19,151
MLR ,2020-05-03 23:47:21,151
MLR ,2020-05-04 00:47:17,151
MLR ,2020-05-04 01:47:19,151
MLR ,2020-05-04 02:47:19,151
MLR ,2020-05-04 03:47:20,151
MLR ,2020-05-04 04:46:52,151
MLR ,2020-05-04 05:46:55,151
MLR ,2020-05-04 06:47:01,151
MLR ,2020-05-04 09:32:56,151
MLR ,2020-05-04 10:50:55,151
MLR ,2020-05-04 10:58:40,151
MLR ,2020-05-04 11:06:15,151
MLR ,2020-05-04 11:47:04,151
MLR ,2020-05-04 13:09:55,151
MLR ,2020-05-04 13:46:52,151
MLR ,2020-05-04 14:47:00,151
MLR ,2020-05-04 15:46:53,150
MLR ,2020-05-04 16:46:54,150
MLR ,2020-05-04 17:46:52,150
MLR ,2020-05-04 18:47:27,150
MLR ,2020-05-04 19:47:19,150
MLR ,2020-05-04 20:47:15,150
MLR ,2020-05-04 21:47:17,150
MLR ,2020-05-04 22:46:47,150
MLR ,2020-05-04 23:46:51,150
MLR ,2020-05-05 00:46:47,150
MLR ,2020-05-05 01:47:11,150
MLR ,2020-05-05 02:46:45,150
MLR ,2020-05-05 03:47:24,150
MLR ,2020-05-05 04:46:53,150
MLR ,2020-05-05 05:46:54,150
MLR ,2020-05-05 06:46:56,150
MLR ,2020-05-05 07:47:04,150
MLR ,2020-05-05 08:47:17,150
MLR ,2020-05-05 09:46:44,150
MLR ,2020-05-05 10:46:45,150
MLR ,2020-05-05 11:47:15,150
MLR ,2020-05-05 12:46:59,150
MLR ,2020-05-05 13:46:56,150
MLR ,2020-05-05 14:46:55,150
MLR ,2020-05-05 15:46:52,150
MLR ,2020-05-05 16:47:00,150
MLR ,2020-05-05 17:46:50,150
MLR ,2020-05-05 18:46:46,150
MLR ,2020-05-05 19:47:23,150
MLR ,2020-05-05 20:46:59,150
MLR ,2020-05-05 21:46:41,150
MLR ,2020-05-05 22:46:43,150
MLR ,2020-05-05 23:47:20,150
MLR ,2020-05-06 00:46:56,150
MLR ,2020-05-06 01:46:59,150
MLR ,2020-05-06 02:46:50,150
MLR ,2020-05-06 03:46:43,150
MLR ,2020-05-06 04:46:57,150
MLR ,2020-05-06 05:46:54,150
MLR ,2020-05-06 06:46:44,150
MLR ,2020-05-06 17:47:17,151
MLR ,2020-05-06 18:47:27,153
MLR ,2020-05-06 19:46:48,153
MLR ,2020-05-06 20:47:13,153
MLR ,2020-05-06 21:47:18,153
MLR ,2020-05-06 22:47:22,153
MLR ,2020-05-06 23:47:26,153
MLR ,2020-05-07 00:46:59,153
MLR ,2020-05-07 01:47:01,153
MLR ,2020-05-07 02:46:41,153
MLR ,2020-05-07 03:46:56,153
MLR ,2020-05-07 04:47:01,153
MLR ,2020-05-07 05:46:47,153
MLR ,2020-05-07 06:46:55,153
MLR ,2020-05-07 08:46:59,153
MLR ,2020-05-07 09:46:53,153
MLR ,2020-05-07 10:47:13,153
MLR ,2020-05-07 11:46:59,153
MLR ,2020-05-07 12:46:57,153
MLR ,2020-05-07 13:47:06,153
MLR ,2020-05-07 14:47:13,154
MLR ,2020-05-07 15:46:51,153
MLR ,2020-05-07 16:47:00,153
MLR ,2020-05-07 17:46:50,153
MLR ,2020-05-07 18:46:44,154
MLR ,2020-05-07 19:47:33,154
MLR ,2020-05-07 20:46:44,154
MLR ,2020-05-07 21:46:42,154
MLR ,2020-05-07 22:46:42,154
MLR ,2020-05-07 23:46:58,154
MLR ,2020-05-08 00:46:51,154
MLR ,2020-05-08 01:46:42,154
MLR ,2020-05-08 02:46:49,154
MLR ,2020-05-08 03:46:57,154
MLR ,2020-05-08 04:46:45,154
MLR ,2020-05-08 05:46:46,154
MLR ,2020-05-08 06:46:46,154
MLR ,2020-05-08 07:46:55,154
MLR ,2020-05-08 08:47:03,154
MLR ,2020-05-08 09:46:54,154
MLR ,2020-05-08 10:46:51,154
MLR ,2020-05-08 11:46:57,154
MLR ,2020-05-08 13:09:51,154
MLR ,2020-05-08 13:47:02,154
MLR ,2020-05-08 14:46:53,155
MLR ,2020-05-08 15:46:55,155
MLR ,2020-05-08 16:47:18,155
MLR ,2020-05-08 17:47:18,155
MLR ,2020-05-08 18:46:58,155
MLR ,2020-05-08 19:46:46,155
MLR ,2020-05-08 20:46:56,154
MLR ,2020-05-08 21:46:51,154
MLR ,2020-05-08 22:47:00,154
MLR ,2020-05-08 23:46:53,154
MLR ,2020-05-09 00:46:49,154
MLR ,2020-05-09 01:47:06,154
MLR ,2020-05-09 02:46:54,154
MLR ,2020-05-09 03:47:28,154
MLR ,2020-05-09 04:46:50,154
MLR ,2020-05-09 05:46:56,154
MLR ,2020-05-09 06:47:03,154
MLR ,2020-05-09 07:46:47,154
MLR ,2020-05-09 08:47:05,154
MLR ,2020-05-09 09:46:54,154
MLR ,2020-05-09 10:46:54,154
MLR ,2020-05-09 11:46:44,154
MLR ,2020-05-09 12:46:48,154
MLR ,2020-05-09 13:46:51,154
MLR ,2020-05-09 14:46:45,154
MLR ,2020-05-09 15:46:52,154
MLR ,2020-05-09 16:46:44,154
MLR ,2020-05-09 17:46:53,154
MLR ,2020-05-09 18:46:55,154
MLR ,2020-05-09 19:46:51,154
MLR ,2020-05-09 20:46:47,154
MLR ,2020-05-09 21:47:00,154
MLR ,2020-05-09 22:46:55,154
MLR ,2020-05-09 23:46:48,154
MLR ,2020-05-10 00:47:15,154
MLR ,2020-05-10 01:46:50,154
MLR ,2020-05-10 02:47:23,154
MLR ,2020-05-10 03:46:59,154
MLR ,2020-05-10 04:47:00,154
MLR ,2020-05-10 05:47:07,154
MLR ,2020-05-10 06:46:52,154
MLR ,2020-05-10 07:47:02,154
MLR ,2020-05-10 08:46:54,154
MLR ,2020-05-10 09:46:58,154
MLR ,2020-05-10 10:46:58,154
MLR ,2020-05-10 11:47:01,154
MLR ,2020-05-10 12:46:51,154
MLR ,2020-05-10 13:46:59,154
MLR ,2020-05-10 14:46:46,154
MLR ,2020-05-10 15:46:54,154
MLR ,2020-05-10 16:46:51,154
MLR ,2020-05-10 17:46:49,154
MLR ,2020-05-10 18:46:56,154
MLR ,2020-05-10 19:46:51,154
MLR ,2020-05-10 20:47:04,154
MLR ,2020-05-10 21:46:53,154
MLR ,2020-05-10 22:46:54,154
MLR ,2020-05-10 23:46:56,154
MLR ,2020-05-11 00:46:56,154
MLR ,2020-05-11 01:46:46,154
MLR ,2020-05-11 02:46:55,154
MLR ,2020-05-11 03:47:26,154
MLR ,2020-05-11 04:46:54,154
MLR ,2020-05-11 05:46:52,154
MLR ,2020-05-11 06:46:55,154
MLR ,2020-05-11 07:47:02,154
MLR ,2020-05-11 08:47:08,154
MLR ,2020-05-11 09:47:21,154
MLR ,2020-05-11 10:46:53,154
MLR ,2020-05-11 11:46:45,154
MLR ,2020-05-11 13:08:51,154
MLR ,2020-05-11 13:47:06,154
MLR ,2020-05-11 14:46:59,154
MLR ,2020-05-11 15:47:23,155
MLR ,2020-05-11 16:46:59,155
MLR ,2020-05-11 17:47:01,154
MLR ,2020-05-11 18:46:58,155
MLR ,2020-05-11 19:46:50,155
MLR ,2020-05-11 20:46:51,155
MLR ,2020-05-11 21:46:53,155
MLR ,2020-05-11 22:46:42,155
MLR ,2020-05-11 23:47:04,155
MLR ,2020-05-12 00:46:56,155
MLR ,2020-05-12 01:46:56,155
MLR ,2020-05-12 02:46:51,155
MLR ,2020-05-12 03:46:45,155
MLR ,2020-05-12 04:46:52,155
MLR ,2020-05-12 05:46:48,155
MLR ,2020-05-12 06:47:01,155
MLR ,2020-05-12 07:46:51,155
MLR ,2020-05-12 08:46:51,155
MLR ,2020-05-12 09:48:11,155
MLR ,2020-05-12 10:46:59,155
MLR ,2020-05-12 11:46:45,155
MLR ,2020-05-12 13:14:51,155
MLR ,2020-05-12 17:46:45,156
MLR ,2020-05-12 18:46:46,156
MLR ,2020-05-12 19:47:11,156
MLR ,2020-05-12 20:47:20,156
MLR ,2020-05-12 21:47:05,156
MLR ,2020-05-12 22:46:44,156
MLR ,2020-05-12 23:46:46,156
MLR ,2020-05-13 00:47:12,156
MLR ,2020-05-13 01:46:56,156
MLR ,2020-05-13 02:47:18,156
MLR ,2020-05-13 03:47:20,156
MLR ,2020-05-13 06:46:50,156
MLR ,2020-05-13 07:47:16,156
MLR ,2020-05-13 08:47:08,156
MLR ,2020-05-13 09:46:44,156
MLR ,2020-05-13 10:46:49,156
MLR ,2020-05-13 11:46:45,156
MLR ,2020-05-13 12:46:46,156
MLR ,2020-05-13 13:46:45,156
MLR ,2020-05-13 14:46:46,156
MLR ,2020-05-13 15:46:53,156
MLR ,2020-05-13 16:47:13,156
MLR ,2020-05-13 17:46:48,156
MLR ,2020-05-13 18:47:06,157
MLR ,2020-05-13 19:46:49,157
MLR ,2020-05-13 20:46:47,158
MLR ,2020-05-13 21:46:46,158
MLR ,2020-05-13 22:46:51,158
MLR ,2020-05-13 23:46:56,158
MLR ,2020-05-14 00:47:01,158
MLR ,2020-05-14 01:46:54,158
MLR ,2020-05-14 02:46:47,158
MLR ,2020-05-14 03:46:54,158
MLR ,2020-05-14 04:46:48,158
MLR ,2020-05-14 05:46:54,158
MLR ,2020-05-14 06:47:01,158
MLR ,2020-05-14 07:46:50,158
MLR ,2020-05-14 08:47:02,158
MLR ,2020-05-14 09:46:46,158
MLR ,2020-05-14 10:46:55,158
MLR ,2020-05-14 11:47:00,158
MLR ,2020-05-14 12:46:53,158
MLR ,2020-05-14 13:46:59,158
MLR ,2020-05-14 14:46:56,161
MLR ,2020-05-14 15:46:52,162
MLR ,2020-05-14 16:46:43,162
MLR ,2020-05-14 17:46:47,162
MLR ,2020-05-14 18:47:05,162
MLR ,2020-05-14 19:47:03,162
MLR ,2020-05-14 20:46:47,162
MLR ,2020-05-14 21:46:52,162
MLR ,2020-05-14 22:47:11,162
MLR ,2020-05-14 23:46:57,162
MLR ,2020-05-15 00:47:13,162
MLR ,2020-05-15 01:47:15,162
MLR ,2020-05-15 02:47:16,162
MLR ,2020-05-15 03:47:16,162
MLR ,2020-05-15 04:47:17,162
MLR ,2020-05-15 05:46:53,162
MLR ,2020-05-15 06:47:12,162
MLR ,2020-05-15 07:46:46,162
MLR ,2020-05-15 08:46:57,162
MLR ,2020-05-15 09:47:03,162
MLR ,2020-05-15 10:46:46,162
MLR ,2020-05-15 11:46:51,162
MLR ,2020-05-15 12:46:48,162
MLR ,2020-05-15 13:46:55,162
MLR ,2020-05-15 14:46:45,163
MLR ,2020-05-15 15:46:51,163
MLR ,2020-05-15 16:46:44,163
MLR ,2020-05-15 17:47:05,164
MLR ,2020-05-15 18:46:46,164
MLR ,2020-05-15 19:46:58,164
MLR ,2020-05-15 20:46:52,163
MLR ,2020-05-15 21:46:54,163
MLR ,2020-05-15 22:46:44,163
MLR ,2020-05-15 23:46:42,163
MLR ,2020-05-16 00:47:09,163
MLR ,2020-05-16 01:47:07,163
MLR ,2020-05-16 02:47:22,163
MLR ,2020-05-16 03:47:02,163
MLR ,2020-05-16 04:46:50,163
MLR ,2020-05-16 05:46:49,163
MLR ,2020-05-16 06:47:19,163
MLR ,2020-05-16 07:47:16,163
MLR ,2020-05-16 08:46:50,163
MLR ,2020-05-16 09:47:00,163
MLR ,2020-05-16 10:46:47,163
MLR ,2020-05-16 11:46:43,163
MLR ,2020-05-16 12:46:56,163
MLR ,2020-05-16 13:46:50,163
MLR ,2020-05-16 14:46:45,163
MLR ,2020-05-16 15:46:55,163
MLR ,2020-05-16 16:46:51,163
MLR ,2020-05-16 17:46:46,163
MLR ,2020-05-16 18:46:51,163
MLR ,2020-05-16 19:46:47,163
MLR ,2020-05-16 20:46:54,163
MLR ,2020-05-16 21:46:52,163
MLR ,2020-05-16 22:46:56,163
MLR ,2020-05-16 23:46:54,163
MLR ,2020-05-17 00:47:01,163
MLR ,2020-05-17 01:46:59,163
MLR ,2020-05-18 09:27:42,163
MLR ,2020-05-18 09:31:01,163
MLR ,2020-05-18 09:31:03,163
MLR ,2020-05-18 09:31:09,163
MLR ,2020-05-18 09:31:38,163
MLR ,2020-05-18 09:33:25,163
MLR ,2020-05-18 09:33:41,163
MLR ,2020-05-18 09:34:27,163
MLR ,2020-05-18 09:35:46,163
MLR ,2020-05-18 09:43:54,163
MLR ,2020-05-18 09:46:05,163
MLR ,2020-05-18 09:46:47,163
MLR ,2020-05-18 09:46:49,163
MLR ,2020-05-18 09:46:57,163
MLR ,2020-05-18 09:47:03,163
MLR ,2020-05-18 09:47:08,163
MLR ,2020-05-18 09:47:31,163
MLR ,2020-05-18 10:24:48,163
MLR ,2020-05-18 10:25:57,163
MLR ,2020-05-18 10:34:15,163
MLR ,2020-05-18 10:59:18,163
MLR ,2020-05-18 11:03:51,163
MLR ,2020-05-18 11:08:40,163
MLR ,2020-05-18 11:09:40,163
MLR ,2020-05-18 11:11:42,163
MLR ,2020-05-18 11:18:05,163
MLR ,2020-05-18 11:19:03,163
MLR ,2020-05-18 11:24:59,163
MLR ,2020-05-18 11:31:39,163
MLR ,2020-05-18 11:35:54,163
MLR ,2020-05-18 11:46:31,163
MLR ,2020-05-18 11:54:08,163
MLR ,2020-05-18 12:01:45,163
MLR ,2020-05-18 12:09:22,163
MLR ,2020-05-18 13:09:20,163
MLR ,2020-05-18 13:47:01,163
MLR ,2020-05-18 14:46:51,163
MLR ,2020-05-18 15:47:25,163
MLR ,2020-05-18 16:47:35,163
MLR ,2020-05-18 17:46:51,162
MLR ,2020-05-18 18:47:17,161
MLR ,2020-05-18 19:47:15,161
MLR ,2020-05-18 20:46:57,161
MLR ,2020-05-18 21:47:19,161
MLR ,2020-05-18 22:47:22,161
MLR ,2020-05-18 23:47:26,161
MLR ,2020-05-19 01:46:47,161
MLR ,2020-05-19 02:47:02,161
MLR ,2020-05-19 03:46:58,161
MLR ,2020-05-19 04:46:56,161
MLR ,2020-05-19 05:46:58,161
MLR ,2020-05-19 06:46:57,161
MLR ,2020-05-19 07:46:58,161
MLR ,2020-05-19 08:47:10,161
MLR ,2020-05-19 09:47:33,161
MLR ,2020-05-19 10:46:56,161
MLR ,2020-05-19 11:47:16,161
MLR ,2020-05-19 13:09:53,161
MLR ,2020-05-19 13:46:59,161
MLR ,2020-05-19 14:46:52,161
MLR ,2020-05-19 15:46:49,161
MLR ,2020-05-19 16:46:59,162
MLR ,2020-05-19 17:46:49,162
MLR ,2020-05-19 18:46:58,162
MLR ,2020-05-19 19:46:55,162
MLR ,2020-05-19 20:47:02,163
MLR ,2020-05-19 21:47:01,163
MLR ,2020-05-19 22:47:21,163
MLR ,2020-05-19 23:46:54,163
MLR ,2020-05-20 00:47:22,163
MLR ,2020-05-20 01:47:30,163
MLR ,2020-05-20 02:47:21,163
MLR ,2020-05-20 03:47:22,163
MLR ,2020-05-20 04:47:03,163
MLR ,2020-05-20 05:46:56,163
MLR ,2020-05-20 06:46:52,163
MLR ,2020-05-20 07:47:07,163
MLR ,2020-05-20 08:46:51,163
MLR ,2020-05-20 09:47:00,163
MLR ,2020-05-20 10:46:49,163
MLR ,2020-05-20 11:46:51,163
MLR ,2020-05-20 12:46:47,163
MLR ,2020-05-20 13:46:59,163
MLR ,2020-05-20 14:46:52,164
MLR ,2020-05-20 15:47:24,162
MLR ,2020-05-20 16:46:51,162
MLR ,2020-05-20 17:47:20,162
MLR ,2020-05-20 18:46:57,162
MLR ,2020-05-20 19:46:56,162
MLR ,2020-05-20 20:46:48,162
MLR ,2020-05-20 21:46:59,162
MLR ,2020-05-20 22:46:43,162
MLR ,2020-05-20 23:46:52,162
MLR ,2020-05-21 00:47:16,162
MLR ,2020-05-21 01:46:47,162
MLR ,2020-05-21 02:46:56,162
MLR ,2020-05-21 03:46:56,162
MLR ,2020-05-21 04:46:50,162
MLR ,2020-05-21 05:46:52,162
MLR ,2020-05-21 06:46:59,162
MLR ,2020-05-21 07:46:53,162
MLR ,2020-05-21 08:46:59,162
MLR ,2020-05-21 09:46:48,162
MLR ,2020-05-21 10:46:54,162
MLR ,2020-05-21 11:46:57,162
MLR ,2020-05-21 12:46:53,162
MLR ,2020-05-21 13:46:58,162
MLR ,2020-05-21 14:46:52,163
MLR ,2020-05-21 15:46:49,164
MLR ,2020-05-21 16:47:08,164
MLR ,2020-05-21 17:47:00,163
MLR ,2020-05-21 18:46:58,163
MLR ,2020-05-21 19:46:51,163
MLR ,2020-05-21 20:46:58,163
MLR ,2020-05-21 21:46:59,163
MLR ,2020-05-21 22:47:02,163
MLR ,2020-05-21 23:47:25,163
MLR ,2020-05-22 00:48:23,163
MLR ,2020-05-22 01:46:56,163
MLR ,2020-05-22 02:46:59,163
MLR ,2020-05-22 03:47:24,163
MLR ,2020-05-22 04:47:01,163
MLR ,2020-05-22 05:47:05,163
MLR ,2020-05-22 06:46:53,163
MLR ,2020-05-22 07:46:59,163
MLR ,2020-05-22 08:47:12,163
MLR ,2020-05-22 09:47:02,163
MLR ,2020-05-22 10:46:56,163
MLR ,2020-05-22 11:46:53,163
MLR ,2020-05-22 12:46:58,163
MLR ,2020-05-22 13:47:05,163
MLR ,2020-05-22 14:46:53,164
MLR ,2020-05-22 15:46:53,164
MLR ,2020-05-22 16:46:57,164
MLR ,2020-05-22 17:46:56,164
MLR ,2020-05-22 18:47:21,164
MLR ,2020-05-22 19:46:57,164
MLR ,2020-05-22 20:46:49,163
MLR ,2020-05-22 21:46:50,163
MLR ,2020-05-22 22:46:56,163
MLR ,2020-05-22 23:46:51,163
MLR ,2020-05-23 00:46:58,163
MLR ,2020-05-23 01:46:52,163
MLR ,2020-05-23 02:47:07,163
MLR ,2020-05-23 03:47:01,163
MLR ,2020-05-23 04:47:13,163
MLR ,2020-05-23 05:46:57,163
MLR ,2020-05-23 06:47:08,163
MLR ,2020-05-23 07:47:07,163
MLR ,2020-05-23 08:47:07,163
MLR ,2020-05-23 09:47:00,163
MLR ,2020-05-23 10:46:55,163
MLR ,2020-05-23 11:47:09,163
MLR ,2020-05-23 12:46:58,163
MLR ,2020-05-23 13:47:03,163
MLR ,2020-05-23 14:46:59,163
MLR ,2020-05-23 15:46:52,163
MLR ,2020-05-23 16:47:06,163
MLR ,2020-05-23 17:47:00,163
MLR ,2020-05-23 18:47:10,163
MLR ,2020-05-23 19:46:56,163
MLR ,2020-05-23 20:46:49,163
MLR ,2020-05-23 21:46:50,163
MLR ,2020-05-23 22:46:56,163
MLR ,2020-05-23 23:46:57,163
MLR ,2020-05-24 00:47:08,163
MLR ,2020-05-24 01:47:12,163
MLR ,2020-05-24 02:46:51,163
MLR ,2020-05-24 03:46:58,163
MLR ,2020-05-24 04:46:58,163
MLR ,2020-05-24 05:46:52,163
MLR ,2020-05-24 06:46:53,163
MLR ,2020-05-24 07:46:53,163
MLR ,2020-05-24 08:47:03,163
MLR ,2020-05-24 09:46:50,163
MLR ,2020-05-24 10:47:06,163
MLR ,2020-05-24 11:47:01,163
MLR ,2020-05-24 12:46:57,163
MLR ,2020-05-24 13:47:04,163
MLR ,2020-05-24 14:47:01,163
MLR ,2020-05-24 15:46:49,163
MLR ,2020-05-24 16:47:06,163
MLR ,2020-05-24 17:47:02,163
MLR ,2020-05-24 18:47:05,163
MLR ,2020-05-24 19:47:00,163
MLR ,2020-05-24 20:47:00,163
MLR ,2020-05-24 21:47:09,163
MLR ,2020-05-24 22:47:03,163
MLR ,2020-05-24 23:46:50,163
MLR ,2020-05-25 00:46:54,163
MLR ,2020-05-25 01:47:12,163
MLR ,2020-05-25 02:47:01,163
MLR ,2020-05-25 03:47:20,163
MLR ,2020-05-25 04:46:58,163
MLR ,2020-05-25 06:48:05,163
MLR ,2020-05-25 07:47:02,163
MLR ,2020-05-25 08:47:09,163
MLR ,2020-05-25 09:46:59,163
MLR ,2020-05-25 10:46:56,163
MLR ,2020-05-25 11:47:13,163
MLR ,2020-05-25 12:46:57,163
MLR ,2020-05-25 13:46:50,163
MLR ,2020-05-25 14:47:06,163
MLR ,2020-05-25 15:46:55,163
MLR ,2020-05-25 16:46:47,163
MLR ,2020-05-25 17:46:57,163
MLR ,2020-05-25 18:46:58,163
MLR ,2020-05-25 19:47:02,163
MLR ,2020-05-25 20:47:01,163
MLR ,2020-05-25 21:46:49,163
MLR ,2020-05-25 22:46:48,163
MLR ,2020-05-25 23:46:50,163
MLR ,2020-05-26 00:47:01,163
MLR ,2020-05-26 01:46:50,163
MLR ,2020-05-26 02:46:47,163
MLR ,2020-05-26 03:47:02,163
MLR ,2020-05-26 04:47:06,163
MLR ,2020-05-26 05:46:55,163
MLR ,2020-05-26 06:46:59,163
MLR ,2020-05-26 07:47:03,163
MLR ,2020-05-26 08:47:06,163
MLR ,2020-05-26 09:46:59,163
MLR ,2020-05-26 10:46:56,163
MLR ,2020-05-26 11:47:03,163
MLR ,2020-05-26 12:46:55,163
MLR ,2020-05-26 13:47:02,163
MLR ,2020-05-26 14:46:58,165
MLR ,2020-05-26 15:46:55,165
MLR ,2020-05-26 16:46:53,163
MLR ,2020-05-26 17:46:59,163
MLR ,2020-05-26 18:46:50,163
MLR ,2020-05-26 19:46:54,163
MLR ,2020-05-26 20:46:58,163
MLR ,2020-05-26 21:47:16,163
MLR ,2020-05-26 22:46:51,163
MLR ,2020-05-26 23:46:53,163
MLR ,2020-05-27 00:47:32,163
MLR ,2020-05-27 01:46:51,163
MLR ,2020-05-27 02:46:54,163
MLR ,2020-05-27 03:46:57,163
MLR ,2020-05-27 04:46:57,163
MLR ,2020-05-27 05:46:53,163
MLR ,2020-05-27 06:47:01,163
MLR ,2020-05-27 07:46:59,163
MLR ,2020-05-27 08:46:52,163
MLR ,2020-05-27 09:46:49,163
MLR ,2020-05-27 10:46:52,163
MLR ,2020-05-27 11:46:47,163
MLR ,2020-05-27 13:10:22,163
MLR ,2020-05-27 13:47:09,163
MLR ,2020-05-27 14:46:58,163
MLR ,2020-05-27 15:46:49,163
MLR ,2020-05-27 16:46:51,163
MLR ,2020-05-27 17:46:49,163
MLR ,2020-05-27 18:46:49,163
MLR ,2020-05-27 19:47:01,162
MLR ,2020-05-27 20:46:56,162
MLR ,2020-05-27 21:46:54,162
MLR ,2020-05-27 22:46:54,162
MLR ,2020-05-27 23:46:50,162
MLR ,2020-05-28 00:46:59,162
MLR ,2020-05-28 01:47:04,162
MLR ,2020-05-28 02:46:53,162
MLR ,2020-05-28 03:46:52,162
MLR ,2020-05-28 04:46:55,162
MLR ,2020-05-28 05:46:49,162
MLR ,2020-05-28 06:46:54,162
MLR ,2020-05-28 07:47:07,162
MLR ,2020-05-28 08:47:00,162
MLR ,2020-05-28 09:46:52,162
MLR ,2020-05-28 10:47:05,162
MLR ,2020-05-28 11:47:08,162
MLR ,2020-05-28 13:10:57,162
MLR ,2020-05-28 13:47:02,162
MLR ,2020-05-28 14:47:06,163
MLR ,2020-05-28 15:47:00,163
MLR ,2020-05-28 16:47:09,164
MLR ,2020-05-28 17:46:58,164
MLR ,2020-05-28 18:46:57,164
MLR ,2020-05-28 19:46:54,164
MLR ,2020-05-28 20:47:10,164
MLR ,2020-05-28 21:47:16,164
MLR ,2020-05-28 22:46:55,164
MLR ,2020-05-28 23:47:12,164
MLR ,2020-05-29 00:47:02,164
MLR ,2020-05-29 01:47:02,164
MLR ,2020-05-29 02:47:28,164
MLR ,2020-05-29 03:46:57,164
MLR ,2020-05-29 04:47:03,164
MLR ,2020-05-29 05:47:17,164
MLR ,2020-05-29 06:47:11,164
MLR ,2020-05-29 07:47:16,164
MLR ,2020-05-29 08:47:09,164
MLR ,2020-05-29 09:53:22,164
MLR ,2020-05-29 10:47:04,164
MLR ,2020-05-29 11:47:00,164
MLR ,2020-05-29 12:47:25,164
MLR ,2020-05-29 13:47:11,164
MLR ,2020-05-29 14:47:03,166
MLR ,2020-05-29 15:46:58,167
MLR ,2020-05-29 16:46:51,167
MLR ,2020-05-29 17:47:05,167
MLR ,2020-05-29 18:47:04,167
MLR ,2020-05-29 19:46:59,167
MLR ,2020-05-29 20:47:12,167
MLR ,2020-05-29 21:46:56,167
MLR ,2020-05-29 22:46:58,167
MLR ,2020-05-29 23:47:11,167
MLR ,2020-05-30 00:46:53,167
MLR ,2020-05-30 01:46:51,167
MLR ,2020-05-30 02:46:57,167
MLR ,2020-05-30 03:46:59,167
MLR ,2020-05-30 04:46:56,167
MLR ,2020-05-30 05:47:02,167
MLR ,2020-05-30 06:47:03,167
MLR ,2020-05-30 07:47:28,167
MLR ,2020-05-30 08:47:03,167
MLR ,2020-05-30 09:46:55,167
MLR ,2020-05-30 10:47:04,167
MLR ,2020-05-30 11:47:00,167
MLR ,2020-05-30 12:46:58,167
MLR ,2020-05-30 13:46:58,167
MLR ,2020-05-30 14:46:52,167
MLR ,2020-05-30 15:46:56,167
MLR ,2020-05-30 16:47:14,167
MLR ,2020-05-30 17:47:00,167
MLR ,2020-05-30 18:46:59,167
MLR ,2020-05-30 19:47:05,167
MLR ,2020-05-30 20:46:56,167
MLR ,2020-05-30 21:47:06,167
MLR ,2020-05-30 22:46:57,167
MLR ,2020-05-30 23:47:08,167
MLR ,2020-05-31 00:47:05,167
MLR ,2020-05-31 01:47:06,167
MLR ,2020-05-31 02:47:02,167
MLR ,2020-05-31 03:47:02,167
MLR ,2020-05-31 04:46:56,167
MLR ,2020-05-31 05:47:05,167
MLR ,2020-05-31 06:47:03,167
MLR ,2020-05-31 07:47:07,167
MLR ,2020-05-31 09:31:24,167
MLR ,2020-05-31 09:46:59,167
MLR ,2020-05-31 13:12:27,167
MLR ,2020-05-31 13:21:07,167
MLR ,2020-05-31 13:21:11,167
MLR ,2020-06-01 05:12:27,167
MLR ,2020-06-01 05:32:57,167
MLR ,2020-06-01 05:33:15,167
MLR ,2020-06-01 05:34:03,167
MLR ,2020-06-01 05:51:29,167
MLR ,2020-06-01 05:53:23,167
MLR ,2020-06-01 05:59:02,167
MLR ,2020-06-01 06:01:06,167
MLR ,2020-06-01 06:04:12,167
MLR ,2020-06-01 06:09:41,167
MLR ,2020-06-01 06:12:44,167
MLR ,2020-06-01 06:14:28,167
MLR ,2020-06-01 06:18:58,167
MLR ,2020-06-01 06:26:18,167
MLR ,2020-06-01 06:29:04,167
MLR ,2020-06-01 06:39:59,167
MLR ,2020-06-01 06:47:34,167
MLR ,2020-06-01 06:55:10,167
MLR ,2020-06-01 07:46:59,167
MLR ,2020-06-01 08:47:13,167
MLR ,2020-06-01 09:47:17,167
MLR ,2020-06-01 10:46:55,167
MLR ,2020-06-01 11:46:59,167
MLR ,2020-06-01 13:08:56,167
MLR ,2020-06-01 13:47:44,167
MLR ,2020-06-01 14:47:05,168
MLR ,2020-06-01 15:47:01,168
MLR ,2020-06-01 16:47:31,168
MLR ,2020-06-01 17:47:26,168
MLR ,2020-06-01 18:47:25,168
MLR ,2020-06-01 19:47:06,169
MLR ,2020-06-01 20:47:02,169
MLR ,2020-06-01 21:46:59,169
MLR ,2020-06-01 22:46:53,169
MLR ,2020-06-01 23:47:04,169
MLR ,2020-06-02 00:47:05,169
MLR ,2020-06-02 01:46:54,169
MLR ,2020-06-02 02:46:53,169
MLR ,2020-06-02 03:46:59,169
MLR ,2020-06-02 04:46:58,169
MLR ,2020-06-02 05:47:01,169
MLR ,2020-06-02 06:47:15,169
MLR ,2020-06-02 07:47:04,169
MLR ,2020-06-02 08:47:10,169
MLR ,2020-06-02 09:46:58,169
MLR ,2020-06-02 10:47:08,169
MLR ,2020-06-02 11:46:59,169
MLR ,2020-06-02 12:47:09,169
MLR ,2020-06-02 13:47:10,169
MLR ,2020-06-02 14:47:34,169
MLR ,2020-06-02 15:47:31,166
MLR ,2020-06-02 16:46:59,166
MLR ,2020-06-02 17:47:30,166
MLR ,2020-06-02 18:46:55,166
MLR ,2020-06-02 19:47:20,166
MLR ,2020-06-02 20:47:31,166
MLR ,2020-06-02 21:46:51,166
MLR ,2020-06-02 22:47:02,166
MLR ,2020-06-02 23:46:53,166
MLR ,2020-06-03 00:47:08,166
MLR ,2020-06-03 01:47:33,166
MLR ,2020-06-03 02:46:50,166
MLR ,2020-06-03 03:47:22,166
MLR ,2020-06-03 04:47:18,166
MLR ,2020-06-03 05:46:51,166
MLR ,2020-06-03 06:46:59,166
MLR ,2020-06-03 07:47:27,166
MLR ,2020-06-03 08:47:02,166
MLR ,2020-06-03 09:47:01,166
MLR ,2020-06-03 10:47:00,166
MLR ,2020-06-03 11:47:01,166
MLR ,2020-06-03 13:12:29,166
MLR ,2020-06-03 13:47:03,166
MLR ,2020-06-03 14:46:54,168
MLR ,2020-06-03 15:47:32,168
MLR ,2020-06-03 16:47:25,169
MLR ,2020-06-03 17:47:28,169
MLR ,2020-06-03 18:47:39,168
MLR ,2020-06-03 19:47:24,167
MLR ,2020-06-03 20:46:59,167
MLR ,2020-06-03 21:46:59,167
MLR ,2020-06-03 22:46:59,167
MLR ,2020-06-03 23:46:52,167
MLR ,2020-06-04 00:47:26,167
MLR ,2020-06-04 01:47:04,167
MLR ,2020-06-04 02:46:59,167
MLR ,2020-06-04 03:47:05,167
MLR ,2020-06-04 04:47:05,167
MLR ,2020-06-04 05:47:00,167
MLR ,2020-06-04 06:47:00,167
MLR ,2020-06-04 07:47:13,167
MLR ,2020-06-04 08:47:19,167
MLR ,2020-06-04 09:47:08,167
MLR ,2020-06-04 10:46:59,167
MLR ,2020-06-04 11:47:04,167
MLR ,2020-06-04 12:46:58,167
MLR ,2020-06-04 13:47:28,167
MLR ,2020-06-04 14:47:50,173
MLR ,2020-06-04 15:47:33,173
MLR ,2020-06-04 17:11:01,174
MLR ,2020-06-04 17:47:05,174
MLR ,2020-06-04 18:47:25,175
MLR ,2020-06-04 19:46:53,175
MLR ,2020-06-04 20:47:30,178
MLR ,2020-06-04 21:47:28,178
MLR ,2020-06-04 22:46:59,178
MLR ,2020-06-04 23:47:03,178
MLR ,2020-06-05 00:47:07,178
MLR ,2020-06-05 01:46:57,178
MLR ,2020-06-05 02:46:54,178
MLR ,2020-06-05 03:46:59,178
MLR ,2020-06-05 04:47:05,178
MLR ,2020-06-05 05:47:09,178
MLR ,2020-06-05 06:47:04,178
MLR ,2020-06-05 07:47:03,178
MLR ,2020-06-05 09:27:30,178
MLR ,2020-06-05 09:46:55,178
MLR ,2020-06-05 10:46:56,178
MLR ,2020-06-05 11:46:59,178
MLR ,2020-06-05 13:13:29,178
MLR ,2020-06-05 13:47:28,178
MLR ,2020-06-05 14:47:04,172
MLR ,2020-06-05 15:47:07,172
MLR ,2020-06-05 16:47:38,171
MLR ,2020-06-05 17:47:05,171
MLR ,2020-06-05 18:47:07,171
MLR ,2020-06-05 19:47:06,170
MLR ,2020-06-05 20:47:35,169
MLR ,2020-06-05 21:47:05,169
MLR ,2020-06-05 22:47:05,169
MLR ,2020-06-05 23:47:07,169
MLR ,2020-06-06 00:47:11,169
MLR ,2020-06-06 01:46:56,169
MLR ,2020-06-06 02:47:00,169
MLR ,2020-06-06 03:47:11,169
MLR ,2020-06-06 04:47:11,169
MLR ,2020-06-06 05:47:16,169
MLR ,2020-06-06 06:47:05,169
MLR ,2020-06-06 07:47:43,169
MLR ,2020-06-06 08:47:11,169
MLR ,2020-06-06 09:56:44,169
MLR ,2020-06-06 10:46:58,169
MLR ,2020-06-06 11:47:03,169
MLR ,2020-06-06 12:47:06,169
MLR ,2020-06-06 13:46:57,169
MLR ,2020-06-06 14:47:34,169
MLR ,2020-06-06 15:47:04,169
MLR ,2020-06-06 16:47:28,169
MLR ,2020-06-06 18:47:05,169
MLR ,2020-06-06 19:46:55,169
MLR ,2020-06-06 20:47:02,169
MLR ,2020-06-06 21:47:01,169
MLR ,2020-06-06 22:47:02,169
MLR ,2020-06-06 23:47:11,169
MLR ,2020-06-07 00:47:13,169
MLR ,2020-06-07 01:47:00,169
MLR ,2020-06-07 02:47:03,169
MLR ,2020-06-07 03:47:03,169
MLR ,2020-06-07 04:47:04,169
MLR ,2020-06-07 05:47:04,169
MLR ,2020-06-07 06:47:01,169
MLR ,2020-06-07 07:47:10,169
MLR ,2020-06-07 08:47:09,169
MLR ,2020-06-08 04:46:57,169
MLR ,2020-06-08 05:46:53,169
MLR ,2020-06-08 06:47:20,169
MLR ,2020-06-08 07:46:50,169
MLR ,2020-06-08 08:47:05,169
MLR ,2020-06-08 09:46:57,169
MLR ,2020-06-08 10:46:56,169
MLR ,2020-06-08 11:47:01,169
MLR ,2020-06-08 12:47:35,169
MLR ,2020-06-08 13:47:05,169
MLR ,2020-06-08 14:47:48,168
MLR ,2020-06-08 15:46:59,169
MLR ,2020-06-08 16:47:18,168
MLR ,2020-06-08 17:47:16,168
MLR ,2020-06-08 18:47:44,169
MLR ,2020-06-08 19:47:40,169
MLR ,2020-06-08 20:47:23,169
MLR ,2020-06-08 21:47:11,169
MLR ,2020-06-08 22:47:10,169
MLR ,2020-06-08 23:47:06,169
MLR ,2020-06-09 00:47:12,169
MLR ,2020-06-09 01:47:21,169
MLR ,2020-06-09 02:47:19,169
MLR ,2020-06-09 03:46:59,169
MLR ,2020-06-09 04:47:33,169
MLR ,2020-06-09 05:47:46,169
MLR ,2020-06-09 06:47:45,169
MLR ,2020-06-09 07:47:20,169
MLR ,2020-06-09 08:47:57,169
MLR ,2020-06-09 09:47:28,169
MLR ,2020-06-09 10:47:13,169
MLR ,2020-06-09 11:47:18,169
MLR ,2020-06-09 12:47:51,169
MLR ,2020-06-09 13:47:35,169
MLR ,2020-06-09 14:47:26,168
MLR ,2020-06-09 15:47:38,167
MLR ,2020-06-09 16:47:42,167
MLR ,2020-06-09 17:47:13,167
MLR ,2020-06-09 18:47:46,167
MLR ,2020-06-09 19:48:01,167
MLR ,2020-06-09 20:48:00,167
MLR ,2020-06-09 21:47:31,167
MLR ,2020-06-09 22:47:37,167
MLR ,2020-06-09 23:47:43,167
MLR ,2020-06-10 00:47:46,167
MLR ,2020-06-10 01:47:29,167
MLR ,2020-06-10 02:47:37,167
MLR ,2020-06-10 03:47:42,167
MLR ,2020-06-10 04:47:28,167
MLR ,2020-06-10 05:47:38,167
MLR ,2020-06-10 06:47:17,167
MLR ,2020-06-10 07:46:58,167
MLR ,2020-06-10 08:47:14,167
MLR ,2020-06-10 09:46:57,167
MLR ,2020-06-10 10:47:00,167
MLR ,2020-06-10 11:47:11,167
MLR ,2020-06-10 12:47:23,167
MLR ,2020-06-10 13:47:45,167
MLR ,2020-06-10 15:47:10,167
MLR ,2020-06-10 16:47:24,168
MLR ,2020-06-10 17:47:19,168
MLR ,2020-06-10 18:47:23,167
MLR ,2020-06-10 19:47:18,167
MLR ,2020-06-10 20:47:08,168
MLR ,2020-06-10 21:47:28,168
MLR ,2020-06-10 22:47:02,168
MLR ,2020-06-10 23:47:32,168
MLR ,2020-06-11 00:48:44,168
MLR ,2020-06-11 01:47:05,168
MLR ,2020-06-11 02:47:56,168
MLR ,2020-06-11 03:47:56,168
MLR ,2020-06-11 04:47:10,168
MLR ,2020-06-11 05:47:54,168
MLR ,2020-06-11 06:47:19,168
MLR ,2020-06-11 07:47:43,168
MLR ,2020-06-11 08:47:13,168
MLR ,2020-06-11 09:47:20,168
MLR ,2020-06-11 10:47:15,168
MLR ,2020-06-11 11:47:01,168
MLR ,2020-06-11 12:47:21,168
MLR ,2020-06-11 13:47:46,168
MLR ,2020-06-11 14:47:23,168
MLR ,2020-06-11 15:47:39,169
MLR ,2020-06-11 16:48:07,170
MLR ,2020-06-11 17:47:32,170
MLR ,2020-06-11 18:47:40,171
MLR ,2020-06-11 19:47:34,171
MLR ,2020-06-11 20:47:08,172
MLR ,2020-06-11 21:47:00,172
MLR ,2020-06-11 22:46:56,172
MLR ,2020-06-11 23:46:54,172
MLR ,2020-06-12 00:47:07,172
MLR ,2020-06-12 01:47:08,172
MLR ,2020-06-12 02:47:07,172
MLR ,2020-06-12 03:47:06,172
MLR ,2020-06-12 04:47:03,172
MLR ,2020-06-12 05:46:59,172
MLR ,2020-06-12 06:47:13,172
MLR ,2020-06-12 07:47:12,172
MLR ,2020-06-12 08:46:59,172
MLR ,2020-06-12 09:47:13,172
MLR ,2020-06-12 10:47:16,172
MLR ,2020-06-12 11:47:06,172
MLR ,2020-06-12 14:13:05,172
MLR ,2020-06-12 14:21:04,172
MLR ,2020-06-12 14:47:41,172
MLR ,2020-06-12 15:47:11,172
MLR ,2020-06-12 16:47:19,173
MLR ,2020-06-12 17:47:18,174
MLR ,2020-06-12 18:47:15,174
MLR ,2020-06-12 19:47:31,175
MLR ,2020-06-12 20:47:30,175
MLR ,2020-06-12 21:47:22,175
MLR ,2020-06-12 22:47:01,175
MLR ,2020-06-12 23:47:03,175
MLR ,2020-06-13 00:46:55,175
MLR ,2020-06-13 01:47:01,175
MLR ,2020-06-13 02:47:04,175
MLR ,2020-06-13 03:47:03,175
MLR ,2020-06-13 04:47:02,175
MLR ,2020-06-13 05:46:59,175
MLR ,2020-06-13 06:47:06,175
MLR ,2020-06-13 07:47:06,175
MLR ,2020-06-13 08:46:59,175
MLR ,2020-06-13 09:47:02,175
MLR ,2020-06-13 10:47:01,175
MLR ,2020-06-13 11:46:58,175
MLR ,2020-06-13 12:46:57,175
MLR ,2020-06-13 13:46:56,175
MLR ,2020-06-13 14:47:04,175
MLR ,2020-06-13 15:47:00,175
MLR ,2020-06-13 16:47:14,175
MLR ,2020-06-13 17:47:02,175
MLR ,2020-06-13 18:47:05,175
MLR ,2020-06-13 19:46:58,175
MLR ,2020-06-13 20:47:03,175
MLR ,2020-06-13 21:47:11,175
MLR ,2020-06-13 22:47:08,175
MLR ,2020-06-13 23:47:08,175
MLR ,2020-06-14 00:47:06,175
MLR ,2020-06-14 01:46:57,175
MLR ,2020-06-14 02:47:06,175
MLR ,2020-06-14 03:47:09,175
MLR ,2020-06-14 04:46:52,175
MLR ,2020-06-14 05:47:28,175
MLR ,2020-06-14 06:47:01,175
MLR ,2020-06-14 07:47:05,175
MLR ,2020-06-14 08:47:00,175
MLR ,2020-06-14 09:47:01,175
MLR ,2020-06-14 10:47:05,175
MLR ,2020-06-14 11:46:57,175
MLR ,2020-06-14 12:47:00,175
MLR ,2020-06-14 13:47:01,175
MLR ,2020-06-14 14:47:04,175
MLR ,2020-06-14 15:47:11,175
MLR ,2020-06-14 16:47:00,175
MLR ,2020-06-14 17:47:06,175
MLR ,2020-06-14 18:47:12,175
MLR ,2020-06-14 19:47:03,175
MLR ,2020-06-14 20:47:05,175
MLR ,2020-06-14 21:47:17,175
MLR ,2020-06-14 22:47:00,175
MLR ,2020-06-14 23:47:05,175
MLR ,2020-06-15 00:47:22,175
MLR ,2020-06-15 01:47:13,175
MLR ,2020-06-15 02:47:09,175
MLR ,2020-06-15 03:47:05,175
MLR ,2020-06-15 04:47:17,175
MLR ,2020-06-15 05:47:30,175
MLR ,2020-06-15 06:47:02,175
MLR ,2020-06-15 07:47:00,175
MLR ,2020-06-15 08:47:28,175
MLR ,2020-06-15 09:47:06,175
MLR ,2020-06-15 10:46:55,175
MLR ,2020-06-15 11:46:58,175
MLR ,2020-06-15 12:47:11,175
MLR ,2020-06-15 13:47:51,175
MLR ,2020-06-15 14:47:38,177
MLR ,2020-06-15 15:47:14,176
MLR ,2020-06-15 16:47:29,176
MLR ,2020-06-15 17:47:15,175
MLR ,2020-06-15 18:44:01,175
MLR ,2020-06-15 18:51:40,175
MLR ,2020-06-15 18:59:19,175
MLR ,2020-06-15 19:07:01,174
MLR ,2020-06-15 19:14:49,174
MLR ,2020-06-15 19:22:36,174
MLR ,2020-06-15 19:30:17,174
MLR ,2020-06-15 19:37:57,174
MLR ,2020-06-15 19:45:36,174
MLR ,2020-06-15 19:53:16,174
MLR ,2020-06-15 20:01:05,174
MLR ,2020-06-15 20:08:46,174
MLR ,2020-06-15 20:13:48,174
MLR ,2020-06-15 20:21:26,174
MLR ,2020-06-15 20:29:05,174
MLR ,2020-06-15 20:36:44,174
MLR ,2020-06-15 20:44:22,174
MLR ,2020-06-15 20:51:59,174
MLR ,2020-06-15 20:59:41,174
MLR ,2020-06-15 21:07:23,174
MLR ,2020-06-15 21:15:03,174
MLR ,2020-06-15 21:22:40,174
MLR ,2020-06-15 21:30:18,174
MLR ,2020-06-15 21:37:55,174
MLR ,2020-06-15 21:45:33,174
MLR ,2020-06-15 21:53:12,174
MLR ,2020-06-15 22:47:03,174
MLR ,2020-06-15 23:46:56,174
MLR ,2020-06-16 00:47:01,174
MLR ,2020-06-16 01:46:55,174
MLR ,2020-06-16 02:47:52,174
MLR ,2020-06-16 03:47:01,174
MLR ,2020-06-16 04:46:54,174
MLR ,2020-06-16 05:47:00,174
MLR ,2020-06-16 06:47:33,174
MLR ,2020-06-16 07:47:27,174
MLR ,2020-06-16 08:46:58,174
MLR ,2020-06-16 09:46:56,174
MLR ,2020-06-16 10:47:02,174
MLR ,2020-06-16 11:46:55,174
MLR ,2020-06-16 12:47:06,174
MLR ,2020-06-16 13:47:06,174
MLR ,2020-06-16 14:47:27,172
MLR ,2020-06-16 15:47:07,172
MLR ,2020-06-16 16:47:06,173
MLR ,2020-06-16 17:47:45,173
MLR ,2020-06-16 18:47:04,173
MLR ,2020-06-16 19:47:08,173
MLR ,2020-06-16 20:47:10,174
MLR ,2020-06-16 21:47:00,174
MLR ,2020-06-16 22:46:51,174
MLR ,2020-06-16 23:46:53,174
MLR ,2020-06-17 00:47:00,174
MLR ,2020-06-17 01:47:22,174
MLR ,2020-06-17 02:47:06,174
MLR ,2020-06-17 03:47:34,174
MLR ,2020-06-17 04:47:06,174
MLR ,2020-06-17 05:47:03,174
MLR ,2020-06-17 06:47:23,174
MLR ,2020-06-17 07:47:01,174
MLR ,2020-06-17 08:46:59,174
MLR ,2020-06-17 09:46:52,174
MLR ,2020-06-17 10:46:51,174
MLR ,2020-06-17 11:47:03,174
MLR ,2020-06-17 12:47:06,174
MLR ,2020-06-17 13:47:14,174
MLR ,2020-06-17 14:47:04,175
MLR ,2020-06-17 15:47:08,177
MLR ,2020-06-17 16:47:13,177
MLR ,2020-06-17 17:47:11,178
MLR ,2020-06-17 18:47:24,178
MLR ,2020-06-17 19:47:35,179
MLR ,2020-06-17 20:47:35,179
MLR ,2020-06-17 21:47:23,179
MLR ,2020-06-17 22:47:03,179
MLR ,2020-06-17 23:47:05,179
MLR ,2020-06-18 00:46:57,179
MLR ,2020-06-18 01:47:07,179
MLR ,2020-06-18 02:46:54,179
MLR ,2020-06-18 03:47:18,179
MLR ,2020-06-18 04:47:04,179
MLR ,2020-06-18 05:46:55,179
MLR ,2020-06-18 06:47:06,179
MLR ,2020-06-18 07:47:24,179
MLR ,2020-06-18 08:46:59,179
MLR ,2020-06-18 09:47:01,179
MLR ,2020-06-18 10:46:53,179
MLR ,2020-06-18 11:47:15,179
MLR ,2020-06-18 12:47:07,179
MLR ,2020-06-18 13:47:25,179
MLR ,2020-06-18 14:47:22,180
MLR ,2020-06-18 17:08:58,180
MLR ,2020-06-18 17:47:04,180
MLR ,2020-06-18 18:47:21,180
MLR ,2020-06-18 19:47:18,180
MLR ,2020-06-18 20:47:10,179
MLR ,2020-06-18 21:47:27,179
MLR ,2020-06-18 22:47:04,179
MLR ,2020-06-18 23:47:11,179
MLR ,2020-06-19 00:47:33,179
MLR ,2020-06-19 01:47:05,179
MLR ,2020-06-19 02:47:02,179
MLR ,2020-06-19 03:47:32,179
MLR ,2020-06-19 04:49:35,179
MLR ,2020-06-19 05:47:03,179
MLR ,2020-06-19 06:47:00,179
MLR ,2020-06-19 07:47:26,179
MLR ,2020-06-19 08:47:40,179
MLR ,2020-06-19 09:47:26,179
MLR ,2020-06-19 10:47:03,179
MLR ,2020-06-19 11:46:56,179
MLR ,2020-06-19 13:10:59,179
MLR ,2020-06-19 13:47:29,179
MLR ,2020-06-19 14:47:08,181
MLR ,2020-06-19 15:47:13,182
MLR ,2020-06-19 16:47:04,182
MLR ,2020-06-19 17:47:23,182
MLR ,2020-06-19 18:47:02,184
MLR ,2020-06-19 19:47:08,185
MLR ,2020-06-19 20:47:05,185
MLR ,2020-06-19 21:46:58,185
MLR ,2020-06-19 22:47:10,185
MLR ,2020-06-19 23:47:24,185
MLR ,2020-06-20 00:47:08,185
MLR ,2020-06-20 01:47:19,185
MLR ,2020-06-20 02:47:18,185
MLR ,2020-06-20 03:46:59,185
MLR ,2020-06-20 04:46:50,185
MLR ,2020-06-20 05:47:04,185
MLR ,2020-06-20 06:47:00,185
MLR ,2020-06-20 07:47:03,185
MLR ,2020-06-20 08:47:03,185
MLR ,2020-06-20 09:47:02,185
MLR ,2020-06-20 10:47:00,185
MLR ,2020-06-20 11:47:06,185
MLR ,2020-06-20 12:47:05,185
MLR ,2020-06-20 13:47:07,185
MLR ,2020-06-20 14:47:03,185
MLR ,2020-06-20 15:46:54,185
MLR ,2020-06-20 16:47:28,185
MLR ,2020-06-20 17:46:58,185
MLR ,2020-06-20 18:46:59,185
MLR ,2020-06-20 19:47:18,185
MLR ,2020-06-20 20:47:03,185
MLR ,2020-06-20 21:47:04,185
MLR ,2020-06-20 22:47:10,185
MLR ,2020-06-20 23:47:11,185
MLR ,2020-06-21 00:47:10,185
MLR ,2020-06-21 01:47:02,185
MLR ,2020-06-21 02:47:04,185
MLR ,2020-06-21 03:47:33,185
MLR ,2020-06-21 04:47:02,185
MLR ,2020-06-21 05:47:33,185
MLR ,2020-06-21 06:47:00,185
MLR ,2020-06-21 07:47:03,185
MLR ,2020-06-21 08:46:56,185
MLR ,2020-06-21 09:46:55,185
MLR ,2020-06-21 10:46:52,185
MLR ,2020-06-21 11:47:04,185
MLR ,2020-06-21 12:47:12,185
MLR ,2020-06-21 13:47:10,185
MLR ,2020-06-21 14:47:38,185
MLR ,2020-06-21 15:47:04,185
MLR ,2020-06-21 16:46:56,185
MLR ,2020-06-21 17:46:58,185
MLR ,2020-06-21 18:47:06,185
MLR ,2020-06-21 19:47:06,185
MLR ,2020-06-21 20:47:04,185
MLR ,2020-06-21 21:47:07,185
MLR ,2020-06-21 22:47:28,185
MLR ,2020-06-21 23:47:13,185
MLR ,2020-06-22 00:46:58,185
MLR ,2020-06-22 01:47:23,185
MLR ,2020-06-22 02:47:10,185
MLR ,2020-06-22 03:47:02,185
MLR ,2020-06-22 04:47:08,185
MLR ,2020-06-22 05:47:31,185
MLR ,2020-06-22 06:47:05,185
MLR ,2020-06-22 07:46:54,185
MLR ,2020-06-22 08:47:09,185
MLR ,2020-06-22 09:47:07,185
MLR ,2020-06-22 10:47:35,185
MLR ,2020-06-22 11:47:00,185
MLR ,2020-06-22 12:47:08,185
MLR ,2020-06-22 13:47:09,185
MLR ,2020-06-22 14:47:13,184
MLR ,2020-06-22 15:47:30,184
MLR ,2020-06-22 16:47:10,184
MLR ,2020-06-22 17:47:32,184
MLR ,2020-06-22 18:47:04,184
MLR ,2020-06-22 19:47:25,184
MLR ,2020-06-22 20:47:00,184
MLR ,2020-06-22 21:48:15,184
MLR ,2020-06-22 22:46:56,184
MLR ,2020-06-22 23:47:03,184
MLR ,2020-06-23 00:46:58,184
MLR ,2020-06-23 01:47:03,184
MLR ,2020-06-23 02:47:14,184
MLR ,2020-06-23 03:47:14,184
MLR ,2020-06-23 04:47:24,184
MLR ,2020-06-23 05:47:22,184
MLR ,2020-06-23 06:47:00,184
MLR ,2020-06-23 07:47:13,184
MLR ,2020-06-23 08:47:53,184
MLR ,2020-06-23 09:47:03,184
MLR ,2020-06-23 10:47:13,184
MLR ,2020-06-23 11:47:07,184
MLR ,2020-06-23 12:47:12,184
MLR ,2020-06-23 13:47:14,184
MLR ,2020-06-23 14:47:11,183
MLR ,2020-06-23 15:47:25,183
MLR ,2020-06-23 16:47:09,183
MLR ,2020-06-23 17:47:17,183
MLR ,2020-06-23 18:47:31,183
MLR ,2020-06-23 19:46:59,184
MLR ,2020-06-23 20:47:11,184
MLR ,2020-06-23 21:47:01,184
MLR ,2020-06-23 22:47:28,184
MLR ,2020-06-23 23:47:35,184
MLR ,2020-06-24 00:47:32,184
MLR ,2020-06-24 01:47:30,184
MLR ,2020-06-24 02:47:34,184
MLR ,2020-06-24 03:47:02,184
MLR ,2020-06-24 04:47:26,184
MLR ,2020-06-24 05:47:36,184
MLR ,2020-06-24 06:47:11,184
MLR ,2020-06-24 07:47:04,184
MLR ,2020-06-24 08:47:28,184
MLR ,2020-06-24 09:47:11,184
MLR ,2020-06-24 10:47:17,184
MLR ,2020-06-24 11:46:59,184
MLR ,2020-06-24 12:47:07,184
MLR ,2020-06-24 13:47:13,184
MLR ,2020-06-24 14:47:08,182
MLR ,2020-06-24 15:47:03,183
MLR ,2020-06-24 16:47:11,183
MLR ,2020-06-24 17:47:30,182
MLR ,2020-06-24 18:47:27,182
MLR ,2020-06-24 19:47:31,182
MLR ,2020-06-24 20:47:07,182
MLR ,2020-06-24 21:47:11,182
MLR ,2020-06-24 22:47:11,182
MLR ,2020-06-24 23:47:07,182
MLR ,2020-06-25 00:47:19,182
MLR ,2020-06-25 01:47:07,182
MLR ,2020-06-25 02:46:56,182
MLR ,2020-06-25 03:47:03,182
MLR ,2020-06-25 04:47:07,182
MLR ,2020-06-25 05:47:05,182
MLR ,2020-06-25 06:47:13,182
MLR ,2020-06-25 07:47:14,182
MLR ,2020-06-25 08:47:14,182
MLR ,2020-06-25 09:47:31,182
MLR ,2020-06-25 10:47:00,182
MLR ,2020-06-25 11:47:48,182
MLR ,2020-06-25 13:10:01,182
MLR ,2020-06-25 13:47:34,182
MLR ,2020-06-25 14:48:03,182
MLR ,2020-06-25 15:47:40,181
MLR ,2020-06-25 16:47:36,181
MLR ,2020-06-25 17:47:39,183
MLR ,2020-06-25 18:47:14,183
MLR ,2020-06-25 19:47:18,182
MLR ,2020-06-25 20:47:09,182
MLR ,2020-06-25 21:47:30,182
MLR ,2020-06-25 22:47:40,182
MLR ,2020-06-25 23:47:03,182
MLR ,2020-06-26 00:47:42,182
MLR ,2020-06-26 01:47:17,182
MLR ,2020-06-26 02:47:17,182
MLR ,2020-06-26 03:47:30,182
MLR ,2020-06-26 04:47:02,182
MLR ,2020-06-26 05:47:13,182
MLR ,2020-06-26 06:47:15,182
MLR ,2020-06-26 07:47:21,182
MLR ,2020-06-26 08:47:24,182
MLR ,2020-06-26 09:47:11,182
MLR ,2020-06-26 10:47:04,182
MLR ,2020-06-26 11:47:11,182
MLR ,2020-06-26 12:47:14,182
MLR ,2020-06-26 13:47:52,182
MLR ,2020-06-26 14:47:14,183
MLR ,2020-06-26 15:47:06,184
MLR ,2020-06-26 16:47:15,184
MLR ,2020-06-26 17:47:08,184
MLR ,2020-06-26 18:47:15,184
MLR ,2020-06-26 19:47:17,184
MLR ,2020-06-26 20:47:06,182
MLR ,2020-06-26 21:47:09,182
MLR ,2020-06-26 22:47:33,182
MLR ,2020-06-26 23:47:00,182
MLR ,2020-06-27 00:47:51,182
MLR ,2020-06-27 01:47:30,182
MLR ,2020-06-27 02:47:27,182
MLR ,2020-06-27 03:47:27,182
MLR ,2020-06-27 04:47:36,182
MLR ,2020-06-27 05:46:58,182
MLR ,2020-06-27 06:47:08,182
MLR ,2020-06-27 07:47:09,182
MLR ,2020-06-27 08:47:03,182
MLR ,2020-06-27 09:47:04,182
MLR ,2020-06-27 10:47:07,182
MLR ,2020-06-27 11:46:57,182
MLR ,2020-06-27 12:47:18,182
MLR ,2020-06-27 13:47:08,182
MLR ,2020-06-27 14:46:56,182
MLR ,2020-06-27 15:47:34,182
MLR ,2020-06-27 16:47:07,182
MLR ,2020-06-27 17:47:01,182
MLR ,2020-06-27 18:47:05,182
MLR ,2020-06-27 19:47:05,182
MLR ,2020-06-27 20:46:59,182
MLR ,2020-06-27 21:47:03,182
MLR ,2020-06-27 22:47:06,182
MLR ,2020-06-27 23:46:59,182
MLR ,2020-06-28 00:47:16,182
MLR ,2020-06-28 01:46:58,182
MLR ,2020-06-28 02:47:10,182
MLR ,2020-06-28 03:46:59,182
MLR ,2020-06-28 04:46:58,182
MLR ,2020-06-28 05:47:04,182
MLR ,2020-06-28 06:47:02,182
MLR ,2020-06-28 07:47:21,182
MLR ,2020-06-28 08:47:15,182
MLR ,2020-06-28 09:47:02,182
MLR ,2020-06-28 10:47:06,182
MLR ,2020-06-28 11:46:58,182
MLR ,2020-06-28 12:47:07,182
MLR ,2020-06-28 13:47:08,182
MLR ,2020-06-28 14:46:59,182
MLR ,2020-06-28 15:47:11,182
MLR ,2020-06-28 16:47:06,182
MLR ,2020-06-28 17:47:04,182
MLR ,2020-06-28 18:47:12,182
MLR ,2020-06-28 19:47:10,182
MLR ,2020-06-28 20:46:57,182
MLR ,2020-06-28 21:47:12,182
MLR ,2020-06-28 22:47:24,182
MLR ,2020-06-28 23:47:14,182
MLR ,2020-06-29 00:47:22,182
MLR ,2020-06-29 01:46:57,182
MLR ,2020-06-29 02:47:11,182
MLR ,2020-06-29 03:47:06,182
MLR ,2020-06-29 04:47:11,182
MLR ,2020-06-29 05:47:02,182
MLR ,2020-06-29 06:47:16,182
MLR ,2020-06-29 07:47:21,182
MLR ,2020-06-29 08:47:09,182
MLR ,2020-06-29 09:47:12,182
MLR ,2020-06-29 10:47:06,182
MLR ,2020-06-29 11:47:05,182
MLR ,2020-06-29 12:47:13,182
MLR ,2020-06-29 13:47:28,182
MLR ,2020-06-29 14:47:40,183
MLR ,2020-06-29 15:47:12,182
MLR ,2020-06-29 16:47:09,182
MLR ,2020-06-29 17:47:07,182
MLR ,2020-06-29 18:47:06,182
MLR ,2020-06-29 19:47:15,182
MLR ,2020-06-29 20:47:12,182
MLR ,2020-06-29 21:47:12,182
MLR ,2020-06-29 22:47:05,182
MLR ,2020-06-29 23:47:17,182
MLR ,2020-06-30 00:47:35,182
MLR ,2020-06-30 01:47:15,182
MLR ,2020-06-30 02:47:45,182
MLR ,2020-06-30 03:47:06,182
MLR ,2020-06-30 04:47:36,182
MLR ,2020-06-30 05:47:15,182
MLR ,2020-06-30 06:47:28,182
MLR ,2020-06-30 07:47:05,182
MLR ,2020-06-30 08:47:06,182
MLR ,2020-06-30 09:47:15,182
MLR ,2020-06-30 10:49:10,182
MLR ,2020-06-30 11:47:08,182
MLR ,2020-06-30 12:47:06,182
MLR ,2020-06-30 13:47:58,181
MLR ,2020-06-30 14:47:21,181
MLR ,2020-06-30 15:47:32,181
MLR ,2020-06-30 16:47:53,181
MLR ,2020-06-30 17:47:13,181
MLR ,2020-06-30 18:47:29,181
MLR ,2020-06-30 19:47:12,181
MLR ,2020-06-30 20:47:23,181
MLR ,2020-06-30 21:47:41,181
MLR ,2020-06-30 22:46:59,181
MLR ,2020-06-30 23:47:07,181
MLR ,2020-07-01 00:48:23,181
MLR ,2020-07-01 01:47:11,181
MLR ,2020-07-01 02:47:39,181
MLR ,2020-07-01 03:47:16,181
MLR ,2020-07-01 04:47:18,181
MLR ,2020-07-01 05:47:27,181
MLR ,2020-07-01 06:47:14,181
MLR ,2020-07-01 07:47:17,181
MLR ,2020-07-01 08:47:42,181
MLR ,2020-07-01 09:48:00,181
MLR ,2020-07-01 10:47:49,181
MLR ,2020-07-01 11:47:17,181
MLR ,2020-07-01 13:09:37,181
MLR ,2020-07-01 13:47:55,181
MLR ,2020-07-01 14:47:58,181
MLR ,2020-07-01 15:47:54,181
MLR ,2020-07-01 16:47:50,181
MLR ,2020-07-01 17:47:38,181
MLR ,2020-07-01 18:47:41,182
MLR ,2020-07-01 19:47:55,182
MLR ,2020-07-01 20:47:44,182
MLR ,2020-07-01 21:47:12,182
MLR ,2020-07-01 22:47:41,182
MLR ,2020-07-01 23:47:16,182
MLR ,2020-07-02 00:48:39,182
MLR ,2020-07-02 01:47:17,182
MLR ,2020-07-02 02:47:23,182
MLR ,2020-07-02 03:47:26,182
MLR ,2020-07-02 04:47:19,182
MLR ,2020-07-02 05:47:26,182
MLR ,2020-07-02 06:47:17,182
MLR ,2020-07-02 07:47:09,182
MLR ,2020-07-02 08:47:17,182
MLR ,2020-07-02 09:47:57,182
MLR ,2020-07-02 10:47:20,182
MLR ,2020-07-02 11:47:20,182
MLR ,2020-07-02 13:12:36,182
MLR ,2020-07-02 13:47:47,182
MLR ,2020-07-02 14:47:18,182
MLR ,2020-07-02 15:47:22,182
MLR ,2020-07-02 16:47:37,182
MLR ,2020-07-02 17:47:30,182
MLR ,2020-07-02 18:47:32,182
MLR ,2020-07-02 19:47:33,182
MLR ,2020-07-02 20:47:04,182
MLR ,2020-07-02 21:47:21,182
MLR ,2020-07-02 22:47:06,182
MLR ,2020-07-02 23:47:05,182
MLR ,2020-07-03 00:47:43,182
MLR ,2020-07-03 01:47:15,182
MLR ,2020-07-03 02:47:34,182
MLR ,2020-07-03 03:47:11,182
MLR ,2020-07-03 04:47:39,182
MLR ,2020-07-03 05:47:15,182
MLR ,2020-07-03 06:47:13,182
MLR ,2020-07-03 07:47:14,182
MLR ,2020-07-03 08:47:13,182
MLR ,2020-07-03 09:47:36,182
MLR ,2020-07-03 10:47:18,182
MLR ,2020-07-03 11:47:09,182
MLR ,2020-07-03 12:47:09,182
MLR ,2020-07-03 13:47:14,182
MLR ,2020-07-03 14:47:21,182
MLR ,2020-07-03 15:47:12,182
MLR ,2020-07-03 16:47:12,182
MLR ,2020-07-03 17:47:13,182
MLR ,2020-07-03 18:47:24,182
MLR ,2020-07-03 19:47:16,182
MLR ,2020-07-03 20:47:19,182
MLR ,2020-07-03 21:47:12,182
MLR ,2020-07-03 22:47:10,182
MLR ,2020-07-03 23:47:17,182
MLR ,2020-07-04 00:47:09,182
MLR ,2020-07-04 01:47:27,182
MLR ,2020-07-04 02:47:34,182
MLR ,2020-07-04 03:47:08,182
MLR ,2020-07-04 04:47:04,182
MLR ,2020-07-04 05:47:16,182
MLR ,2020-07-04 06:47:20,182
MLR ,2020-07-04 07:47:12,182
MLR ,2020-07-04 08:47:17,182
MLR ,2020-07-04 09:47:17,182
MLR ,2020-07-04 11:39:37,182
MLR ,2020-07-04 11:47:22,182
MLR ,2020-07-04 12:47:19,182
MLR ,2020-07-04 13:47:11,182
MLR ,2020-07-04 14:47:17,182
MLR ,2020-07-04 15:47:01,182
MLR ,2020-07-04 16:47:40,182
MLR ,2020-07-04 17:47:10,182
MLR ,2020-07-04 18:47:17,182
MLR ,2020-07-04 19:47:05,182
MLR ,2020-07-04 20:47:14,182
MLR ,2020-07-04 21:47:16,182
MLR ,2020-07-04 22:47:06,182
MLR ,2020-07-04 23:47:23,182
MLR ,2020-07-05 00:47:20,182
MLR ,2020-07-05 01:47:17,182
MLR ,2020-07-05 02:47:04,182
MLR ,2020-07-05 03:47:10,182
MLR ,2020-07-05 04:47:06,182
MLR ,2020-07-05 05:47:18,182
MLR ,2020-07-05 06:47:20,182
MLR ,2020-07-05 07:47:20,182
MLR ,2020-07-05 08:47:15,182
MLR ,2020-07-05 11:35:30,182
MLR ,2020-07-05 11:39:20,182
MLR ,2020-07-05 11:48:50,182
MLR ,2020-07-05 12:47:08,182
MLR ,2020-07-05 13:47:16,182
MLR ,2020-07-05 14:47:06,182
MLR ,2020-07-05 15:47:28,182
MLR ,2020-07-05 16:47:16,182
MLR ,2020-07-05 17:47:09,182
MLR ,2020-07-05 18:47:05,182
MLR ,2020-07-05 19:47:18,182
MLR ,2020-07-05 20:47:10,182
MLR ,2020-07-05 21:47:16,182
MLR ,2020-07-05 22:47:05,182
MLR ,2020-07-05 23:47:08,182
MLR ,2020-07-06 00:47:16,182
MLR ,2020-07-06 01:47:22,182
MLR ,2020-07-06 02:47:12,182
MLR ,2020-07-06 03:47:11,182
MLR ,2020-07-06 04:47:09,182
MLR ,2020-07-06 05:46:58,182
MLR ,2020-07-06 06:47:21,182
MLR ,2020-07-06 07:47:35,182
MLR ,2020-07-06 08:47:21,182
MLR ,2020-07-06 11:37:47,182
MLR ,2020-07-06 11:45:38,182
MLR ,2020-07-06 11:53:19,182
MLR ,2020-07-06 14:11:13,183
MLR ,2020-07-06 14:19:12,183
MLR ,2020-07-06 14:47:39,183
MLR ,2020-07-06 15:47:21,183
MLR ,2020-07-06 16:47:51,184
MLR ,2020-07-06 17:47:21,184
MLR ,2020-07-06 18:47:10,183
MLR ,2020-07-06 19:47:07,182
MLR ,2020-07-06 20:47:24,182
MLR ,2020-07-06 21:47:07,182
MLR ,2020-07-06 22:47:36,182
MLR ,2020-07-06 23:47:09,182
MLR ,2020-07-07 00:47:18,182
MLR ,2020-07-07 01:47:03,182
MLR ,2020-07-07 02:47:13,182
MLR ,2020-07-07 03:47:42,182
MLR ,2020-07-07 04:47:10,182
MLR ,2020-07-07 05:47:03,182
MLR ,2020-07-07 06:47:03,182
MLR ,2020-07-07 07:46:59,182
MLR ,2020-07-07 08:47:07,182
MLR ,2020-07-07 11:26:21,182
MLR ,2020-07-07 11:33:07,182
MLR ,2020-07-07 11:47:13,182
MLR ,2020-07-07 12:47:19,182
MLR ,2020-07-07 13:47:21,182
MLR ,2020-07-07 14:47:12,182
MLR ,2020-07-07 15:47:52,182
MLR ,2020-07-07 16:48:34,182
MLR ,2020-07-07 17:47:30,182
MLR ,2020-07-07 18:47:07,182
MLR ,2020-07-07 19:47:51,182
MLR ,2020-07-07 20:47:19,182
MLR ,2020-07-07 21:47:53,182
MLR ,2020-07-07 22:47:20,182
MLR ,2020-07-07 23:47:19,182
MLR ,2020-07-08 00:48:46,182
MLR ,2020-07-08 01:47:36,182
MLR ,2020-07-08 02:47:18,182
MLR ,2020-07-08 03:47:24,182
MLR ,2020-07-08 04:47:14,182
MLR ,2020-07-08 05:47:39,182
MLR ,2020-07-08 06:47:22,182
MLR ,2020-07-08 07:47:16,182
MLR ,2020-07-08 08:47:21,182
MLR ,2020-07-08 11:59:26,182
MLR ,2020-07-08 12:00:26,182
MLR ,2020-07-08 12:06:55,182
MLR ,2020-07-08 13:13:41,182
MLR ,2020-07-08 13:47:37,182
MLR ,2020-07-08 14:47:18,182
MLR ,2020-07-08 15:47:17,182
MLR ,2020-07-08 16:47:14,182
MLR ,2020-07-08 17:47:21,182
MLR ,2020-07-08 18:47:37,182
MLR ,2020-07-08 19:47:43,181
MLR ,2020-07-08 20:47:17,181
MLR ,2020-07-08 21:47:18,181
MLR ,2020-07-08 22:47:18,181
MLR ,2020-07-08 23:47:24,181
MLR ,2020-07-09 00:48:41,181
MLR ,2020-07-09 01:47:18,181
MLR ,2020-07-09 18:47:55,183
MLR ,2020-07-09 18:51:05,183
MLR ,2020-07-09 19:00:57,183
MLR ,2020-07-09 19:49:11,183
MLR ,2020-07-09 20:47:24,183
MLR ,2020-07-09 21:47:31,183
MLR ,2020-07-09 22:47:34,183
MLR ,2020-07-09 23:47:18,183
MLR ,2020-07-10 00:48:31,183
MLR ,2020-07-10 01:47:21,183
MLR ,2020-07-10 02:47:36,183
MLR ,2020-07-10 03:47:15,183
MLR ,2020-07-10 04:47:02,183
MLR ,2020-07-10 05:47:08,183
MLR ,2020-07-10 06:47:19,183
MLR ,2020-07-10 07:47:14,183
MLR ,2020-07-10 08:47:12,183
MLR ,2020-07-10 11:45:17,183
MLR ,2020-07-10 11:52:58,183
MLR ,2020-07-10 12:00:34,183
MLR ,2020-07-10 13:13:35,183
MLR ,2020-07-10 13:47:21,183
MLR ,2020-07-10 14:47:08,183
MLR ,2020-07-10 15:47:23,183
MLR ,2020-07-10 16:47:25,184
MLR ,2020-07-10 17:47:11,184
MLR ,2020-07-10 18:47:23,184
MLR ,2020-07-10 19:47:22,185
MLR ,2020-07-10 20:47:12,185
MLR ,2020-07-10 21:47:38,185
MLR ,2020-07-10 22:47:07,185
MLR ,2020-07-10 23:47:23,185
MLR ,2020-07-11 00:47:11,185
MLR ,2020-07-11 01:47:17,185
MLR ,2020-07-11 02:47:03,185
MLR ,2020-07-11 03:47:21,185
MLR ,2020-07-11 04:47:19,185
MLR ,2020-07-11 05:47:11,185
MLR ,2020-07-11 06:47:13,185
MLR ,2020-07-11 07:47:26,185
MLR ,2020-07-11 08:47:21,185
MLR ,2020-07-11 11:51:37,185
MLR ,2020-07-11 12:03:01,185
MLR ,2020-07-11 12:09:18,185
MLR ,2020-07-11 12:47:18,185
MLR ,2020-07-11 13:47:16,185
MLR ,2020-07-11 14:47:19,185
MLR ,2020-07-11 15:47:19,185
MLR ,2020-07-11 16:47:03,185
MLR ,2020-07-11 17:47:14,185
MLR ,2020-07-11 18:47:15,185
MLR ,2020-07-11 19:47:12,185
MLR ,2020-07-11 20:47:00,185
MLR ,2020-07-11 21:47:33,185
MLR ,2020-07-11 22:47:24,185
MLR ,2020-07-11 23:47:10,185
MLR ,2020-07-12 00:47:11,185
MLR ,2020-07-12 01:47:45,185
MLR ,2020-07-12 02:47:13,185
MLR ,2020-07-12 03:47:21,185
MLR ,2020-07-12 04:47:06,185
MLR ,2020-07-12 05:47:15,185
MLR ,2020-07-12 06:47:35,185
MLR ,2020-07-12 07:47:11,185
MLR ,2020-07-12 08:47:06,185
MLR ,2020-07-12 11:39:19,185
MLR ,2020-07-12 11:43:00,185
MLR ,2020-07-12 11:54:51,185
MLR ,2020-07-12 12:47:08,185
MLR ,2020-07-12 13:47:15,185
MLR ,2020-07-12 14:47:03,185
MLR ,2020-07-12 15:47:14,185
MLR ,2020-07-12 16:47:20,185
MLR ,2020-07-12 17:47:03,185
MLR ,2020-07-12 18:47:09,185
MLR ,2020-07-12 19:47:16,185
MLR ,2020-07-12 20:47:14,185
MLR ,2020-07-12 21:47:04,185
MLR ,2020-07-12 22:47:28,185
MLR ,2020-07-12 23:47:11,185
MLR ,2020-07-13 00:47:31,185
MLR ,2020-07-13 01:47:31,185
MLR ,2020-07-13 02:47:50,185
MLR ,2020-07-13 03:47:23,185
MLR ,2020-07-13 04:47:22,185
MLR ,2020-07-13 05:47:10,185
MLR ,2020-07-13 06:47:33,185
MLR ,2020-07-13 07:47:11,185
MLR ,2020-07-13 08:47:21,185
MLR ,2020-07-13 12:06:20,185
MLR ,2020-07-13 12:10:39,185
MLR ,2020-07-13 12:14:08,185
MLR ,2020-07-13 12:47:56,185
MLR ,2020-07-13 13:47:22,185
MLR ,2020-07-13 14:47:17,186
MLR ,2020-07-13 15:47:32,186
MLR ,2020-07-13 16:47:55,187
MLR ,2020-07-13 17:47:21,187
MLR ,2020-07-13 18:47:23,187
MLR ,2020-07-13 19:47:38,187
MLR ,2020-07-13 20:47:31,187
MLR ,2020-07-13 21:47:31,187
MLR ,2020-07-13 22:47:35,187
MLR ,2020-07-13 23:47:34,187
MLR ,2020-07-14 00:48:11,187
MLR ,2020-07-14 01:47:42,187
MLR ,2020-07-14 02:47:42,187
MLR ,2020-07-14 03:47:19,187
MLR ,2020-07-14 04:47:15,187
MLR ,2020-07-14 05:47:20,187
MLR ,2020-07-14 06:47:20,187
MLR ,2020-07-14 07:47:30,187
MLR ,2020-07-14 08:47:28,187
MLR ,2020-07-14 12:10:16,187
MLR ,2020-07-14 12:19:53,187
MLR ,2020-07-14 12:23:47,187
MLR ,2020-07-14 12:47:30,187
MLR ,2020-07-14 13:47:54,187
MLR ,2020-07-14 14:47:44,189
MLR ,2020-07-14 15:47:58,189
MLR ,2020-07-14 16:48:18,189
MLR ,2020-07-14 17:48:16,189
MLR ,2020-07-14 18:47:55,189
MLR ,2020-07-14 19:47:34,189
MLR ,2020-07-14 20:47:39,189
MLR ,2020-07-14 21:47:34,189
MLR ,2020-07-14 22:47:47,189
MLR ,2020-07-14 23:47:47,189
MLR ,2020-07-15 00:48:05,189
MLR ,2020-07-15 01:47:50,189
MLR ,2020-07-15 02:32:03,189
MLR ,2020-07-15 02:39:44,189
MLR ,2020-07-15 02:47:24,189
MLR ,2020-07-15 02:55:15,189
MLR ,2020-07-15 03:16:47,189
MLR ,2020-07-15 03:24:37,189
MLR ,2020-07-15 03:32:30,189
MLR ,2020-07-15 03:40:13,189
MLR ,2020-07-15 03:47:56,189
MLR ,2020-07-15 03:55:41,189
MLR ,2020-07-15 04:03:30,189
MLR ,2020-07-15 04:11:17,189
MLR ,2020-07-15 04:19:01,189
MLR ,2020-07-15 04:26:46,189
MLR ,2020-07-15 04:34:39,189
MLR ,2020-07-15 04:42:23,189
MLR ,2020-07-15 04:50:06,189
MLR ,2020-07-15 04:57:58,189
MLR ,2020-07-15 05:06:12,189
MLR ,2020-07-15 05:13:53,189
MLR ,2020-07-15 12:20:33,189
MLR ,2020-07-15 12:28:41,189
MLR ,2020-07-15 12:36:38,189
MLR ,2020-07-15 12:44:30,189
MLR ,2020-07-15 12:52:25,189
MLR ,2020-07-15 13:00:18,189
MLR ,2020-07-15 13:08:22,189
MLR ,2020-07-15 13:16:37,189
MLR ,2020-07-15 13:24:39,189
MLR ,2020-07-15 13:32:51,189
MLR ,2020-07-15 13:40:49,189
MLR ,2020-07-15 13:48:51,189
MLR ,2020-07-15 13:56:47,189
MLR ,2020-07-15 14:04:49,189
MLR ,2020-07-15 14:12:56,190
MLR ,2020-07-15 14:20:58,190
MLR ,2020-07-15 14:28:58,190
MLR ,2020-07-15 14:36:58,190
MLR ,2020-07-15 14:46:53,190
MLR ,2020-07-15 14:56:48,190
MLR ,2020-07-15 15:06:56,190
MLR ,2020-07-15 15:16:55,190
MLR ,2020-07-15 15:26:51,190
MLR ,2020-07-15 15:36:47,190
MLR ,2020-07-15 15:46:58,190
MLR ,2020-07-15 15:57:04,190
MLR ,2020-07-15 16:07:06,188
MLR ,2020-07-15 16:17:09,188
MLR ,2020-07-15 16:27:13,188
MLR ,2020-07-15 16:37:26,188
MLR ,2020-07-15 16:47:38,188
MLR ,2020-07-15 16:57:42,188
MLR ,2020-07-15 17:07:58,188
MLR ,2020-07-15 17:15:02,187
MLR ,2020-07-15 17:22:55,187
MLR ,2020-07-15 17:30:40,187
MLR ,2020-07-15 17:38:27,187
MLR ,2020-07-15 17:46:14,187
MLR ,2020-07-15 17:54:00,187
MLR ,2020-07-15 18:02:04,187
MLR ,2020-07-15 18:09:58,187
MLR ,2020-07-15 18:17:53,187
MLR ,2020-07-15 18:25:46,187
MLR ,2020-07-15 18:33:40,187
MLR ,2020-07-15 18:41:44,187
MLR ,2020-07-15 18:49:51,187
MLR ,2020-07-15 18:57:48,187
MLR ,2020-07-15 19:06:06,187
MLR ,2020-07-15 19:14:03,187
MLR ,2020-07-15 19:21:52,187
MLR ,2020-07-15 19:29:45,187
MLR ,2020-07-15 19:39:51,187
MLR ,2020-07-15 19:49:42,187
MLR ,2020-07-15 19:59:32,187
MLR ,2020-07-15 20:09:31,187
MLR ,2020-07-15 20:19:37,187
MLR ,2020-07-15 20:29:30,187
MLR ,2020-07-15 20:39:18,187
MLR ,2020-07-15 20:49:05,187
MLR ,2020-07-15 20:58:49,187
MLR ,2020-07-15 21:08:40,187
MLR ,2020-07-15 21:18:29,187
MLR ,2020-07-15 21:28:13,187
MLR ,2020-07-15 21:38:45,187
MLR ,2020-07-15 21:48:42,187
MLR ,2020-07-15 21:58:55,187
MLR ,2020-07-15 22:08:53,187
MLR ,2020-07-15 22:18:47,187
MLR ,2020-07-15 22:28:36,187
MLR ,2020-07-15 22:38:21,187
MLR ,2020-07-15 22:48:04,187
MLR ,2020-07-15 22:59:33,187
MLR ,2020-07-15 23:11:22,187
MLR ,2020-07-15 23:17:44,187
MLR ,2020-07-15 23:27:31,187
MLR ,2020-07-15 23:37:21,187
MLR ,2020-07-15 23:47:06,187
MLR ,2020-07-15 23:57:00,187
MLR ,2020-07-16 00:07:35,187
MLR ,2020-07-16 00:17:58,187
MLR ,2020-07-16 00:28:22,187
MLR ,2020-07-16 00:38:38,187
MLR ,2020-07-16 00:48:32,187
MLR ,2020-07-16 00:58:20,187
MLR ,2020-07-16 01:08:12,187
MLR ,2020-07-16 01:18:09,187
MLR ,2020-07-16 01:28:00,187
MLR ,2020-07-16 01:37:46,187
MLR ,2020-07-16 01:47:32,187
MLR ,2020-07-16 01:57:24,187
MLR ,2020-07-16 02:07:19,187
MLR ,2020-07-16 02:17:25,187
MLR ,2020-07-16 02:27:47,187
MLR ,2020-07-16 02:37:48,187
MLR ,2020-07-16 02:47:59,187
MLR ,2020-07-16 03:02:10,187
MLR ,2020-07-16 03:05:58,187
MLR ,2020-07-16 03:18:40,187
MLR ,2020-07-16 03:28:44,187
MLR ,2020-07-16 03:38:48,187
MLR ,2020-07-16 03:48:48,187
MLR ,2020-07-16 03:59:03,187
MLR ,2020-07-16 04:09:25,187
MLR ,2020-07-16 04:19:22,187
MLR ,2020-07-16 04:29:18,187
MLR ,2020-07-16 04:39:14,187
MLR ,2020-07-16 04:49:07,187
MLR ,2020-07-16 04:59:01,187
MLR ,2020-07-16 05:08:58,187
MLR ,2020-07-16 05:18:51,187
MLR ,2020-07-16 05:28:43,187
MLR ,2020-07-16 05:41:13,187
MLR ,2020-07-16 05:52:36,187
MLR ,2020-07-16 06:02:34,187
MLR ,2020-07-16 06:12:25,187
MLR ,2020-07-16 06:20:32,187
MLR ,2020-07-16 06:29:31,187
MLR ,2020-07-16 06:38:45,187
MLR ,2020-07-16 06:48:10,187
MLR ,2020-07-16 07:08:25,187
MLR ,2020-07-16 07:14:31,187
MLR ,2020-07-16 07:19:35,187
MLR ,2020-07-16 07:30:53,187
MLR ,2020-07-16 07:45:14,187
MLR ,2020-07-16 08:01:43,187
MLR ,2020-07-16 08:12:40,187
MLR ,2020-07-16 08:22:19,187
MLR ,2020-07-16 08:31:34,187
MLR ,2020-07-16 08:41:22,187
MLR ,2020-07-16 08:50:15,187
MLR ,2020-07-16 08:59:23,187
MLR ,2020-07-16 09:09:15,187
MLR ,2020-07-16 09:19:16,187
MLR ,2020-07-16 09:29:11,187
MLR ,2020-07-16 09:38:46,187
MLR ,2020-07-16 09:47:39,187
MLR ,2020-07-16 09:56:22,187
MLR ,2020-07-16 10:05:27,187
MLR ,2020-07-16 10:14:19,187
MLR ,2020-07-16 10:22:52,187
MLR ,2020-07-16 10:31:11,187
MLR ,2020-07-16 10:39:37,187
MLR ,2020-07-16 10:50:07,187
MLR ,2020-07-16 11:00:48,187
MLR ,2020-07-16 11:11:58,187
MLR ,2020-07-16 11:22:35,187
MLR ,2020-07-16 11:33:06,187
MLR ,2020-07-16 11:43:35,187
MLR ,2020-07-16 11:54:28,187
MLR ,2020-07-16 12:06:16,187
MLR ,2020-07-16 12:17:42,187
MLR ,2020-07-16 12:28:42,187
MLR ,2020-07-16 12:39:56,187
MLR ,2020-07-16 12:51:08,187
MLR ,2020-07-16 13:02:17,187
MLR ,2020-07-16 13:13:59,187
MLR ,2020-07-16 13:25:41,187
MLR ,2020-07-16 13:37:38,187
MLR ,2020-07-16 13:48:56,187
MLR ,2020-07-16 13:59:28,187
MLR ,2020-07-16 14:10:55,188
MLR ,2020-07-16 14:22:05,188
MLR ,2020-07-16 14:35:02,188
MLR ,2020-07-16 14:47:34,188
MLR ,2020-07-16 14:54:26,188
MLR ,2020-07-16 15:05:35,188
MLR ,2020-07-16 15:16:42,188
MLR ,2020-07-16 16:59:55,188
MLR ,2020-07-16 17:08:13,188
MLR ,2020-07-16 17:16:31,188
MLR ,2020-07-16 17:24:37,188
MLR ,2020-07-16 17:32:49,188
MLR ,2020-07-16 17:41:00,188
MLR ,2020-07-16 17:49:07,188
MLR ,2020-07-16 17:57:10,188
MLR ,2020-07-16 18:05:29,188
MLR ,2020-07-16 18:13:40,188
MLR ,2020-07-16 18:21:56,188
MLR ,2020-07-16 18:30:01,188
MLR ,2020-07-16 18:38:09,188
MLR ,2020-07-16 18:46:19,188
MLR ,2020-07-16 18:54:38,188
MLR ,2020-07-16 19:02:50,188
MLR ,2020-07-16 19:10:54,188
MLR ,2020-07-16 19:19:02,188
MLR ,2020-07-16 19:29:07,188
MLR ,2020-07-16 19:39:15,188
MLR ,2020-07-16 19:49:21,188
MLR ,2020-07-16 19:59:22,188
MLR ,2020-07-16 20:09:30,188
MLR ,2020-07-16 20:19:31,188
MLR ,2020-07-16 20:29:30,188
MLR ,2020-07-16 20:39:34,188
MLR ,2020-07-16 20:49:37,188
MLR ,2020-07-16 20:59:39,188
MLR ,2020-07-16 21:09:48,188
MLR ,2020-07-16 21:19:52,188
MLR ,2020-07-16 21:30:15,188
MLR ,2020-07-16 21:40:25,188
MLR ,2020-07-16 21:50:27,188
MLR ,2020-07-16 22:00:31,188
MLR ,2020-07-16 22:10:39,188
MLR ,2020-07-16 22:20:40,188
MLR ,2020-07-16 22:30:42,188
MLR ,2020-07-16 22:40:43,188
MLR ,2020-07-16 22:52:29,188
MLR ,2020-07-16 23:04:19,188
MLR ,2020-07-16 23:10:49,188
MLR ,2020-07-16 23:20:49,188
MLR ,2020-07-16 23:30:50,188
MLR ,2020-07-16 23:40:48,188
MLR ,2020-07-16 23:50:45,188
MLR ,2020-07-17 00:01:07,188
MLR ,2020-07-17 00:11:56,188
MLR ,2020-07-17 00:22:28,188
MLR ,2020-07-17 00:33:01,188
MLR ,2020-07-17 00:43:28,188
MLR ,2020-07-17 00:53:36,188
MLR ,2020-07-17 01:03:55,188
MLR ,2020-07-17 01:14:02,188
MLR ,2020-07-17 01:24:05,188
MLR ,2020-07-17 01:34:05,188
MLR ,2020-07-17 01:44:07,188
MLR ,2020-07-17 01:54:10,188
MLR ,2020-07-17 02:04:16,188
MLR ,2020-07-17 02:14:21,188
MLR ,2020-07-17 02:24:25,188
MLR ,2020-07-17 02:34:23,188
MLR ,2020-07-17 02:44:20,188
MLR ,2020-07-17 02:58:22,188
MLR ,2020-07-17 03:02:13,188
MLR ,2020-07-17 03:14:27,188
MLR ,2020-07-17 03:24:31,188
MLR ,2020-07-17 03:34:38,188
MLR ,2020-07-17 03:44:41,188
MLR ,2020-07-17 03:54:49,188
MLR ,2020-07-17 04:05:02,188
MLR ,2020-07-17 04:15:11,188
MLR ,2020-07-17 04:25:16,188
MLR ,2020-07-17 04:35:22,188
MLR ,2020-07-17 04:45:24,188
MLR ,2020-07-17 04:55:27,188
MLR ,2020-07-17 05:05:36,188
MLR ,2020-07-17 05:15:42,188
MLR ,2020-07-17 05:25:44,188
MLR ,2020-07-17 05:35:44,188
MLR ,2020-07-17 05:45:45,188
MLR ,2020-07-17 05:55:45,188
MLR ,2020-07-17 06:05:58,188
MLR ,2020-07-17 06:14:06,188
MLR ,2020-07-17 06:22:11,188
MLR ,2020-07-17 06:30:31,188
MLR ,2020-07-17 06:38:39,188
MLR ,2020-07-17 06:55:15,188
MLR ,2020-07-17 06:59:44,188
MLR ,2020-07-17 07:03:39,188
MLR ,2020-07-17 07:11:57,188
MLR ,2020-07-17 07:20:07,188
MLR ,2020-07-17 07:28:14,188
MLR ,2020-07-17 07:36:22,188
MLR ,2020-07-17 07:44:26,188
MLR ,2020-07-17 07:52:32,188
MLR ,2020-07-17 08:00:39,188
MLR ,2020-07-17 08:09:05,188
MLR ,2020-07-17 08:17:38,188
MLR ,2020-07-17 08:26:10,188
MLR ,2020-07-17 08:34:42,188
MLR ,2020-07-17 08:43:10,188
MLR ,2020-07-17 08:51:20,188
MLR ,2020-07-17 08:59:29,188
MLR ,2020-07-17 09:07:47,188
MLR ,2020-07-17 09:15:58,188
MLR ,2020-07-17 09:24:01,188
MLR ,2020-07-17 09:32:11,188
MLR ,2020-07-17 09:40:11,188
MLR ,2020-07-17 09:48:13,188
MLR ,2020-07-17 09:56:28,188
MLR ,2020-07-17 10:06:45,188
MLR ,2020-07-17 10:16:43,188
MLR ,2020-07-17 10:20:46,188
MLR ,2020-07-17 10:28:48,188
MLR ,2020-07-17 10:38:49,188
MLR ,2020-07-17 10:48:53,188
MLR ,2020-07-17 10:59:12,188
MLR ,2020-07-17 11:09:31,188
MLR ,2020-07-17 11:19:36,188
MLR ,2020-07-17 11:29:43,188
MLR ,2020-07-17 11:39:50,188
MLR ,2020-07-17 11:49:52,188
MLR ,2020-07-17 12:00:01,188
MLR ,2020-07-17 12:10:30,188
MLR ,2020-07-17 12:20:49,188
MLR ,2020-07-17 12:30:58,188
MLR ,2020-07-17 12:41:03,188
MLR ,2020-07-17 12:51:05,188
MLR ,2020-07-17 13:01:33,188
MLR ,2020-07-17 13:12:14,188
MLR ,2020-07-17 13:22:36,188
MLR ,2020-07-17 13:31:07,188
MLR ,2020-07-17 13:39:38,188
MLR ,2020-07-17 13:47:48,188
MLR ,2020-07-17 13:56:05,188
MLR ,2020-07-17 14:05:01,188
MLR ,2020-07-17 14:13:26,188
MLR ,2020-07-17 14:21:49,188
MLR ,2020-07-17 14:30:08,188
MLR ,2020-07-17 14:38:22,188
MLR ,2020-07-17 14:46:24,188
MLR ,2020-07-17 14:54:35,188
MLR ,2020-07-17 15:03:29,188
MLR ,2020-07-17 15:12:19,189
MLR ,2020-07-17 15:21:05,189
MLR ,2020-07-17 15:29:35,189
MLR ,2020-07-17 15:38:04,189
MLR ,2020-07-17 15:46:32,189
MLR ,2020-07-17 15:54:50,189
MLR ,2020-07-17 16:01:26,189
MLR ,2020-07-17 16:10:19,188
MLR ,2020-07-17 16:17:45,188
MLR ,2020-07-17 16:26:31,188
MLR ,2020-07-17 16:35:16,188
MLR ,2020-07-17 16:43:44,188
MLR ,2020-07-17 16:52:13,188
MLR ,2020-07-17 17:05:15,189
MLR ,2020-07-17 17:13:22,189
MLR ,2020-07-17 17:21:57,189
MLR ,2020-07-17 17:30:19,189
MLR ,2020-07-17 17:38:47,189
MLR ,2020-07-17 17:47:15,189
MLR ,2020-07-17 17:55:44,189
MLR ,2020-07-17 18:04:29,189
MLR ,2020-07-17 18:13:06,189
MLR ,2020-07-17 18:21:40,189
MLR ,2020-07-17 18:30:06,189
MLR ,2020-07-17 18:38:39,189
MLR ,2020-07-17 18:47:07,189
MLR ,2020-07-17 18:55:25,189
MLR ,2020-07-17 19:07:58,189
MLR ,2020-07-17 19:16:45,189
MLR ,2020-07-17 19:25:05,189
MLR ,2020-07-17 19:33:15,189
MLR ,2020-07-17 19:44:57,189
MLR ,2020-07-17 19:53:00,189
MLR ,2020-07-17 20:01:11,189
MLR ,2020-07-17 20:09:20,189
MLR ,2020-07-17 20:17:22,189
MLR ,2020-07-17 20:25:21,189
MLR ,2020-07-17 20:33:24,189
MLR ,2020-07-17 20:41:26,189
MLR ,2020-07-17 20:49:24,189
MLR ,2020-07-17 20:57:29,189
MLR ,2020-07-17 21:05:45,189
MLR ,2020-07-17 21:13:51,189
MLR ,2020-07-17 21:21:48,189
MLR ,2020-07-17 21:29:45,189
MLR ,2020-07-17 21:37:51,189
MLR ,2020-07-17 21:45:57,189
MLR ,2020-07-17 21:54:00,189
MLR ,2020-07-17 22:02:15,189
MLR ,2020-07-17 22:12:34,189
MLR ,2020-07-17 22:22:42,189
MLR ,2020-07-17 22:32:47,189
MLR ,2020-07-17 22:43:13,189
MLR ,2020-07-17 22:53:42,189
MLR ,2020-07-17 23:04:30,189
MLR ,2020-07-17 23:14:51,189
MLR ,2020-07-17 23:24:58,189
MLR ,2020-07-17 23:35:02,189
MLR ,2020-07-17 23:45:06,189
MLR ,2020-07-17 23:55:20,189
MLR ,2020-07-18 00:07:22,189
MLR ,2020-07-18 00:18:31,189
MLR ,2020-07-18 00:29:01,189
MLR ,2020-07-18 00:39:36,189
MLR ,2020-07-18 00:50:10,189
MLR ,2020-07-18 01:00:21,189
MLR ,2020-07-18 01:10:34,189
MLR ,2020-07-18 01:20:44,189
MLR ,2020-07-18 01:30:49,189
MLR ,2020-07-18 01:42:40,189
MLR ,2020-07-18 01:54:28,189
MLR ,2020-07-18 02:00:59,189
MLR ,2020-07-18 02:11:05,189
MLR ,2020-07-18 02:21:08,189
MLR ,2020-07-18 02:31:07,189
MLR ,2020-07-18 02:41:05,189
MLR ,2020-07-18 02:51:04,189
MLR ,2020-07-18 03:01:12,189
MLR ,2020-07-18 03:11:25,189
MLR ,2020-07-18 03:21:34,189
MLR ,2020-07-18 03:31:41,189
MLR ,2020-07-18 03:41:48,189
MLR ,2020-07-18 03:52:01,189
MLR ,2020-07-18 04:02:24,189
MLR ,2020-07-18 04:12:58,189
MLR ,2020-07-18 04:23:28,189
MLR ,2020-07-18 04:33:39,189
MLR ,2020-07-18 04:43:41,189
MLR ,2020-07-18 04:53:45,189
MLR ,2020-07-18 05:04:16,189
MLR ,2020-07-18 05:14:48,189
MLR ,2020-07-18 05:25:04,189
MLR ,2020-07-18 05:35:09,189
MLR ,2020-07-18 05:49:11,189
MLR ,2020-07-18 05:53:00,189
MLR ,2020-07-18 06:05:31,189
MLR ,2020-07-18 06:15:50,189
MLR ,2020-07-18 08:39:42,189
MLR ,2020-07-18 08:47:52,189
MLR ,2020-07-18 08:55:54,189
MLR ,2020-07-18 09:04:02,189
MLR ,2020-07-18 09:12:01,189
MLR ,2020-07-18 09:19:59,189
MLR ,2020-07-18 09:28:01,189
MLR ,2020-07-18 09:36:04,189
MLR ,2020-07-18 09:44:03,189
MLR ,2020-07-18 09:52:04,189
MLR ,2020-07-18 10:00:06,189
MLR ,2020-07-18 10:08:12,189
MLR ,2020-07-18 10:16:14,189
MLR ,2020-07-18 10:24:13,189
MLR ,2020-07-18 10:32:22,189
MLR ,2020-07-18 10:40:22,189
MLR ,2020-07-18 10:48:13,189
MLR ,2020-07-18 10:56:13,189
MLR ,2020-07-18 11:06:15,189
MLR ,2020-07-18 11:16:15,189
MLR ,2020-07-18 11:26:12,189
MLR ,2020-07-18 11:36:12,189
MLR ,2020-07-18 11:46:10,189
MLR ,2020-07-18 11:56:08,189
MLR ,2020-07-18 12:06:19,189
MLR ,2020-07-18 12:16:28,189
MLR ,2020-07-18 12:26:29,189
MLR ,2020-07-18 12:36:32,189
MLR ,2020-07-18 12:46:32,189
MLR ,2020-07-18 12:56:40,189
MLR ,2020-07-18 13:06:55,189
MLR ,2020-07-18 13:17:06,189
MLR ,2020-07-18 13:27:10,189
MLR ,2020-07-18 13:37:08,189
MLR ,2020-07-18 13:47:04,189
MLR ,2020-07-18 13:57:01,189
MLR ,2020-07-18 14:06:58,189
MLR ,2020-07-18 14:16:56,189
MLR ,2020-07-18 14:28:40,189
MLR ,2020-07-18 14:40:28,189
MLR ,2020-07-18 14:46:55,189
MLR ,2020-07-18 14:56:55,189
MLR ,2020-07-18 15:07:03,189
MLR ,2020-07-18 15:17:07,189
MLR ,2020-07-18 15:27:06,189
MLR ,2020-07-18 15:37:05,189
MLR ,2020-07-18 15:47:05,189
MLR ,2020-07-18 15:57:03,189
MLR ,2020-07-18 16:07:05,189
MLR ,2020-07-18 16:17:05,189
MLR ,2020-07-18 16:27:06,189
MLR ,2020-07-18 16:37:08,189
MLR ,2020-07-18 16:47:05,189
MLR ,2020-07-18 16:57:04,189
MLR ,2020-07-18 17:07:10,189
MLR ,2020-07-18 17:17:14,189
MLR ,2020-07-18 17:27:12,189
MLR ,2020-07-18 17:37:11,189
MLR ,2020-07-18 17:47:08,189
MLR ,2020-07-18 17:57:06,189
MLR ,2020-07-18 18:07:08,189
MLR ,2020-07-18 18:17:08,189
MLR ,2020-07-18 18:31:04,189
MLR ,2020-07-18 18:34:50,189
MLR ,2020-07-18 18:46:59,189
MLR ,2020-07-18 18:56:57,189
MLR ,2020-07-18 19:07:20,189
MLR ,2020-07-18 19:17:26,189
MLR ,2020-07-18 19:27:23,189
MLR ,2020-07-18 19:37:41,189
