Ticker,timestamp,users_holding
SFNC ,2018-05-02 04:54:03,51
SFNC ,2018-05-02 06:39:15,51
SFNC ,2018-05-03 00:35:44,52
SFNC ,2018-05-03 06:34:12,52
SFNC ,2018-05-03 06:49:12,52
SFNC ,2018-05-03 07:07:23,52
SFNC ,2018-05-03 07:34:36,52
SFNC ,2018-05-03 07:43:53,52
SFNC ,2018-05-03 11:19:59,52
SFNC ,2018-05-03 12:43:22,52
SFNC ,2018-05-03 13:43:23,52
SFNC ,2018-05-03 14:43:23,52
SFNC ,2018-05-03 15:43:24,52
SFNC ,2018-05-03 16:43:24,52
SFNC ,2018-05-03 17:43:24,52
SFNC ,2018-05-03 18:43:23,52
SFNC ,2018-05-03 19:43:23,52
SFNC ,2018-05-03 20:43:23,52
SFNC ,2018-05-03 21:43:22,52
SFNC ,2018-05-03 22:43:24,52
SFNC ,2018-05-03 23:43:22,52
SFNC ,2018-05-04 00:43:22,52
SFNC ,2018-05-04 01:43:23,52
SFNC ,2018-05-04 02:43:24,52
SFNC ,2018-05-04 03:43:23,52
SFNC ,2018-05-04 04:43:23,52
SFNC ,2018-05-04 05:43:23,52
SFNC ,2018-05-04 06:43:23,52
SFNC ,2018-05-04 07:43:23,52
SFNC ,2018-05-04 08:43:24,52
SFNC ,2018-05-04 09:43:23,52
SFNC ,2018-05-04 10:43:23,52
SFNC ,2018-05-04 11:43:23,52
SFNC ,2018-05-04 12:43:22,52
SFNC ,2018-05-04 20:48:08,50
SFNC ,2018-05-04 20:54:08,50
SFNC ,2018-05-04 21:00:07,50
SFNC ,2018-05-04 21:06:07,50
SFNC ,2018-05-04 21:12:06,50
SFNC ,2018-05-04 21:18:06,50
SFNC ,2018-05-04 21:24:06,50
SFNC ,2018-05-04 21:30:05,50
SFNC ,2018-05-04 21:43:23,50
SFNC ,2018-05-04 22:43:24,50
SFNC ,2018-05-04 23:43:24,50
SFNC ,2018-05-05 00:43:23,50
SFNC ,2018-05-05 01:43:24,50
SFNC ,2018-05-05 02:43:24,50
SFNC ,2018-05-05 03:43:24,50
SFNC ,2018-05-05 04:43:24,50
SFNC ,2018-05-05 05:43:23,50
SFNC ,2018-05-05 06:43:24,50
SFNC ,2018-05-05 07:43:25,50
SFNC ,2018-05-05 08:43:24,50
SFNC ,2018-05-05 09:43:23,50
SFNC ,2018-05-05 10:43:25,50
SFNC ,2018-05-05 11:43:23,50
SFNC ,2018-05-05 12:43:24,50
SFNC ,2018-05-05 13:43:25,50
SFNC ,2018-05-05 14:43:24,50
SFNC ,2018-05-05 15:43:25,50
SFNC ,2018-05-05 16:43:24,50
SFNC ,2018-05-05 17:43:25,50
SFNC ,2018-05-05 18:43:24,50
SFNC ,2018-05-05 19:43:24,50
SFNC ,2018-05-05 20:43:24,50
SFNC ,2018-05-05 21:43:23,50
SFNC ,2018-05-05 22:43:24,50
SFNC ,2018-05-05 23:43:23,50
SFNC ,2018-05-06 00:43:23,50
SFNC ,2018-05-06 01:43:24,50
SFNC ,2018-05-06 02:43:24,50
SFNC ,2018-05-06 03:43:24,50
SFNC ,2018-05-06 04:43:24,50
SFNC ,2018-05-06 05:43:24,50
SFNC ,2018-05-06 06:43:23,50
SFNC ,2018-05-06 07:43:28,50
SFNC ,2018-05-06 08:43:23,50
SFNC ,2018-05-06 09:43:23,50
SFNC ,2018-05-06 10:43:23,50
SFNC ,2018-05-06 11:43:24,50
SFNC ,2018-05-06 12:43:23,50
SFNC ,2018-05-06 13:43:24,50
SFNC ,2018-05-06 14:43:24,50
SFNC ,2018-05-06 15:43:24,50
SFNC ,2018-05-06 16:43:24,50
SFNC ,2018-05-06 17:43:23,50
SFNC ,2018-05-06 18:43:25,50
SFNC ,2018-05-06 19:43:24,50
SFNC ,2018-05-06 20:43:25,50
SFNC ,2018-05-06 21:43:24,50
SFNC ,2018-05-06 22:43:23,50
SFNC ,2018-05-06 23:43:24,50
SFNC ,2018-05-07 00:43:23,50
SFNC ,2018-05-07 01:43:23,50
SFNC ,2018-05-07 01:57:00,50
SFNC ,2018-05-07 02:43:24,50
SFNC ,2018-05-07 03:43:24,50
SFNC ,2018-05-07 04:43:24,50
SFNC ,2018-05-07 05:43:24,50
SFNC ,2018-05-07 06:43:23,50
SFNC ,2018-05-07 07:43:23,50
SFNC ,2018-05-07 08:43:26,50
SFNC ,2018-05-07 09:43:23,50
SFNC ,2018-05-07 10:43:23,50
SFNC ,2018-05-07 11:43:23,50
SFNC ,2018-05-07 12:43:23,50
SFNC ,2018-05-07 13:43:33,50
SFNC ,2018-05-07 14:43:23,50
SFNC ,2018-05-07 15:43:24,50
SFNC ,2018-05-07 16:43:27,50
SFNC ,2018-05-07 22:43:23,50
SFNC ,2018-05-07 23:43:23,50
SFNC ,2018-05-08 00:43:25,50
SFNC ,2018-05-08 01:43:27,50
SFNC ,2018-05-08 02:43:23,50
SFNC ,2018-05-08 03:43:23,50
SFNC ,2018-05-08 04:43:24,50
SFNC ,2018-05-08 05:43:23,50
SFNC ,2018-05-08 06:43:24,50
SFNC ,2018-05-08 07:43:24,50
SFNC ,2018-05-08 08:43:23,50
SFNC ,2018-05-08 09:43:23,50
SFNC ,2018-05-08 10:43:23,50
SFNC ,2018-05-08 11:43:22,50
SFNC ,2018-05-08 12:43:22,50
SFNC ,2018-05-08 13:43:24,50
SFNC ,2018-05-08 14:43:24,50
SFNC ,2018-05-08 15:43:23,50
SFNC ,2018-05-08 16:43:23,49
SFNC ,2018-05-08 17:43:23,49
SFNC ,2018-05-08 18:43:24,49
SFNC ,2018-05-08 19:43:23,49
SFNC ,2018-05-08 20:43:23,49
SFNC ,2018-05-08 21:43:22,49
SFNC ,2018-05-08 22:43:23,49
SFNC ,2018-05-08 23:43:28,49
SFNC ,2018-05-09 00:43:24,49
SFNC ,2018-05-09 01:43:23,49
SFNC ,2018-05-09 02:43:23,49
SFNC ,2018-05-09 03:43:22,49
SFNC ,2018-05-09 04:43:24,49
SFNC ,2018-05-09 05:43:24,49
SFNC ,2018-05-09 06:43:23,49
SFNC ,2018-05-09 07:43:23,49
SFNC ,2018-05-09 08:43:23,49
SFNC ,2018-05-09 09:43:22,49
SFNC ,2018-05-09 10:43:23,49
SFNC ,2018-05-09 11:43:23,49
SFNC ,2018-05-09 12:43:22,49
SFNC ,2018-05-09 13:43:25,49
SFNC ,2018-05-09 14:43:23,49
SFNC ,2018-05-09 15:43:22,49
SFNC ,2018-05-09 16:43:23,49
SFNC ,2018-05-09 17:43:24,49
SFNC ,2018-05-09 18:43:23,49
SFNC ,2018-05-09 19:43:23,49
SFNC ,2018-05-09 20:43:22,48
SFNC ,2018-05-09 21:43:24,48
SFNC ,2018-05-09 22:43:22,48
SFNC ,2018-05-09 23:43:22,48
SFNC ,2018-05-10 00:43:24,48
SFNC ,2018-05-10 01:43:24,48
SFNC ,2018-05-10 02:43:24,48
SFNC ,2018-05-10 03:43:25,48
SFNC ,2018-05-10 04:43:25,48
SFNC ,2018-05-10 05:43:24,48
SFNC ,2018-05-10 06:43:24,48
SFNC ,2018-05-10 07:43:25,48
SFNC ,2018-05-10 08:43:24,48
SFNC ,2018-05-10 09:43:23,48
SFNC ,2018-05-10 10:43:24,48
SFNC ,2018-05-10 11:43:24,48
SFNC ,2018-05-10 12:43:24,48
SFNC ,2018-05-10 13:43:34,48
SFNC ,2018-05-10 14:43:25,48
SFNC ,2018-05-10 15:43:25,48
SFNC ,2018-05-10 16:43:25,48
SFNC ,2018-05-10 17:43:25,48
SFNC ,2018-05-10 18:43:24,48
SFNC ,2018-05-10 19:43:25,47
SFNC ,2018-05-10 20:43:24,47
SFNC ,2018-05-10 21:43:24,47
SFNC ,2018-05-10 22:43:24,47
SFNC ,2018-05-10 23:43:25,47
SFNC ,2018-05-11 00:43:25,47
SFNC ,2018-05-11 01:43:25,47
SFNC ,2018-05-11 02:43:24,47
SFNC ,2018-05-11 03:43:24,47
SFNC ,2018-05-11 04:43:24,47
SFNC ,2018-05-11 05:43:26,47
SFNC ,2018-05-11 06:43:24,47
SFNC ,2018-05-11 07:43:24,47
SFNC ,2018-05-11 08:43:24,47
SFNC ,2018-05-11 09:43:24,47
SFNC ,2018-05-11 10:43:24,47
SFNC ,2018-05-11 11:43:24,47
SFNC ,2018-05-11 12:43:23,47
SFNC ,2018-05-11 13:43:26,47
SFNC ,2018-05-11 14:43:25,48
SFNC ,2018-05-11 15:43:25,48
SFNC ,2018-05-11 16:43:25,47
SFNC ,2018-05-11 17:43:25,47
SFNC ,2018-05-11 18:43:25,47
SFNC ,2018-05-11 19:43:25,47
SFNC ,2018-05-11 20:43:24,47
SFNC ,2018-05-11 21:43:24,47
SFNC ,2018-05-11 22:43:24,47
SFNC ,2018-05-11 23:43:24,47
SFNC ,2018-05-12 00:43:25,47
SFNC ,2018-05-12 01:43:24,47
SFNC ,2018-05-12 02:43:26,47
SFNC ,2018-05-12 03:43:25,47
SFNC ,2018-05-12 04:43:24,47
SFNC ,2018-05-12 05:43:25,47
SFNC ,2018-05-12 06:43:25,47
SFNC ,2018-05-12 07:43:24,47
SFNC ,2018-05-12 08:43:24,47
SFNC ,2018-05-12 09:43:24,47
SFNC ,2018-05-12 10:43:24,47
SFNC ,2018-05-12 11:43:24,47
SFNC ,2018-05-12 12:43:24,47
SFNC ,2018-05-12 13:43:25,47
SFNC ,2018-05-12 14:43:24,47
SFNC ,2018-05-12 15:43:26,47
SFNC ,2018-05-12 16:43:24,47
SFNC ,2018-05-12 17:43:25,47
SFNC ,2018-05-12 18:43:23,47
SFNC ,2018-05-12 19:43:25,47
SFNC ,2018-05-12 20:43:24,47
SFNC ,2018-05-12 21:43:23,47
SFNC ,2018-05-12 22:43:24,47
SFNC ,2018-05-12 23:43:24,47
SFNC ,2018-05-13 00:43:25,47
SFNC ,2018-05-13 01:43:24,47
SFNC ,2018-05-13 02:43:23,47
SFNC ,2018-05-13 03:43:24,47
SFNC ,2018-05-13 04:43:25,47
SFNC ,2018-05-13 05:43:25,47
SFNC ,2018-05-13 06:43:25,47
SFNC ,2018-05-13 07:43:24,47
SFNC ,2018-05-13 08:43:24,47
SFNC ,2018-05-13 09:43:25,47
SFNC ,2018-05-13 10:43:23,47
SFNC ,2018-05-13 11:43:23,47
SFNC ,2018-05-13 12:43:24,47
SFNC ,2018-05-13 13:43:24,47
SFNC ,2018-05-13 14:43:24,47
SFNC ,2018-05-13 15:43:24,47
SFNC ,2018-05-13 16:43:25,47
SFNC ,2018-05-13 17:43:24,47
SFNC ,2018-05-13 18:43:25,47
SFNC ,2018-05-13 19:43:23,47
SFNC ,2018-05-13 20:43:25,47
SFNC ,2018-05-13 21:43:25,47
SFNC ,2018-05-13 22:43:25,47
SFNC ,2018-05-13 23:43:25,47
SFNC ,2018-05-14 00:43:25,47
SFNC ,2018-05-14 01:43:25,47
SFNC ,2018-05-14 02:43:25,47
SFNC ,2018-05-14 03:43:25,47
SFNC ,2018-05-14 04:43:25,47
SFNC ,2018-05-14 05:43:25,47
SFNC ,2018-05-14 06:43:24,47
SFNC ,2018-05-14 07:43:24,47
SFNC ,2018-05-14 08:43:23,47
SFNC ,2018-05-14 09:43:24,47
SFNC ,2018-05-14 10:43:24,47
SFNC ,2018-05-14 11:43:24,47
SFNC ,2018-05-14 12:43:23,47
SFNC ,2018-05-14 13:43:27,47
SFNC ,2018-05-14 14:43:25,47
SFNC ,2018-05-14 15:43:25,47
SFNC ,2018-05-14 16:43:25,48
SFNC ,2018-05-14 17:43:25,48
SFNC ,2018-05-14 18:43:27,48
SFNC ,2018-05-14 19:43:25,48
SFNC ,2018-05-14 20:43:25,48
SFNC ,2018-05-14 21:43:25,48
SFNC ,2018-05-14 22:43:26,48
SFNC ,2018-05-14 23:43:26,48
SFNC ,2018-05-15 00:43:26,48
SFNC ,2018-05-15 01:43:26,48
SFNC ,2018-05-15 02:43:26,48
SFNC ,2018-05-15 03:43:25,48
SFNC ,2018-05-15 04:43:26,48
SFNC ,2018-05-15 05:43:25,48
SFNC ,2018-05-15 06:43:25,48
SFNC ,2018-05-15 07:43:25,48
SFNC ,2018-05-15 08:43:25,48
SFNC ,2018-05-15 09:43:25,48
SFNC ,2018-05-15 10:43:26,48
SFNC ,2018-05-15 11:43:25,48
SFNC ,2018-05-15 12:43:25,48
SFNC ,2018-05-15 13:43:26,48
SFNC ,2018-05-15 14:43:26,49
SFNC ,2018-05-15 15:43:25,49
SFNC ,2018-05-15 16:43:25,49
SFNC ,2018-05-15 17:43:24,50
SFNC ,2018-05-15 18:43:29,50
SFNC ,2018-05-15 19:43:25,50
SFNC ,2018-05-15 20:43:24,50
SFNC ,2018-05-15 21:43:23,50
SFNC ,2018-05-15 22:43:25,50
SFNC ,2018-05-15 23:43:25,50
SFNC ,2018-05-16 00:43:24,50
SFNC ,2018-05-16 01:43:24,50
SFNC ,2018-05-16 02:43:24,50
SFNC ,2018-05-16 03:43:25,50
SFNC ,2018-05-16 04:43:25,50
SFNC ,2018-05-16 05:43:24,50
SFNC ,2018-05-16 06:43:25,50
SFNC ,2018-05-16 07:43:25,50
SFNC ,2018-05-16 08:43:25,50
SFNC ,2018-05-16 09:43:23,50
SFNC ,2018-05-16 10:43:24,50
SFNC ,2018-05-16 11:43:25,50
SFNC ,2018-05-16 12:43:26,50
SFNC ,2018-05-16 13:43:25,50
SFNC ,2018-05-16 14:43:24,50
SFNC ,2018-05-16 15:43:25,50
SFNC ,2018-05-16 16:43:24,50
SFNC ,2018-05-16 17:43:25,50
SFNC ,2018-05-16 18:43:24,50
SFNC ,2018-05-16 19:43:24,50
SFNC ,2018-05-16 20:43:24,49
SFNC ,2018-05-16 21:43:23,49
SFNC ,2018-05-16 22:43:24,49
SFNC ,2018-05-16 23:43:24,49
SFNC ,2018-05-17 00:43:26,49
SFNC ,2018-05-17 01:43:24,49
SFNC ,2018-05-17 02:43:24,49
SFNC ,2018-05-17 03:43:24,49
SFNC ,2018-05-17 04:43:25,49
SFNC ,2018-05-17 05:43:25,49
SFNC ,2018-05-17 06:43:26,49
SFNC ,2018-05-17 07:43:25,49
SFNC ,2018-05-17 08:43:28,49
SFNC ,2018-05-17 09:43:24,49
SFNC ,2018-05-17 10:43:24,49
SFNC ,2018-05-17 11:43:25,49
SFNC ,2018-05-17 12:43:24,49
SFNC ,2018-05-17 13:43:26,49
SFNC ,2018-05-17 14:43:25,49
SFNC ,2018-05-17 15:43:25,49
SFNC ,2018-05-18 07:43:25,49
SFNC ,2018-05-18 08:43:25,49
SFNC ,2018-05-18 09:43:23,49
SFNC ,2018-05-18 10:43:23,49
SFNC ,2018-05-18 11:43:23,49
SFNC ,2018-05-18 12:43:24,49
SFNC ,2018-05-18 13:43:26,49
SFNC ,2018-05-18 14:43:24,48
SFNC ,2018-05-18 15:43:24,48
SFNC ,2018-05-18 16:43:24,48
SFNC ,2018-05-18 17:43:23,48
SFNC ,2018-05-18 18:43:23,48
SFNC ,2018-05-18 19:43:25,48
SFNC ,2018-05-18 20:43:25,48
SFNC ,2018-05-18 21:43:23,48
SFNC ,2018-05-18 22:43:24,48
SFNC ,2018-05-18 23:43:24,48
SFNC ,2018-05-19 00:43:23,48
SFNC ,2018-05-19 01:43:25,48
SFNC ,2018-05-19 02:43:25,48
SFNC ,2018-05-19 03:43:25,48
SFNC ,2018-05-19 04:43:24,48
SFNC ,2018-05-19 05:43:25,48
SFNC ,2018-05-19 06:43:26,48
SFNC ,2018-05-19 07:43:23,48
SFNC ,2018-05-19 08:43:24,48
SFNC ,2018-05-19 09:43:24,48
SFNC ,2018-05-19 10:43:23,48
SFNC ,2018-05-19 11:43:24,48
SFNC ,2018-05-19 12:43:24,48
SFNC ,2018-05-19 13:43:25,48
SFNC ,2018-05-19 14:43:25,48
SFNC ,2018-05-19 15:43:25,48
SFNC ,2018-05-19 16:43:25,48
SFNC ,2018-05-19 17:43:25,48
SFNC ,2018-05-19 18:43:24,48
SFNC ,2018-05-19 19:43:24,48
SFNC ,2018-05-19 20:43:24,48
SFNC ,2018-05-19 21:43:24,48
SFNC ,2018-05-19 22:43:24,48
SFNC ,2018-05-19 23:43:24,48
SFNC ,2018-05-20 00:43:24,48
SFNC ,2018-05-20 01:43:25,48
SFNC ,2018-05-20 02:43:24,48
SFNC ,2018-05-20 03:43:23,48
SFNC ,2018-05-20 04:43:25,48
SFNC ,2018-05-20 05:43:24,48
SFNC ,2018-05-20 06:43:23,48
SFNC ,2018-05-20 07:43:23,48
SFNC ,2018-05-20 08:43:24,48
SFNC ,2018-05-20 09:43:24,48
SFNC ,2018-05-20 10:43:24,48
SFNC ,2018-05-20 11:43:24,48
SFNC ,2018-05-20 12:43:23,48
SFNC ,2018-05-20 13:43:23,48
SFNC ,2018-05-20 14:43:26,48
SFNC ,2018-05-20 15:43:24,48
SFNC ,2018-05-20 16:43:24,48
SFNC ,2018-05-20 17:43:25,48
SFNC ,2018-05-20 18:43:24,48
SFNC ,2018-05-20 19:43:24,48
SFNC ,2018-05-20 20:43:24,48
SFNC ,2018-05-20 21:43:23,48
SFNC ,2018-05-20 22:43:24,48
SFNC ,2018-05-20 23:43:24,48
SFNC ,2018-05-21 00:43:25,48
SFNC ,2018-05-21 01:43:36,48
SFNC ,2018-05-21 02:43:31,48
SFNC ,2018-05-21 03:43:25,48
SFNC ,2018-05-21 04:43:28,48
SFNC ,2018-05-21 05:43:24,48
SFNC ,2018-05-21 06:43:25,48
SFNC ,2018-05-21 07:43:25,48
SFNC ,2018-05-21 08:43:27,48
SFNC ,2018-05-21 09:43:24,48
SFNC ,2018-05-21 10:43:24,48
SFNC ,2018-05-21 11:43:24,48
SFNC ,2018-05-21 12:43:28,48
SFNC ,2018-05-21 13:43:25,48
SFNC ,2018-05-21 14:43:25,48
SFNC ,2018-05-21 15:43:25,48
SFNC ,2018-05-21 16:43:24,48
SFNC ,2018-05-21 17:43:23,48
SFNC ,2018-05-21 18:43:25,48
SFNC ,2018-05-21 19:43:24,48
SFNC ,2018-05-21 20:43:24,48
SFNC ,2018-05-21 21:43:24,48
SFNC ,2018-05-21 22:43:23,48
SFNC ,2018-05-21 23:43:24,48
SFNC ,2018-05-22 00:43:24,48
SFNC ,2018-05-22 01:43:25,48
SFNC ,2018-05-22 02:43:24,48
SFNC ,2018-05-22 03:43:25,48
SFNC ,2018-05-22 04:43:25,48
SFNC ,2018-05-22 05:43:23,48
SFNC ,2018-05-22 06:43:23,48
SFNC ,2018-05-22 07:43:24,48
SFNC ,2018-05-22 08:43:30,48
SFNC ,2018-05-22 09:43:24,48
SFNC ,2018-05-22 10:43:24,48
SFNC ,2018-05-22 11:43:23,48
SFNC ,2018-05-22 12:43:24,48
SFNC ,2018-05-22 13:43:26,48
SFNC ,2018-05-22 14:43:25,48
SFNC ,2018-05-22 15:43:25,48
SFNC ,2018-05-22 16:43:24,48
SFNC ,2018-05-22 17:43:24,48
SFNC ,2018-05-22 18:43:24,48
SFNC ,2018-05-22 19:43:24,48
SFNC ,2018-05-22 20:43:25,48
SFNC ,2018-05-22 21:43:24,48
SFNC ,2018-05-22 22:43:24,48
SFNC ,2018-05-22 23:43:24,48
SFNC ,2018-05-23 00:43:24,48
SFNC ,2018-05-23 01:43:24,48
SFNC ,2018-05-23 02:43:24,48
SFNC ,2018-05-23 03:43:25,48
SFNC ,2018-05-23 04:43:24,48
SFNC ,2018-05-23 05:43:25,48
SFNC ,2018-05-23 06:43:25,48
SFNC ,2018-05-23 07:43:28,48
SFNC ,2018-05-23 08:43:24,48
SFNC ,2018-05-23 09:43:24,48
SFNC ,2018-05-23 10:43:25,48
SFNC ,2018-05-23 11:43:24,48
SFNC ,2018-05-23 12:43:23,48
SFNC ,2018-05-23 13:43:25,48
SFNC ,2018-05-23 14:43:24,48
SFNC ,2018-05-23 15:43:25,49
SFNC ,2018-05-23 16:43:26,49
SFNC ,2018-05-23 17:43:24,49
SFNC ,2018-05-23 18:43:23,49
SFNC ,2018-05-23 19:43:25,49
SFNC ,2018-05-23 20:43:26,49
SFNC ,2018-05-23 21:43:25,49
SFNC ,2018-05-23 22:43:25,49
SFNC ,2018-05-23 23:43:24,49
SFNC ,2018-05-24 00:43:24,49
SFNC ,2018-05-24 01:43:24,49
SFNC ,2018-05-24 02:43:25,49
SFNC ,2018-05-24 03:43:24,49
SFNC ,2018-05-24 04:43:24,49
SFNC ,2018-05-24 06:43:25,49
SFNC ,2018-05-24 07:43:25,49
SFNC ,2018-05-24 08:43:24,49
SFNC ,2018-05-24 09:43:25,49
SFNC ,2018-05-24 10:43:25,49
SFNC ,2018-05-24 11:43:24,49
SFNC ,2018-05-24 12:43:24,49
SFNC ,2018-05-24 13:43:24,49
SFNC ,2018-05-24 20:12:33,50
SFNC ,2018-05-24 20:43:24,50
SFNC ,2018-05-24 21:43:26,50
SFNC ,2018-05-24 22:43:25,50
SFNC ,2018-05-24 23:43:26,50
SFNC ,2018-05-25 00:43:25,50
SFNC ,2018-05-25 01:43:26,50
SFNC ,2018-05-25 02:43:25,50
SFNC ,2018-05-25 03:43:25,50
SFNC ,2018-05-25 04:43:25,50
SFNC ,2018-05-25 05:43:26,50
SFNC ,2018-05-25 06:43:25,50
SFNC ,2018-05-25 07:43:25,50
SFNC ,2018-05-25 08:43:25,50
SFNC ,2018-05-25 09:43:25,50
SFNC ,2018-05-25 10:43:26,50
SFNC ,2018-05-25 11:43:25,50
SFNC ,2018-05-25 12:43:25,50
SFNC ,2018-05-25 13:43:25,50
SFNC ,2018-05-25 14:43:25,49
SFNC ,2018-05-25 15:43:25,49
SFNC ,2018-05-25 16:43:26,49
SFNC ,2018-05-25 17:43:24,49
SFNC ,2018-05-25 18:43:25,49
SFNC ,2018-05-25 19:43:25,50
SFNC ,2018-05-25 20:43:25,50
SFNC ,2018-05-25 21:43:25,50
SFNC ,2018-05-25 22:43:24,50
SFNC ,2018-05-25 23:43:25,50
SFNC ,2018-05-26 00:43:25,50
SFNC ,2018-05-26 01:43:25,50
SFNC ,2018-05-26 02:43:26,50
SFNC ,2018-05-26 03:43:25,50
SFNC ,2018-05-26 04:43:25,50
SFNC ,2018-05-26 05:43:25,50
SFNC ,2018-05-26 06:43:25,50
SFNC ,2018-05-26 07:43:26,50
SFNC ,2018-05-26 08:43:26,50
SFNC ,2018-05-26 09:43:24,50
SFNC ,2018-05-26 10:43:25,50
SFNC ,2018-05-26 11:43:25,50
SFNC ,2018-05-26 12:43:25,50
SFNC ,2018-05-26 13:43:26,50
SFNC ,2018-05-26 14:43:25,50
SFNC ,2018-05-26 15:43:26,50
SFNC ,2018-05-26 16:43:25,50
SFNC ,2018-05-26 17:43:26,50
SFNC ,2018-05-26 18:43:26,50
SFNC ,2018-05-26 19:43:29,50
SFNC ,2018-05-26 20:43:25,50
SFNC ,2018-05-26 21:43:25,50
SFNC ,2018-05-26 22:43:26,50
SFNC ,2018-05-26 23:43:25,50
SFNC ,2018-05-27 00:43:25,50
SFNC ,2018-05-27 01:43:26,50
SFNC ,2018-05-27 02:43:25,50
SFNC ,2018-05-27 03:43:25,50
SFNC ,2018-05-27 04:43:25,50
SFNC ,2018-05-27 05:43:26,50
SFNC ,2018-05-27 06:43:25,50
SFNC ,2018-05-27 07:43:24,50
SFNC ,2018-05-27 08:43:25,50
SFNC ,2018-05-27 09:43:24,50
SFNC ,2018-05-27 10:43:24,50
SFNC ,2018-05-27 11:43:25,50
SFNC ,2018-05-27 12:43:24,50
SFNC ,2018-05-27 13:43:26,50
SFNC ,2018-05-27 14:43:25,50
SFNC ,2018-05-27 15:43:26,50
SFNC ,2018-05-27 16:43:25,50
SFNC ,2018-05-27 17:43:24,50
SFNC ,2018-05-27 18:43:25,50
SFNC ,2018-05-27 19:43:24,50
SFNC ,2018-05-27 20:43:25,50
SFNC ,2018-05-27 21:43:26,50
SFNC ,2018-05-27 22:43:26,50
SFNC ,2018-05-27 23:43:26,50
SFNC ,2018-05-28 00:43:25,50
SFNC ,2018-05-28 01:43:25,50
SFNC ,2018-05-28 02:43:25,50
SFNC ,2018-05-28 03:43:25,50
SFNC ,2018-05-28 04:43:25,50
SFNC ,2018-05-28 05:43:25,50
SFNC ,2018-05-28 06:43:25,50
SFNC ,2018-05-28 07:43:24,50
SFNC ,2018-05-28 08:43:24,50
SFNC ,2018-05-28 09:43:25,50
SFNC ,2018-05-28 10:43:25,50
SFNC ,2018-05-28 11:43:25,50
SFNC ,2018-05-28 12:43:25,50
SFNC ,2018-05-28 13:43:25,50
SFNC ,2018-05-28 14:43:25,50
SFNC ,2018-05-28 15:43:25,50
SFNC ,2018-05-28 16:43:25,50
SFNC ,2018-05-28 17:43:25,50
SFNC ,2018-05-28 18:43:25,50
SFNC ,2018-05-28 19:43:25,50
SFNC ,2018-05-28 20:43:25,50
SFNC ,2018-05-28 21:43:25,50
SFNC ,2018-05-28 22:43:26,50
SFNC ,2018-05-28 23:43:25,50
SFNC ,2018-05-29 00:43:25,50
SFNC ,2018-05-29 01:43:24,50
SFNC ,2018-05-29 02:43:25,50
SFNC ,2018-05-29 03:43:25,50
SFNC ,2018-05-29 04:43:26,50
SFNC ,2018-05-29 05:43:25,50
SFNC ,2018-05-29 06:43:25,50
SFNC ,2018-05-29 07:43:25,50
SFNC ,2018-05-29 08:43:31,50
SFNC ,2018-05-29 09:43:25,50
SFNC ,2018-05-29 10:43:23,50
SFNC ,2018-05-29 11:43:23,50
SFNC ,2018-05-29 12:43:24,50
SFNC ,2018-05-30 19:54:06,50
SFNC ,2018-05-30 20:43:25,50
SFNC ,2018-05-30 21:43:25,50
SFNC ,2018-05-30 22:43:25,50
SFNC ,2018-05-30 23:43:25,50
SFNC ,2018-05-31 00:43:25,50
SFNC ,2018-05-31 01:43:27,50
SFNC ,2018-05-31 02:43:25,50
SFNC ,2018-05-31 03:43:29,50
SFNC ,2018-05-31 04:43:25,50
SFNC ,2018-05-31 05:43:25,50
SFNC ,2018-05-31 06:43:26,50
SFNC ,2018-05-31 07:43:25,50
SFNC ,2018-05-31 08:43:25,50
SFNC ,2018-05-31 09:43:25,50
SFNC ,2018-05-31 10:43:25,50
SFNC ,2018-05-31 11:43:25,50
SFNC ,2018-05-31 12:43:25,50
SFNC ,2018-05-31 13:43:27,50
SFNC ,2018-05-31 14:43:26,51
SFNC ,2018-05-31 15:43:25,51
SFNC ,2018-05-31 16:43:25,51
SFNC ,2018-05-31 17:43:25,52
SFNC ,2018-05-31 18:43:26,52
SFNC ,2018-05-31 19:43:25,52
SFNC ,2018-05-31 20:43:26,52
SFNC ,2018-05-31 21:43:25,52
SFNC ,2018-05-31 22:43:26,52
SFNC ,2018-05-31 23:43:25,52
SFNC ,2018-06-01 00:43:25,52
SFNC ,2018-06-01 01:43:25,52
SFNC ,2018-06-01 02:43:25,52
SFNC ,2018-06-01 03:43:25,52
SFNC ,2018-06-01 04:43:25,52
SFNC ,2018-06-01 05:43:24,52
SFNC ,2018-06-01 06:43:26,52
SFNC ,2018-06-01 07:43:26,52
SFNC ,2018-06-01 08:43:28,52
SFNC ,2018-06-01 09:43:25,52
SFNC ,2018-06-01 10:43:24,52
SFNC ,2018-06-01 11:43:25,52
SFNC ,2018-06-01 12:43:25,52
SFNC ,2018-06-01 13:43:34,52
SFNC ,2018-06-01 14:43:26,52
SFNC ,2018-06-01 15:43:27,52
SFNC ,2018-06-01 16:43:27,52
SFNC ,2018-06-01 17:43:27,52
SFNC ,2018-06-01 18:43:26,52
SFNC ,2018-06-01 19:43:27,52
SFNC ,2018-06-01 20:43:26,52
SFNC ,2018-06-01 21:43:27,52
SFNC ,2018-06-01 22:43:27,52
SFNC ,2018-06-01 23:43:26,52
SFNC ,2018-06-02 00:43:26,52
SFNC ,2018-06-02 01:43:26,52
SFNC ,2018-06-02 02:43:27,52
SFNC ,2018-06-02 03:43:27,52
SFNC ,2018-06-02 04:43:26,52
SFNC ,2018-06-02 05:43:27,52
SFNC ,2018-06-02 06:43:26,52
SFNC ,2018-06-02 07:43:26,52
SFNC ,2018-06-02 08:43:25,52
SFNC ,2018-06-02 09:43:27,52
SFNC ,2018-06-02 10:43:25,52
SFNC ,2018-06-02 11:43:25,52
SFNC ,2018-06-02 12:43:27,52
SFNC ,2018-06-02 13:43:27,52
SFNC ,2018-06-02 14:43:27,52
SFNC ,2018-06-02 15:43:27,52
SFNC ,2018-06-02 16:43:27,52
SFNC ,2018-06-02 17:43:26,52
SFNC ,2018-06-02 18:43:26,52
SFNC ,2018-06-02 19:43:27,52
SFNC ,2018-06-02 20:43:27,52
SFNC ,2018-06-02 21:43:27,52
SFNC ,2018-06-02 22:43:26,52
SFNC ,2018-06-02 23:43:27,52
SFNC ,2018-06-03 00:43:26,52
SFNC ,2018-06-03 01:43:27,52
SFNC ,2018-06-03 02:43:27,52
SFNC ,2018-06-03 03:43:26,52
SFNC ,2018-06-03 04:43:25,52
SFNC ,2018-06-03 05:43:27,52
SFNC ,2018-06-03 06:43:26,52
SFNC ,2018-06-03 19:45:42,52
SFNC ,2018-06-03 20:43:27,52
SFNC ,2018-06-03 21:43:26,52
SFNC ,2018-06-03 22:43:26,52
SFNC ,2018-06-03 23:43:26,52
SFNC ,2018-06-04 00:43:26,52
SFNC ,2018-06-04 01:43:26,52
SFNC ,2018-06-04 02:43:27,52
SFNC ,2018-06-04 03:43:26,52
SFNC ,2018-06-04 04:43:28,52
SFNC ,2018-06-04 05:43:26,52
SFNC ,2018-06-04 06:43:26,52
SFNC ,2018-06-04 07:43:27,52
SFNC ,2018-06-04 08:43:26,52
SFNC ,2018-06-04 09:43:27,52
SFNC ,2018-06-04 10:43:21,52
SFNC ,2018-06-04 11:43:21,52
SFNC ,2018-06-04 12:43:22,52
SFNC ,2018-06-04 13:43:23,52
SFNC ,2018-06-04 14:43:23,52
SFNC ,2018-06-04 15:43:22,52
SFNC ,2018-06-04 16:43:21,51
SFNC ,2018-06-04 17:43:22,50
SFNC ,2018-06-04 18:43:22,50
SFNC ,2018-06-04 19:43:23,50
SFNC ,2018-06-04 20:43:23,50
SFNC ,2018-06-04 21:43:23,50
SFNC ,2018-06-04 22:43:23,50
SFNC ,2018-06-04 23:43:24,50
SFNC ,2018-06-05 00:43:23,50
SFNC ,2018-06-05 01:43:23,50
SFNC ,2018-06-05 02:43:23,50
SFNC ,2018-06-05 03:43:22,50
SFNC ,2018-06-05 04:43:24,50
SFNC ,2018-06-05 05:43:23,50
SFNC ,2018-06-05 06:43:23,50
SFNC ,2018-06-05 07:43:22,50
SFNC ,2018-06-05 08:43:23,50
SFNC ,2018-06-05 09:43:23,50
SFNC ,2018-06-05 10:43:23,50
SFNC ,2018-06-05 11:43:23,50
SFNC ,2018-06-05 12:43:22,50
SFNC ,2018-06-05 13:43:25,50
SFNC ,2018-06-05 14:43:25,50
SFNC ,2018-06-05 15:43:23,50
SFNC ,2018-06-05 16:43:24,50
SFNC ,2018-06-05 17:43:23,50
SFNC ,2018-06-05 18:43:22,50
SFNC ,2018-06-05 19:43:24,50
SFNC ,2018-06-05 20:43:23,50
SFNC ,2018-06-05 21:43:23,50
SFNC ,2018-06-05 22:43:23,50
SFNC ,2018-06-05 23:43:23,50
SFNC ,2018-06-06 00:43:24,50
SFNC ,2018-06-06 01:43:23,50
SFNC ,2018-06-06 02:43:23,50
SFNC ,2018-06-06 03:43:24,50
SFNC ,2018-06-06 04:43:24,50
SFNC ,2018-06-06 05:43:23,50
SFNC ,2018-06-06 06:43:23,50
SFNC ,2018-06-06 07:43:22,50
SFNC ,2018-06-06 08:43:23,50
SFNC ,2018-06-06 09:43:23,50
SFNC ,2018-06-06 10:43:23,50
SFNC ,2018-06-06 11:43:24,50
SFNC ,2018-06-06 12:43:23,50
SFNC ,2018-06-06 13:43:25,50
SFNC ,2018-06-06 14:43:24,51
SFNC ,2018-06-06 15:43:25,51
SFNC ,2018-06-06 16:43:25,51
SFNC ,2018-06-06 17:43:24,50
SFNC ,2018-06-06 18:43:25,50
SFNC ,2018-06-06 19:43:24,50
SFNC ,2018-06-06 20:43:24,49
SFNC ,2018-06-06 21:43:24,49
SFNC ,2018-06-06 22:43:25,49
SFNC ,2018-06-06 23:43:26,49
SFNC ,2018-06-07 00:43:26,49
SFNC ,2018-06-07 01:43:26,49
SFNC ,2018-06-07 02:43:27,49
SFNC ,2018-06-07 03:43:26,49
SFNC ,2018-06-07 04:43:26,49
SFNC ,2018-06-07 05:43:27,49
SFNC ,2018-06-07 06:43:26,49
SFNC ,2018-06-07 07:43:26,49
SFNC ,2018-06-07 08:43:26,49
SFNC ,2018-06-07 09:43:26,49
SFNC ,2018-06-07 10:43:26,49
SFNC ,2018-06-07 11:43:26,49
SFNC ,2018-06-07 12:43:27,49
SFNC ,2018-06-07 13:43:27,49
SFNC ,2018-06-07 14:43:28,48
SFNC ,2018-06-07 15:43:26,48
SFNC ,2018-06-07 16:43:27,48
SFNC ,2018-06-07 17:43:27,48
SFNC ,2018-06-07 18:43:26,48
SFNC ,2018-06-07 19:43:27,48
SFNC ,2018-06-07 20:43:26,48
SFNC ,2018-06-07 21:43:26,48
SFNC ,2018-06-07 22:43:27,48
SFNC ,2018-06-07 23:43:27,48
SFNC ,2018-06-08 00:43:26,48
SFNC ,2018-06-08 01:43:25,48
SFNC ,2018-06-08 02:43:26,48
SFNC ,2018-06-08 03:43:26,48
SFNC ,2018-06-08 04:43:28,48
SFNC ,2018-06-08 05:43:26,48
SFNC ,2018-06-08 06:43:28,48
SFNC ,2018-06-08 07:43:27,48
SFNC ,2018-06-08 08:43:26,48
SFNC ,2018-06-08 09:43:25,48
SFNC ,2018-06-08 10:43:26,48
SFNC ,2018-06-08 11:43:26,48
SFNC ,2018-06-08 12:43:27,48
SFNC ,2018-06-08 13:43:28,48
SFNC ,2018-06-08 14:43:27,48
SFNC ,2018-06-08 15:43:26,48
SFNC ,2018-06-08 16:43:28,48
SFNC ,2018-06-08 17:43:27,48
SFNC ,2018-06-08 18:43:27,48
SFNC ,2018-06-08 19:43:27,48
SFNC ,2018-06-08 20:43:27,48
SFNC ,2018-06-08 21:43:27,48
SFNC ,2018-06-08 22:43:27,48
SFNC ,2018-06-08 23:43:27,48
SFNC ,2018-06-09 00:43:27,48
SFNC ,2018-06-09 01:43:28,48
SFNC ,2018-06-09 02:43:27,48
SFNC ,2018-06-09 03:43:27,48
SFNC ,2018-06-09 04:43:28,48
SFNC ,2018-06-09 05:43:27,48
SFNC ,2018-06-09 06:43:29,48
SFNC ,2018-06-09 07:43:27,48
SFNC ,2018-06-09 08:43:27,48
SFNC ,2018-06-09 09:43:27,48
SFNC ,2018-06-09 10:43:28,48
SFNC ,2018-06-09 11:43:28,48
SFNC ,2018-06-09 12:43:28,48
SFNC ,2018-06-09 13:43:28,48
SFNC ,2018-06-09 14:43:28,48
SFNC ,2018-06-09 15:43:29,48
SFNC ,2018-06-09 16:43:28,48
SFNC ,2018-06-09 17:43:29,48
SFNC ,2018-06-09 18:43:29,48
SFNC ,2018-06-09 19:43:28,48
SFNC ,2018-06-09 20:43:28,48
SFNC ,2018-06-09 21:43:28,48
SFNC ,2018-06-09 22:43:27,48
SFNC ,2018-06-09 23:43:27,48
SFNC ,2018-06-10 00:43:27,48
SFNC ,2018-06-10 01:43:27,48
SFNC ,2018-06-10 02:43:27,48
SFNC ,2018-06-10 03:43:27,48
SFNC ,2018-06-10 04:43:28,48
SFNC ,2018-06-10 05:43:27,48
SFNC ,2018-06-10 06:43:27,48
SFNC ,2018-06-10 07:43:28,48
SFNC ,2018-06-10 08:43:28,48
SFNC ,2018-06-10 09:43:27,48
SFNC ,2018-06-10 10:43:28,48
SFNC ,2018-06-10 11:43:27,48
SFNC ,2018-06-10 12:43:27,48
SFNC ,2018-06-10 13:43:27,48
SFNC ,2018-06-10 14:43:28,48
SFNC ,2018-06-10 15:43:26,48
SFNC ,2018-06-10 16:43:28,48
SFNC ,2018-06-10 17:43:28,48
SFNC ,2018-06-10 18:43:28,48
SFNC ,2018-06-10 19:43:27,48
SFNC ,2018-06-10 20:43:27,48
SFNC ,2018-06-10 21:43:27,48
SFNC ,2018-06-10 22:43:28,48
SFNC ,2018-06-10 23:43:27,48
SFNC ,2018-06-11 00:43:27,48
SFNC ,2018-06-11 01:43:27,48
SFNC ,2018-06-11 02:43:27,48
SFNC ,2018-06-11 03:43:27,48
SFNC ,2018-06-11 04:43:27,48
SFNC ,2018-06-11 06:43:26,48
SFNC ,2018-06-11 07:43:27,48
SFNC ,2018-06-11 08:43:27,48
SFNC ,2018-06-11 09:43:27,48
SFNC ,2018-06-11 10:43:27,48
SFNC ,2018-06-11 11:43:26,48
SFNC ,2018-06-11 12:43:26,48
SFNC ,2018-06-11 13:43:27,48
SFNC ,2018-06-11 14:43:26,49
SFNC ,2018-06-11 15:43:26,49
SFNC ,2018-06-11 16:43:26,50
SFNC ,2018-06-11 17:43:25,50
SFNC ,2018-06-11 18:43:26,50
SFNC ,2018-06-11 19:43:26,50
SFNC ,2018-06-11 20:43:26,50
SFNC ,2018-06-11 21:43:26,50
SFNC ,2018-06-11 22:43:25,50
SFNC ,2018-06-11 23:43:26,50
SFNC ,2018-06-12 00:43:26,50
SFNC ,2018-06-12 01:43:27,50
SFNC ,2018-06-12 02:43:26,50
SFNC ,2018-06-12 03:43:27,50
SFNC ,2018-06-12 04:43:26,50
SFNC ,2018-06-12 05:43:26,50
SFNC ,2018-06-12 06:43:27,50
SFNC ,2018-06-12 07:43:27,50
SFNC ,2018-06-12 08:43:26,50
SFNC ,2018-06-12 09:43:26,50
SFNC ,2018-06-12 10:43:26,50
SFNC ,2018-06-12 11:43:26,50
SFNC ,2018-06-12 12:43:27,50
SFNC ,2018-06-12 13:43:28,50
SFNC ,2018-06-12 14:43:26,49
SFNC ,2018-06-12 15:43:26,50
SFNC ,2018-06-12 16:43:26,51
SFNC ,2018-06-12 17:43:26,51
SFNC ,2018-06-12 18:43:28,51
SFNC ,2018-06-12 19:43:27,51
SFNC ,2018-06-12 20:43:27,51
SFNC ,2018-06-12 21:43:27,51
SFNC ,2018-06-12 22:43:26,51
SFNC ,2018-06-12 23:43:28,51
SFNC ,2018-06-13 00:43:27,51
SFNC ,2018-06-13 01:43:27,51
SFNC ,2018-06-13 02:43:27,51
SFNC ,2018-06-13 03:43:27,51
SFNC ,2018-06-13 04:43:28,51
SFNC ,2018-06-13 05:43:27,51
SFNC ,2018-06-13 06:43:28,51
SFNC ,2018-06-13 07:43:27,51
SFNC ,2018-06-13 08:43:29,51
SFNC ,2018-06-13 09:43:27,51
SFNC ,2018-06-13 10:43:27,51
SFNC ,2018-06-13 11:43:27,51
SFNC ,2018-06-13 12:43:27,51
SFNC ,2018-06-13 13:43:29,51
SFNC ,2018-06-13 14:43:28,51
SFNC ,2018-06-13 15:43:27,51
SFNC ,2018-06-13 16:43:27,51
SFNC ,2018-06-13 17:43:27,51
SFNC ,2018-06-13 18:43:28,51
SFNC ,2018-06-13 19:43:28,51
SFNC ,2018-06-13 20:43:28,51
SFNC ,2018-06-13 21:43:27,51
SFNC ,2018-06-13 22:43:26,51
SFNC ,2018-06-13 23:43:27,51
SFNC ,2018-06-14 00:43:28,51
SFNC ,2018-06-14 01:43:28,51
SFNC ,2018-06-14 02:43:27,51
SFNC ,2018-06-14 03:43:28,51
SFNC ,2018-06-14 04:43:27,51
SFNC ,2018-06-14 05:43:28,51
SFNC ,2018-06-14 06:43:27,51
SFNC ,2018-06-14 07:43:28,51
SFNC ,2018-06-14 08:43:27,51
SFNC ,2018-06-14 09:43:26,51
SFNC ,2018-06-14 10:43:27,51
SFNC ,2018-06-14 11:43:28,51
SFNC ,2018-06-14 12:43:28,51
SFNC ,2018-06-14 13:43:29,51
SFNC ,2018-06-14 14:43:27,51
SFNC ,2018-06-14 15:43:28,51
SFNC ,2018-06-14 16:43:27,51
SFNC ,2018-06-14 17:43:27,51
SFNC ,2018-06-14 18:43:28,51
SFNC ,2018-06-14 19:43:28,51
SFNC ,2018-06-14 20:43:28,51
SFNC ,2018-06-14 21:43:28,51
SFNC ,2018-06-14 22:43:28,51
SFNC ,2018-06-14 23:43:28,51
SFNC ,2018-06-15 00:43:27,51
SFNC ,2018-06-15 01:43:26,51
SFNC ,2018-06-15 02:43:27,51
SFNC ,2018-06-15 03:43:27,51
SFNC ,2018-06-15 04:43:28,51
SFNC ,2018-06-15 05:43:29,51
SFNC ,2018-06-15 06:43:28,51
SFNC ,2018-06-15 07:43:27,51
SFNC ,2018-06-15 08:43:27,51
SFNC ,2018-06-15 09:43:27,51
SFNC ,2018-06-15 10:43:27,51
SFNC ,2018-06-15 11:43:26,51
SFNC ,2018-06-15 12:43:27,51
SFNC ,2018-06-15 13:43:29,51
SFNC ,2018-06-15 14:43:28,52
SFNC ,2018-06-15 15:43:28,52
SFNC ,2018-06-15 16:43:27,52
SFNC ,2018-06-15 17:43:27,52
SFNC ,2018-06-15 18:43:28,51
SFNC ,2018-06-15 19:43:27,51
SFNC ,2018-06-15 20:43:27,51
SFNC ,2018-06-15 21:43:26,51
SFNC ,2018-06-15 22:43:27,51
SFNC ,2018-06-15 23:43:27,51
SFNC ,2018-06-16 00:43:27,51
SFNC ,2018-06-16 01:43:27,51
SFNC ,2018-06-16 02:43:29,51
SFNC ,2018-06-16 03:43:27,51
SFNC ,2018-06-16 04:43:29,51
SFNC ,2018-06-16 05:43:29,51
SFNC ,2018-06-16 06:43:28,51
SFNC ,2018-06-16 07:43:27,51
SFNC ,2018-06-16 08:43:27,51
SFNC ,2018-06-16 09:43:28,51
SFNC ,2018-06-16 10:43:27,51
SFNC ,2018-06-16 11:43:28,51
SFNC ,2018-06-16 12:43:27,51
SFNC ,2018-06-16 13:43:28,51
SFNC ,2018-06-16 14:43:28,51
SFNC ,2018-06-16 15:43:27,51
SFNC ,2018-06-16 16:43:28,51
SFNC ,2018-06-16 17:43:27,51
SFNC ,2018-06-16 18:43:27,51
SFNC ,2018-06-16 19:43:28,51
SFNC ,2018-06-16 20:43:27,51
SFNC ,2018-06-16 21:43:27,51
SFNC ,2018-06-16 22:43:28,51
SFNC ,2018-06-16 23:43:27,51
SFNC ,2018-06-17 00:43:27,51
SFNC ,2018-06-17 01:43:27,51
SFNC ,2018-06-17 02:43:29,51
SFNC ,2018-06-17 03:43:27,51
SFNC ,2018-06-17 04:43:28,51
SFNC ,2018-06-17 05:43:28,51
SFNC ,2018-06-17 06:43:27,51
SFNC ,2018-06-17 07:43:27,51
SFNC ,2018-06-17 08:43:27,51
SFNC ,2018-06-17 09:43:26,51
SFNC ,2018-06-17 10:43:26,51
SFNC ,2018-06-17 11:43:27,51
SFNC ,2018-06-17 12:43:27,51
SFNC ,2018-06-17 13:43:28,51
SFNC ,2018-06-17 14:43:28,51
SFNC ,2018-06-17 15:43:26,51
SFNC ,2018-06-17 16:43:27,51
SFNC ,2018-06-17 17:43:27,51
SFNC ,2018-06-17 18:43:26,51
SFNC ,2018-06-17 19:43:28,51
SFNC ,2018-06-17 20:43:28,51
SFNC ,2018-06-17 21:43:27,51
SFNC ,2018-06-17 22:43:27,51
SFNC ,2018-06-17 23:43:27,51
SFNC ,2018-06-18 00:43:28,51
SFNC ,2018-06-18 01:43:27,51
SFNC ,2018-06-18 02:43:28,51
SFNC ,2018-06-18 03:43:27,51
SFNC ,2018-06-18 04:43:27,51
SFNC ,2018-06-18 05:43:28,51
SFNC ,2018-06-18 06:43:26,51
SFNC ,2018-06-18 07:43:26,51
SFNC ,2018-06-18 08:43:34,51
SFNC ,2018-06-18 09:43:27,51
SFNC ,2018-06-18 10:43:27,51
SFNC ,2018-06-18 11:43:28,51
SFNC ,2018-06-18 12:43:27,51
SFNC ,2018-06-18 13:43:29,51
SFNC ,2018-06-18 14:43:27,51
SFNC ,2018-06-18 15:43:27,51
SFNC ,2018-06-18 16:43:27,51
SFNC ,2018-06-18 17:43:27,51
SFNC ,2018-06-18 18:43:28,51
SFNC ,2018-06-18 19:43:28,51
SFNC ,2018-06-18 20:43:28,51
SFNC ,2018-06-18 21:43:27,51
SFNC ,2018-06-18 22:43:27,51
SFNC ,2018-06-18 23:43:27,51
SFNC ,2018-06-19 00:43:27,51
SFNC ,2018-06-19 01:43:27,51
SFNC ,2018-06-19 02:43:28,51
SFNC ,2018-06-19 03:43:28,51
SFNC ,2018-06-19 04:43:27,51
SFNC ,2018-06-19 05:43:28,51
SFNC ,2018-06-19 06:43:27,51
SFNC ,2018-06-19 07:43:29,51
SFNC ,2018-06-19 08:43:29,51
SFNC ,2018-06-19 09:43:26,51
SFNC ,2018-06-19 10:43:27,51
SFNC ,2018-06-19 11:43:27,51
SFNC ,2018-06-19 12:43:27,51
SFNC ,2018-06-19 13:43:30,51
SFNC ,2018-06-19 14:43:28,51
SFNC ,2018-06-19 15:43:27,51
SFNC ,2018-06-19 16:43:27,51
SFNC ,2018-06-19 17:43:28,51
SFNC ,2018-06-19 18:43:27,51
SFNC ,2018-06-19 19:43:27,51
SFNC ,2018-06-19 20:43:27,51
SFNC ,2018-06-19 21:43:27,51
SFNC ,2018-06-19 22:43:27,51
SFNC ,2018-06-19 23:43:28,51
SFNC ,2018-06-20 00:43:37,51
SFNC ,2018-06-20 01:43:29,51
SFNC ,2018-06-20 02:43:27,51
SFNC ,2018-06-20 03:43:28,51
SFNC ,2018-06-20 04:43:28,51
SFNC ,2018-06-20 05:43:27,51
SFNC ,2018-06-20 06:43:27,51
SFNC ,2018-06-20 07:43:27,51
SFNC ,2018-06-20 08:43:27,51
SFNC ,2018-06-20 09:43:26,51
SFNC ,2018-06-20 10:43:27,51
SFNC ,2018-06-20 11:43:27,51
SFNC ,2018-06-20 12:43:27,51
SFNC ,2018-06-20 14:08:02,52
SFNC ,2018-06-20 14:43:29,52
SFNC ,2018-06-20 15:43:29,53
SFNC ,2018-06-20 16:43:29,52
SFNC ,2018-06-20 17:43:27,52
SFNC ,2018-06-20 18:43:28,52
SFNC ,2018-06-20 19:43:28,52
SFNC ,2018-06-20 20:43:27,52
SFNC ,2018-06-20 21:43:27,52
SFNC ,2018-06-20 22:43:27,52
SFNC ,2018-06-20 23:43:27,52
SFNC ,2018-06-21 00:43:27,52
SFNC ,2018-06-21 01:43:27,52
SFNC ,2018-06-21 02:43:27,52
SFNC ,2018-06-21 03:43:28,52
SFNC ,2018-06-21 04:43:28,52
SFNC ,2018-06-21 05:43:29,52
SFNC ,2018-06-21 06:43:27,52
SFNC ,2018-06-21 07:43:27,52
SFNC ,2018-06-21 08:43:28,52
SFNC ,2018-06-21 09:43:26,52
SFNC ,2018-06-21 10:43:27,52
SFNC ,2018-06-21 11:43:27,52
SFNC ,2018-06-21 12:43:27,52
SFNC ,2018-06-21 13:43:29,52
SFNC ,2018-06-21 14:43:29,52
SFNC ,2018-06-21 15:43:29,52
SFNC ,2018-06-21 16:43:28,51
SFNC ,2018-06-21 17:43:29,51
SFNC ,2018-06-21 18:43:29,51
SFNC ,2018-06-21 19:43:29,51
SFNC ,2018-06-21 20:43:29,51
SFNC ,2018-06-21 21:43:29,51
SFNC ,2018-06-21 22:43:29,51
SFNC ,2018-06-21 23:43:28,51
SFNC ,2018-06-22 00:43:28,51
SFNC ,2018-06-22 01:43:27,51
SFNC ,2018-06-22 02:43:28,51
SFNC ,2018-06-22 03:43:29,51
SFNC ,2018-06-22 04:43:28,51
SFNC ,2018-06-22 05:43:29,51
SFNC ,2018-06-22 06:43:28,51
SFNC ,2018-06-22 07:43:28,51
SFNC ,2018-06-22 08:43:29,51
SFNC ,2018-06-22 09:43:28,51
SFNC ,2018-06-22 10:43:28,51
SFNC ,2018-06-22 11:43:28,51
SFNC ,2018-06-22 12:43:28,51
SFNC ,2018-06-22 13:43:30,51
SFNC ,2018-06-22 15:07:31,49
SFNC ,2018-06-22 15:43:29,49
SFNC ,2018-06-22 16:43:29,50
SFNC ,2018-06-22 17:43:29,49
SFNC ,2018-06-22 18:43:29,49
SFNC ,2018-06-22 19:43:30,49
SFNC ,2018-06-22 20:43:28,49
SFNC ,2018-06-22 21:43:28,49
SFNC ,2018-06-22 22:43:28,49
SFNC ,2018-06-22 23:43:29,49
SFNC ,2018-06-23 00:43:41,49
SFNC ,2018-06-23 01:44:44,49
SFNC ,2018-06-23 02:43:28,49
SFNC ,2018-06-23 03:43:29,49
SFNC ,2018-06-23 04:43:28,49
SFNC ,2018-06-23 05:43:29,49
SFNC ,2018-06-23 06:43:28,49
SFNC ,2018-06-23 07:43:28,49
SFNC ,2018-06-23 08:43:28,49
SFNC ,2018-06-23 09:43:28,49
SFNC ,2018-06-23 10:43:28,49
SFNC ,2018-06-23 11:43:29,49
SFNC ,2018-06-23 12:43:28,49
SFNC ,2018-06-23 13:43:28,49
SFNC ,2018-06-23 14:43:28,49
SFNC ,2018-06-23 15:43:29,49
SFNC ,2018-06-23 16:43:29,49
SFNC ,2018-06-23 17:43:28,49
SFNC ,2018-06-23 18:43:28,49
SFNC ,2018-06-23 19:43:29,49
SFNC ,2018-06-23 20:43:29,49
SFNC ,2018-06-23 21:43:28,49
SFNC ,2018-06-23 22:43:28,49
SFNC ,2018-06-23 23:43:28,49
SFNC ,2018-06-24 00:43:48,49
SFNC ,2018-06-24 01:43:28,49
SFNC ,2018-06-24 02:43:27,49
SFNC ,2018-06-24 03:43:32,49
SFNC ,2018-06-24 04:43:28,49
SFNC ,2018-06-24 05:43:28,49
SFNC ,2018-06-24 06:43:29,49
SFNC ,2018-06-24 07:43:29,49
SFNC ,2018-06-24 08:43:28,49
SFNC ,2018-06-24 09:43:28,49
SFNC ,2018-06-24 10:44:08,49
SFNC ,2018-06-24 11:43:28,49
SFNC ,2018-06-24 12:43:29,49
SFNC ,2018-06-24 13:43:28,49
SFNC ,2018-06-24 14:43:41,49
SFNC ,2018-06-24 15:43:48,49
SFNC ,2018-06-24 16:43:28,49
SFNC ,2018-06-24 17:43:28,49
SFNC ,2018-06-24 18:43:28,49
SFNC ,2018-06-24 19:43:28,49
SFNC ,2018-06-24 20:43:28,49
SFNC ,2018-06-24 21:43:28,49
SFNC ,2018-06-24 22:43:28,49
SFNC ,2018-06-24 23:43:28,49
SFNC ,2018-06-25 00:43:28,49
SFNC ,2018-06-25 01:43:29,49
SFNC ,2018-06-25 02:43:29,49
SFNC ,2018-06-25 03:43:38,49
SFNC ,2018-06-25 04:43:33,49
SFNC ,2018-06-25 05:43:30,49
SFNC ,2018-06-25 06:43:28,49
SFNC ,2018-06-25 07:43:28,49
SFNC ,2018-06-25 08:43:29,49
SFNC ,2018-06-25 09:43:29,49
SFNC ,2018-06-25 10:43:28,49
SFNC ,2018-06-25 11:43:28,49
SFNC ,2018-06-25 12:43:27,49
SFNC ,2018-06-25 13:43:31,49
SFNC ,2018-06-25 14:43:28,50
SFNC ,2018-06-25 15:43:28,50
SFNC ,2018-06-25 16:43:27,51
SFNC ,2018-06-25 17:43:28,51
SFNC ,2018-06-25 18:43:28,51
SFNC ,2018-06-25 19:43:29,51
SFNC ,2018-06-25 20:43:29,51
SFNC ,2018-06-25 21:43:29,51
SFNC ,2018-06-25 22:43:27,51
SFNC ,2018-06-26 01:11:54,51
SFNC ,2018-06-26 01:43:29,51
SFNC ,2018-06-26 02:43:28,51
SFNC ,2018-06-26 03:43:41,51
SFNC ,2018-06-26 04:43:39,51
SFNC ,2018-06-26 05:43:30,51
SFNC ,2018-06-26 06:43:28,51
SFNC ,2018-06-26 07:43:29,51
SFNC ,2018-06-26 08:43:29,51
SFNC ,2018-06-26 09:43:30,51
SFNC ,2018-06-26 10:43:34,51
SFNC ,2018-06-26 11:43:37,51
SFNC ,2018-06-26 12:43:42,51
SFNC ,2018-06-26 13:43:31,51
SFNC ,2018-06-26 14:43:29,51
SFNC ,2018-06-26 15:43:44,51
SFNC ,2018-06-26 16:43:29,51
SFNC ,2018-06-26 17:43:28,51
SFNC ,2018-06-26 18:43:29,51
SFNC ,2018-06-26 19:43:30,51
SFNC ,2018-06-26 20:43:29,51
SFNC ,2018-06-26 21:43:28,51
SFNC ,2018-06-26 22:43:28,51
SFNC ,2018-06-26 23:43:28,51
SFNC ,2018-06-27 00:43:29,51
SFNC ,2018-06-27 01:43:28,51
SFNC ,2018-06-27 02:43:28,51
SFNC ,2018-06-27 03:43:30,51
SFNC ,2018-06-27 04:43:34,51
SFNC ,2018-06-27 05:43:31,51
SFNC ,2018-06-27 06:43:29,51
SFNC ,2018-06-27 07:43:28,51
SFNC ,2018-06-27 08:43:28,51
SFNC ,2018-06-27 09:43:29,51
SFNC ,2018-06-27 10:43:28,51
SFNC ,2018-06-27 11:43:28,51
SFNC ,2018-06-27 12:43:29,51
SFNC ,2018-06-27 13:43:47,51
SFNC ,2018-06-27 14:43:46,51
SFNC ,2018-06-27 15:43:47,51
SFNC ,2018-06-27 16:43:30,52
SFNC ,2018-06-27 17:43:28,52
SFNC ,2018-06-27 18:43:29,52
SFNC ,2018-06-27 19:43:31,53
SFNC ,2018-06-27 20:43:28,53
SFNC ,2018-06-27 21:43:28,53
SFNC ,2018-06-27 22:43:27,53
SFNC ,2018-06-27 23:43:28,53
SFNC ,2018-06-28 00:43:29,53
SFNC ,2018-06-28 01:43:28,53
SFNC ,2018-06-28 02:43:34,53
SFNC ,2018-06-28 03:43:43,53
SFNC ,2018-06-28 04:43:41,53
SFNC ,2018-06-28 05:43:38,53
SFNC ,2018-06-28 06:43:29,53
SFNC ,2018-06-28 07:43:29,53
SFNC ,2018-06-28 08:43:29,53
SFNC ,2018-06-28 09:43:27,53
SFNC ,2018-06-28 10:43:29,53
SFNC ,2018-06-28 11:43:28,53
SFNC ,2018-06-28 12:43:28,53
SFNC ,2018-06-28 13:43:30,53
SFNC ,2018-06-28 14:43:46,53
SFNC ,2018-06-28 15:43:47,53
SFNC ,2018-06-28 16:43:28,53
SFNC ,2018-06-28 17:43:30,52
SFNC ,2018-06-28 18:43:28,52
SFNC ,2018-06-28 19:43:33,52
SFNC ,2018-06-28 20:43:28,52
SFNC ,2018-06-28 21:43:29,52
SFNC ,2018-06-28 22:43:28,52
SFNC ,2018-06-28 23:43:29,52
SFNC ,2018-06-29 00:43:29,52
SFNC ,2018-06-29 01:43:28,52
SFNC ,2018-06-29 02:43:28,52
SFNC ,2018-06-29 03:43:38,52
SFNC ,2018-06-29 04:43:32,52
SFNC ,2018-06-29 05:43:30,52
SFNC ,2018-06-29 06:43:30,52
SFNC ,2018-06-29 07:43:29,52
SFNC ,2018-06-29 08:43:31,52
SFNC ,2018-06-29 09:43:29,52
SFNC ,2018-06-29 10:43:28,52
SFNC ,2018-06-29 11:43:29,52
SFNC ,2018-06-29 12:43:33,52
SFNC ,2018-06-29 13:43:31,52
SFNC ,2018-06-29 14:43:30,52
SFNC ,2018-06-29 15:43:30,52
SFNC ,2018-06-29 16:43:30,52
SFNC ,2018-06-29 17:43:29,52
SFNC ,2018-06-29 18:43:30,52
SFNC ,2018-06-29 19:43:35,52
SFNC ,2018-06-29 20:43:29,51
SFNC ,2018-06-29 21:43:32,51
SFNC ,2018-06-29 22:43:31,51
SFNC ,2018-06-29 23:43:32,51
SFNC ,2018-06-30 00:43:32,51
SFNC ,2018-06-30 01:43:29,51
SFNC ,2018-06-30 02:43:30,51
SFNC ,2018-06-30 03:43:40,51
SFNC ,2018-06-30 04:43:35,51
SFNC ,2018-06-30 05:43:35,51
SFNC ,2018-06-30 06:43:33,51
SFNC ,2018-06-30 07:43:29,51
SFNC ,2018-06-30 08:43:29,51
SFNC ,2018-06-30 09:43:29,51
SFNC ,2018-06-30 10:43:31,51
SFNC ,2018-06-30 11:43:31,51
SFNC ,2018-06-30 12:43:36,51
SFNC ,2018-06-30 13:43:46,51
SFNC ,2018-06-30 14:43:32,51
SFNC ,2018-06-30 15:43:44,51
SFNC ,2018-06-30 16:43:34,51
SFNC ,2018-06-30 17:43:29,51
SFNC ,2018-06-30 18:43:29,51
SFNC ,2018-06-30 19:43:38,51
SFNC ,2018-06-30 20:43:29,51
SFNC ,2018-06-30 21:43:29,51
SFNC ,2018-06-30 22:43:29,51
SFNC ,2018-06-30 23:43:30,51
SFNC ,2018-07-01 00:43:29,51
SFNC ,2018-07-01 01:43:30,51
SFNC ,2018-07-01 02:43:30,51
SFNC ,2018-07-01 03:43:30,51
SFNC ,2018-07-01 04:43:29,51
SFNC ,2018-07-01 05:43:30,51
SFNC ,2018-07-01 06:43:29,51
SFNC ,2018-07-01 07:43:29,51
SFNC ,2018-07-01 08:43:29,51
SFNC ,2018-07-01 09:43:30,51
SFNC ,2018-07-01 10:43:29,51
SFNC ,2018-07-01 11:43:29,51
SFNC ,2018-07-01 12:43:30,51
SFNC ,2018-07-01 13:43:30,51
SFNC ,2018-07-01 14:43:29,51
SFNC ,2018-07-01 15:43:30,51
SFNC ,2018-07-01 16:43:32,51
SFNC ,2018-07-01 17:43:30,51
SFNC ,2018-07-01 18:43:29,51
SFNC ,2018-07-01 19:43:32,51
SFNC ,2018-07-01 20:43:30,51
SFNC ,2018-07-01 21:43:30,51
SFNC ,2018-07-01 22:43:29,51
SFNC ,2018-07-01 23:43:30,51
SFNC ,2018-07-02 00:43:30,51
SFNC ,2018-07-02 01:43:32,51
SFNC ,2018-07-02 02:43:30,51
SFNC ,2018-07-02 03:43:29,51
SFNC ,2018-07-02 04:43:29,51
SFNC ,2018-07-02 05:43:30,51
SFNC ,2018-07-02 06:43:30,51
SFNC ,2018-07-02 07:43:29,51
SFNC ,2018-07-02 08:43:31,51
SFNC ,2018-07-02 09:43:30,51
SFNC ,2018-07-02 10:43:28,51
SFNC ,2018-07-02 11:43:28,51
SFNC ,2018-07-02 12:43:29,51
SFNC ,2018-07-02 13:43:31,51
SFNC ,2018-07-02 14:43:29,51
SFNC ,2018-07-02 15:43:30,51
SFNC ,2018-07-02 16:43:31,51
SFNC ,2018-07-02 17:43:30,51
SFNC ,2018-07-02 18:43:30,51
SFNC ,2018-07-02 19:43:32,51
SFNC ,2018-07-02 20:43:29,51
SFNC ,2018-07-02 21:43:29,51
SFNC ,2018-07-02 22:43:30,51
SFNC ,2018-07-02 23:43:30,51
SFNC ,2018-07-03 00:43:29,51
SFNC ,2018-07-03 01:43:30,51
SFNC ,2018-07-03 02:43:29,51
SFNC ,2018-07-03 03:43:29,51
SFNC ,2018-07-03 04:43:30,51
SFNC ,2018-07-03 05:43:30,51
SFNC ,2018-07-03 06:43:29,51
SFNC ,2018-07-03 07:43:29,51
SFNC ,2018-07-03 08:43:30,51
SFNC ,2018-07-03 09:43:30,51
SFNC ,2018-07-03 10:43:28,51
SFNC ,2018-07-03 11:43:28,51
SFNC ,2018-07-03 12:43:29,51
SFNC ,2018-07-03 13:43:30,51
SFNC ,2018-07-03 14:43:30,51
SFNC ,2018-07-03 15:43:29,51
SFNC ,2018-07-03 16:43:29,52
SFNC ,2018-07-03 17:43:30,52
SFNC ,2018-07-03 18:43:28,52
SFNC ,2018-07-03 19:43:34,52
SFNC ,2018-07-03 20:43:29,52
SFNC ,2018-07-03 21:43:29,52
SFNC ,2018-07-03 22:43:29,52
SFNC ,2018-07-03 23:43:29,52
SFNC ,2018-07-04 00:43:29,52
SFNC ,2018-07-04 01:43:30,52
SFNC ,2018-07-04 02:43:30,52
SFNC ,2018-07-04 03:43:30,52
SFNC ,2018-07-04 04:43:29,52
SFNC ,2018-07-04 05:43:29,52
SFNC ,2018-07-04 06:43:30,52
SFNC ,2018-07-04 07:43:30,52
SFNC ,2018-07-04 08:43:32,52
SFNC ,2018-07-04 09:43:30,52
SFNC ,2018-07-04 10:43:30,52
SFNC ,2018-07-04 11:43:29,52
SFNC ,2018-07-04 12:43:29,52
SFNC ,2018-07-04 13:43:30,52
SFNC ,2018-07-04 14:43:29,52
SFNC ,2018-07-04 15:43:29,52
SFNC ,2018-07-04 16:43:30,52
SFNC ,2018-07-04 17:43:30,52
SFNC ,2018-07-04 18:43:29,52
SFNC ,2018-07-04 19:43:30,52
SFNC ,2018-07-04 20:43:30,52
SFNC ,2018-07-04 21:43:30,52
SFNC ,2018-07-04 22:43:29,52
SFNC ,2018-07-04 23:43:29,52
SFNC ,2018-07-05 00:43:28,52
SFNC ,2018-07-05 01:43:29,52
SFNC ,2018-07-05 02:43:30,52
SFNC ,2018-07-05 03:43:30,52
SFNC ,2018-07-05 04:43:30,52
SFNC ,2018-07-05 05:43:29,52
SFNC ,2018-07-05 06:43:29,52
SFNC ,2018-07-05 07:43:29,52
SFNC ,2018-07-05 08:43:30,52
SFNC ,2018-07-05 09:43:29,52
SFNC ,2018-07-05 10:43:30,52
SFNC ,2018-07-05 11:43:30,52
SFNC ,2018-07-05 12:43:29,52
SFNC ,2018-07-05 13:43:30,52
SFNC ,2018-07-05 14:43:30,52
SFNC ,2018-07-05 15:43:30,52
SFNC ,2018-07-05 16:43:30,52
SFNC ,2018-07-05 17:43:32,52
SFNC ,2018-07-05 18:43:29,52
SFNC ,2018-07-05 19:43:35,52
SFNC ,2018-07-05 20:43:28,52
SFNC ,2018-07-05 21:43:30,52
SFNC ,2018-07-05 22:43:30,52
SFNC ,2018-07-05 23:43:29,52
SFNC ,2018-07-06 00:43:29,52
SFNC ,2018-07-06 01:43:30,52
SFNC ,2018-07-06 02:43:29,52
SFNC ,2018-07-06 03:43:30,52
SFNC ,2018-07-06 04:43:30,52
SFNC ,2018-07-06 05:43:29,52
SFNC ,2018-07-06 06:43:29,52
SFNC ,2018-07-06 07:43:30,52
SFNC ,2018-07-06 08:43:30,52
SFNC ,2018-07-06 09:43:30,52
SFNC ,2018-07-06 10:43:30,52
SFNC ,2018-07-06 11:43:33,52
SFNC ,2018-07-06 12:43:30,52
SFNC ,2018-07-06 13:43:32,52
SFNC ,2018-07-06 14:43:31,52
SFNC ,2018-07-06 15:43:32,52
SFNC ,2018-07-06 16:43:31,51
SFNC ,2018-07-06 17:43:31,50
SFNC ,2018-07-06 18:43:29,51
SFNC ,2018-07-06 19:43:36,51
SFNC ,2018-07-06 20:43:30,51
SFNC ,2018-07-06 21:43:30,51
SFNC ,2018-07-06 22:43:29,51
SFNC ,2018-07-06 23:43:29,51
SFNC ,2018-07-07 00:43:30,51
SFNC ,2018-07-07 01:43:29,51
SFNC ,2018-07-07 02:43:31,51
SFNC ,2018-07-07 03:43:30,51
SFNC ,2018-07-07 04:43:30,51
SFNC ,2018-07-07 05:43:29,51
SFNC ,2018-07-07 06:43:30,51
SFNC ,2018-07-07 07:43:29,51
SFNC ,2018-07-07 08:43:30,51
SFNC ,2018-07-07 09:43:30,51
SFNC ,2018-07-07 10:43:30,51
SFNC ,2018-07-07 11:43:30,51
SFNC ,2018-07-07 12:43:30,51
SFNC ,2018-07-07 13:43:30,51
SFNC ,2018-07-07 14:43:30,51
SFNC ,2018-07-07 15:43:30,51
SFNC ,2018-07-07 16:43:31,51
SFNC ,2018-07-07 17:43:31,51
SFNC ,2018-07-07 18:43:31,51
SFNC ,2018-07-07 19:43:35,51
SFNC ,2018-07-07 20:43:30,51
SFNC ,2018-07-07 21:43:29,51
SFNC ,2018-07-07 22:43:31,51
SFNC ,2018-07-07 23:43:30,51
SFNC ,2018-07-08 00:43:30,51
SFNC ,2018-07-08 01:43:30,51
SFNC ,2018-07-08 02:43:31,51
SFNC ,2018-07-08 03:43:31,51
SFNC ,2018-07-08 04:43:31,51
SFNC ,2018-07-08 05:43:31,51
SFNC ,2018-07-08 06:43:30,51
SFNC ,2018-07-08 07:43:30,51
SFNC ,2018-07-08 08:43:29,51
SFNC ,2018-07-08 09:43:30,51
SFNC ,2018-07-08 10:43:29,51
SFNC ,2018-07-08 11:43:30,51
SFNC ,2018-07-08 12:43:31,51
SFNC ,2018-07-08 13:43:30,51
SFNC ,2018-07-08 14:43:30,51
SFNC ,2018-07-08 15:43:30,51
SFNC ,2018-07-08 16:43:30,51
SFNC ,2018-07-08 17:43:30,51
SFNC ,2018-07-08 18:43:31,51
SFNC ,2018-07-08 19:43:38,51
SFNC ,2018-07-08 20:43:31,51
SFNC ,2018-07-08 21:43:30,51
SFNC ,2018-07-08 22:43:30,51
SFNC ,2018-07-08 23:43:29,51
SFNC ,2018-07-09 00:43:30,51
SFNC ,2018-07-09 01:43:30,51
SFNC ,2018-07-09 02:43:31,51
SFNC ,2018-07-09 03:43:31,51
SFNC ,2018-07-09 04:43:29,51
SFNC ,2018-07-09 05:43:30,51
SFNC ,2018-07-09 06:43:29,51
SFNC ,2018-07-09 07:43:29,51
SFNC ,2018-07-09 08:43:30,51
SFNC ,2018-07-09 09:43:30,51
SFNC ,2018-07-09 10:43:30,51
SFNC ,2018-07-09 11:43:29,51
SFNC ,2018-07-09 12:43:30,51
SFNC ,2018-07-09 13:43:35,51
SFNC ,2018-07-09 14:43:30,51
SFNC ,2018-07-09 15:43:31,51
SFNC ,2018-07-09 16:43:30,51
SFNC ,2018-07-09 17:43:30,51
SFNC ,2018-07-09 18:43:32,51
SFNC ,2018-07-09 19:43:51,51
SFNC ,2018-07-09 20:43:30,51
SFNC ,2018-07-09 21:43:30,51
SFNC ,2018-07-09 22:43:30,51
SFNC ,2018-07-09 23:43:30,51
SFNC ,2018-07-10 00:43:30,51
SFNC ,2018-07-10 01:43:32,51
SFNC ,2018-07-10 02:43:30,51
SFNC ,2018-07-10 03:43:31,51
SFNC ,2018-07-10 04:43:30,51
SFNC ,2018-07-10 05:43:31,51
SFNC ,2018-07-10 06:43:30,51
SFNC ,2018-07-10 07:43:30,51
SFNC ,2018-07-10 08:43:30,51
SFNC ,2018-07-10 09:43:30,51
SFNC ,2018-07-10 10:43:29,51
SFNC ,2018-07-10 11:43:30,51
SFNC ,2018-07-10 12:43:29,51
SFNC ,2018-07-10 13:43:37,51
SFNC ,2018-07-10 14:43:33,52
SFNC ,2018-07-10 15:43:31,53
SFNC ,2018-07-10 16:43:30,53
SFNC ,2018-07-10 17:43:32,53
SFNC ,2018-07-10 18:43:30,53
SFNC ,2018-07-10 19:43:37,53
SFNC ,2018-07-10 20:43:30,53
SFNC ,2018-07-10 21:43:30,53
SFNC ,2018-07-10 22:43:36,53
SFNC ,2018-07-10 23:43:31,53
SFNC ,2018-07-11 00:43:31,53
SFNC ,2018-07-11 01:43:31,53
SFNC ,2018-07-11 02:43:31,53
SFNC ,2018-07-11 03:43:31,53
SFNC ,2018-07-11 04:43:31,53
SFNC ,2018-07-11 05:43:31,53
SFNC ,2018-07-11 06:43:31,53
SFNC ,2018-07-11 07:43:30,53
SFNC ,2018-07-11 08:43:30,53
SFNC ,2018-07-11 09:43:30,53
SFNC ,2018-07-11 10:43:30,53
SFNC ,2018-07-11 11:43:30,53
SFNC ,2018-07-11 12:43:29,53
SFNC ,2018-07-11 13:43:32,53
SFNC ,2018-07-11 14:43:32,53
SFNC ,2018-07-11 15:43:31,53
SFNC ,2018-07-11 16:43:30,53
SFNC ,2018-07-11 17:43:30,53
SFNC ,2018-07-11 18:43:30,53
SFNC ,2018-07-11 19:43:33,53
SFNC ,2018-07-11 20:43:30,53
SFNC ,2018-07-11 21:43:29,53
SFNC ,2018-07-11 22:43:30,53
SFNC ,2018-07-11 23:43:31,53
SFNC ,2018-07-12 00:43:31,53
SFNC ,2018-07-12 01:43:29,53
SFNC ,2018-07-12 02:43:31,53
SFNC ,2018-07-12 03:43:30,53
SFNC ,2018-07-12 04:43:31,53
SFNC ,2018-07-12 05:43:31,53
SFNC ,2018-07-12 06:43:31,53
SFNC ,2018-07-12 07:43:30,53
SFNC ,2018-07-12 08:43:30,53
SFNC ,2018-07-12 09:43:31,53
SFNC ,2018-07-12 10:43:29,53
SFNC ,2018-07-12 11:43:29,53
SFNC ,2018-07-12 12:43:30,53
SFNC ,2018-07-12 13:43:33,53
SFNC ,2018-07-12 14:43:32,53
SFNC ,2018-07-12 15:43:32,53
SFNC ,2018-07-12 16:43:34,53
SFNC ,2018-07-12 17:43:31,53
SFNC ,2018-07-12 18:43:32,53
SFNC ,2018-07-12 19:43:44,53
SFNC ,2018-07-12 20:43:30,53
SFNC ,2018-07-12 21:43:30,53
SFNC ,2018-07-12 22:43:32,53
SFNC ,2018-07-12 23:43:32,53
SFNC ,2018-07-13 00:43:32,53
SFNC ,2018-07-13 01:43:32,53
SFNC ,2018-07-13 02:43:31,53
SFNC ,2018-07-13 03:43:32,53
SFNC ,2018-07-13 04:43:32,53
SFNC ,2018-07-13 05:43:32,53
SFNC ,2018-07-13 06:43:32,53
SFNC ,2018-07-13 07:43:31,53
SFNC ,2018-07-13 08:43:32,53
SFNC ,2018-07-13 09:43:31,53
SFNC ,2018-07-13 10:43:29,53
SFNC ,2018-07-13 11:43:29,53
SFNC ,2018-07-13 12:43:30,53
SFNC ,2018-07-13 13:43:37,53
SFNC ,2018-07-13 14:43:33,54
SFNC ,2018-07-13 15:43:33,54
SFNC ,2018-07-13 16:43:32,55
SFNC ,2018-07-13 17:43:32,55
SFNC ,2018-07-13 18:43:32,55
SFNC ,2018-07-13 19:43:33,55
SFNC ,2018-07-13 20:43:31,54
SFNC ,2018-07-13 21:43:30,54
SFNC ,2018-07-13 22:43:31,54
SFNC ,2018-07-13 23:43:32,54
SFNC ,2018-07-14 00:43:31,54
SFNC ,2018-07-14 01:43:30,54
SFNC ,2018-07-14 02:43:31,54
SFNC ,2018-07-14 03:43:32,54
SFNC ,2018-07-14 04:43:31,54
SFNC ,2018-07-14 05:43:31,54
SFNC ,2018-07-14 06:43:31,54
SFNC ,2018-07-14 07:43:31,54
SFNC ,2018-07-14 08:43:31,54
SFNC ,2018-07-14 09:43:31,54
SFNC ,2018-07-14 10:43:31,54
SFNC ,2018-07-14 11:43:31,54
SFNC ,2018-07-14 12:43:31,54
SFNC ,2018-07-14 13:43:32,54
SFNC ,2018-07-14 14:43:32,54
SFNC ,2018-07-14 15:43:31,54
SFNC ,2018-07-14 16:43:32,54
SFNC ,2018-07-14 17:43:31,54
SFNC ,2018-07-14 18:43:32,54
SFNC ,2018-07-14 19:43:34,54
SFNC ,2018-07-14 20:43:31,54
SFNC ,2018-07-14 21:43:31,54
SFNC ,2018-07-14 22:43:32,54
SFNC ,2018-07-14 23:43:31,54
SFNC ,2018-07-15 00:43:30,54
SFNC ,2018-07-15 01:43:31,54
SFNC ,2018-07-15 02:43:32,54
SFNC ,2018-07-15 03:43:31,54
SFNC ,2018-07-15 04:43:31,54
SFNC ,2018-07-15 05:43:31,54
SFNC ,2018-07-15 06:43:31,54
SFNC ,2018-07-15 07:43:31,54
SFNC ,2018-07-15 08:43:31,54
SFNC ,2018-07-15 09:43:31,54
SFNC ,2018-07-15 10:43:31,54
SFNC ,2018-07-15 11:43:30,54
SFNC ,2018-07-15 12:43:31,54
SFNC ,2018-07-15 13:43:31,54
SFNC ,2018-07-15 14:43:30,54
SFNC ,2018-07-15 15:43:32,54
SFNC ,2018-07-15 16:43:32,54
SFNC ,2018-07-15 17:43:31,54
SFNC ,2018-07-15 18:43:31,54
SFNC ,2018-07-15 19:43:41,54
SFNC ,2018-07-15 20:43:32,54
SFNC ,2018-07-15 21:43:37,54
SFNC ,2018-07-15 22:43:32,54
SFNC ,2018-07-15 23:43:32,54
SFNC ,2018-07-16 00:43:31,54
SFNC ,2018-07-16 01:43:31,54
SFNC ,2018-07-16 02:43:31,54
SFNC ,2018-07-16 03:43:32,54
SFNC ,2018-07-16 04:43:33,54
SFNC ,2018-07-16 05:43:31,54
SFNC ,2018-07-16 06:43:32,54
SFNC ,2018-07-16 07:43:40,54
SFNC ,2018-07-16 08:43:33,54
SFNC ,2018-07-16 09:43:30,54
SFNC ,2018-07-16 10:43:31,54
SFNC ,2018-07-16 11:43:31,54
SFNC ,2018-07-16 12:43:30,54
SFNC ,2018-07-16 13:43:42,54
SFNC ,2018-07-16 14:43:32,55
SFNC ,2018-07-16 15:43:33,55
SFNC ,2018-07-16 16:43:32,55
SFNC ,2018-07-16 17:43:33,55
SFNC ,2018-07-16 18:43:32,55
SFNC ,2018-07-16 19:44:03,55
SFNC ,2018-07-16 20:43:32,55
SFNC ,2018-07-16 21:43:32,55
SFNC ,2018-07-16 22:43:31,55
SFNC ,2018-07-16 23:43:31,55
SFNC ,2018-07-17 00:43:42,55
SFNC ,2018-07-17 01:43:32,55
SFNC ,2018-07-17 02:43:32,55
SFNC ,2018-07-17 03:43:31,55
SFNC ,2018-07-17 04:43:32,55
SFNC ,2018-07-17 05:43:32,55
SFNC ,2018-07-17 06:43:32,55
SFNC ,2018-07-17 07:43:40,55
SFNC ,2018-07-17 08:43:31,55
SFNC ,2018-07-17 09:43:31,55
SFNC ,2018-07-17 10:43:31,55
SFNC ,2018-07-17 11:43:30,55
SFNC ,2018-07-17 12:43:31,55
SFNC ,2018-07-17 13:43:35,55
SFNC ,2018-07-17 14:43:33,55
SFNC ,2018-07-17 15:43:32,55
SFNC ,2018-07-17 16:43:32,55
SFNC ,2018-07-17 17:43:32,55
SFNC ,2018-07-17 18:43:33,55
SFNC ,2018-07-17 19:43:54,55
SFNC ,2018-07-17 20:43:32,55
SFNC ,2018-07-17 21:43:31,55
SFNC ,2018-07-17 22:43:30,55
SFNC ,2018-07-17 23:43:35,55
SFNC ,2018-07-18 00:43:36,55
SFNC ,2018-07-18 01:43:35,55
SFNC ,2018-07-18 02:43:45,55
SFNC ,2018-07-18 03:43:36,55
SFNC ,2018-07-18 04:43:35,55
SFNC ,2018-07-18 05:43:37,55
SFNC ,2018-07-18 06:43:34,55
SFNC ,2018-07-18 07:43:34,55
SFNC ,2018-07-18 08:43:39,55
SFNC ,2018-07-18 09:43:34,55
SFNC ,2018-07-18 10:43:34,55
SFNC ,2018-07-18 11:43:34,55
SFNC ,2018-07-18 12:43:33,55
SFNC ,2018-07-18 13:43:39,55
SFNC ,2018-07-18 14:43:37,55
SFNC ,2018-07-18 15:43:35,56
SFNC ,2018-07-18 16:43:37,56
SFNC ,2018-07-18 17:43:37,56
SFNC ,2018-07-18 18:43:36,56
SFNC ,2018-07-18 19:43:45,56
SFNC ,2018-07-18 20:43:35,54
SFNC ,2018-07-18 21:43:35,54
SFNC ,2018-07-18 22:43:36,54
SFNC ,2018-07-18 23:43:35,54
SFNC ,2018-07-19 00:43:36,54
SFNC ,2018-07-19 01:43:36,54
SFNC ,2018-07-19 02:43:36,54
SFNC ,2018-07-19 03:43:41,54
SFNC ,2018-07-19 04:43:43,54
SFNC ,2018-07-19 05:43:39,54
SFNC ,2018-07-19 06:43:39,54
SFNC ,2018-07-19 07:43:45,54
SFNC ,2018-07-19 08:43:36,54
SFNC ,2018-07-19 09:43:36,54
SFNC ,2018-07-19 10:43:35,54
SFNC ,2018-07-19 11:43:36,54
SFNC ,2018-07-19 12:43:35,54
SFNC ,2018-07-19 13:43:39,54
SFNC ,2018-07-19 14:43:37,54
SFNC ,2018-07-19 15:43:37,54
SFNC ,2018-07-19 16:43:37,54
SFNC ,2018-07-19 17:43:37,54
SFNC ,2018-07-19 18:43:37,54
SFNC ,2018-07-19 19:43:40,54
SFNC ,2018-07-19 20:43:37,54
SFNC ,2018-07-19 21:43:36,54
SFNC ,2018-07-19 22:43:37,54
SFNC ,2018-07-19 23:43:38,54
SFNC ,2018-07-20 00:43:36,54
SFNC ,2018-07-20 01:43:36,54
SFNC ,2018-07-20 02:43:37,54
SFNC ,2018-07-20 03:43:40,54
SFNC ,2018-07-20 04:43:41,54
SFNC ,2018-07-20 05:43:40,54
SFNC ,2018-07-20 06:43:40,54
SFNC ,2018-07-20 07:43:39,54
SFNC ,2018-07-20 08:43:36,54
SFNC ,2018-07-20 09:43:47,54
SFNC ,2018-07-20 10:43:35,54
SFNC ,2018-07-20 11:43:35,54
SFNC ,2018-07-20 12:43:34,54
SFNC ,2018-07-20 14:07:10,53
SFNC ,2018-07-20 14:43:37,53
SFNC ,2018-07-20 15:43:38,52
SFNC ,2018-07-20 16:43:38,52
SFNC ,2018-07-20 17:43:36,52
SFNC ,2018-07-20 18:43:38,52
SFNC ,2018-07-20 19:43:48,52
SFNC ,2018-07-20 20:43:35,52
SFNC ,2018-07-20 21:43:35,52
SFNC ,2018-07-20 22:43:34,52
SFNC ,2018-07-20 23:43:38,52
SFNC ,2018-07-21 00:43:36,52
SFNC ,2018-07-21 01:43:37,52
SFNC ,2018-07-21 02:43:38,52
SFNC ,2018-07-21 03:43:43,52
SFNC ,2018-07-21 04:43:36,52
SFNC ,2018-07-21 05:43:35,52
SFNC ,2018-07-21 06:43:36,52
SFNC ,2018-07-21 07:43:35,52
SFNC ,2018-07-21 08:43:35,52
SFNC ,2018-07-21 09:43:37,52
SFNC ,2018-07-21 10:43:36,52
SFNC ,2018-07-21 11:43:34,52
SFNC ,2018-07-21 12:43:35,52
SFNC ,2018-07-21 13:43:36,52
SFNC ,2018-07-21 14:43:36,52
SFNC ,2018-07-21 15:43:36,52
SFNC ,2018-07-21 16:43:38,52
SFNC ,2018-07-21 17:43:35,52
SFNC ,2018-07-21 18:43:37,52
SFNC ,2018-07-21 19:43:41,52
SFNC ,2018-07-21 20:43:35,52
SFNC ,2018-07-21 21:43:35,52
SFNC ,2018-07-21 22:43:35,52
SFNC ,2018-07-21 23:43:36,52
SFNC ,2018-07-22 00:43:36,52
SFNC ,2018-07-22 01:43:35,52
SFNC ,2018-07-22 02:43:36,52
SFNC ,2018-07-22 03:43:37,52
SFNC ,2018-07-22 04:43:36,52
SFNC ,2018-07-22 05:43:35,52
SFNC ,2018-07-22 06:43:48,52
SFNC ,2018-07-22 07:43:42,52
SFNC ,2018-07-22 08:43:36,52
SFNC ,2018-07-22 09:43:34,52
SFNC ,2018-07-22 10:43:34,52
SFNC ,2018-07-22 11:43:35,52
SFNC ,2018-07-22 12:43:36,52
SFNC ,2018-07-22 13:43:36,52
SFNC ,2018-07-22 14:43:39,52
SFNC ,2018-07-22 15:43:36,52
SFNC ,2018-07-22 16:43:36,52
SFNC ,2018-07-22 17:43:35,52
SFNC ,2018-07-22 18:43:35,52
SFNC ,2018-07-22 19:43:41,52
SFNC ,2018-07-22 20:43:36,52
SFNC ,2018-07-22 21:43:35,52
SFNC ,2018-07-22 22:43:35,52
SFNC ,2018-07-22 23:43:35,52
SFNC ,2018-07-23 00:43:36,52
SFNC ,2018-07-23 01:43:35,52
SFNC ,2018-07-23 02:43:36,52
SFNC ,2018-07-23 03:43:35,52
SFNC ,2018-07-23 04:43:35,52
SFNC ,2018-07-23 05:43:34,52
SFNC ,2018-07-23 06:43:35,52
SFNC ,2018-07-23 07:43:36,52
SFNC ,2018-07-23 08:43:38,52
SFNC ,2018-07-23 09:43:41,52
SFNC ,2018-07-23 23:43:48,56
SFNC ,2018-07-24 00:43:36,56
SFNC ,2018-07-24 01:43:36,56
SFNC ,2018-07-24 02:43:37,56
SFNC ,2018-07-24 03:43:35,56
SFNC ,2018-07-24 04:43:35,56
SFNC ,2018-07-24 05:43:35,56
SFNC ,2018-07-24 06:43:36,56
SFNC ,2018-07-24 07:43:35,56
SFNC ,2018-07-24 08:43:35,56
SFNC ,2018-07-24 09:43:34,56
SFNC ,2018-07-24 10:43:35,56
SFNC ,2018-07-24 11:43:35,56
SFNC ,2018-07-24 12:43:36,56
SFNC ,2018-07-24 13:43:47,56
SFNC ,2018-07-24 14:43:36,59
SFNC ,2018-07-24 15:43:36,56
SFNC ,2018-07-24 16:43:37,55
SFNC ,2018-07-24 17:43:37,55
SFNC ,2018-07-24 18:43:36,55
SFNC ,2018-07-24 19:43:36,55
SFNC ,2018-07-24 20:43:35,55
SFNC ,2018-07-24 21:43:35,55
SFNC ,2018-07-24 22:43:35,55
SFNC ,2018-07-24 23:43:35,55
SFNC ,2018-07-25 00:43:36,55
SFNC ,2018-07-25 01:43:35,55
SFNC ,2018-07-25 02:43:35,55
SFNC ,2018-07-25 03:43:36,55
SFNC ,2018-07-25 04:43:36,55
SFNC ,2018-07-25 05:43:35,55
SFNC ,2018-07-25 06:43:36,55
SFNC ,2018-07-25 07:43:34,55
SFNC ,2018-07-25 08:43:35,55
SFNC ,2018-07-25 09:43:35,55
SFNC ,2018-07-25 10:43:34,55
SFNC ,2018-07-25 11:43:34,55
SFNC ,2018-07-25 12:43:35,55
SFNC ,2018-07-25 13:43:42,55
SFNC ,2018-07-25 14:43:38,55
SFNC ,2018-07-25 15:43:39,55
SFNC ,2018-07-25 16:43:38,55
SFNC ,2018-07-25 17:43:44,55
SFNC ,2018-07-25 18:43:38,55
SFNC ,2018-07-25 19:43:38,55
SFNC ,2018-07-25 20:43:38,57
SFNC ,2018-07-25 21:43:38,57
SFNC ,2018-07-25 22:43:37,57
SFNC ,2018-07-25 23:43:36,57
SFNC ,2018-07-26 00:43:36,57
SFNC ,2018-07-26 01:43:37,57
SFNC ,2018-07-26 02:43:38,57
SFNC ,2018-07-26 03:43:38,57
SFNC ,2018-07-26 04:43:37,57
SFNC ,2018-07-26 05:43:37,57
SFNC ,2018-07-26 06:43:37,57
SFNC ,2018-07-26 07:43:36,57
SFNC ,2018-07-26 08:43:36,57
SFNC ,2018-07-26 09:43:37,57
SFNC ,2018-07-26 10:43:37,57
SFNC ,2018-07-26 11:43:36,57
SFNC ,2018-07-26 12:43:37,57
SFNC ,2018-07-26 14:43:39,57
SFNC ,2018-07-26 15:43:38,57
SFNC ,2018-07-26 16:43:38,57
SFNC ,2018-07-26 17:43:38,58
SFNC ,2018-07-26 18:43:38,58
SFNC ,2018-07-26 19:43:38,58
SFNC ,2018-07-26 20:43:37,58
SFNC ,2018-07-26 21:43:36,58
SFNC ,2018-07-26 22:43:36,58
SFNC ,2018-07-26 23:43:37,58
SFNC ,2018-07-27 00:43:37,58
SFNC ,2018-07-27 01:43:38,58
SFNC ,2018-07-27 02:43:36,58
SFNC ,2018-07-27 03:43:37,58
SFNC ,2018-07-27 04:43:37,58
SFNC ,2018-07-27 05:43:37,58
SFNC ,2018-07-27 06:43:37,58
SFNC ,2018-07-27 07:43:37,58
SFNC ,2018-07-27 08:43:36,58
SFNC ,2018-07-27 09:43:35,58
SFNC ,2018-07-27 10:43:37,58
SFNC ,2018-07-27 11:43:36,58
SFNC ,2018-07-27 12:43:37,58
SFNC ,2018-07-27 13:43:43,58
SFNC ,2018-07-27 14:43:39,58
SFNC ,2018-07-27 15:43:37,58
SFNC ,2018-07-27 16:43:37,59
SFNC ,2018-07-27 17:43:37,59
SFNC ,2018-07-27 18:43:37,59
SFNC ,2018-07-27 19:43:37,59
SFNC ,2018-07-27 20:43:36,59
SFNC ,2018-07-27 21:43:36,59
SFNC ,2018-07-27 22:43:36,59
SFNC ,2018-07-27 23:43:36,59
SFNC ,2018-07-28 00:43:37,59
SFNC ,2018-07-28 01:43:37,59
SFNC ,2018-07-28 02:43:36,59
SFNC ,2018-07-28 03:43:37,59
SFNC ,2018-07-28 04:43:36,59
SFNC ,2018-07-28 05:43:37,59
SFNC ,2018-07-28 06:43:37,59
SFNC ,2018-07-28 07:43:36,59
SFNC ,2018-07-28 08:43:36,59
SFNC ,2018-07-28 09:43:36,59
SFNC ,2018-07-28 10:43:35,59
SFNC ,2018-07-28 11:43:36,59
SFNC ,2018-07-28 12:43:36,59
SFNC ,2018-07-28 13:43:36,59
SFNC ,2018-07-28 14:43:36,59
SFNC ,2018-07-28 15:43:37,59
SFNC ,2018-07-28 16:43:37,59
SFNC ,2018-07-28 17:43:37,59
SFNC ,2018-07-28 18:43:37,59
SFNC ,2018-07-28 19:43:50,59
SFNC ,2018-07-28 20:43:42,59
SFNC ,2018-07-28 21:43:37,59
SFNC ,2018-07-28 22:43:37,59
SFNC ,2018-07-28 23:43:37,59
SFNC ,2018-07-29 00:43:36,59
SFNC ,2018-07-29 01:43:37,59
SFNC ,2018-07-29 02:43:36,59
SFNC ,2018-07-29 03:43:36,59
SFNC ,2018-07-29 04:43:37,59
SFNC ,2018-07-29 05:43:37,59
SFNC ,2018-07-29 06:43:37,59
SFNC ,2018-07-29 07:43:36,59
SFNC ,2018-07-29 08:43:36,59
SFNC ,2018-07-29 09:43:36,59
SFNC ,2018-07-29 10:43:36,59
SFNC ,2018-07-29 11:43:36,59
SFNC ,2018-07-29 12:43:37,59
SFNC ,2018-07-29 13:43:37,59
SFNC ,2018-07-29 14:43:37,59
SFNC ,2018-07-29 15:43:35,59
SFNC ,2018-07-29 16:43:38,59
SFNC ,2018-07-29 17:43:37,59
SFNC ,2018-07-29 18:43:36,59
SFNC ,2018-07-29 19:43:37,59
SFNC ,2018-07-29 20:43:37,59
SFNC ,2018-07-29 21:43:38,59
SFNC ,2018-07-29 22:43:38,59
SFNC ,2018-07-29 23:43:37,59
SFNC ,2018-07-30 00:43:36,59
SFNC ,2018-07-30 01:43:37,59
SFNC ,2018-07-30 02:43:36,59
SFNC ,2018-07-30 03:43:37,59
SFNC ,2018-07-30 04:43:36,59
SFNC ,2018-07-30 05:43:36,59
SFNC ,2018-07-30 06:43:35,59
SFNC ,2018-07-30 07:43:36,59
SFNC ,2018-07-30 08:43:37,59
SFNC ,2018-07-30 09:43:37,59
SFNC ,2018-07-30 10:43:35,59
SFNC ,2018-07-30 11:43:36,59
SFNC ,2018-07-30 12:43:36,59
SFNC ,2018-07-30 13:43:43,59
SFNC ,2018-07-30 14:43:39,58
SFNC ,2018-07-30 15:43:38,58
SFNC ,2018-07-30 16:43:39,58
SFNC ,2018-07-30 17:43:38,58
SFNC ,2018-07-30 18:43:36,58
SFNC ,2018-07-30 19:43:39,58
SFNC ,2018-07-30 20:43:36,58
SFNC ,2018-07-30 21:43:37,58
SFNC ,2018-07-30 22:43:38,58
SFNC ,2018-07-30 23:43:36,58
SFNC ,2018-07-31 00:43:38,58
SFNC ,2018-07-31 01:43:37,58
SFNC ,2018-07-31 02:43:36,58
SFNC ,2018-07-31 03:43:36,58
SFNC ,2018-07-31 04:43:36,58
SFNC ,2018-07-31 05:43:37,58
SFNC ,2018-07-31 06:43:36,58
SFNC ,2018-07-31 07:43:37,58
SFNC ,2018-07-31 08:43:58,58
SFNC ,2018-07-31 09:50:33,58
SFNC ,2018-07-31 10:43:36,58
SFNC ,2018-07-31 11:43:36,58
SFNC ,2018-07-31 12:43:36,58
SFNC ,2018-07-31 13:43:44,58
SFNC ,2018-07-31 14:43:38,59
SFNC ,2018-07-31 15:43:38,59
SFNC ,2018-07-31 16:43:37,59
SFNC ,2018-07-31 17:43:37,59
SFNC ,2018-07-31 18:43:37,59
SFNC ,2018-07-31 19:43:39,59
SFNC ,2018-07-31 20:43:37,59
SFNC ,2018-07-31 21:43:36,59
SFNC ,2018-07-31 22:43:37,59
SFNC ,2018-07-31 23:43:37,59
SFNC ,2018-08-01 00:43:38,59
SFNC ,2018-08-01 01:43:36,59
SFNC ,2018-08-01 02:43:36,59
SFNC ,2018-08-01 03:43:37,59
SFNC ,2018-08-01 04:43:37,59
SFNC ,2018-08-01 05:43:37,59
SFNC ,2018-08-01 06:43:36,59
SFNC ,2018-08-01 07:43:36,59
SFNC ,2018-08-01 08:43:37,59
SFNC ,2018-08-01 09:43:37,59
SFNC ,2018-08-01 10:43:36,59
SFNC ,2018-08-01 11:43:37,59
SFNC ,2018-08-01 12:43:36,59
SFNC ,2018-08-01 14:08:45,59
SFNC ,2018-08-01 14:43:39,59
SFNC ,2018-08-01 15:43:40,59
SFNC ,2018-08-01 16:43:39,59
SFNC ,2018-08-01 17:43:40,58
SFNC ,2018-08-01 18:43:38,58
SFNC ,2018-08-01 19:45:08,58
SFNC ,2018-08-01 20:43:37,58
SFNC ,2018-08-01 21:43:37,58
SFNC ,2018-08-01 22:43:37,58
SFNC ,2018-08-01 23:43:37,58
SFNC ,2018-08-02 00:43:39,58
SFNC ,2018-08-02 01:43:38,58
SFNC ,2018-08-02 02:43:38,58
SFNC ,2018-08-02 03:43:38,58
SFNC ,2018-08-02 04:43:38,58
SFNC ,2018-08-02 05:43:37,58
SFNC ,2018-08-02 06:43:37,58
SFNC ,2018-08-02 07:43:37,58
SFNC ,2018-08-02 08:43:37,58
SFNC ,2018-08-02 09:43:38,58
SFNC ,2018-08-02 10:43:37,58
SFNC ,2018-08-02 11:43:36,58
SFNC ,2018-08-02 12:43:37,58
SFNC ,2018-08-02 13:43:42,58
SFNC ,2018-08-02 14:43:40,58
SFNC ,2018-08-02 15:43:40,58
SFNC ,2018-08-02 16:43:38,58
SFNC ,2018-08-02 17:43:40,58
SFNC ,2018-08-02 18:43:39,58
SFNC ,2018-08-02 19:43:39,58
SFNC ,2018-08-02 20:43:38,58
SFNC ,2018-08-02 21:43:37,58
SFNC ,2018-08-02 22:43:37,58
SFNC ,2018-08-02 23:43:37,58
SFNC ,2018-08-03 00:43:38,58
SFNC ,2018-08-03 01:43:39,58
SFNC ,2018-08-03 02:43:38,58
SFNC ,2018-08-03 03:43:38,58
SFNC ,2018-08-03 04:43:38,58
SFNC ,2018-08-03 05:43:38,58
SFNC ,2018-08-03 06:43:38,58
SFNC ,2018-08-03 07:43:37,58
SFNC ,2018-08-03 08:43:38,58
SFNC ,2018-08-03 09:43:38,58
SFNC ,2018-08-03 10:43:38,58
SFNC ,2018-08-03 11:45:39,58
SFNC ,2018-08-03 13:08:37,58
SFNC ,2018-08-03 13:43:42,58
SFNC ,2018-08-03 14:43:38,58
SFNC ,2018-08-03 15:43:38,58
SFNC ,2018-08-03 16:43:38,58
SFNC ,2018-08-03 17:43:38,58
SFNC ,2018-08-03 18:43:38,58
SFNC ,2018-08-03 19:43:38,59
SFNC ,2018-08-03 20:43:38,59
SFNC ,2018-08-03 21:43:37,59
SFNC ,2018-08-03 22:43:37,59
SFNC ,2018-08-03 23:43:38,59
SFNC ,2018-08-04 00:43:37,59
SFNC ,2018-08-04 01:43:37,59
SFNC ,2018-08-04 02:43:38,59
SFNC ,2018-08-04 03:43:37,59
SFNC ,2018-08-04 04:43:37,59
SFNC ,2018-08-04 05:43:38,59
SFNC ,2018-08-04 06:43:38,59
SFNC ,2018-08-04 07:43:38,59
SFNC ,2018-08-04 08:43:37,59
SFNC ,2018-08-04 09:43:38,59
SFNC ,2018-08-04 10:43:38,59
SFNC ,2018-08-04 11:43:37,59
SFNC ,2018-08-04 12:43:36,59
SFNC ,2018-08-04 13:43:39,59
SFNC ,2018-08-04 14:43:37,59
SFNC ,2018-08-04 15:43:38,59
SFNC ,2018-08-04 16:43:37,59
SFNC ,2018-08-04 17:43:38,59
SFNC ,2018-08-04 18:43:38,59
SFNC ,2018-08-04 19:43:38,59
SFNC ,2018-08-04 20:43:37,59
SFNC ,2018-08-04 21:43:37,59
SFNC ,2018-08-04 22:43:36,59
SFNC ,2018-08-04 23:43:38,59
SFNC ,2018-08-05 00:43:36,59
SFNC ,2018-08-05 01:43:37,59
SFNC ,2018-08-05 02:43:38,59
SFNC ,2018-08-05 03:43:37,59
SFNC ,2018-08-05 04:43:37,59
SFNC ,2018-08-05 05:43:37,59
SFNC ,2018-08-05 06:43:38,59
SFNC ,2018-08-05 07:43:37,59
SFNC ,2018-08-05 08:43:37,59
SFNC ,2018-08-05 09:43:37,59
SFNC ,2018-08-05 10:43:37,59
SFNC ,2018-08-05 11:43:37,59
SFNC ,2018-08-05 12:43:37,59
SFNC ,2018-08-05 13:43:37,59
SFNC ,2018-08-05 14:43:37,59
SFNC ,2018-08-05 15:43:38,59
SFNC ,2018-08-05 16:43:38,59
SFNC ,2018-08-05 17:43:37,59
SFNC ,2018-08-05 18:43:37,59
SFNC ,2018-08-05 19:43:38,59
SFNC ,2018-08-05 20:43:37,59
SFNC ,2018-08-05 21:43:38,59
SFNC ,2018-08-05 22:43:36,59
SFNC ,2018-08-05 23:43:38,59
SFNC ,2018-08-06 00:43:38,59
SFNC ,2018-08-06 01:43:36,59
SFNC ,2018-08-06 02:43:37,59
SFNC ,2018-08-06 03:43:37,59
SFNC ,2018-08-06 04:43:37,59
SFNC ,2018-08-06 05:43:37,59
SFNC ,2018-08-06 06:43:37,59
SFNC ,2018-08-06 07:43:38,59
SFNC ,2018-08-06 08:43:38,59
SFNC ,2018-08-06 09:43:37,59
SFNC ,2018-08-06 10:43:37,59
SFNC ,2018-08-06 11:43:36,59
SFNC ,2018-08-06 12:43:37,59
SFNC ,2018-08-06 13:43:41,59
SFNC ,2018-08-06 14:43:39,59
SFNC ,2018-08-06 15:43:38,59
SFNC ,2018-08-06 16:44:01,59
SFNC ,2018-08-06 17:43:39,59
SFNC ,2018-08-06 18:43:39,59
SFNC ,2018-08-06 19:43:39,59
SFNC ,2018-08-06 20:43:38,59
SFNC ,2018-08-06 21:43:40,59
SFNC ,2018-08-06 22:43:38,59
SFNC ,2018-08-06 23:43:38,59
SFNC ,2018-08-07 00:43:38,59
SFNC ,2018-08-07 01:43:38,59
SFNC ,2018-08-07 02:43:39,59
SFNC ,2018-08-07 03:43:40,59
SFNC ,2018-08-07 04:43:39,59
SFNC ,2018-08-07 05:43:38,59
SFNC ,2018-08-07 06:43:38,59
SFNC ,2018-08-07 07:43:38,59
SFNC ,2018-08-07 08:43:38,59
SFNC ,2018-08-07 09:43:37,59
SFNC ,2018-08-07 10:43:37,59
SFNC ,2018-08-07 11:43:38,59
SFNC ,2018-08-07 12:43:38,59
SFNC ,2018-08-07 13:43:45,59
SFNC ,2018-08-07 14:43:39,59
SFNC ,2018-08-07 15:43:39,59
SFNC ,2018-08-07 16:43:38,59
SFNC ,2018-08-07 17:43:39,59
SFNC ,2018-08-07 18:43:39,59
SFNC ,2018-08-07 19:43:40,59
SFNC ,2018-08-07 20:43:39,59
SFNC ,2018-08-07 21:43:39,59
SFNC ,2018-08-07 22:43:38,59
SFNC ,2018-08-07 23:43:38,59
SFNC ,2018-08-08 00:43:38,59
SFNC ,2018-08-08 01:43:40,59
SFNC ,2018-08-08 02:43:39,59
SFNC ,2018-08-08 03:43:39,59
SFNC ,2018-08-08 04:43:38,59
SFNC ,2018-08-08 05:43:39,59
SFNC ,2018-08-08 06:43:39,59
SFNC ,2018-08-08 07:43:40,59
SFNC ,2018-08-08 08:43:39,59
SFNC ,2018-08-08 09:43:39,59
SFNC ,2018-08-08 10:43:39,59
SFNC ,2018-08-08 11:43:39,59
SFNC ,2018-08-08 12:43:40,59
SFNC ,2018-08-08 13:43:42,59
SFNC ,2018-08-08 14:43:39,59
SFNC ,2018-08-08 15:43:40,59
SFNC ,2018-08-08 16:43:40,59
SFNC ,2018-08-08 17:43:39,59
SFNC ,2018-08-08 18:43:38,59
SFNC ,2018-08-08 19:43:39,59
SFNC ,2018-08-08 20:43:38,59
SFNC ,2018-08-08 21:43:38,59
SFNC ,2018-08-08 22:43:38,59
SFNC ,2018-08-08 23:43:38,59
SFNC ,2018-08-10 00:21:54,58
SFNC ,2018-08-10 00:43:41,58
SFNC ,2018-08-10 01:43:42,58
SFNC ,2018-08-10 02:43:41,58
SFNC ,2018-08-10 03:43:38,58
SFNC ,2018-08-10 04:43:41,58
SFNC ,2018-08-10 05:43:44,58
SFNC ,2018-08-10 06:43:41,58
SFNC ,2018-08-10 07:43:43,58
SFNC ,2018-08-10 08:43:42,58
SFNC ,2018-08-10 09:43:41,58
SFNC ,2018-08-10 10:43:41,58
SFNC ,2018-08-10 11:43:41,58
SFNC ,2018-08-10 12:43:40,58
SFNC ,2018-08-10 13:43:46,58
SFNC ,2018-08-10 14:43:44,58
SFNC ,2018-08-10 15:43:43,57
SFNC ,2018-08-10 16:43:44,58
SFNC ,2018-08-10 17:43:43,58
SFNC ,2018-08-10 18:43:42,58
SFNC ,2018-08-10 19:43:43,58
SFNC ,2018-08-10 20:43:43,58
SFNC ,2018-08-10 21:43:43,58
SFNC ,2018-08-10 22:43:42,58
SFNC ,2018-08-10 23:43:43,58
SFNC ,2018-08-11 00:43:43,58
SFNC ,2018-08-11 01:43:43,58
SFNC ,2018-08-11 02:43:43,58
SFNC ,2018-08-11 03:43:43,58
SFNC ,2018-08-11 04:43:42,58
SFNC ,2018-08-11 05:43:43,58
SFNC ,2018-08-11 06:43:42,58
SFNC ,2018-08-11 07:43:42,58
SFNC ,2018-08-11 08:43:41,58
SFNC ,2018-08-11 09:43:42,58
SFNC ,2018-08-11 10:43:42,58
SFNC ,2018-08-11 11:43:42,58
SFNC ,2018-08-11 12:43:42,58
SFNC ,2018-08-11 13:43:42,58
SFNC ,2018-08-11 14:43:42,58
SFNC ,2018-08-11 15:43:43,58
SFNC ,2018-08-11 16:43:42,58
SFNC ,2018-08-11 17:43:42,58
SFNC ,2018-08-11 18:43:44,58
SFNC ,2018-08-11 19:43:42,58
SFNC ,2018-08-11 20:43:42,58
SFNC ,2018-08-11 21:43:43,58
SFNC ,2018-08-11 22:43:42,58
SFNC ,2018-08-11 23:43:43,58
SFNC ,2018-08-12 00:43:43,58
SFNC ,2018-08-12 01:43:42,58
SFNC ,2018-08-12 02:43:42,58
SFNC ,2018-08-12 03:43:42,58
SFNC ,2018-08-12 04:43:43,58
SFNC ,2018-08-12 05:43:42,58
SFNC ,2018-08-12 06:43:41,58
SFNC ,2018-08-12 07:43:41,58
SFNC ,2018-08-12 08:43:41,58
SFNC ,2018-08-12 09:43:41,58
SFNC ,2018-08-12 10:43:41,58
SFNC ,2018-08-12 11:43:42,58
SFNC ,2018-08-12 12:43:42,58
SFNC ,2018-08-12 13:43:43,58
SFNC ,2018-08-12 14:43:43,58
SFNC ,2018-08-12 15:43:44,58
SFNC ,2018-08-12 16:43:43,58
SFNC ,2018-08-12 17:43:43,58
SFNC ,2018-08-12 18:43:43,58
SFNC ,2018-08-12 19:43:43,58
SFNC ,2018-08-12 20:43:43,58
SFNC ,2018-08-12 21:43:42,58
SFNC ,2018-08-12 22:43:42,58
SFNC ,2018-08-12 23:43:43,58
SFNC ,2018-08-13 00:43:42,58
SFNC ,2018-08-13 01:43:43,58
SFNC ,2018-08-13 02:43:43,58
SFNC ,2018-08-13 03:43:43,58
SFNC ,2018-08-13 04:43:43,58
SFNC ,2018-08-13 05:43:42,58
SFNC ,2018-08-13 06:43:42,58
SFNC ,2018-08-13 07:43:43,58
SFNC ,2018-08-13 08:43:44,58
SFNC ,2018-08-13 09:43:43,58
SFNC ,2018-08-13 10:43:41,58
SFNC ,2018-08-13 11:43:41,58
SFNC ,2018-08-13 12:43:42,58
SFNC ,2018-08-13 13:43:45,58
SFNC ,2018-08-13 14:43:44,58
SFNC ,2018-08-13 15:43:45,58
SFNC ,2018-08-13 16:43:44,58
SFNC ,2018-08-13 17:43:42,58
SFNC ,2018-08-13 18:43:43,58
SFNC ,2018-08-13 19:43:44,58
SFNC ,2018-08-13 20:43:43,58
SFNC ,2018-08-13 21:43:43,58
SFNC ,2018-08-13 22:43:42,58
SFNC ,2018-08-13 23:43:42,58
SFNC ,2018-08-14 00:43:43,58
SFNC ,2018-08-14 01:43:44,58
SFNC ,2018-08-14 02:43:43,58
SFNC ,2018-08-14 03:43:42,58
SFNC ,2018-08-14 04:43:44,58
SFNC ,2018-08-14 05:43:42,58
SFNC ,2018-08-14 06:43:43,58
SFNC ,2018-08-14 07:43:43,58
SFNC ,2018-08-14 08:43:43,58
SFNC ,2018-08-14 09:43:42,58
SFNC ,2018-08-14 10:43:43,58
SFNC ,2018-08-14 11:43:42,58
SFNC ,2018-08-14 12:43:42,58
SFNC ,2018-08-14 13:43:44,58
SFNC ,2018-08-14 14:43:43,58
SFNC ,2018-08-14 15:43:44,58
SFNC ,2018-08-14 16:43:43,58
SFNC ,2018-08-14 17:43:42,58
SFNC ,2018-08-14 18:43:43,57
SFNC ,2018-08-14 19:43:43,57
SFNC ,2018-08-14 20:43:43,57
SFNC ,2018-08-14 21:43:42,57
SFNC ,2018-08-14 22:43:43,57
SFNC ,2018-08-14 23:43:42,57
SFNC ,2018-08-15 00:43:43,57
SFNC ,2018-08-15 01:43:43,57
SFNC ,2018-08-15 02:43:44,57
SFNC ,2018-08-15 03:43:44,57
SFNC ,2018-08-15 04:43:43,57
SFNC ,2018-08-15 05:43:42,57
SFNC ,2018-08-15 06:43:44,57
SFNC ,2018-08-15 07:43:41,57
SFNC ,2018-08-15 08:43:43,57
SFNC ,2018-08-15 09:43:43,57
SFNC ,2018-08-15 10:43:43,57
SFNC ,2018-08-15 11:43:43,57
SFNC ,2018-08-15 12:43:42,57
SFNC ,2018-08-15 14:09:18,57
SFNC ,2018-08-15 14:43:43,57
SFNC ,2018-08-15 15:43:44,57
SFNC ,2018-08-15 16:43:45,57
SFNC ,2018-08-15 17:43:42,57
SFNC ,2018-08-15 18:43:42,57
SFNC ,2018-08-15 19:43:42,57
SFNC ,2018-08-15 20:43:42,57
SFNC ,2018-08-15 21:43:42,57
SFNC ,2018-08-15 22:43:42,57
SFNC ,2018-08-15 23:43:43,57
SFNC ,2018-08-16 00:43:43,57
SFNC ,2018-08-16 01:43:43,57
SFNC ,2018-08-16 02:43:44,57
SFNC ,2018-08-16 03:43:44,57
SFNC ,2018-08-16 04:43:43,57
SFNC ,2018-08-16 05:43:42,57
SFNC ,2018-08-16 06:43:42,57
SFNC ,2018-08-16 07:43:43,57
SFNC ,2018-08-16 08:43:42,57
SFNC ,2018-08-16 09:43:42,57
SFNC ,2018-08-16 10:43:42,57
SFNC ,2018-08-16 11:43:41,57
SFNC ,2018-08-16 12:43:41,57
SFNC ,2018-08-16 13:43:45,57
SFNC ,2018-08-16 14:43:43,57
SFNC ,2018-08-16 15:43:44,57
SFNC ,2018-08-16 16:43:43,57
SFNC ,2018-08-16 17:43:42,57
SFNC ,2018-08-16 18:43:42,57
SFNC ,2018-08-16 19:43:43,57
SFNC ,2018-08-16 20:43:42,57
SFNC ,2018-08-16 21:43:42,57
SFNC ,2018-08-16 22:43:41,57
SFNC ,2018-08-16 23:43:42,57
SFNC ,2018-08-17 00:43:42,57
SFNC ,2018-08-17 01:43:42,57
SFNC ,2018-08-17 02:43:43,57
SFNC ,2018-08-17 03:43:43,57
SFNC ,2018-08-17 04:43:43,57
SFNC ,2018-08-17 05:43:41,57
SFNC ,2018-08-17 06:43:41,57
SFNC ,2018-08-17 07:43:41,57
SFNC ,2018-08-17 08:43:42,57
SFNC ,2018-08-17 09:43:42,57
SFNC ,2018-08-17 10:43:41,57
SFNC ,2018-08-17 11:43:41,57
SFNC ,2018-08-17 12:43:41,57
SFNC ,2018-08-17 13:43:45,57
SFNC ,2018-08-17 14:43:44,57
SFNC ,2018-08-17 15:43:44,57
SFNC ,2018-08-17 16:43:42,56
SFNC ,2018-08-17 17:43:41,56
SFNC ,2018-08-17 18:43:42,56
SFNC ,2018-08-17 19:43:43,56
SFNC ,2018-08-17 20:43:41,56
SFNC ,2018-08-17 21:43:41,56
SFNC ,2018-08-17 22:43:42,56
SFNC ,2018-08-17 23:43:41,56
SFNC ,2018-08-18 00:43:42,56
SFNC ,2018-08-18 01:43:43,56
SFNC ,2018-08-18 02:43:42,56
SFNC ,2018-08-18 03:43:43,56
SFNC ,2018-08-18 04:43:42,56
SFNC ,2018-08-18 05:43:41,56
SFNC ,2018-08-18 06:43:42,56
SFNC ,2018-08-18 07:43:41,56
SFNC ,2018-08-18 08:43:41,56
SFNC ,2018-08-18 09:43:41,56
SFNC ,2018-08-18 10:43:40,56
SFNC ,2018-08-18 11:43:41,56
SFNC ,2018-08-18 12:43:43,56
SFNC ,2018-08-18 13:43:43,56
SFNC ,2018-08-18 14:43:43,56
SFNC ,2018-08-18 15:43:43,56
SFNC ,2018-08-18 16:43:42,56
SFNC ,2018-08-18 17:43:42,56
SFNC ,2018-08-18 18:43:42,56
SFNC ,2018-08-18 19:43:42,56
SFNC ,2018-08-18 20:43:43,56
SFNC ,2018-08-18 21:43:41,56
SFNC ,2018-08-18 22:43:41,56
SFNC ,2018-08-18 23:43:41,56
SFNC ,2018-08-19 00:43:42,56
SFNC ,2018-08-19 01:43:41,56
SFNC ,2018-08-19 02:43:42,56
SFNC ,2018-08-19 03:43:41,56
SFNC ,2018-08-19 04:43:42,56
SFNC ,2018-08-19 05:43:41,56
SFNC ,2018-08-19 06:43:41,56
SFNC ,2018-08-19 07:43:42,56
SFNC ,2018-08-19 08:43:41,56
SFNC ,2018-08-19 09:43:41,56
SFNC ,2018-08-19 10:43:41,56
SFNC ,2018-08-19 11:43:41,56
SFNC ,2018-08-19 12:43:42,56
SFNC ,2018-08-19 13:43:42,56
SFNC ,2018-08-19 14:43:41,56
SFNC ,2018-08-19 15:43:42,56
SFNC ,2018-08-19 16:43:41,56
SFNC ,2018-08-19 17:43:42,56
SFNC ,2018-08-19 18:43:42,56
SFNC ,2018-08-19 19:43:42,56
SFNC ,2018-08-19 20:43:43,56
SFNC ,2018-08-19 21:43:44,56
SFNC ,2018-08-19 22:43:42,56
SFNC ,2018-08-19 23:43:41,56
SFNC ,2018-08-20 00:43:42,56
SFNC ,2018-08-20 01:43:42,56
SFNC ,2018-08-20 02:43:42,56
SFNC ,2018-08-20 03:43:41,56
SFNC ,2018-08-20 04:43:42,56
SFNC ,2018-08-20 05:43:41,56
SFNC ,2018-08-20 06:43:42,56
SFNC ,2018-08-20 07:43:41,56
SFNC ,2018-08-20 08:43:45,56
SFNC ,2018-08-20 09:43:41,56
SFNC ,2018-08-20 10:43:42,56
SFNC ,2018-08-20 11:43:42,56
SFNC ,2018-08-20 12:43:41,56
SFNC ,2018-08-20 13:43:46,56
SFNC ,2018-08-20 14:43:46,56
SFNC ,2018-08-20 15:43:44,56
SFNC ,2018-08-20 16:43:44,56
SFNC ,2018-08-20 17:43:42,56
SFNC ,2018-08-20 18:43:42,56
SFNC ,2018-08-20 19:43:43,56
SFNC ,2018-08-20 20:43:42,56
SFNC ,2018-08-20 21:43:41,56
SFNC ,2018-08-20 22:43:42,56
SFNC ,2018-08-20 23:43:41,56
SFNC ,2018-08-21 00:43:42,56
SFNC ,2018-08-21 01:43:42,56
SFNC ,2018-08-21 02:43:43,56
SFNC ,2018-08-21 03:43:43,56
SFNC ,2018-08-21 04:43:42,56
SFNC ,2018-08-21 05:43:41,56
SFNC ,2018-08-21 06:43:42,56
SFNC ,2018-08-21 07:43:41,56
SFNC ,2018-08-21 08:43:42,56
SFNC ,2018-08-21 09:43:41,56
SFNC ,2018-08-21 10:43:42,56
SFNC ,2018-08-21 11:43:41,56
SFNC ,2018-08-21 12:43:41,56
SFNC ,2018-08-21 13:43:47,56
SFNC ,2018-08-21 14:43:43,56
SFNC ,2018-08-21 15:43:42,55
SFNC ,2018-08-21 16:43:41,55
SFNC ,2018-08-21 17:43:41,55
SFNC ,2018-08-21 18:43:41,54
SFNC ,2018-08-21 19:43:42,54
SFNC ,2018-08-21 20:43:41,54
SFNC ,2018-08-21 21:43:40,54
SFNC ,2018-08-21 22:43:41,54
SFNC ,2018-08-21 23:43:41,54
SFNC ,2018-08-22 00:43:41,54
SFNC ,2018-08-22 01:43:41,54
SFNC ,2018-08-22 02:43:42,54
SFNC ,2018-08-22 03:43:42,54
SFNC ,2018-08-22 04:43:42,54
SFNC ,2018-08-22 05:43:41,54
SFNC ,2018-08-22 06:43:40,54
SFNC ,2018-08-22 07:43:41,54
SFNC ,2018-08-22 08:43:40,54
SFNC ,2018-08-22 09:43:41,54
SFNC ,2018-08-22 10:43:41,54
SFNC ,2018-08-22 11:43:41,54
SFNC ,2018-08-22 12:43:40,54
SFNC ,2018-08-22 13:43:47,54
SFNC ,2018-08-22 14:43:42,55
SFNC ,2018-08-22 15:43:41,55
SFNC ,2018-08-22 16:43:42,55
SFNC ,2018-08-22 17:43:41,55
SFNC ,2018-08-22 18:43:42,55
SFNC ,2018-08-22 19:43:42,55
SFNC ,2018-08-22 20:43:39,55
SFNC ,2018-08-22 21:43:40,55
SFNC ,2018-08-22 22:43:41,55
SFNC ,2018-08-22 23:43:41,55
SFNC ,2018-08-23 00:43:41,55
SFNC ,2018-08-23 01:43:42,55
SFNC ,2018-08-23 02:43:41,55
SFNC ,2018-08-23 03:43:42,55
SFNC ,2018-08-23 04:43:42,55
SFNC ,2018-08-23 05:43:41,55
SFNC ,2018-08-23 06:43:40,55
SFNC ,2018-08-23 07:43:41,55
SFNC ,2018-08-23 08:43:41,55
SFNC ,2018-08-23 09:43:40,55
SFNC ,2018-08-23 10:43:40,55
SFNC ,2018-08-23 11:43:41,55
SFNC ,2018-08-23 12:43:41,55
SFNC ,2018-08-23 13:43:46,55
SFNC ,2018-08-23 14:43:41,55
SFNC ,2018-08-23 15:43:42,55
SFNC ,2018-08-23 16:43:43,55
SFNC ,2018-08-23 17:43:41,55
SFNC ,2018-08-23 18:43:43,55
SFNC ,2018-08-23 19:43:43,55
SFNC ,2018-08-23 20:43:43,55
SFNC ,2018-08-23 21:43:41,55
SFNC ,2018-08-23 22:43:42,55
SFNC ,2018-08-23 23:43:42,55
SFNC ,2018-08-24 00:43:42,55
SFNC ,2018-08-24 01:43:43,55
SFNC ,2018-08-24 02:43:42,55
SFNC ,2018-08-24 03:43:41,55
SFNC ,2018-08-24 20:02:02,56
SFNC ,2018-08-24 20:43:43,56
SFNC ,2018-08-24 21:43:43,56
SFNC ,2018-08-24 22:43:42,56
SFNC ,2018-08-24 23:43:42,56
SFNC ,2018-08-25 00:43:42,56
SFNC ,2018-08-25 01:43:42,56
SFNC ,2018-08-25 02:43:43,56
SFNC ,2018-08-25 03:43:43,56
SFNC ,2018-08-25 04:43:42,56
SFNC ,2018-08-25 05:43:42,56
SFNC ,2018-08-25 06:43:42,56
SFNC ,2018-08-25 07:43:41,56
SFNC ,2018-08-25 08:43:42,56
SFNC ,2018-08-25 09:43:41,56
SFNC ,2018-08-25 10:43:42,56
SFNC ,2018-08-25 11:43:41,56
SFNC ,2018-08-25 12:43:42,56
SFNC ,2018-08-25 13:43:43,56
SFNC ,2018-08-25 14:43:42,56
SFNC ,2018-08-25 15:43:42,56
SFNC ,2018-08-25 16:43:42,56
SFNC ,2018-08-25 17:43:43,56
SFNC ,2018-08-25 18:43:43,56
SFNC ,2018-08-25 19:43:42,56
SFNC ,2018-08-25 20:43:42,56
SFNC ,2018-08-25 21:43:42,56
SFNC ,2018-08-25 22:43:43,56
SFNC ,2018-08-25 23:43:42,56
SFNC ,2018-08-26 00:43:43,56
SFNC ,2018-08-26 01:43:42,56
SFNC ,2018-08-26 02:43:44,56
SFNC ,2018-08-26 03:43:42,56
SFNC ,2018-08-26 04:43:42,56
SFNC ,2018-08-26 05:43:41,56
SFNC ,2018-08-26 06:43:42,56
SFNC ,2018-08-26 07:43:42,56
SFNC ,2018-08-26 08:43:41,56
SFNC ,2018-08-26 09:43:41,56
SFNC ,2018-08-26 10:43:42,56
SFNC ,2018-08-26 11:43:42,56
SFNC ,2018-08-26 12:43:43,56
SFNC ,2018-08-26 13:43:42,56
SFNC ,2018-08-26 14:43:41,56
SFNC ,2018-08-26 15:43:41,56
SFNC ,2018-08-26 16:43:42,56
SFNC ,2018-08-26 17:43:42,56
SFNC ,2018-08-26 18:43:42,56
SFNC ,2018-08-26 19:43:42,56
SFNC ,2018-08-26 20:43:43,56
SFNC ,2018-08-26 21:43:41,56
SFNC ,2018-08-26 22:43:43,56
SFNC ,2018-08-26 23:43:42,56
SFNC ,2018-08-27 00:43:42,56
SFNC ,2018-08-27 01:43:42,56
SFNC ,2018-08-27 02:43:42,56
SFNC ,2018-08-27 03:43:42,56
SFNC ,2018-08-27 04:43:42,56
SFNC ,2018-08-27 05:43:43,56
SFNC ,2018-08-27 06:43:42,56
SFNC ,2018-08-27 07:43:41,56
SFNC ,2018-08-27 08:43:42,56
SFNC ,2018-08-27 09:43:41,56
SFNC ,2018-08-27 10:43:41,56
SFNC ,2018-08-27 11:43:40,56
SFNC ,2018-08-27 12:43:41,56
SFNC ,2018-08-27 14:07:46,56
SFNC ,2018-08-27 14:43:43,56
SFNC ,2018-08-27 15:43:42,56
SFNC ,2018-08-27 16:43:43,56
SFNC ,2018-08-27 17:43:42,56
SFNC ,2018-08-27 18:43:42,56
SFNC ,2018-08-27 19:43:43,55
SFNC ,2018-08-27 20:43:41,55
SFNC ,2018-08-27 21:43:41,55
SFNC ,2018-08-27 22:43:41,55
SFNC ,2018-08-27 23:43:41,55
SFNC ,2018-08-28 00:43:41,55
SFNC ,2018-08-28 01:43:42,55
SFNC ,2018-08-28 02:43:41,55
SFNC ,2018-08-28 03:43:41,55
SFNC ,2018-08-28 04:43:42,55
SFNC ,2018-08-28 05:43:41,55
SFNC ,2018-08-28 06:43:41,55
SFNC ,2018-08-28 07:43:41,55
SFNC ,2018-08-28 08:43:40,55
SFNC ,2018-08-28 09:43:41,55
SFNC ,2018-08-28 10:43:41,55
SFNC ,2018-08-28 11:43:41,55
SFNC ,2018-08-28 12:43:41,55
SFNC ,2018-08-28 13:43:59,55
SFNC ,2018-08-28 14:43:54,55
SFNC ,2018-08-28 15:43:55,55
SFNC ,2018-08-28 16:43:55,55
SFNC ,2018-08-28 17:43:55,55
SFNC ,2018-08-28 18:43:57,55
SFNC ,2018-08-28 19:43:54,55
SFNC ,2018-08-28 20:43:54,55
SFNC ,2018-08-28 21:43:54,55
SFNC ,2018-08-28 22:43:55,55
SFNC ,2018-08-28 23:43:54,55
SFNC ,2018-08-29 00:43:55,55
SFNC ,2018-08-29 01:43:55,55
SFNC ,2018-08-29 02:43:54,55
SFNC ,2018-08-29 03:43:54,55
SFNC ,2018-08-29 04:43:54,55
SFNC ,2018-08-29 05:43:53,55
SFNC ,2018-08-29 06:43:53,55
SFNC ,2018-08-29 07:43:54,55
SFNC ,2018-08-29 08:43:54,55
SFNC ,2018-08-29 09:43:53,55
SFNC ,2018-08-29 10:43:53,55
SFNC ,2018-08-29 11:43:52,55
SFNC ,2018-08-29 12:43:54,55
SFNC ,2018-08-29 14:07:32,55
SFNC ,2018-08-29 14:43:56,55
SFNC ,2018-08-29 15:43:55,55
SFNC ,2018-08-29 16:43:54,55
SFNC ,2018-08-29 17:43:56,55
SFNC ,2018-08-29 18:43:58,55
SFNC ,2018-08-29 19:43:55,56
SFNC ,2018-08-29 20:43:53,56
SFNC ,2018-08-29 21:43:53,56
SFNC ,2018-08-29 22:43:53,56
SFNC ,2018-08-29 23:43:54,56
SFNC ,2018-08-30 00:44:39,56
SFNC ,2018-08-30 01:44:38,56
SFNC ,2018-08-30 02:43:55,56
SFNC ,2018-08-30 03:43:54,56
SFNC ,2018-08-30 04:43:54,56
SFNC ,2018-08-30 05:43:54,56
SFNC ,2018-08-30 06:43:54,56
SFNC ,2018-08-30 07:43:54,56
SFNC ,2018-08-30 08:43:58,56
SFNC ,2018-08-30 09:43:54,56
SFNC ,2018-08-30 10:43:54,56
SFNC ,2018-08-30 11:43:53,56
SFNC ,2018-08-30 12:43:53,56
SFNC ,2018-08-30 13:44:01,56
SFNC ,2018-08-30 14:43:55,56
SFNC ,2018-08-30 15:43:54,56
SFNC ,2018-08-30 16:43:55,56
SFNC ,2018-08-30 17:43:54,56
SFNC ,2018-08-30 18:43:56,56
SFNC ,2018-08-30 19:43:55,56
SFNC ,2018-08-30 20:43:52,56
SFNC ,2018-08-30 21:43:53,56
SFNC ,2018-08-30 22:43:53,56
SFNC ,2018-08-30 23:43:53,56
SFNC ,2018-08-31 00:43:55,56
SFNC ,2018-08-31 01:43:54,56
SFNC ,2018-08-31 02:43:53,56
SFNC ,2018-08-31 03:43:54,56
SFNC ,2018-08-31 04:43:54,56
SFNC ,2018-08-31 05:43:54,56
SFNC ,2018-08-31 06:43:54,56
SFNC ,2018-08-31 07:43:54,56
SFNC ,2018-08-31 08:43:53,56
SFNC ,2018-08-31 09:43:54,56
SFNC ,2018-08-31 10:43:53,56
SFNC ,2018-08-31 11:43:55,56
SFNC ,2018-08-31 12:43:54,56
SFNC ,2018-08-31 13:43:58,56
SFNC ,2018-08-31 14:43:55,56
SFNC ,2018-08-31 15:43:55,56
SFNC ,2018-08-31 16:43:53,55
SFNC ,2018-08-31 17:43:55,55
SFNC ,2018-08-31 18:43:55,55
SFNC ,2018-08-31 19:43:55,55
SFNC ,2018-08-31 20:43:55,55
SFNC ,2018-08-31 21:43:53,55
SFNC ,2018-08-31 22:43:53,55
SFNC ,2018-08-31 23:43:53,55
SFNC ,2018-09-01 00:43:54,55
SFNC ,2018-09-01 01:43:54,55
SFNC ,2018-09-01 02:43:54,55
SFNC ,2018-09-01 03:43:54,55
SFNC ,2018-09-01 04:43:55,55
SFNC ,2018-09-01 05:43:54,55
SFNC ,2018-09-01 06:43:54,55
SFNC ,2018-09-01 07:43:54,55
SFNC ,2018-09-01 08:43:54,55
SFNC ,2018-09-01 09:43:53,55
SFNC ,2018-09-01 10:43:54,55
SFNC ,2018-09-01 11:43:54,55
SFNC ,2018-09-01 12:43:54,55
SFNC ,2018-09-01 13:43:55,55
SFNC ,2018-09-01 14:43:56,55
SFNC ,2018-09-01 15:43:54,55
SFNC ,2018-09-01 16:43:53,55
SFNC ,2018-09-01 17:43:53,55
SFNC ,2018-09-01 18:43:54,55
SFNC ,2018-09-01 19:43:53,55
SFNC ,2018-09-01 20:43:53,55
SFNC ,2018-09-01 21:43:53,55
SFNC ,2018-09-01 22:43:55,55
SFNC ,2018-09-01 23:43:54,55
SFNC ,2018-09-02 00:43:55,55
SFNC ,2018-09-02 01:43:54,55
SFNC ,2018-09-02 02:43:54,55
SFNC ,2018-09-02 03:43:55,55
SFNC ,2018-09-02 04:43:54,55
SFNC ,2018-09-02 05:43:54,55
SFNC ,2018-09-02 06:43:54,55
SFNC ,2018-09-02 07:43:53,55
SFNC ,2018-09-02 08:43:53,55
SFNC ,2018-09-02 09:43:53,55
SFNC ,2018-09-02 10:43:53,55
SFNC ,2018-09-02 11:43:54,55
SFNC ,2018-09-02 12:43:53,55
SFNC ,2018-09-02 13:43:54,55
SFNC ,2018-09-02 14:43:55,55
SFNC ,2018-09-02 15:43:55,55
SFNC ,2018-09-02 16:43:55,55
SFNC ,2018-09-02 17:43:54,55
SFNC ,2018-09-02 18:43:53,55
SFNC ,2018-09-02 19:43:53,55
SFNC ,2018-09-02 20:43:53,55
SFNC ,2018-09-02 21:43:54,55
SFNC ,2018-09-02 22:43:54,55
SFNC ,2018-09-02 23:43:55,55
SFNC ,2018-09-03 00:43:53,55
SFNC ,2018-09-03 01:43:55,55
SFNC ,2018-09-03 02:43:55,55
SFNC ,2018-09-03 03:43:54,55
SFNC ,2018-09-03 04:43:54,55
SFNC ,2018-09-03 05:43:54,55
SFNC ,2018-09-03 06:43:53,55
SFNC ,2018-09-03 07:43:54,55
SFNC ,2018-09-03 08:43:57,55
SFNC ,2018-09-03 09:43:54,55
SFNC ,2018-09-03 10:43:53,55
SFNC ,2018-09-03 11:43:55,55
SFNC ,2018-09-03 12:43:53,55
SFNC ,2018-09-03 13:43:54,55
SFNC ,2018-09-03 14:43:53,55
SFNC ,2018-09-03 15:43:52,55
SFNC ,2018-09-03 16:43:54,55
SFNC ,2018-09-03 17:43:53,55
SFNC ,2018-09-03 18:43:54,55
SFNC ,2018-09-03 19:43:52,55
SFNC ,2018-09-03 20:43:55,55
SFNC ,2018-09-03 21:43:53,55
SFNC ,2018-09-03 22:43:54,55
SFNC ,2018-09-03 23:43:52,55
SFNC ,2018-09-04 00:43:54,55
SFNC ,2018-09-04 01:43:54,55
SFNC ,2018-09-04 02:43:54,55
SFNC ,2018-09-04 03:43:54,55
SFNC ,2018-09-04 04:43:53,55
SFNC ,2018-09-04 05:43:54,55
SFNC ,2018-09-04 06:43:53,55
SFNC ,2018-09-04 07:43:55,55
SFNC ,2018-09-04 08:43:54,55
SFNC ,2018-09-04 09:43:53,55
SFNC ,2018-09-04 10:43:54,55
SFNC ,2018-09-04 11:43:52,55
SFNC ,2018-09-04 12:43:54,55
SFNC ,2018-09-04 13:44:00,55
SFNC ,2018-09-04 14:43:55,56
SFNC ,2018-09-04 15:43:55,56
SFNC ,2018-09-04 16:43:56,56
SFNC ,2018-09-04 17:43:55,56
SFNC ,2018-09-04 18:43:56,56
SFNC ,2018-09-04 19:43:57,56
SFNC ,2018-09-04 20:43:55,56
SFNC ,2018-09-04 21:43:53,56
SFNC ,2018-09-04 22:43:54,56
SFNC ,2018-09-04 23:43:54,56
SFNC ,2018-09-05 00:43:54,56
SFNC ,2018-09-05 01:43:54,56
SFNC ,2018-09-05 02:43:55,56
SFNC ,2018-09-05 03:43:53,56
SFNC ,2018-09-05 04:43:53,56
SFNC ,2018-09-05 05:43:53,56
SFNC ,2018-09-05 06:43:53,56
SFNC ,2018-09-05 07:43:54,56
SFNC ,2018-09-05 08:43:54,56
SFNC ,2018-09-05 09:43:54,56
SFNC ,2018-09-05 10:43:53,56
SFNC ,2018-09-05 11:43:57,56
SFNC ,2018-09-05 12:43:53,56
SFNC ,2018-09-05 13:44:04,56
SFNC ,2018-09-05 14:43:59,56
SFNC ,2018-09-05 15:43:55,56
SFNC ,2018-09-05 16:43:55,57
SFNC ,2018-09-05 17:43:56,57
SFNC ,2018-09-05 18:43:57,57
SFNC ,2018-09-05 19:43:56,57
SFNC ,2018-09-05 20:43:53,57
SFNC ,2018-09-05 21:43:53,57
SFNC ,2018-09-05 22:43:53,57
SFNC ,2018-09-05 23:43:54,57
SFNC ,2018-09-06 00:43:54,57
SFNC ,2018-09-06 01:43:54,57
SFNC ,2018-09-06 02:43:54,57
SFNC ,2018-09-06 03:43:54,57
SFNC ,2018-09-06 04:43:55,57
SFNC ,2018-09-06 05:43:55,57
SFNC ,2018-09-06 06:43:54,57
SFNC ,2018-09-06 07:43:53,57
SFNC ,2018-09-06 08:43:54,57
SFNC ,2018-09-06 09:43:53,57
SFNC ,2018-09-06 10:43:53,57
SFNC ,2018-09-06 11:43:54,57
SFNC ,2018-09-06 13:08:57,57
SFNC ,2018-09-06 13:44:01,57
SFNC ,2018-09-06 14:43:55,57
SFNC ,2018-09-06 15:43:55,57
SFNC ,2018-09-06 16:43:55,57
SFNC ,2018-09-06 17:43:54,57
SFNC ,2018-09-06 18:43:54,58
SFNC ,2018-09-06 19:43:55,58
SFNC ,2018-09-06 20:43:53,58
SFNC ,2018-09-06 21:43:52,58
SFNC ,2018-09-06 22:43:53,58
SFNC ,2018-09-06 23:43:55,58
SFNC ,2018-09-07 00:43:54,58
SFNC ,2018-09-07 01:43:54,58
SFNC ,2018-09-07 02:43:55,58
SFNC ,2018-09-07 03:43:54,58
SFNC ,2018-09-07 04:43:54,58
SFNC ,2018-09-07 05:43:58,58
SFNC ,2018-09-07 06:43:58,58
SFNC ,2018-09-07 08:43:57,58
SFNC ,2018-09-07 09:43:56,58
SFNC ,2018-09-07 10:43:56,58
SFNC ,2018-09-07 11:43:55,58
SFNC ,2018-09-07 12:43:54,58
SFNC ,2018-09-07 13:44:01,58
SFNC ,2018-09-07 14:43:54,59
SFNC ,2018-09-07 15:43:55,59
SFNC ,2018-09-07 16:43:56,59
SFNC ,2018-09-07 17:43:55,59
SFNC ,2018-09-07 18:43:54,59
SFNC ,2018-09-07 19:43:54,59
SFNC ,2018-09-07 20:43:54,59
SFNC ,2018-09-07 21:43:53,59
SFNC ,2018-09-07 22:43:53,59
SFNC ,2018-09-07 23:43:54,59
SFNC ,2018-09-08 00:43:54,59
SFNC ,2018-09-08 01:43:53,59
SFNC ,2018-09-08 02:43:54,59
SFNC ,2018-09-08 03:43:54,59
SFNC ,2018-09-08 04:43:53,59
SFNC ,2018-09-08 05:43:54,59
SFNC ,2018-09-08 06:43:54,59
SFNC ,2018-09-08 07:43:53,59
SFNC ,2018-09-08 08:43:53,59
SFNC ,2018-09-08 09:43:53,59
SFNC ,2018-09-08 10:43:52,59
SFNC ,2018-09-08 11:43:53,59
SFNC ,2018-09-08 12:43:54,59
SFNC ,2018-09-08 13:43:55,59
SFNC ,2018-09-08 14:43:53,59
SFNC ,2018-09-08 15:43:54,59
SFNC ,2018-09-08 16:43:54,59
SFNC ,2018-09-08 17:43:54,59
SFNC ,2018-09-08 18:43:54,59
SFNC ,2018-09-08 19:43:54,59
SFNC ,2018-09-08 20:43:53,59
SFNC ,2018-09-08 21:43:53,59
SFNC ,2018-09-08 22:43:54,59
SFNC ,2018-09-08 23:43:55,59
SFNC ,2018-09-09 00:43:53,59
SFNC ,2018-09-09 01:43:55,59
SFNC ,2018-09-09 02:43:55,59
SFNC ,2018-09-09 03:43:54,59
SFNC ,2018-09-09 04:43:54,59
SFNC ,2018-09-09 05:43:53,59
SFNC ,2018-09-09 06:43:53,59
SFNC ,2018-09-09 07:43:53,59
SFNC ,2018-09-09 08:43:54,59
SFNC ,2018-09-09 09:43:54,59
SFNC ,2018-09-09 10:43:53,59
SFNC ,2018-09-09 11:43:54,59
SFNC ,2018-09-09 12:43:54,59
SFNC ,2018-09-09 13:43:54,59
SFNC ,2018-09-09 14:43:55,59
SFNC ,2018-09-09 15:43:53,59
SFNC ,2018-09-09 16:43:53,59
SFNC ,2018-09-09 17:43:54,59
SFNC ,2018-09-09 18:43:55,59
SFNC ,2018-09-09 19:43:54,59
SFNC ,2018-09-09 20:43:53,59
SFNC ,2018-09-09 21:43:54,59
SFNC ,2018-09-09 22:43:53,59
SFNC ,2018-09-09 23:43:54,59
SFNC ,2018-09-10 00:43:55,59
SFNC ,2018-09-10 01:43:56,59
SFNC ,2018-09-10 02:43:55,59
SFNC ,2018-09-10 03:43:54,59
SFNC ,2018-09-10 04:43:54,59
SFNC ,2018-09-10 05:43:53,59
SFNC ,2018-09-10 06:43:53,59
SFNC ,2018-09-10 07:43:52,59
SFNC ,2018-09-10 08:43:53,59
SFNC ,2018-09-10 09:43:53,59
SFNC ,2018-09-10 10:43:53,59
SFNC ,2018-09-10 11:43:53,59
SFNC ,2018-09-10 12:43:53,59
SFNC ,2018-09-10 13:43:59,59
SFNC ,2018-09-10 14:43:55,60
SFNC ,2018-09-10 15:43:56,60
SFNC ,2018-09-10 16:43:56,61
SFNC ,2018-09-10 17:43:55,61
SFNC ,2018-09-10 18:43:56,61
SFNC ,2018-09-10 19:43:55,61
SFNC ,2018-09-10 20:43:54,62
SFNC ,2018-09-10 21:43:52,62
SFNC ,2018-09-10 22:43:54,62
SFNC ,2018-09-10 23:43:54,62
SFNC ,2018-09-11 00:43:55,62
SFNC ,2018-09-11 01:43:55,62
SFNC ,2018-09-11 02:43:55,62
SFNC ,2018-09-11 03:43:55,62
SFNC ,2018-09-11 04:43:54,62
SFNC ,2018-09-11 05:43:55,62
SFNC ,2018-09-11 06:43:54,62
SFNC ,2018-09-11 07:43:54,62
SFNC ,2018-09-11 08:43:54,62
SFNC ,2018-09-11 09:43:53,62
SFNC ,2018-09-11 10:43:54,62
SFNC ,2018-09-11 11:43:53,62
SFNC ,2018-09-11 12:43:54,62
SFNC ,2018-09-11 13:43:59,62
SFNC ,2018-09-11 14:43:55,62
SFNC ,2018-09-11 15:43:54,62
SFNC ,2018-09-11 16:43:54,62
SFNC ,2018-09-11 17:43:55,62
SFNC ,2018-09-11 18:43:55,62
SFNC ,2018-09-11 19:43:55,62
SFNC ,2018-09-11 20:43:53,61
SFNC ,2018-09-11 21:43:53,61
SFNC ,2018-09-11 22:43:52,61
SFNC ,2018-09-11 23:43:54,61
SFNC ,2018-09-12 00:43:54,61
SFNC ,2018-09-12 01:43:56,61
SFNC ,2018-09-12 20:43:58,60
SFNC ,2018-09-12 21:43:55,60
SFNC ,2018-09-12 22:43:54,60
SFNC ,2018-09-12 23:43:54,60
SFNC ,2018-09-13 00:43:55,60
SFNC ,2018-09-13 01:43:55,60
SFNC ,2018-09-13 02:44:00,60
SFNC ,2018-09-13 03:43:55,60
SFNC ,2018-09-13 04:43:54,60
SFNC ,2018-09-13 05:43:55,60
SFNC ,2018-09-13 06:43:57,60
SFNC ,2018-09-13 07:43:55,60
SFNC ,2018-09-13 08:43:55,60
SFNC ,2018-09-13 09:43:54,60
SFNC ,2018-09-13 10:43:54,60
SFNC ,2018-09-13 11:43:54,60
SFNC ,2018-09-13 12:43:55,60
SFNC ,2018-09-13 14:43:57,60
SFNC ,2018-09-13 15:43:57,60
SFNC ,2018-09-13 16:43:56,60
SFNC ,2018-09-13 17:43:55,60
SFNC ,2018-09-13 18:43:56,60
SFNC ,2018-09-13 19:43:56,60
SFNC ,2018-09-13 20:43:55,59
SFNC ,2018-09-13 21:43:54,59
SFNC ,2018-09-13 22:43:55,59
SFNC ,2018-09-13 23:43:55,59
SFNC ,2018-09-14 00:43:56,59
SFNC ,2018-09-14 01:43:55,59
SFNC ,2018-09-14 02:43:56,59
SFNC ,2018-09-14 03:43:56,59
SFNC ,2018-09-14 04:43:56,59
SFNC ,2018-09-14 05:43:55,59
SFNC ,2018-09-14 06:43:54,59
SFNC ,2018-09-14 07:43:57,59
SFNC ,2018-09-14 08:43:58,59
SFNC ,2018-09-14 09:43:55,59
SFNC ,2018-09-14 10:43:55,59
SFNC ,2018-09-14 11:43:54,59
SFNC ,2018-09-14 12:43:57,59
SFNC ,2018-09-14 13:44:02,59
SFNC ,2018-09-14 14:43:59,58
SFNC ,2018-09-14 15:44:01,58
SFNC ,2018-09-14 16:43:57,58
SFNC ,2018-09-14 17:43:57,58
SFNC ,2018-09-14 18:43:56,58
SFNC ,2018-09-14 19:43:55,58
SFNC ,2018-09-14 20:43:54,58
SFNC ,2018-09-14 21:43:54,58
SFNC ,2018-09-14 22:43:54,58
SFNC ,2018-09-14 23:43:55,58
SFNC ,2018-09-15 00:43:56,58
SFNC ,2018-09-15 01:43:55,58
SFNC ,2018-09-15 02:43:56,58
SFNC ,2018-09-15 03:43:55,58
SFNC ,2018-09-15 04:43:54,58
SFNC ,2018-09-15 05:43:55,58
SFNC ,2018-09-15 06:43:53,58
SFNC ,2018-09-15 07:43:55,58
SFNC ,2018-09-15 08:43:53,58
SFNC ,2018-09-15 09:43:55,58
SFNC ,2018-09-15 10:43:54,58
SFNC ,2018-09-15 11:43:54,58
SFNC ,2018-09-15 12:43:56,58
SFNC ,2018-09-15 13:43:55,58
SFNC ,2018-09-15 14:43:54,58
SFNC ,2018-09-15 15:43:55,58
SFNC ,2018-09-15 16:43:54,58
SFNC ,2018-09-15 17:43:53,58
SFNC ,2018-09-15 18:43:54,58
SFNC ,2018-09-15 19:43:55,58
SFNC ,2018-09-15 20:43:55,58
SFNC ,2018-09-15 21:43:54,58
SFNC ,2018-09-15 22:43:54,58
SFNC ,2018-09-15 23:43:53,58
SFNC ,2018-09-16 00:43:54,58
SFNC ,2018-09-16 01:43:55,58
SFNC ,2018-09-16 02:43:56,58
SFNC ,2018-09-16 03:43:54,58
SFNC ,2018-09-16 04:43:55,58
SFNC ,2018-09-16 05:43:54,58
SFNC ,2018-09-16 06:43:55,58
SFNC ,2018-09-16 07:43:54,58
SFNC ,2018-09-16 08:43:54,58
SFNC ,2018-09-16 09:43:55,58
SFNC ,2018-09-16 10:43:54,58
SFNC ,2018-09-16 11:43:54,58
SFNC ,2018-09-16 12:43:54,58
SFNC ,2018-09-16 13:43:54,58
SFNC ,2018-09-16 14:43:55,58
SFNC ,2018-09-16 15:43:55,58
SFNC ,2018-09-16 16:43:55,58
SFNC ,2018-09-16 17:43:55,58
SFNC ,2018-09-16 18:43:55,58
SFNC ,2018-09-16 19:43:54,58
SFNC ,2018-09-16 20:43:55,58
SFNC ,2018-09-16 21:43:54,58
SFNC ,2018-09-16 22:43:54,58
SFNC ,2018-09-16 23:43:54,58
SFNC ,2018-09-17 00:43:55,58
SFNC ,2018-09-17 01:43:55,58
SFNC ,2018-09-17 02:43:55,58
SFNC ,2018-09-17 03:43:55,58
SFNC ,2018-09-17 04:43:55,58
SFNC ,2018-09-17 05:43:54,58
SFNC ,2018-09-17 06:43:54,58
SFNC ,2018-09-17 07:43:55,58
SFNC ,2018-09-17 08:43:55,58
SFNC ,2018-09-17 09:43:54,58
SFNC ,2018-09-17 10:43:55,58
SFNC ,2018-09-17 11:43:55,58
SFNC ,2018-09-17 12:43:55,58
SFNC ,2018-09-17 13:44:02,58
SFNC ,2018-09-17 14:43:57,58
SFNC ,2018-09-17 15:44:03,59
SFNC ,2018-09-17 16:43:58,59
SFNC ,2018-09-17 17:43:55,59
SFNC ,2018-09-17 18:43:56,59
SFNC ,2018-09-17 19:43:56,59
SFNC ,2018-09-17 20:43:56,59
SFNC ,2018-09-17 21:43:56,59
SFNC ,2018-09-17 22:43:55,59
SFNC ,2018-09-17 23:43:55,59
SFNC ,2018-09-18 00:43:55,59
SFNC ,2018-09-18 01:43:56,59
SFNC ,2018-09-18 02:43:56,59
SFNC ,2018-09-18 03:43:56,59
SFNC ,2018-09-18 04:43:57,59
SFNC ,2018-09-18 05:43:56,59
SFNC ,2018-09-18 06:43:56,59
SFNC ,2018-09-18 07:43:55,59
SFNC ,2018-09-18 08:43:56,59
SFNC ,2018-09-18 09:43:55,59
SFNC ,2018-09-18 10:43:54,59
SFNC ,2018-09-18 11:43:53,59
SFNC ,2018-09-18 12:43:56,59
SFNC ,2018-09-18 13:44:00,59
SFNC ,2018-09-18 14:43:57,59
SFNC ,2018-09-18 15:43:56,59
SFNC ,2018-09-18 16:43:58,59
SFNC ,2018-09-18 17:43:58,58
SFNC ,2018-09-18 18:44:01,57
SFNC ,2018-09-18 19:44:00,57
SFNC ,2018-09-18 20:43:56,57
SFNC ,2018-09-18 21:43:55,57
SFNC ,2018-09-18 22:43:55,57
SFNC ,2018-09-18 23:43:56,57
SFNC ,2018-09-19 00:43:58,57
SFNC ,2018-09-19 01:43:56,57
SFNC ,2018-09-19 02:43:57,57
SFNC ,2018-09-19 03:43:56,57
SFNC ,2018-09-19 04:43:56,57
SFNC ,2018-09-19 05:43:56,57
SFNC ,2018-09-19 06:43:57,57
SFNC ,2018-09-19 07:43:56,57
SFNC ,2018-09-19 08:43:55,57
SFNC ,2018-09-19 09:43:56,57
SFNC ,2018-09-19 10:43:55,57
SFNC ,2018-09-19 11:43:55,57
SFNC ,2018-09-19 12:43:55,57
SFNC ,2018-09-19 13:44:49,57
SFNC ,2018-09-19 14:44:02,56
SFNC ,2018-09-19 15:44:01,56
SFNC ,2018-09-19 16:43:57,56
SFNC ,2018-09-19 17:43:57,56
SFNC ,2018-09-19 18:43:57,56
SFNC ,2018-09-19 19:44:06,56
SFNC ,2018-09-19 20:43:56,56
SFNC ,2018-09-19 21:43:56,56
SFNC ,2018-09-19 22:43:55,56
SFNC ,2018-09-19 23:43:56,56
SFNC ,2018-09-20 00:43:56,56
SFNC ,2018-09-20 01:44:00,56
SFNC ,2018-09-20 02:43:58,56
SFNC ,2018-09-20 03:44:00,56
SFNC ,2018-09-20 04:43:56,56
SFNC ,2018-09-20 05:43:56,56
SFNC ,2018-09-20 06:43:56,56
SFNC ,2018-09-20 07:43:54,56
SFNC ,2018-09-20 08:43:59,56
SFNC ,2018-09-20 09:44:41,56
SFNC ,2018-09-20 10:43:56,56
SFNC ,2018-09-20 11:43:56,56
SFNC ,2018-09-20 13:10:02,56
SFNC ,2018-09-20 14:44:02,56
SFNC ,2018-09-20 15:43:58,56
SFNC ,2018-09-20 16:43:57,56
SFNC ,2018-09-20 17:43:57,56
SFNC ,2018-09-20 18:43:57,56
SFNC ,2018-09-20 19:43:58,56
SFNC ,2018-09-20 20:43:57,56
SFNC ,2018-09-20 21:43:55,56
SFNC ,2018-09-20 22:43:55,56
SFNC ,2018-09-20 23:43:56,56
SFNC ,2018-09-21 00:43:57,56
SFNC ,2018-09-21 01:43:56,56
SFNC ,2018-09-21 02:43:57,56
SFNC ,2018-09-21 03:43:56,56
SFNC ,2018-09-21 04:43:59,56
SFNC ,2018-09-21 05:44:27,56
SFNC ,2018-09-21 06:43:56,56
SFNC ,2018-09-21 07:43:57,56
SFNC ,2018-09-21 08:43:56,56
SFNC ,2018-09-21 09:43:56,56
SFNC ,2018-09-21 10:43:55,56
SFNC ,2018-09-21 11:43:56,56
SFNC ,2018-09-21 13:11:30,56
SFNC ,2018-09-21 13:44:03,56
SFNC ,2018-09-21 14:43:57,56
SFNC ,2018-09-21 15:43:58,56
SFNC ,2018-09-21 16:43:58,57
SFNC ,2018-09-21 17:43:58,57
SFNC ,2018-09-21 18:44:27,57
SFNC ,2018-09-21 19:43:59,57
SFNC ,2018-09-21 20:43:56,57
SFNC ,2018-09-21 21:43:55,57
SFNC ,2018-09-21 22:43:54,57
SFNC ,2018-09-21 23:43:56,57
SFNC ,2018-09-22 00:43:55,57
SFNC ,2018-09-22 01:43:55,57
SFNC ,2018-09-22 02:43:55,57
SFNC ,2018-09-22 03:43:56,57
SFNC ,2018-09-22 04:43:56,57
SFNC ,2018-09-22 05:43:56,57
SFNC ,2018-09-22 06:43:55,57
SFNC ,2018-09-22 07:43:56,57
SFNC ,2018-09-22 08:43:54,57
SFNC ,2018-09-22 09:43:55,57
SFNC ,2018-09-22 10:43:56,57
SFNC ,2018-09-22 11:43:56,57
SFNC ,2018-09-22 12:43:55,57
SFNC ,2018-09-22 13:43:57,57
SFNC ,2018-09-22 14:43:57,57
SFNC ,2018-09-22 15:43:57,57
SFNC ,2018-09-22 16:43:56,57
SFNC ,2018-09-22 17:43:56,57
SFNC ,2018-09-22 18:43:56,57
SFNC ,2018-09-22 19:43:56,57
SFNC ,2018-09-22 20:43:56,57
SFNC ,2018-09-22 21:43:55,57
SFNC ,2018-09-22 22:43:55,57
SFNC ,2018-09-22 23:43:56,57
SFNC ,2018-09-23 00:43:56,57
SFNC ,2018-09-23 01:43:56,57
SFNC ,2018-09-23 02:43:55,57
SFNC ,2018-09-23 03:43:57,57
SFNC ,2018-09-23 04:43:58,57
SFNC ,2018-09-23 05:43:55,57
SFNC ,2018-09-23 06:43:55,57
SFNC ,2018-09-23 07:43:57,57
SFNC ,2018-09-23 08:43:55,57
SFNC ,2018-09-23 09:43:55,57
SFNC ,2018-09-23 10:43:55,57
SFNC ,2018-09-23 11:43:57,57
SFNC ,2018-09-23 12:43:55,57
SFNC ,2018-09-23 13:43:56,57
SFNC ,2018-09-23 14:43:56,57
SFNC ,2018-09-23 15:43:56,57
SFNC ,2018-09-23 16:43:57,57
SFNC ,2018-09-23 17:43:55,57
SFNC ,2018-09-23 18:43:56,57
SFNC ,2018-09-23 19:43:56,57
SFNC ,2018-09-23 20:43:55,57
SFNC ,2018-09-23 21:43:57,57
SFNC ,2018-09-23 22:43:56,57
SFNC ,2018-09-23 23:43:56,57
SFNC ,2018-09-24 00:43:56,57
SFNC ,2018-09-24 01:43:57,57
SFNC ,2018-09-24 02:43:56,57
SFNC ,2018-09-24 03:43:56,57
SFNC ,2018-09-24 04:43:58,57
SFNC ,2018-09-24 05:43:56,57
SFNC ,2018-09-24 06:43:55,57
SFNC ,2018-09-24 07:43:56,57
SFNC ,2018-09-24 08:43:55,57
SFNC ,2018-09-24 09:43:55,57
SFNC ,2018-09-24 10:43:55,57
SFNC ,2018-09-24 11:43:56,57
SFNC ,2018-09-24 12:43:55,57
SFNC ,2018-09-24 13:44:04,57
SFNC ,2018-09-24 14:43:58,56
SFNC ,2018-09-24 15:43:56,56
SFNC ,2018-09-24 16:43:56,56
SFNC ,2018-09-24 17:43:56,55
SFNC ,2018-09-24 18:43:57,55
SFNC ,2018-09-24 19:43:58,56
SFNC ,2018-09-24 20:43:57,56
SFNC ,2018-09-24 21:43:56,56
SFNC ,2018-09-24 22:43:56,56
SFNC ,2018-09-24 23:43:56,56
SFNC ,2018-09-25 00:43:57,56
SFNC ,2018-09-25 01:43:55,56
SFNC ,2018-09-25 02:43:55,56
SFNC ,2018-09-25 03:43:55,56
SFNC ,2018-09-25 04:43:57,56
SFNC ,2018-09-25 05:43:56,56
SFNC ,2018-09-25 06:43:56,56
SFNC ,2018-09-25 07:43:56,56
SFNC ,2018-09-25 08:43:56,56
SFNC ,2018-09-25 09:43:55,56
SFNC ,2018-09-25 10:43:55,56
SFNC ,2018-09-25 11:43:56,56
SFNC ,2018-09-25 12:43:56,56
SFNC ,2018-09-25 13:44:01,56
SFNC ,2018-09-25 14:43:59,56
SFNC ,2018-09-25 15:43:57,56
SFNC ,2018-09-25 16:43:58,56
SFNC ,2018-09-25 17:43:57,56
SFNC ,2018-09-25 18:43:58,56
SFNC ,2018-09-25 19:43:58,56
SFNC ,2018-09-25 20:43:56,56
SFNC ,2018-09-25 21:43:56,56
SFNC ,2018-09-25 22:43:57,56
SFNC ,2018-09-25 23:43:57,56
SFNC ,2018-09-26 00:43:59,56
SFNC ,2018-09-26 01:44:01,56
SFNC ,2018-09-26 02:44:00,56
SFNC ,2018-09-26 03:43:59,56
SFNC ,2018-09-26 04:43:57,56
SFNC ,2018-09-26 05:43:57,56
SFNC ,2018-09-26 06:43:57,56
SFNC ,2018-09-26 07:43:56,56
SFNC ,2018-09-26 08:43:58,56
SFNC ,2018-09-26 09:43:57,56
SFNC ,2018-09-26 10:43:55,56
SFNC ,2018-09-26 11:43:55,56
SFNC ,2018-09-26 13:10:32,56
SFNC ,2018-09-26 13:44:05,56
SFNC ,2018-09-26 14:43:59,56
SFNC ,2018-09-26 15:44:00,56
SFNC ,2018-09-26 16:44:00,56
SFNC ,2018-09-26 17:43:59,57
SFNC ,2018-09-26 18:44:00,57
SFNC ,2018-09-26 19:43:59,57
SFNC ,2018-09-26 20:43:58,57
SFNC ,2018-09-26 21:43:58,57
SFNC ,2018-09-26 22:43:57,57
SFNC ,2018-09-26 23:43:58,57
SFNC ,2018-09-27 00:43:59,57
SFNC ,2018-09-27 01:43:57,57
SFNC ,2018-09-27 02:43:59,57
SFNC ,2018-09-27 03:43:58,57
SFNC ,2018-09-27 04:43:57,57
SFNC ,2018-09-27 05:43:58,57
SFNC ,2018-09-27 06:43:58,57
SFNC ,2018-09-27 07:43:57,57
SFNC ,2018-09-27 08:43:57,57
SFNC ,2018-09-27 09:43:57,57
SFNC ,2018-09-27 10:43:57,57
SFNC ,2018-09-27 11:43:57,57
SFNC ,2018-09-27 12:43:57,57
SFNC ,2018-09-27 13:44:02,57
SFNC ,2018-09-27 14:43:59,57
SFNC ,2018-09-27 15:43:59,57
SFNC ,2018-09-27 17:09:40,57
SFNC ,2018-09-27 17:44:00,57
SFNC ,2018-09-27 18:44:03,57
SFNC ,2018-09-27 19:44:00,57
SFNC ,2018-09-27 20:43:59,57
SFNC ,2018-09-27 21:43:59,57
SFNC ,2018-09-27 22:43:58,57
SFNC ,2018-09-27 23:44:00,57
SFNC ,2018-09-28 00:44:00,57
SFNC ,2018-09-28 01:43:59,57
SFNC ,2018-09-28 02:43:57,57
SFNC ,2018-09-28 03:43:59,57
SFNC ,2018-09-28 04:43:58,57
SFNC ,2018-09-28 05:43:58,57
SFNC ,2018-09-28 06:43:58,57
SFNC ,2018-09-28 07:43:59,57
SFNC ,2018-09-28 08:43:58,57
SFNC ,2018-09-28 09:43:59,57
SFNC ,2018-09-28 10:43:59,57
SFNC ,2018-09-28 11:43:59,57
SFNC ,2018-09-28 12:43:59,57
SFNC ,2018-09-28 13:44:04,57
SFNC ,2018-09-28 14:44:01,57
SFNC ,2018-09-28 15:44:05,57
SFNC ,2018-09-28 16:44:01,57
SFNC ,2018-09-28 17:44:02,57
SFNC ,2018-09-28 18:44:02,57
SFNC ,2018-09-28 19:44:03,57
SFNC ,2018-09-28 20:43:58,58
SFNC ,2018-09-28 21:43:58,58
SFNC ,2018-09-28 22:43:58,58
SFNC ,2018-09-28 23:43:56,58
SFNC ,2018-09-29 00:43:56,58
SFNC ,2018-09-29 01:44:00,58
SFNC ,2018-09-29 02:44:04,58
SFNC ,2018-09-29 03:43:58,58
SFNC ,2018-09-29 04:43:57,58
SFNC ,2018-09-29 05:43:56,58
SFNC ,2018-09-29 06:43:56,58
SFNC ,2018-09-29 07:43:57,58
SFNC ,2018-09-29 08:43:57,58
SFNC ,2018-09-29 09:43:57,58
SFNC ,2018-09-29 10:43:57,58
SFNC ,2018-09-29 11:43:58,58
SFNC ,2018-09-29 12:43:57,58
SFNC ,2018-09-29 13:43:58,58
SFNC ,2018-09-29 14:43:58,58
SFNC ,2018-09-29 15:43:59,58
SFNC ,2018-09-29 16:43:57,58
SFNC ,2018-09-29 17:43:57,58
SFNC ,2018-09-29 18:43:58,58
SFNC ,2018-09-29 19:43:57,58
SFNC ,2018-09-29 20:43:57,58
SFNC ,2018-09-29 21:43:57,58
SFNC ,2018-09-29 22:43:57,58
SFNC ,2018-09-29 23:43:57,58
SFNC ,2018-09-30 00:43:58,58
SFNC ,2018-09-30 01:43:57,58
SFNC ,2018-09-30 02:43:55,58
SFNC ,2018-09-30 03:43:57,58
SFNC ,2018-09-30 04:43:57,58
SFNC ,2018-09-30 05:43:55,58
SFNC ,2018-09-30 06:43:56,58
SFNC ,2018-09-30 07:43:55,58
SFNC ,2018-09-30 08:43:56,58
SFNC ,2018-09-30 09:43:55,58
SFNC ,2018-09-30 10:43:56,58
SFNC ,2018-09-30 11:43:56,58
SFNC ,2018-09-30 12:43:56,58
SFNC ,2018-09-30 13:43:56,58
SFNC ,2018-09-30 14:43:55,58
SFNC ,2018-09-30 15:43:56,58
SFNC ,2018-09-30 16:43:56,58
SFNC ,2018-09-30 17:43:55,58
SFNC ,2018-09-30 18:43:56,58
SFNC ,2018-09-30 19:43:57,58
SFNC ,2018-09-30 20:43:56,58
SFNC ,2018-09-30 21:43:55,58
SFNC ,2018-09-30 22:43:57,58
SFNC ,2018-09-30 23:43:58,58
SFNC ,2018-10-01 00:43:59,58
SFNC ,2018-10-01 01:43:57,58
SFNC ,2018-10-01 02:43:59,58
SFNC ,2018-10-01 03:43:58,58
SFNC ,2018-10-01 04:43:57,58
SFNC ,2018-10-01 05:43:58,58
SFNC ,2018-10-01 06:43:57,58
SFNC ,2018-10-01 07:43:57,58
SFNC ,2018-10-01 08:43:58,58
SFNC ,2018-10-01 09:43:56,58
SFNC ,2018-10-01 10:43:55,58
SFNC ,2018-10-01 11:43:56,58
SFNC ,2018-10-01 12:43:57,58
SFNC ,2018-10-01 14:09:14,58
SFNC ,2018-10-01 14:44:01,58
SFNC ,2018-10-01 15:43:58,58
SFNC ,2018-10-01 16:43:59,57
SFNC ,2018-10-01 17:44:03,57
SFNC ,2018-10-01 18:43:58,57
SFNC ,2018-10-01 19:44:00,57
SFNC ,2018-10-01 20:43:57,57
SFNC ,2018-10-01 21:43:58,57
SFNC ,2018-10-01 22:43:57,57
SFNC ,2018-10-01 23:43:59,57
SFNC ,2018-10-02 00:44:02,57
SFNC ,2018-10-02 01:43:58,57
SFNC ,2018-10-02 02:43:58,57
SFNC ,2018-10-02 03:43:58,57
SFNC ,2018-10-02 04:43:59,57
SFNC ,2018-10-02 05:43:57,57
SFNC ,2018-10-02 06:43:58,57
SFNC ,2018-10-02 07:43:58,57
SFNC ,2018-10-02 08:43:57,57
SFNC ,2018-10-02 09:43:57,57
SFNC ,2018-10-02 10:43:57,57
SFNC ,2018-10-02 11:43:58,57
SFNC ,2018-10-02 12:43:57,57
SFNC ,2018-10-02 13:44:02,57
SFNC ,2018-10-02 14:44:01,57
SFNC ,2018-10-02 15:44:00,57
SFNC ,2018-10-02 16:43:59,57
SFNC ,2018-10-02 17:43:58,57
SFNC ,2018-10-02 18:43:59,57
SFNC ,2018-10-02 19:43:58,57
SFNC ,2018-10-02 20:43:59,57
SFNC ,2018-10-02 21:43:58,57
SFNC ,2018-10-02 22:43:57,57
SFNC ,2018-10-02 23:43:58,57
SFNC ,2018-10-03 00:43:57,57
SFNC ,2018-10-03 01:43:57,57
SFNC ,2018-10-03 02:44:29,57
SFNC ,2018-10-03 03:43:59,57
SFNC ,2018-10-03 04:44:01,57
SFNC ,2018-10-03 05:44:00,57
SFNC ,2018-10-03 06:43:58,57
SFNC ,2018-10-03 07:43:59,57
SFNC ,2018-10-03 08:43:59,57
SFNC ,2018-10-03 09:43:59,57
SFNC ,2018-10-03 10:43:59,57
SFNC ,2018-10-03 11:44:00,57
SFNC ,2018-10-03 12:43:59,57
SFNC ,2018-10-03 13:45:12,57
SFNC ,2018-10-03 15:09:06,57
SFNC ,2018-10-03 15:44:00,57
SFNC ,2018-10-03 16:44:01,57
SFNC ,2018-10-03 17:44:00,58
SFNC ,2018-10-03 18:43:59,58
SFNC ,2018-10-03 19:43:58,58
SFNC ,2018-10-03 20:43:57,58
SFNC ,2018-10-03 21:43:58,58
SFNC ,2018-10-03 22:43:59,58
SFNC ,2018-10-03 23:43:57,58
SFNC ,2018-10-04 00:43:58,58
SFNC ,2018-10-04 01:43:59,58
SFNC ,2018-10-04 02:43:57,58
SFNC ,2018-10-04 03:43:56,58
SFNC ,2018-10-04 04:43:57,58
SFNC ,2018-10-04 05:43:58,58
SFNC ,2018-10-04 06:43:56,58
SFNC ,2018-10-04 07:43:57,58
SFNC ,2018-10-04 08:43:56,58
SFNC ,2018-10-04 09:43:57,58
SFNC ,2018-10-04 10:43:57,58
SFNC ,2018-10-04 11:43:56,58
SFNC ,2018-10-04 12:43:57,58
SFNC ,2018-10-04 14:10:09,58
SFNC ,2018-10-04 14:43:59,58
SFNC ,2018-10-04 15:43:59,57
SFNC ,2018-10-04 16:44:02,58
SFNC ,2018-10-04 17:44:02,58
SFNC ,2018-10-04 18:44:00,58
SFNC ,2018-10-04 19:44:01,58
SFNC ,2018-10-04 20:43:59,58
SFNC ,2018-10-04 21:43:59,58
SFNC ,2018-10-04 22:43:59,58
SFNC ,2018-10-04 23:43:58,58
SFNC ,2018-10-05 00:43:59,58
SFNC ,2018-10-05 01:43:59,58
SFNC ,2018-10-05 02:43:59,58
SFNC ,2018-10-05 03:43:59,58
SFNC ,2018-10-05 04:44:00,58
SFNC ,2018-10-05 05:44:00,58
SFNC ,2018-10-05 06:43:59,58
SFNC ,2018-10-05 07:43:59,58
SFNC ,2018-10-05 08:43:56,58
SFNC ,2018-10-05 09:43:58,58
SFNC ,2018-10-05 10:43:58,58
SFNC ,2018-10-05 11:43:57,58
SFNC ,2018-10-05 12:43:58,58
SFNC ,2018-10-05 13:44:05,58
SFNC ,2018-10-05 14:44:00,58
SFNC ,2018-10-05 15:44:02,58
SFNC ,2018-10-05 16:44:03,58
SFNC ,2018-10-05 17:44:03,57
SFNC ,2018-10-05 18:44:03,57
SFNC ,2018-10-05 19:44:00,57
SFNC ,2018-10-05 20:43:58,57
SFNC ,2018-10-05 21:43:58,57
SFNC ,2018-10-05 22:43:58,57
SFNC ,2018-10-05 23:43:57,57
SFNC ,2018-10-06 00:43:59,57
SFNC ,2018-10-06 01:43:59,57
SFNC ,2018-10-06 02:44:00,57
SFNC ,2018-10-06 03:43:59,57
SFNC ,2018-10-06 04:43:59,57
SFNC ,2018-10-06 05:43:59,57
SFNC ,2018-10-06 06:44:00,57
SFNC ,2018-10-06 07:43:59,57
SFNC ,2018-10-06 08:43:58,57
SFNC ,2018-10-06 09:43:59,57
SFNC ,2018-10-06 10:43:59,57
SFNC ,2018-10-06 11:43:58,57
SFNC ,2018-10-06 12:43:58,57
SFNC ,2018-10-06 13:43:58,57
SFNC ,2018-10-06 14:43:59,57
SFNC ,2018-10-06 15:43:59,57
SFNC ,2018-10-06 16:43:59,57
SFNC ,2018-10-06 17:43:58,57
SFNC ,2018-10-06 18:43:59,57
SFNC ,2018-10-06 19:44:00,57
SFNC ,2018-10-06 20:43:58,57
SFNC ,2018-10-06 21:43:59,57
SFNC ,2018-10-06 22:43:59,57
SFNC ,2018-10-06 23:43:59,57
SFNC ,2018-10-07 00:43:58,57
SFNC ,2018-10-07 01:43:59,57
SFNC ,2018-10-07 02:43:59,57
SFNC ,2018-10-07 03:43:59,57
SFNC ,2018-10-07 04:43:59,57
SFNC ,2018-10-07 05:44:00,57
SFNC ,2018-10-07 06:43:59,57
SFNC ,2018-10-07 07:44:00,57
SFNC ,2018-10-07 08:43:58,57
SFNC ,2018-10-07 09:43:58,57
SFNC ,2018-10-07 10:43:58,57
SFNC ,2018-10-07 11:43:58,57
SFNC ,2018-10-07 12:43:59,57
SFNC ,2018-10-07 13:43:59,57
SFNC ,2018-10-07 14:44:00,57
SFNC ,2018-10-07 15:43:59,57
SFNC ,2018-10-07 16:43:59,57
SFNC ,2018-10-07 17:43:59,57
SFNC ,2018-10-07 18:43:59,57
SFNC ,2018-10-07 19:43:59,57
SFNC ,2018-10-07 20:43:59,57
SFNC ,2018-10-07 21:43:59,57
SFNC ,2018-10-07 22:43:59,57
SFNC ,2018-10-07 23:43:59,57
SFNC ,2018-10-08 00:43:58,57
SFNC ,2018-10-08 01:43:58,57
SFNC ,2018-10-08 02:44:00,57
SFNC ,2018-10-08 03:43:58,57
SFNC ,2018-10-08 04:43:58,57
SFNC ,2018-10-08 05:43:58,57
SFNC ,2018-10-08 06:43:59,57
SFNC ,2018-10-08 07:43:58,57
SFNC ,2018-10-08 08:43:57,57
SFNC ,2018-10-08 09:43:58,57
SFNC ,2018-10-08 10:43:58,57
SFNC ,2018-10-08 11:43:57,57
SFNC ,2018-10-08 12:43:58,57
SFNC ,2018-10-08 13:44:08,57
SFNC ,2018-10-08 14:44:02,57
SFNC ,2018-10-08 15:44:32,57
SFNC ,2018-10-08 16:44:02,57
SFNC ,2018-10-08 17:44:01,57
SFNC ,2018-10-08 18:44:01,57
SFNC ,2018-10-08 19:44:00,57
SFNC ,2018-10-08 20:43:58,57
SFNC ,2018-10-08 21:43:58,57
SFNC ,2018-10-08 22:43:57,57
SFNC ,2018-10-08 23:44:00,57
SFNC ,2018-10-09 00:43:58,57
SFNC ,2018-10-09 01:44:28,57
SFNC ,2018-10-09 02:43:57,57
SFNC ,2018-10-09 03:44:03,57
SFNC ,2018-10-09 04:43:57,57
SFNC ,2018-10-09 05:43:57,57
SFNC ,2018-10-09 06:43:57,57
SFNC ,2018-10-09 07:43:57,57
SFNC ,2018-10-09 08:43:56,57
SFNC ,2018-10-09 09:43:56,57
SFNC ,2018-10-09 10:43:57,57
SFNC ,2018-10-09 11:43:57,57
SFNC ,2018-10-09 12:43:57,57
SFNC ,2018-10-09 13:44:05,57
SFNC ,2018-10-09 14:44:02,57
SFNC ,2018-10-09 15:44:00,57
SFNC ,2018-10-09 16:43:58,57
SFNC ,2018-10-09 17:43:58,57
SFNC ,2018-10-09 18:43:58,57
SFNC ,2018-10-09 19:43:57,57
SFNC ,2018-10-09 21:43:56,57
SFNC ,2018-10-09 22:43:58,57
SFNC ,2018-10-09 23:43:57,57
SFNC ,2018-10-10 00:43:57,57
SFNC ,2018-10-10 01:43:57,57
SFNC ,2018-10-10 02:43:58,57
SFNC ,2018-10-10 03:44:04,57
SFNC ,2018-10-10 04:43:58,57
SFNC ,2018-10-10 05:43:58,57
SFNC ,2018-10-10 06:43:57,57
SFNC ,2018-10-10 07:43:58,57
SFNC ,2018-10-10 08:43:58,57
SFNC ,2018-10-10 09:43:57,57
SFNC ,2018-10-10 10:43:58,57
SFNC ,2018-10-10 11:43:57,57
SFNC ,2018-10-10 12:43:57,57
SFNC ,2018-10-10 13:44:03,57
SFNC ,2018-10-10 14:44:01,57
SFNC ,2018-10-10 15:44:01,57
SFNC ,2018-10-10 16:43:59,57
SFNC ,2018-10-10 17:43:58,57
SFNC ,2018-10-10 18:44:03,57
SFNC ,2018-10-10 19:44:05,57
SFNC ,2018-10-10 20:44:00,57
SFNC ,2018-10-10 21:43:57,57
SFNC ,2018-10-10 22:43:58,57
SFNC ,2018-10-10 23:43:59,57
SFNC ,2018-10-11 00:44:00,57
SFNC ,2018-10-11 01:43:58,57
SFNC ,2018-10-11 02:43:57,57
SFNC ,2018-10-11 03:43:57,57
SFNC ,2018-10-11 04:43:56,57
SFNC ,2018-10-11 05:43:56,57
SFNC ,2018-10-11 06:43:57,57
SFNC ,2018-10-11 07:43:56,57
SFNC ,2018-10-11 08:43:58,57
SFNC ,2018-10-11 09:43:57,57
SFNC ,2018-10-11 10:43:57,57
SFNC ,2018-10-11 11:43:56,57
SFNC ,2018-10-11 12:43:57,57
SFNC ,2018-10-11 13:44:02,57
SFNC ,2018-10-11 14:43:57,57
SFNC ,2018-10-11 15:43:59,57
SFNC ,2018-10-11 16:44:01,56
SFNC ,2018-10-11 17:43:59,56
SFNC ,2018-10-11 18:44:03,56
SFNC ,2018-10-11 19:43:59,55
SFNC ,2018-10-11 20:43:59,56
SFNC ,2018-10-11 21:43:58,56
SFNC ,2018-10-11 22:43:57,56
SFNC ,2018-10-11 23:43:59,56
SFNC ,2018-10-12 00:43:57,56
SFNC ,2018-10-12 01:43:57,56
SFNC ,2018-10-12 02:43:59,56
SFNC ,2018-10-12 03:43:57,56
SFNC ,2018-10-12 04:43:58,56
SFNC ,2018-10-12 05:43:56,56
SFNC ,2018-10-12 06:43:56,56
SFNC ,2018-10-12 07:43:56,56
SFNC ,2018-10-12 08:43:57,56
SFNC ,2018-10-12 09:43:58,56
SFNC ,2018-10-12 10:43:57,56
SFNC ,2018-10-12 11:43:58,56
SFNC ,2018-10-12 12:43:58,56
SFNC ,2018-10-12 13:44:05,56
SFNC ,2018-10-12 14:43:58,56
SFNC ,2018-10-12 15:44:00,56
SFNC ,2018-10-12 16:44:01,56
SFNC ,2018-10-12 17:43:58,56
SFNC ,2018-10-12 18:43:57,57
SFNC ,2018-10-12 19:43:59,57
SFNC ,2018-10-12 20:43:57,57
SFNC ,2018-10-12 21:43:57,57
SFNC ,2018-10-12 22:43:57,57
SFNC ,2018-10-12 23:43:57,57
SFNC ,2018-10-13 00:43:57,57
SFNC ,2018-10-13 01:43:58,57
SFNC ,2018-10-13 02:43:58,57
SFNC ,2018-10-13 03:43:58,57
SFNC ,2018-10-13 04:43:58,57
SFNC ,2018-10-13 05:43:57,57
SFNC ,2018-10-13 06:43:57,57
SFNC ,2018-10-13 07:43:58,57
SFNC ,2018-10-13 08:43:58,57
SFNC ,2018-10-13 09:43:58,57
SFNC ,2018-10-13 10:43:57,57
SFNC ,2018-10-13 11:43:56,57
SFNC ,2018-10-13 12:43:57,57
SFNC ,2018-10-13 13:43:57,57
SFNC ,2018-10-13 14:43:58,57
SFNC ,2018-10-13 15:43:57,57
SFNC ,2018-10-13 16:43:57,57
SFNC ,2018-10-13 17:43:57,57
SFNC ,2018-10-13 18:43:57,57
SFNC ,2018-10-13 19:43:58,57
SFNC ,2018-10-13 20:43:58,57
SFNC ,2018-10-13 21:43:58,57
SFNC ,2018-10-13 22:43:59,57
SFNC ,2018-10-13 23:43:58,57
SFNC ,2018-10-14 00:43:59,57
SFNC ,2018-10-14 01:43:58,57
SFNC ,2018-10-14 02:43:57,57
SFNC ,2018-10-14 03:43:57,57
SFNC ,2018-10-14 04:43:58,57
SFNC ,2018-10-14 05:43:56,57
SFNC ,2018-10-14 06:43:57,57
SFNC ,2018-10-14 07:43:57,57
SFNC ,2018-10-14 08:43:56,57
SFNC ,2018-10-14 09:43:57,57
SFNC ,2018-10-14 10:43:57,57
SFNC ,2018-10-14 11:43:57,57
SFNC ,2018-10-14 12:43:58,57
SFNC ,2018-10-14 13:43:56,57
SFNC ,2018-10-14 14:43:57,57
SFNC ,2018-10-14 15:43:58,57
SFNC ,2018-10-14 16:43:56,57
SFNC ,2018-10-14 17:43:56,57
SFNC ,2018-10-14 18:43:57,57
SFNC ,2018-10-14 19:43:57,57
SFNC ,2018-10-14 20:43:56,57
SFNC ,2018-10-14 21:43:58,57
SFNC ,2018-10-14 22:43:57,57
SFNC ,2018-10-14 23:43:57,57
SFNC ,2018-10-15 00:43:59,57
SFNC ,2018-10-15 01:43:57,57
SFNC ,2018-10-15 02:43:56,57
SFNC ,2018-10-15 03:43:58,57
SFNC ,2018-10-15 04:43:56,57
SFNC ,2018-10-15 05:43:58,57
SFNC ,2018-10-15 06:43:58,57
SFNC ,2018-10-15 07:43:58,57
SFNC ,2018-10-15 08:44:10,57
SFNC ,2018-10-15 09:43:57,57
SFNC ,2018-10-15 10:43:57,57
SFNC ,2018-10-15 11:43:56,57
SFNC ,2018-10-15 12:43:56,57
SFNC ,2018-10-15 13:44:03,57
SFNC ,2018-10-15 14:43:59,56
SFNC ,2018-10-15 15:44:00,56
SFNC ,2018-10-15 16:44:01,55
SFNC ,2018-10-15 17:44:00,55
SFNC ,2018-10-15 18:43:58,55
SFNC ,2018-10-15 19:43:59,55
SFNC ,2018-10-15 20:44:01,55
SFNC ,2018-10-15 21:44:00,55
SFNC ,2018-10-15 22:43:58,55
SFNC ,2018-10-15 23:43:59,55
SFNC ,2018-10-16 00:44:00,55
SFNC ,2018-10-16 01:44:01,55
SFNC ,2018-10-16 02:43:59,55
SFNC ,2018-10-16 03:43:58,55
SFNC ,2018-10-16 04:43:59,55
SFNC ,2018-10-16 09:43:57,55
SFNC ,2018-10-16 10:43:58,55
SFNC ,2018-10-16 11:43:56,55
SFNC ,2018-10-16 12:43:57,55
SFNC ,2018-10-16 13:44:04,55
SFNC ,2018-10-16 14:44:01,56
SFNC ,2018-10-16 15:44:02,56
SFNC ,2018-10-16 16:43:58,56
SFNC ,2018-10-16 17:44:01,56
SFNC ,2018-10-16 18:44:03,57
SFNC ,2018-10-16 19:44:01,57
SFNC ,2018-10-16 20:43:59,57
SFNC ,2018-10-16 21:43:58,57
SFNC ,2018-10-16 22:43:59,57
SFNC ,2018-10-16 23:43:59,57
SFNC ,2018-10-17 00:43:59,57
SFNC ,2018-10-17 01:43:59,57
SFNC ,2018-10-17 02:43:59,57
SFNC ,2018-10-17 03:43:58,57
SFNC ,2018-10-17 04:43:58,57
SFNC ,2018-10-17 05:43:59,57
SFNC ,2018-10-17 06:43:58,57
SFNC ,2018-10-17 07:43:58,57
SFNC ,2018-10-17 08:43:58,57
SFNC ,2018-10-17 09:43:58,57
SFNC ,2018-10-17 10:43:57,57
SFNC ,2018-10-17 11:43:57,57
SFNC ,2018-10-17 12:43:58,57
SFNC ,2018-10-17 14:10:03,57
SFNC ,2018-10-17 14:43:59,57
SFNC ,2018-10-17 15:44:01,57
SFNC ,2018-10-17 16:44:00,57
SFNC ,2018-10-17 17:44:01,57
SFNC ,2018-10-17 18:44:00,57
SFNC ,2018-10-17 19:44:00,57
SFNC ,2018-10-17 20:44:00,57
SFNC ,2018-10-17 21:43:59,57
SFNC ,2018-10-17 22:43:58,57
SFNC ,2018-10-17 23:43:58,57
SFNC ,2018-10-18 00:43:59,57
SFNC ,2018-10-18 01:43:59,57
SFNC ,2018-10-18 02:43:59,57
SFNC ,2018-10-18 03:44:00,57
SFNC ,2018-10-18 04:43:56,57
SFNC ,2018-10-18 05:43:57,57
SFNC ,2018-10-18 06:43:56,57
SFNC ,2018-10-18 07:43:57,57
SFNC ,2018-10-18 08:43:56,57
SFNC ,2018-10-18 09:43:56,57
SFNC ,2018-10-18 10:43:57,57
SFNC ,2018-10-18 11:43:56,57
SFNC ,2018-10-18 13:09:00,57
SFNC ,2018-10-18 13:44:01,57
SFNC ,2018-10-18 14:44:01,57
SFNC ,2018-10-18 15:44:02,57
SFNC ,2018-10-18 16:44:00,57
SFNC ,2018-10-18 17:43:59,57
SFNC ,2018-10-18 18:43:58,57
SFNC ,2018-10-18 19:43:59,57
SFNC ,2018-10-18 20:43:59,57
SFNC ,2018-10-18 21:43:59,57
SFNC ,2018-10-18 22:43:58,57
SFNC ,2018-10-18 23:43:57,57
SFNC ,2018-10-19 00:43:59,57
SFNC ,2018-10-19 01:44:00,57
SFNC ,2018-10-19 02:43:59,57
SFNC ,2018-10-19 03:43:59,57
SFNC ,2018-10-19 04:43:58,57
SFNC ,2018-10-19 05:43:57,57
SFNC ,2018-10-19 06:43:58,57
SFNC ,2018-10-19 07:43:59,57
SFNC ,2018-10-19 08:43:57,57
SFNC ,2018-10-19 09:43:57,57
SFNC ,2018-10-19 10:43:57,57
SFNC ,2018-10-19 11:43:58,57
SFNC ,2018-10-19 13:08:33,57
SFNC ,2018-10-19 13:44:05,57
SFNC ,2018-10-19 14:43:59,57
SFNC ,2018-10-19 15:44:01,57
SFNC ,2018-10-19 16:43:59,57
SFNC ,2018-10-19 17:43:58,57
SFNC ,2018-10-19 18:43:59,57
SFNC ,2018-10-19 19:44:00,57
SFNC ,2018-10-19 20:44:00,57
SFNC ,2018-10-19 21:43:58,57
SFNC ,2018-10-19 22:43:58,57
SFNC ,2018-10-19 23:44:27,57
SFNC ,2018-10-20 00:43:58,57
SFNC ,2018-10-20 01:44:00,57
SFNC ,2018-10-20 02:43:58,57
SFNC ,2018-10-20 03:43:57,57
SFNC ,2018-10-20 04:43:58,57
SFNC ,2018-10-20 05:43:59,57
SFNC ,2018-10-20 06:43:59,57
SFNC ,2018-10-20 07:43:57,57
SFNC ,2018-10-20 08:43:58,57
SFNC ,2018-10-20 09:43:58,57
SFNC ,2018-10-20 10:43:58,57
SFNC ,2018-10-20 11:43:58,57
SFNC ,2018-10-20 12:43:58,57
SFNC ,2018-10-20 13:44:00,57
SFNC ,2018-10-20 14:44:01,57
SFNC ,2018-10-20 15:44:00,57
SFNC ,2018-10-20 16:43:59,57
SFNC ,2018-10-20 17:43:58,57
SFNC ,2018-10-20 18:43:58,57
SFNC ,2018-10-20 19:43:59,57
SFNC ,2018-10-20 20:43:59,57
SFNC ,2018-10-20 21:44:00,57
SFNC ,2018-10-20 22:43:59,57
SFNC ,2018-10-20 23:43:59,57
SFNC ,2018-10-21 00:43:59,57
SFNC ,2018-10-21 01:43:59,57
SFNC ,2018-10-21 02:43:58,57
SFNC ,2018-10-21 03:43:59,57
SFNC ,2018-10-21 04:43:58,57
SFNC ,2018-10-21 05:43:58,57
SFNC ,2018-10-21 06:43:57,57
SFNC ,2018-10-21 07:44:03,57
SFNC ,2018-10-21 08:43:58,57
SFNC ,2018-10-21 09:43:58,57
SFNC ,2018-10-21 10:43:57,57
SFNC ,2018-10-21 11:43:57,57
SFNC ,2018-10-21 12:43:57,57
SFNC ,2018-10-21 13:44:03,57
SFNC ,2018-10-21 14:44:01,57
SFNC ,2018-10-21 15:44:00,57
SFNC ,2018-10-21 16:43:58,57
SFNC ,2018-10-21 17:43:59,57
SFNC ,2018-10-21 18:43:59,57
SFNC ,2018-10-21 19:43:58,57
SFNC ,2018-10-21 20:43:58,57
SFNC ,2018-10-21 21:43:58,57
SFNC ,2018-10-21 22:43:59,57
SFNC ,2018-10-21 23:43:59,57
SFNC ,2018-10-22 00:44:01,57
SFNC ,2018-10-22 01:44:02,57
SFNC ,2018-10-22 02:44:01,57
SFNC ,2018-10-22 03:44:01,57
SFNC ,2018-10-22 04:44:02,57
SFNC ,2018-10-22 05:43:59,57
SFNC ,2018-10-22 06:43:59,57
SFNC ,2018-10-22 07:44:02,57
SFNC ,2018-10-22 08:43:58,57
SFNC ,2018-10-22 09:43:59,57
SFNC ,2018-10-22 10:44:00,57
SFNC ,2018-10-22 11:43:59,57
SFNC ,2018-10-22 12:44:00,57
SFNC ,2018-10-22 13:44:03,57
SFNC ,2018-10-22 14:44:03,57
SFNC ,2018-10-22 15:44:01,56
SFNC ,2018-10-22 16:43:59,56
SFNC ,2018-10-22 17:44:00,57
SFNC ,2018-10-22 18:43:58,57
SFNC ,2018-10-22 19:44:00,57
SFNC ,2018-10-22 20:43:59,57
SFNC ,2018-10-22 21:44:00,57
SFNC ,2018-10-22 22:43:59,57
SFNC ,2018-10-22 23:43:59,57
SFNC ,2018-10-23 00:44:00,57
SFNC ,2018-10-23 01:43:59,57
SFNC ,2018-10-23 02:43:59,57
SFNC ,2018-10-23 03:43:58,57
SFNC ,2018-10-23 04:43:58,57
SFNC ,2018-10-23 05:43:58,57
SFNC ,2018-10-23 06:43:58,57
SFNC ,2018-10-23 07:44:01,57
SFNC ,2018-10-23 08:43:57,57
SFNC ,2018-10-23 09:43:58,57
SFNC ,2018-10-23 10:43:58,57
SFNC ,2018-10-23 11:43:58,57
SFNC ,2018-10-23 12:43:57,57
SFNC ,2018-10-23 13:44:03,57
SFNC ,2018-10-23 14:44:00,57
SFNC ,2018-10-23 15:43:58,57
SFNC ,2018-10-23 16:43:59,57
SFNC ,2018-10-23 17:43:59,56
SFNC ,2018-10-23 18:44:00,56
SFNC ,2018-10-23 19:43:59,56
SFNC ,2018-10-23 20:43:58,56
SFNC ,2018-10-23 21:44:00,56
SFNC ,2018-10-23 22:43:59,56
SFNC ,2018-10-23 23:43:58,56
SFNC ,2018-10-24 00:43:58,56
SFNC ,2018-10-24 01:43:59,56
SFNC ,2018-10-24 02:44:00,56
SFNC ,2018-10-24 03:43:59,56
SFNC ,2018-10-24 04:43:59,56
SFNC ,2018-10-24 05:44:00,56
SFNC ,2018-10-24 06:44:01,56
SFNC ,2018-10-24 07:43:59,56
SFNC ,2018-10-24 08:43:59,56
SFNC ,2018-10-24 09:43:58,56
SFNC ,2018-10-24 10:43:58,56
SFNC ,2018-10-24 11:43:58,56
SFNC ,2018-10-24 12:43:57,56
SFNC ,2018-10-24 13:44:02,56
SFNC ,2018-10-24 14:44:00,55
SFNC ,2018-10-24 15:44:01,55
SFNC ,2018-10-24 16:43:59,55
SFNC ,2018-10-24 17:43:59,55
SFNC ,2018-10-24 18:44:00,55
SFNC ,2018-10-24 19:43:59,55
SFNC ,2018-10-24 20:44:02,55
SFNC ,2018-10-24 21:44:00,55
SFNC ,2018-10-24 22:43:59,55
SFNC ,2018-10-24 23:43:58,55
SFNC ,2018-10-25 00:43:59,55
SFNC ,2018-10-25 01:43:59,55
SFNC ,2018-10-25 02:43:59,55
SFNC ,2018-10-25 03:43:58,55
SFNC ,2018-10-25 04:43:59,55
SFNC ,2018-10-25 05:43:59,55
SFNC ,2018-10-25 06:43:59,55
SFNC ,2018-10-25 07:43:59,55
SFNC ,2018-10-25 08:43:59,55
SFNC ,2018-10-25 09:43:58,55
SFNC ,2018-10-25 10:43:59,55
SFNC ,2018-10-25 11:44:00,55
SFNC ,2018-10-25 14:10:08,56
SFNC ,2018-10-25 14:44:03,56
SFNC ,2018-10-25 15:44:02,56
SFNC ,2018-10-25 16:44:00,56
SFNC ,2018-10-25 17:44:01,56
SFNC ,2018-10-25 18:44:02,56
SFNC ,2018-10-25 19:43:59,56
SFNC ,2018-10-25 20:43:59,56
SFNC ,2018-10-25 21:44:00,56
SFNC ,2018-10-25 22:43:59,56
SFNC ,2018-10-25 23:44:01,56
SFNC ,2018-10-26 00:43:59,56
SFNC ,2018-10-26 01:43:59,56
SFNC ,2018-10-26 02:44:01,56
SFNC ,2018-10-26 03:44:02,56
SFNC ,2018-10-26 04:44:02,56
SFNC ,2018-10-26 05:43:58,56
SFNC ,2018-10-26 06:43:58,56
SFNC ,2018-10-26 07:43:58,56
SFNC ,2018-10-26 08:43:58,56
SFNC ,2018-10-26 09:43:58,56
SFNC ,2018-10-26 10:43:58,56
SFNC ,2018-10-26 11:43:58,56
SFNC ,2018-10-26 12:43:58,56
SFNC ,2018-10-26 13:44:00,56
SFNC ,2018-10-26 14:44:01,56
SFNC ,2018-10-26 15:44:01,56
SFNC ,2018-10-26 16:44:00,56
SFNC ,2018-10-26 17:43:59,56
SFNC ,2018-10-26 18:43:59,56
SFNC ,2018-10-26 19:43:59,55
SFNC ,2018-10-26 20:43:59,55
SFNC ,2018-10-26 21:43:59,55
SFNC ,2018-10-26 22:43:59,55
SFNC ,2018-10-26 23:43:59,55
SFNC ,2018-10-27 00:43:58,55
SFNC ,2018-10-27 01:43:59,55
SFNC ,2018-10-27 02:43:59,55
SFNC ,2018-10-27 03:43:58,55
SFNC ,2018-10-27 04:43:58,55
SFNC ,2018-10-27 05:43:59,55
SFNC ,2018-10-27 06:43:59,55
SFNC ,2018-10-27 07:43:59,55
SFNC ,2018-10-27 08:44:00,55
SFNC ,2018-10-27 09:43:59,55
SFNC ,2018-10-27 10:43:59,55
SFNC ,2018-10-27 11:43:59,55
SFNC ,2018-10-27 12:43:59,55
SFNC ,2018-10-27 13:43:58,55
SFNC ,2018-10-27 14:43:59,55
SFNC ,2018-10-27 15:44:00,55
SFNC ,2018-10-27 16:43:59,55
SFNC ,2018-10-27 17:44:00,55
SFNC ,2018-10-27 18:43:59,55
SFNC ,2018-10-27 19:43:59,55
SFNC ,2018-10-27 20:43:59,55
SFNC ,2018-10-27 21:43:59,55
SFNC ,2018-10-27 22:43:58,55
SFNC ,2018-10-27 23:43:58,55
SFNC ,2018-10-28 00:43:59,55
SFNC ,2018-10-28 01:43:59,55
SFNC ,2018-10-28 02:43:58,55
SFNC ,2018-10-28 03:43:59,55
SFNC ,2018-10-28 04:43:58,55
SFNC ,2018-10-28 05:43:59,55
SFNC ,2018-10-28 06:43:59,55
SFNC ,2018-10-28 07:43:58,55
SFNC ,2018-10-28 08:43:58,55
SFNC ,2018-10-28 09:43:59,55
SFNC ,2018-10-28 10:43:59,55
SFNC ,2018-10-28 11:43:58,55
SFNC ,2018-10-28 12:43:58,55
SFNC ,2018-10-28 13:43:59,55
SFNC ,2018-10-28 14:43:58,55
SFNC ,2018-10-28 15:43:58,55
SFNC ,2018-10-28 16:43:59,55
SFNC ,2018-10-28 17:43:58,55
SFNC ,2018-10-28 18:43:58,55
SFNC ,2018-10-28 19:43:58,55
SFNC ,2018-10-28 20:43:58,55
SFNC ,2018-10-28 21:43:58,55
SFNC ,2018-10-28 22:43:58,55
SFNC ,2018-10-28 23:43:58,55
SFNC ,2018-10-29 00:43:59,55
SFNC ,2018-10-29 01:43:59,55
SFNC ,2018-10-29 02:43:59,55
SFNC ,2018-10-29 03:43:57,55
SFNC ,2018-10-29 04:44:00,55
SFNC ,2018-10-29 05:43:58,55
SFNC ,2018-10-29 06:43:59,55
SFNC ,2018-10-29 07:43:58,55
SFNC ,2018-10-29 08:43:59,55
SFNC ,2018-10-29 09:43:58,55
SFNC ,2018-10-29 10:43:59,55
SFNC ,2018-10-29 11:43:58,55
SFNC ,2018-10-29 12:43:59,55
SFNC ,2018-10-29 13:44:03,55
SFNC ,2018-10-29 14:44:01,55
SFNC ,2018-10-29 15:43:58,55
SFNC ,2018-10-29 16:44:01,55
SFNC ,2018-10-29 17:44:00,55
SFNC ,2018-10-29 18:44:00,55
SFNC ,2018-10-29 19:44:00,55
SFNC ,2018-10-29 20:44:00,56
SFNC ,2018-10-29 21:43:59,56
SFNC ,2018-10-29 22:44:00,56
SFNC ,2018-10-29 23:43:59,56
SFNC ,2018-10-30 00:43:59,56
SFNC ,2018-10-30 01:43:59,56
SFNC ,2018-10-30 02:44:00,56
SFNC ,2018-10-30 03:44:00,56
SFNC ,2018-10-30 04:44:00,56
SFNC ,2018-10-30 05:43:58,56
SFNC ,2018-10-30 06:43:59,56
SFNC ,2018-10-30 07:43:58,56
SFNC ,2018-10-30 08:43:58,56
SFNC ,2018-10-30 09:43:59,56
SFNC ,2018-10-30 10:43:59,56
SFNC ,2018-10-30 11:43:59,56
SFNC ,2018-10-30 12:43:58,56
SFNC ,2018-10-30 13:44:03,56
SFNC ,2018-10-30 14:44:03,56
SFNC ,2018-10-30 15:44:02,56
SFNC ,2018-10-30 16:44:00,56
SFNC ,2018-10-30 17:43:58,56
SFNC ,2018-10-30 18:44:00,56
SFNC ,2018-10-30 19:43:59,56
SFNC ,2018-10-30 20:43:59,56
SFNC ,2018-10-30 21:43:59,56
SFNC ,2018-10-30 22:43:59,56
SFNC ,2018-10-30 23:43:58,56
SFNC ,2018-10-31 00:43:59,56
SFNC ,2018-10-31 01:44:01,56
SFNC ,2018-10-31 02:44:00,56
SFNC ,2018-10-31 03:43:58,56
SFNC ,2018-10-31 04:43:59,56
SFNC ,2018-10-31 05:43:59,56
SFNC ,2018-10-31 06:43:58,56
SFNC ,2018-10-31 07:43:57,56
SFNC ,2018-10-31 08:43:59,56
SFNC ,2018-10-31 09:43:58,56
SFNC ,2018-10-31 10:43:58,56
SFNC ,2018-10-31 11:43:59,56
SFNC ,2018-10-31 12:44:00,56
SFNC ,2018-10-31 14:10:35,56
SFNC ,2018-10-31 14:44:00,56
SFNC ,2018-10-31 15:44:00,56
SFNC ,2018-10-31 16:44:00,56
SFNC ,2018-10-31 17:43:58,56
SFNC ,2018-10-31 18:43:59,56
SFNC ,2018-10-31 19:43:59,56
SFNC ,2018-10-31 20:43:58,56
SFNC ,2018-10-31 21:43:58,56
SFNC ,2018-10-31 22:43:58,56
SFNC ,2018-10-31 23:43:59,56
SFNC ,2018-11-01 00:43:58,56
SFNC ,2018-11-01 01:43:58,56
SFNC ,2018-11-01 02:43:58,56
SFNC ,2018-11-01 03:43:58,56
SFNC ,2018-11-01 04:43:59,56
SFNC ,2018-11-01 05:43:58,56
SFNC ,2018-11-01 06:43:59,56
SFNC ,2018-11-01 07:43:58,56
SFNC ,2018-11-01 08:43:59,56
SFNC ,2018-11-01 09:43:59,56
SFNC ,2018-11-01 10:44:00,56
SFNC ,2018-11-01 11:43:58,56
SFNC ,2018-11-01 12:43:59,56
SFNC ,2018-11-01 13:44:00,56
SFNC ,2018-11-01 14:44:04,56
SFNC ,2018-11-01 15:44:03,56
SFNC ,2018-11-01 16:44:01,56
SFNC ,2018-11-01 17:44:00,57
SFNC ,2018-11-01 18:44:02,57
SFNC ,2018-11-01 19:44:03,57
SFNC ,2018-11-01 20:44:04,57
SFNC ,2018-11-01 21:44:01,57
SFNC ,2018-11-01 22:44:01,57
SFNC ,2018-11-01 23:44:00,57
SFNC ,2018-11-02 00:43:59,57
SFNC ,2018-11-02 01:43:59,57
SFNC ,2018-11-02 02:44:00,57
SFNC ,2018-11-02 03:44:02,57
SFNC ,2018-11-02 04:43:59,57
SFNC ,2018-11-02 05:43:59,57
SFNC ,2018-11-02 06:43:59,57
SFNC ,2018-11-02 07:43:59,57
SFNC ,2018-11-02 08:43:59,57
SFNC ,2018-11-02 09:44:00,57
SFNC ,2018-11-02 10:43:58,57
SFNC ,2018-11-02 11:43:58,57
SFNC ,2018-11-02 12:43:59,57
SFNC ,2018-11-02 14:08:35,57
SFNC ,2018-11-02 14:44:03,57
SFNC ,2018-11-02 15:44:01,57
SFNC ,2018-11-02 16:44:02,57
SFNC ,2018-11-02 17:44:01,56
SFNC ,2018-11-02 18:43:59,56
SFNC ,2018-11-02 19:44:00,56
SFNC ,2018-11-02 20:44:01,56
SFNC ,2018-11-02 21:44:00,56
SFNC ,2018-11-02 22:44:00,56
SFNC ,2018-11-02 23:44:00,56
SFNC ,2018-11-03 00:44:01,56
SFNC ,2018-11-03 01:44:00,56
SFNC ,2018-11-03 02:44:02,56
SFNC ,2018-11-03 03:43:59,56
SFNC ,2018-11-03 04:43:59,56
SFNC ,2018-11-03 05:44:00,56
SFNC ,2018-11-03 06:43:59,56
SFNC ,2018-11-03 07:43:58,56
SFNC ,2018-11-03 08:43:59,56
SFNC ,2018-11-03 09:44:00,56
SFNC ,2018-11-03 10:43:58,56
SFNC ,2018-11-03 11:44:00,56
SFNC ,2018-11-03 12:43:59,56
SFNC ,2018-11-03 13:43:58,56
SFNC ,2018-11-03 14:43:59,56
SFNC ,2018-11-03 15:43:59,56
SFNC ,2018-11-03 16:43:59,56
SFNC ,2018-11-03 17:44:06,56
SFNC ,2018-11-03 18:44:03,56
SFNC ,2018-11-03 19:44:00,56
SFNC ,2018-11-03 20:43:59,56
SFNC ,2018-11-03 21:45:02,56
SFNC ,2018-11-03 22:43:59,56
SFNC ,2018-11-03 23:44:00,56
SFNC ,2018-11-04 00:44:00,56
SFNC ,2018-11-04 01:44:00,56
SFNC ,2018-11-04 02:44:00,56
SFNC ,2018-11-04 03:44:00,56
SFNC ,2018-11-04 04:44:01,56
SFNC ,2018-11-04 05:43:59,56
SFNC ,2018-11-04 06:44:00,56
SFNC ,2018-11-04 07:43:59,56
SFNC ,2018-11-04 08:44:00,56
SFNC ,2018-11-04 09:43:58,56
SFNC ,2018-11-04 10:43:58,56
SFNC ,2018-11-04 11:43:59,56
SFNC ,2018-11-04 12:43:59,56
SFNC ,2018-11-04 13:43:59,56
SFNC ,2018-11-04 14:43:59,56
SFNC ,2018-11-04 15:43:59,56
SFNC ,2018-11-04 16:43:59,56
SFNC ,2018-11-04 17:44:00,56
SFNC ,2018-11-04 18:44:00,56
SFNC ,2018-11-04 19:44:00,56
SFNC ,2018-11-04 20:43:59,56
SFNC ,2018-11-04 21:43:59,56
SFNC ,2018-11-04 22:44:00,56
SFNC ,2018-11-04 23:44:00,56
SFNC ,2018-11-05 00:43:59,56
SFNC ,2018-11-05 01:43:59,56
SFNC ,2018-11-05 02:43:58,56
SFNC ,2018-11-05 03:44:01,56
SFNC ,2018-11-05 04:44:01,56
SFNC ,2018-11-05 05:44:01,56
SFNC ,2018-11-05 06:43:59,56
SFNC ,2018-11-05 07:44:00,56
SFNC ,2018-11-05 08:43:59,56
SFNC ,2018-11-05 09:43:59,56
SFNC ,2018-11-05 10:43:59,56
SFNC ,2018-11-05 11:43:58,56
SFNC ,2018-11-05 12:43:58,56
SFNC ,2018-11-05 13:43:59,56
SFNC ,2018-11-05 14:44:06,56
SFNC ,2018-11-05 15:44:01,56
SFNC ,2018-11-05 16:44:04,56
SFNC ,2018-11-05 17:43:59,56
SFNC ,2018-11-05 18:43:58,56
SFNC ,2018-11-05 19:43:59,56
SFNC ,2018-11-05 20:44:01,56
SFNC ,2018-11-05 21:44:02,56
SFNC ,2018-11-05 22:44:02,56
SFNC ,2018-11-05 23:43:59,56
SFNC ,2018-11-06 00:43:59,56
SFNC ,2018-11-06 01:43:59,56
SFNC ,2018-11-06 02:43:59,56
SFNC ,2018-11-06 03:44:01,56
SFNC ,2018-11-06 04:44:00,56
SFNC ,2018-11-06 05:44:00,56
SFNC ,2018-11-06 06:44:00,56
SFNC ,2018-11-06 07:44:01,56
SFNC ,2018-11-06 08:44:01,56
SFNC ,2018-11-06 09:44:00,56
SFNC ,2018-11-06 10:44:01,56
SFNC ,2018-11-06 11:44:00,56
SFNC ,2018-11-06 12:44:00,56
SFNC ,2018-11-06 13:44:01,56
SFNC ,2018-11-06 14:44:07,56
SFNC ,2018-11-06 15:44:07,56
SFNC ,2018-11-06 16:44:05,56
SFNC ,2018-11-06 17:44:10,56
SFNC ,2018-11-06 18:44:05,56
SFNC ,2018-11-06 19:44:02,56
SFNC ,2018-11-06 20:44:04,56
SFNC ,2018-11-06 21:44:02,56
SFNC ,2018-11-06 22:44:04,56
SFNC ,2018-11-06 23:44:02,56
SFNC ,2018-11-07 00:44:03,56
SFNC ,2018-11-07 01:44:02,56
SFNC ,2018-11-07 02:44:03,56
SFNC ,2018-11-07 03:44:02,56
SFNC ,2018-11-07 04:44:01,56
SFNC ,2018-11-07 05:44:02,56
SFNC ,2018-11-07 06:44:01,56
SFNC ,2018-11-07 07:44:02,56
SFNC ,2018-11-07 08:44:01,56
SFNC ,2018-11-07 09:44:01,56
SFNC ,2018-11-07 10:44:01,56
SFNC ,2018-11-07 11:44:01,56
SFNC ,2018-11-07 12:44:02,56
SFNC ,2018-11-07 13:44:01,56
SFNC ,2018-11-07 14:44:08,56
SFNC ,2018-11-07 15:44:03,56
SFNC ,2018-11-07 16:44:02,55
SFNC ,2018-11-07 17:44:06,55
SFNC ,2018-11-07 18:44:05,55
SFNC ,2018-11-07 19:44:05,55
SFNC ,2018-11-07 20:44:05,55
SFNC ,2018-11-07 21:44:02,55
SFNC ,2018-11-07 22:44:03,55
SFNC ,2018-11-07 23:44:02,55
SFNC ,2018-11-08 00:44:01,55
SFNC ,2018-11-08 01:44:02,55
SFNC ,2018-11-08 02:44:01,55
SFNC ,2018-11-08 03:44:02,55
SFNC ,2018-11-08 04:44:02,55
SFNC ,2018-11-08 05:44:02,55
SFNC ,2018-11-08 06:44:14,55
SFNC ,2018-11-08 07:44:02,55
SFNC ,2018-11-08 08:44:02,55
SFNC ,2018-11-08 09:44:01,55
SFNC ,2018-11-08 10:44:01,55
SFNC ,2018-11-08 11:44:01,55
SFNC ,2018-11-08 12:44:02,55
SFNC ,2018-11-08 13:44:01,55
SFNC ,2018-11-08 14:44:05,55
SFNC ,2018-11-08 15:44:05,54
SFNC ,2018-11-08 16:44:05,54
SFNC ,2018-11-08 17:44:02,54
SFNC ,2018-11-08 18:44:02,54
SFNC ,2018-11-08 19:44:02,54
SFNC ,2018-11-08 20:44:06,54
SFNC ,2018-11-08 21:44:04,54
SFNC ,2018-11-08 22:44:02,54
SFNC ,2018-11-08 23:44:02,54
SFNC ,2018-11-09 00:44:03,54
SFNC ,2018-11-09 01:44:02,54
SFNC ,2018-11-09 02:44:03,54
SFNC ,2018-11-09 03:44:03,54
SFNC ,2018-11-09 04:44:03,54
SFNC ,2018-11-09 05:44:03,54
SFNC ,2018-11-09 06:44:01,54
SFNC ,2018-11-09 07:44:02,54
SFNC ,2018-11-09 08:44:02,54
SFNC ,2018-11-09 09:44:02,54
SFNC ,2018-11-09 10:44:01,54
SFNC ,2018-11-09 11:44:01,54
SFNC ,2018-11-09 12:44:02,54
SFNC ,2018-11-09 13:44:00,54
SFNC ,2018-11-09 15:08:05,55
SFNC ,2018-11-09 15:44:05,55
SFNC ,2018-11-09 16:44:04,55
SFNC ,2018-11-09 17:44:03,55
SFNC ,2018-11-09 18:44:02,55
SFNC ,2018-11-09 19:44:15,54
SFNC ,2018-11-09 20:44:05,54
SFNC ,2018-11-09 21:44:03,54
SFNC ,2018-11-09 22:44:03,54
SFNC ,2018-11-09 23:44:02,54
SFNC ,2018-11-10 00:44:02,54
SFNC ,2018-11-10 01:44:03,54
SFNC ,2018-11-10 02:44:01,54
SFNC ,2018-11-10 03:44:02,54
SFNC ,2018-11-10 04:44:02,54
SFNC ,2018-11-10 05:44:01,54
SFNC ,2018-11-10 06:44:01,54
SFNC ,2018-11-10 07:44:01,54
SFNC ,2018-11-10 08:44:01,54
SFNC ,2018-11-10 09:44:02,54
SFNC ,2018-11-10 10:44:01,54
SFNC ,2018-11-10 11:44:02,54
SFNC ,2018-11-10 12:44:01,54
SFNC ,2018-11-10 13:44:02,54
SFNC ,2018-11-10 14:44:02,54
SFNC ,2018-11-10 15:44:05,54
SFNC ,2018-11-10 16:44:02,54
SFNC ,2018-11-10 17:44:03,54
SFNC ,2018-11-10 18:44:04,54
SFNC ,2018-11-10 19:44:04,54
SFNC ,2018-11-10 20:44:02,54
SFNC ,2018-11-10 21:44:03,54
SFNC ,2018-11-10 22:44:02,54
SFNC ,2018-11-10 23:44:02,54
SFNC ,2018-11-11 00:44:03,54
SFNC ,2018-11-11 01:44:03,54
SFNC ,2018-11-11 02:44:01,54
SFNC ,2018-11-11 03:44:03,54
SFNC ,2018-11-11 04:44:02,54
SFNC ,2018-11-11 05:44:03,54
SFNC ,2018-11-11 06:44:01,54
SFNC ,2018-11-11 07:44:03,54
SFNC ,2018-11-11 08:44:01,54
SFNC ,2018-11-11 09:44:03,54
SFNC ,2018-11-11 10:44:03,54
SFNC ,2018-11-11 11:44:01,54
SFNC ,2018-11-11 12:44:02,54
SFNC ,2018-11-11 13:44:01,54
SFNC ,2018-11-11 14:44:03,54
SFNC ,2018-11-11 15:44:03,54
SFNC ,2018-11-11 16:44:02,54
SFNC ,2018-11-11 17:44:02,54
SFNC ,2018-11-11 18:44:02,54
SFNC ,2018-11-11 19:44:01,54
SFNC ,2018-11-11 20:44:03,54
SFNC ,2018-11-11 21:44:01,54
SFNC ,2018-11-11 22:44:02,54
SFNC ,2018-11-11 23:44:01,54
SFNC ,2018-11-12 00:44:03,54
SFNC ,2018-11-12 01:44:01,54
SFNC ,2018-11-12 02:44:02,54
SFNC ,2018-11-12 03:44:03,54
SFNC ,2018-11-12 04:44:02,54
SFNC ,2018-11-12 05:44:03,54
SFNC ,2018-11-12 06:44:03,54
SFNC ,2018-11-12 07:44:02,54
SFNC ,2018-11-12 08:44:03,54
SFNC ,2018-11-12 09:44:02,54
SFNC ,2018-11-12 10:44:02,54
SFNC ,2018-11-12 11:44:03,54
SFNC ,2018-11-12 12:44:01,54
SFNC ,2018-11-12 13:44:02,54
SFNC ,2018-11-12 14:44:05,54
SFNC ,2018-11-12 15:44:03,54
SFNC ,2018-11-12 16:44:04,55
SFNC ,2018-11-12 17:44:01,55
SFNC ,2018-11-12 18:44:02,55
SFNC ,2018-11-12 19:44:04,55
SFNC ,2018-11-12 20:44:03,55
SFNC ,2018-11-12 21:44:02,55
SFNC ,2018-11-12 22:44:47,55
SFNC ,2018-11-12 23:44:01,55
SFNC ,2018-11-13 00:44:03,55
SFNC ,2018-11-13 01:44:02,55
SFNC ,2018-11-13 02:44:03,55
SFNC ,2018-11-13 03:44:03,55
SFNC ,2018-11-13 04:44:02,55
SFNC ,2018-11-13 05:44:01,55
SFNC ,2018-11-13 06:44:02,55
SFNC ,2018-11-13 07:44:03,55
SFNC ,2018-11-13 08:44:04,55
SFNC ,2018-11-13 09:44:03,55
SFNC ,2018-11-13 10:44:03,55
SFNC ,2018-11-13 11:44:03,55
SFNC ,2018-11-13 12:44:02,55
SFNC ,2018-11-13 13:44:01,55
SFNC ,2018-11-13 14:44:06,55
SFNC ,2018-11-13 15:44:03,55
SFNC ,2018-11-13 16:44:03,55
SFNC ,2018-11-13 17:44:03,55
SFNC ,2018-11-13 18:44:01,56
SFNC ,2018-11-13 19:44:02,56
SFNC ,2018-11-13 20:44:02,56
SFNC ,2018-11-13 21:44:02,56
SFNC ,2018-11-13 22:44:02,56
SFNC ,2018-11-13 23:44:02,56
SFNC ,2018-11-14 00:44:02,56
SFNC ,2018-11-14 01:44:02,56
SFNC ,2018-11-14 02:44:01,56
SFNC ,2018-11-14 03:44:02,56
SFNC ,2018-11-14 04:44:02,56
SFNC ,2018-11-14 05:44:02,56
SFNC ,2018-11-14 06:44:02,56
SFNC ,2018-11-14 07:44:02,56
SFNC ,2018-11-14 08:44:02,56
SFNC ,2018-11-14 09:44:02,56
SFNC ,2018-11-14 10:44:02,56
SFNC ,2018-11-14 11:44:04,56
SFNC ,2018-11-14 12:44:02,56
SFNC ,2018-11-14 13:44:02,56
SFNC ,2018-11-14 14:44:05,56
SFNC ,2018-11-14 15:44:04,56
SFNC ,2018-11-14 16:44:05,56
SFNC ,2018-11-14 17:44:04,55
SFNC ,2018-11-14 18:44:06,56
SFNC ,2018-11-14 19:44:04,56
SFNC ,2018-11-14 20:44:04,56
SFNC ,2018-11-14 21:44:05,56
SFNC ,2018-11-14 22:44:05,56
SFNC ,2018-11-14 23:44:03,56
SFNC ,2018-11-15 00:44:02,56
SFNC ,2018-11-15 01:44:03,56
SFNC ,2018-11-15 02:44:02,56
SFNC ,2018-11-15 03:44:02,56
SFNC ,2018-11-15 04:44:03,56
SFNC ,2018-11-15 05:44:03,56
SFNC ,2018-11-15 06:44:02,56
SFNC ,2018-11-15 07:44:01,56
SFNC ,2018-11-15 08:44:02,56
SFNC ,2018-11-15 09:44:02,56
SFNC ,2018-11-15 10:44:02,56
SFNC ,2018-11-15 11:44:02,56
SFNC ,2018-11-15 12:44:01,56
SFNC ,2018-11-15 13:44:02,56
SFNC ,2018-11-15 14:44:04,56
SFNC ,2018-11-15 15:44:04,57
SFNC ,2018-11-15 16:44:02,57
SFNC ,2018-11-15 17:44:06,58
SFNC ,2018-11-15 18:44:03,58
SFNC ,2018-11-15 19:44:01,59
SFNC ,2018-11-15 20:44:05,59
SFNC ,2018-11-15 21:44:07,59
SFNC ,2018-11-15 22:44:05,59
SFNC ,2018-11-15 23:44:02,59
SFNC ,2018-11-16 00:44:02,59
SFNC ,2018-11-16 01:44:02,59
SFNC ,2018-11-16 02:44:01,59
SFNC ,2018-11-16 03:44:02,59
SFNC ,2018-11-16 04:44:02,59
SFNC ,2018-11-16 05:44:01,59
SFNC ,2018-11-16 06:44:03,59
SFNC ,2018-11-16 07:44:03,59
SFNC ,2018-11-16 08:44:02,59
SFNC ,2018-11-16 09:44:02,59
SFNC ,2018-11-16 10:44:02,59
SFNC ,2018-11-16 11:44:01,59
SFNC ,2018-11-16 12:44:01,59
SFNC ,2018-11-16 13:44:02,59
SFNC ,2018-11-16 14:44:05,59
SFNC ,2018-11-16 15:44:02,59
SFNC ,2018-11-16 16:44:02,59
SFNC ,2018-11-16 17:44:02,59
SFNC ,2018-11-16 18:44:01,59
SFNC ,2018-11-16 19:44:01,59
SFNC ,2018-11-16 20:44:09,59
SFNC ,2018-11-16 21:44:03,59
SFNC ,2018-11-16 22:44:03,59
SFNC ,2018-11-16 23:44:03,59
SFNC ,2018-11-17 00:44:03,59
SFNC ,2018-11-17 01:44:01,59
SFNC ,2018-11-17 02:44:00,59
SFNC ,2018-11-17 03:44:05,59
SFNC ,2018-11-17 04:44:01,59
SFNC ,2018-11-17 05:44:02,59
SFNC ,2018-11-17 06:44:03,59
SFNC ,2018-11-17 07:44:00,59
SFNC ,2018-11-17 08:44:01,59
SFNC ,2018-11-17 09:44:01,59
SFNC ,2018-11-17 10:44:01,59
SFNC ,2018-11-17 11:44:01,59
SFNC ,2018-11-17 12:44:01,59
SFNC ,2018-11-17 13:44:01,59
SFNC ,2018-11-17 14:44:04,59
SFNC ,2018-11-17 15:44:02,59
SFNC ,2018-11-17 16:44:00,59
SFNC ,2018-11-17 17:44:03,59
SFNC ,2018-11-17 18:44:01,59
SFNC ,2018-11-17 19:44:01,59
SFNC ,2018-11-17 20:44:01,59
SFNC ,2018-11-17 21:44:01,59
SFNC ,2018-11-17 22:44:00,59
SFNC ,2018-11-17 23:44:01,59
SFNC ,2018-11-18 00:44:00,59
SFNC ,2018-11-18 01:44:01,59
SFNC ,2018-11-18 02:44:01,59
SFNC ,2018-11-18 03:44:02,59
SFNC ,2018-11-18 04:44:01,59
SFNC ,2018-11-18 05:44:00,59
SFNC ,2018-11-18 06:44:01,59
SFNC ,2018-11-18 07:44:00,59
SFNC ,2018-11-18 08:44:00,59
SFNC ,2018-11-18 09:44:01,59
SFNC ,2018-11-18 10:44:00,59
SFNC ,2018-11-18 11:44:01,59
SFNC ,2018-11-18 12:44:00,59
SFNC ,2018-11-18 13:44:00,59
SFNC ,2018-11-18 14:44:01,59
SFNC ,2018-11-18 15:44:02,59
SFNC ,2018-11-18 16:44:01,59
SFNC ,2018-11-18 17:44:01,59
SFNC ,2018-11-18 18:44:01,59
SFNC ,2018-11-18 19:44:00,59
SFNC ,2018-11-18 20:44:01,59
SFNC ,2018-11-18 21:44:01,59
SFNC ,2018-11-18 22:44:01,59
SFNC ,2018-11-18 23:44:01,59
SFNC ,2018-11-19 00:44:01,59
SFNC ,2018-11-19 01:44:01,59
SFNC ,2018-11-19 02:44:01,59
SFNC ,2018-11-19 03:44:01,59
SFNC ,2018-11-19 04:44:00,59
SFNC ,2018-11-19 05:44:00,59
SFNC ,2018-11-19 06:44:00,59
SFNC ,2018-11-19 07:44:01,59
SFNC ,2018-11-19 08:44:00,59
SFNC ,2018-11-19 09:44:00,59
SFNC ,2018-11-19 10:44:02,59
SFNC ,2018-11-19 12:44:01,59
SFNC ,2018-11-19 13:44:01,59
SFNC ,2018-11-19 14:44:03,59
SFNC ,2018-11-19 15:44:01,59
SFNC ,2018-11-19 16:44:05,59
SFNC ,2018-11-19 17:44:04,59
SFNC ,2018-11-19 18:44:03,59
SFNC ,2018-11-19 19:44:02,59
SFNC ,2018-11-19 20:44:03,59
SFNC ,2018-11-19 21:44:02,59
SFNC ,2018-11-19 22:44:03,59
SFNC ,2018-11-19 23:44:03,59
SFNC ,2018-11-20 00:44:03,59
SFNC ,2018-11-20 01:44:02,59
SFNC ,2018-11-20 02:44:04,59
SFNC ,2018-11-20 03:44:03,59
SFNC ,2018-11-20 04:44:02,59
SFNC ,2018-11-20 05:44:01,59
SFNC ,2018-11-20 06:44:03,59
SFNC ,2018-11-20 07:44:02,59
SFNC ,2018-11-20 08:44:02,59
SFNC ,2018-11-20 09:44:03,59
SFNC ,2018-11-20 10:44:02,59
SFNC ,2018-11-20 11:44:01,59
SFNC ,2018-11-20 12:44:02,59
SFNC ,2018-11-20 13:44:04,59
SFNC ,2018-11-20 14:44:06,59
SFNC ,2018-11-20 15:44:08,59
SFNC ,2018-11-20 16:44:02,59
SFNC ,2018-11-20 17:44:02,59
SFNC ,2018-11-20 18:44:06,59
SFNC ,2018-11-20 19:44:04,59
SFNC ,2018-11-20 20:44:03,59
SFNC ,2018-11-20 21:44:06,59
SFNC ,2018-11-20 22:44:02,59
SFNC ,2018-11-20 23:44:02,59
SFNC ,2018-11-21 00:44:00,59
SFNC ,2018-11-21 01:44:01,59
SFNC ,2018-11-21 02:44:01,59
SFNC ,2018-11-21 03:44:02,59
SFNC ,2018-11-21 04:44:02,59
SFNC ,2018-11-21 05:44:03,59
SFNC ,2018-11-21 06:44:03,59
SFNC ,2018-11-21 07:44:03,59
SFNC ,2018-11-21 08:44:02,59
SFNC ,2018-11-21 09:44:01,59
SFNC ,2018-11-21 10:44:01,59
SFNC ,2018-11-21 11:44:01,59
SFNC ,2018-11-21 12:44:01,59
SFNC ,2018-11-21 13:44:00,59
SFNC ,2018-11-21 14:44:05,59
SFNC ,2018-11-21 16:44:04,60
SFNC ,2018-11-21 17:44:07,60
SFNC ,2018-11-21 18:44:02,60
SFNC ,2018-11-21 19:44:03,60
SFNC ,2018-11-21 20:44:04,60
SFNC ,2018-11-21 21:44:03,60
SFNC ,2018-11-21 22:44:03,60
SFNC ,2018-11-21 23:44:01,60
SFNC ,2018-11-22 00:44:01,60
SFNC ,2018-11-22 01:44:01,60
SFNC ,2018-11-22 02:44:02,60
SFNC ,2018-11-22 03:44:02,60
SFNC ,2018-11-22 04:44:03,60
SFNC ,2018-11-22 05:44:01,60
SFNC ,2018-11-22 06:44:02,60
SFNC ,2018-11-22 07:44:02,60
SFNC ,2018-11-22 08:44:01,60
SFNC ,2018-11-22 09:44:01,60
SFNC ,2018-11-22 10:44:02,60
SFNC ,2018-11-22 11:44:02,60
SFNC ,2018-11-22 12:44:02,60
SFNC ,2018-11-22 13:44:02,60
SFNC ,2018-11-22 14:44:01,60
SFNC ,2018-11-22 15:44:02,60
SFNC ,2018-11-22 16:44:00,60
SFNC ,2018-11-22 17:44:02,60
SFNC ,2018-11-22 18:44:01,60
SFNC ,2018-11-22 19:44:01,60
SFNC ,2018-11-22 20:44:02,60
SFNC ,2018-11-22 21:44:02,60
SFNC ,2018-11-22 22:44:02,60
SFNC ,2018-11-22 23:44:01,60
SFNC ,2018-11-23 00:44:01,60
SFNC ,2018-11-23 01:44:01,60
SFNC ,2018-11-23 02:44:01,60
SFNC ,2018-11-23 03:44:02,60
SFNC ,2018-11-23 04:44:02,60
SFNC ,2018-11-23 05:44:02,60
SFNC ,2018-11-23 06:44:01,60
SFNC ,2018-11-23 07:44:02,60
SFNC ,2018-11-23 08:44:01,60
SFNC ,2018-11-23 09:44:02,60
SFNC ,2018-11-23 10:44:02,60
SFNC ,2018-11-23 11:44:03,60
SFNC ,2018-11-23 12:44:02,60
SFNC ,2018-11-23 13:44:01,60
SFNC ,2018-11-23 14:44:03,60
SFNC ,2018-11-23 15:44:03,60
SFNC ,2018-11-23 16:44:01,60
SFNC ,2018-11-23 17:44:01,60
SFNC ,2018-11-23 18:44:01,60
SFNC ,2018-11-23 19:44:02,60
SFNC ,2018-11-23 20:44:02,60
SFNC ,2018-11-23 21:44:03,60
SFNC ,2018-11-23 22:44:02,60
SFNC ,2018-11-23 23:44:03,60
SFNC ,2018-11-24 00:44:01,60
SFNC ,2018-11-24 01:44:03,60
SFNC ,2018-11-24 02:44:04,60
SFNC ,2018-11-24 03:44:03,60
SFNC ,2018-11-24 04:44:04,60
SFNC ,2018-11-24 05:44:03,60
SFNC ,2018-11-24 06:44:03,60
SFNC ,2018-11-24 07:44:02,60
SFNC ,2018-11-24 08:44:03,60
SFNC ,2018-11-24 09:44:01,60
SFNC ,2018-11-24 10:44:01,60
SFNC ,2018-11-24 11:44:03,60
SFNC ,2018-11-24 12:44:02,60
SFNC ,2018-11-24 13:44:01,60
SFNC ,2018-11-24 14:44:02,60
SFNC ,2018-11-24 15:44:03,60
SFNC ,2018-11-24 16:44:02,60
SFNC ,2018-11-24 17:44:03,60
SFNC ,2018-11-24 18:44:02,60
SFNC ,2018-11-24 19:44:01,60
SFNC ,2018-11-24 20:44:03,60
SFNC ,2018-11-24 21:44:02,60
SFNC ,2018-11-24 22:44:02,60
SFNC ,2018-11-24 23:44:03,60
SFNC ,2018-11-25 00:44:02,60
SFNC ,2018-11-25 01:44:02,60
SFNC ,2018-11-25 02:44:02,60
SFNC ,2018-11-25 03:44:02,60
SFNC ,2018-11-25 04:44:03,60
SFNC ,2018-11-25 05:44:02,60
SFNC ,2018-11-25 06:44:02,60
SFNC ,2018-11-25 07:44:02,60
SFNC ,2018-11-25 08:44:01,60
SFNC ,2018-11-25 09:44:02,60
SFNC ,2018-11-25 10:44:02,60
SFNC ,2018-11-25 11:44:03,60
SFNC ,2018-11-25 12:44:01,60
SFNC ,2018-11-25 13:44:02,60
SFNC ,2018-11-25 14:44:02,60
SFNC ,2018-11-25 15:44:02,60
SFNC ,2018-11-25 16:44:03,60
SFNC ,2018-11-25 17:44:03,60
SFNC ,2018-11-25 18:44:03,60
SFNC ,2018-11-25 19:44:03,60
SFNC ,2018-11-25 20:44:02,60
SFNC ,2018-11-25 21:44:02,60
SFNC ,2018-11-25 22:44:02,60
SFNC ,2018-11-25 23:44:02,60
SFNC ,2018-11-26 00:44:01,60
SFNC ,2018-11-26 01:44:03,60
SFNC ,2018-11-26 02:44:03,60
SFNC ,2018-11-26 03:44:02,60
SFNC ,2018-11-26 04:44:02,60
SFNC ,2018-11-26 05:44:02,60
SFNC ,2018-11-26 06:44:01,60
SFNC ,2018-11-26 07:44:01,60
SFNC ,2018-11-26 08:44:02,60
SFNC ,2018-11-26 09:44:02,60
SFNC ,2018-11-26 10:44:02,60
SFNC ,2018-11-26 11:44:02,60
SFNC ,2018-11-26 12:44:02,60
SFNC ,2018-11-26 13:44:01,60
SFNC ,2018-11-26 14:44:08,60
SFNC ,2018-11-26 15:44:03,60
SFNC ,2018-11-26 16:44:02,60
SFNC ,2018-11-26 17:44:02,60
SFNC ,2018-11-26 18:44:03,60
SFNC ,2018-11-26 19:44:02,60
SFNC ,2018-11-26 20:44:03,60
SFNC ,2018-11-26 21:44:01,60
SFNC ,2018-11-26 22:44:05,60
SFNC ,2018-11-26 23:44:05,60
SFNC ,2018-11-27 00:44:04,60
SFNC ,2018-11-27 01:44:03,60
SFNC ,2018-11-27 02:44:04,60
SFNC ,2018-11-27 03:44:01,60
SFNC ,2018-11-27 04:44:02,60
SFNC ,2018-11-27 05:44:02,60
SFNC ,2018-11-27 06:44:02,60
SFNC ,2018-11-27 07:44:01,60
SFNC ,2018-11-27 08:44:01,60
SFNC ,2018-11-27 09:44:01,60
SFNC ,2018-11-27 10:45:49,60
SFNC ,2018-11-27 11:44:01,60
SFNC ,2018-11-27 12:44:01,60
SFNC ,2018-11-27 13:44:02,60
SFNC ,2018-11-27 14:44:05,60
SFNC ,2018-11-27 15:44:04,60
SFNC ,2018-11-27 16:44:06,60
SFNC ,2018-11-27 17:44:05,60
SFNC ,2018-11-27 18:44:04,60
SFNC ,2018-11-27 19:44:04,60
SFNC ,2018-11-27 20:44:03,60
SFNC ,2018-11-27 21:44:05,60
SFNC ,2018-11-27 22:44:05,60
SFNC ,2018-11-27 23:44:04,60
SFNC ,2018-11-28 00:44:03,60
SFNC ,2018-11-28 01:44:04,60
SFNC ,2018-11-28 02:44:03,60
SFNC ,2018-11-28 03:44:05,60
SFNC ,2018-11-28 04:44:05,60
SFNC ,2018-11-28 05:44:04,60
SFNC ,2018-11-28 06:44:03,60
SFNC ,2018-11-28 07:44:02,60
SFNC ,2018-11-28 08:44:04,60
SFNC ,2018-11-28 09:44:06,60
SFNC ,2018-11-28 10:44:03,60
SFNC ,2018-11-28 11:44:02,60
SFNC ,2018-11-28 12:44:02,60
SFNC ,2018-11-28 14:09:05,60
SFNC ,2018-11-28 14:44:04,60
SFNC ,2018-11-28 15:44:09,60
SFNC ,2018-11-28 16:44:05,60
SFNC ,2018-11-28 17:44:07,60
SFNC ,2018-11-28 18:44:05,60
SFNC ,2018-11-28 19:44:04,60
SFNC ,2018-11-28 20:44:05,60
SFNC ,2018-11-28 21:44:02,60
SFNC ,2018-11-28 22:44:02,60
SFNC ,2018-11-28 23:44:01,60
SFNC ,2018-11-29 00:44:01,60
SFNC ,2018-11-29 01:44:03,60
SFNC ,2018-11-29 02:44:02,60
SFNC ,2018-11-29 03:44:02,60
SFNC ,2018-11-29 04:44:01,60
SFNC ,2018-11-29 05:44:02,60
SFNC ,2018-11-29 06:44:02,60
SFNC ,2018-11-29 07:44:01,60
SFNC ,2018-11-29 08:44:00,60
SFNC ,2018-11-29 09:44:02,60
SFNC ,2018-11-29 10:44:02,60
SFNC ,2018-11-29 11:44:01,60
SFNC ,2018-11-29 12:44:02,60
SFNC ,2018-11-29 13:44:03,60
SFNC ,2018-11-29 15:09:10,61
SFNC ,2018-11-29 15:44:03,61
SFNC ,2018-11-29 16:44:03,61
SFNC ,2018-11-29 17:44:06,61
SFNC ,2018-11-29 18:44:07,61
SFNC ,2018-11-29 19:44:03,61
SFNC ,2018-11-29 20:44:01,61
SFNC ,2018-11-29 21:44:03,61
SFNC ,2018-11-29 22:44:03,61
SFNC ,2018-11-29 23:44:03,61
SFNC ,2018-11-30 00:44:04,61
SFNC ,2018-11-30 01:44:04,61
SFNC ,2018-11-30 02:44:01,61
SFNC ,2018-11-30 03:44:04,61
SFNC ,2018-11-30 04:44:02,61
SFNC ,2018-11-30 05:44:04,61
SFNC ,2018-11-30 06:44:03,61
SFNC ,2018-11-30 07:44:02,61
SFNC ,2018-11-30 08:44:01,61
SFNC ,2018-11-30 09:44:03,61
SFNC ,2018-11-30 10:44:03,61
SFNC ,2018-11-30 11:44:01,61
SFNC ,2018-11-30 12:44:02,61
SFNC ,2018-11-30 13:44:01,61
SFNC ,2018-11-30 14:44:05,61
SFNC ,2018-11-30 15:44:04,61
SFNC ,2018-11-30 16:44:04,61
SFNC ,2018-11-30 17:44:04,61
SFNC ,2018-11-30 18:44:02,61
SFNC ,2018-11-30 19:44:02,61
SFNC ,2018-11-30 20:44:03,61
SFNC ,2018-11-30 21:44:02,61
SFNC ,2018-11-30 22:44:05,61
SFNC ,2018-11-30 23:44:03,61
SFNC ,2018-12-01 00:44:01,61
SFNC ,2018-12-01 01:44:02,61
SFNC ,2018-12-01 02:44:02,61
SFNC ,2018-12-01 03:44:02,61
SFNC ,2018-12-01 04:44:01,61
SFNC ,2018-12-01 05:44:03,61
SFNC ,2018-12-01 06:44:01,61
SFNC ,2018-12-01 07:44:00,61
SFNC ,2018-12-01 08:44:01,61
SFNC ,2018-12-01 09:44:01,61
SFNC ,2018-12-01 10:44:01,61
SFNC ,2018-12-01 11:44:02,61
SFNC ,2018-12-01 12:44:01,61
SFNC ,2018-12-01 13:44:02,61
SFNC ,2018-12-01 14:44:01,61
SFNC ,2018-12-01 15:44:02,61
SFNC ,2018-12-01 16:44:01,61
SFNC ,2018-12-01 17:44:01,61
SFNC ,2018-12-01 18:44:02,61
SFNC ,2018-12-01 19:44:01,61
SFNC ,2018-12-01 20:44:02,61
SFNC ,2018-12-01 21:44:01,61
SFNC ,2018-12-01 22:44:06,61
SFNC ,2018-12-01 23:44:02,61
SFNC ,2018-12-02 00:44:00,61
SFNC ,2018-12-02 01:44:01,61
SFNC ,2018-12-02 02:44:01,61
SFNC ,2018-12-02 03:44:02,61
SFNC ,2018-12-02 04:44:01,61
SFNC ,2018-12-02 05:44:02,61
SFNC ,2018-12-02 06:44:01,61
SFNC ,2018-12-02 07:44:04,61
SFNC ,2018-12-02 08:44:04,61
SFNC ,2018-12-02 09:44:01,61
SFNC ,2018-12-02 10:44:03,61
SFNC ,2018-12-02 11:44:01,61
SFNC ,2018-12-02 12:44:00,61
SFNC ,2018-12-02 13:44:01,61
SFNC ,2018-12-02 14:44:01,61
SFNC ,2018-12-02 15:44:02,61
SFNC ,2018-12-02 16:44:01,61
SFNC ,2018-12-02 17:44:01,61
SFNC ,2018-12-02 18:44:01,61
SFNC ,2018-12-02 19:44:01,61
SFNC ,2018-12-02 20:44:01,61
SFNC ,2018-12-02 21:44:01,61
SFNC ,2018-12-02 22:44:00,61
SFNC ,2018-12-02 23:44:01,61
SFNC ,2018-12-03 00:44:02,61
SFNC ,2018-12-03 01:44:01,61
SFNC ,2018-12-03 02:44:01,61
SFNC ,2018-12-03 03:44:02,61
SFNC ,2018-12-03 04:44:03,61
SFNC ,2018-12-03 05:44:00,61
SFNC ,2018-12-03 06:44:03,61
SFNC ,2018-12-03 07:44:02,61
SFNC ,2018-12-03 08:44:01,61
SFNC ,2018-12-03 09:44:03,61
SFNC ,2018-12-03 10:44:02,61
SFNC ,2018-12-03 11:44:02,61
SFNC ,2018-12-03 12:44:00,61
SFNC ,2018-12-03 13:44:01,61
SFNC ,2018-12-03 14:44:08,61
SFNC ,2018-12-03 15:44:03,61
SFNC ,2018-12-03 16:44:05,61
SFNC ,2018-12-03 17:44:05,61
SFNC ,2018-12-03 18:44:03,61
SFNC ,2018-12-03 19:44:01,61
SFNC ,2018-12-03 20:44:02,61
SFNC ,2018-12-03 21:44:01,61
SFNC ,2018-12-03 22:44:04,61
SFNC ,2018-12-03 23:44:06,61
SFNC ,2018-12-04 00:44:03,61
SFNC ,2018-12-04 01:44:02,61
SFNC ,2018-12-04 02:44:03,61
SFNC ,2018-12-04 03:44:02,61
SFNC ,2018-12-04 04:44:01,61
SFNC ,2018-12-04 05:44:05,61
SFNC ,2018-12-04 06:44:04,61
SFNC ,2018-12-04 07:44:03,61
SFNC ,2018-12-04 08:44:03,61
SFNC ,2018-12-04 09:44:01,61
SFNC ,2018-12-04 10:44:00,61
SFNC ,2018-12-04 11:44:01,61
SFNC ,2018-12-04 12:44:02,61
SFNC ,2018-12-04 13:44:02,61
SFNC ,2018-12-04 15:10:36,61
SFNC ,2018-12-04 15:44:04,61
SFNC ,2018-12-04 16:44:02,61
SFNC ,2018-12-04 17:44:03,60
SFNC ,2018-12-04 18:44:03,60
SFNC ,2018-12-04 19:44:04,60
SFNC ,2018-12-04 20:44:04,60
SFNC ,2018-12-04 21:44:04,60
SFNC ,2018-12-04 22:44:05,60
SFNC ,2018-12-04 23:44:05,60
SFNC ,2018-12-05 00:44:04,60
SFNC ,2018-12-05 01:44:04,60
SFNC ,2018-12-05 02:44:04,60
SFNC ,2018-12-05 03:44:05,60
SFNC ,2018-12-05 04:44:08,60
SFNC ,2018-12-05 05:44:08,60
SFNC ,2018-12-05 06:44:04,60
SFNC ,2018-12-05 07:44:03,60
SFNC ,2018-12-05 08:44:03,60
SFNC ,2018-12-05 09:44:02,60
SFNC ,2018-12-05 10:44:04,60
SFNC ,2018-12-05 11:44:03,60
SFNC ,2018-12-05 12:44:02,60
SFNC ,2018-12-05 13:44:01,60
SFNC ,2018-12-05 14:44:02,60
SFNC ,2018-12-05 15:44:04,60
SFNC ,2018-12-05 16:44:03,60
SFNC ,2018-12-05 17:44:03,60
SFNC ,2018-12-05 18:44:03,60
SFNC ,2018-12-05 19:44:05,60
SFNC ,2018-12-05 20:44:04,60
SFNC ,2018-12-05 21:44:05,60
SFNC ,2018-12-05 22:44:05,60
SFNC ,2018-12-05 23:44:06,60
SFNC ,2018-12-06 00:44:05,60
SFNC ,2018-12-06 01:44:04,60
SFNC ,2018-12-06 02:44:03,60
SFNC ,2018-12-06 03:44:04,60
SFNC ,2018-12-06 04:44:01,60
SFNC ,2018-12-06 05:44:03,60
SFNC ,2018-12-06 06:44:03,60
SFNC ,2018-12-06 07:44:01,60
SFNC ,2018-12-06 08:44:05,60
SFNC ,2018-12-06 09:44:04,60
SFNC ,2018-12-06 10:44:02,60
SFNC ,2018-12-06 11:44:04,60
SFNC ,2018-12-06 12:44:04,60
SFNC ,2018-12-06 13:44:04,60
SFNC ,2018-12-06 14:44:06,60
SFNC ,2018-12-06 15:44:04,59
SFNC ,2018-12-06 16:44:04,59
SFNC ,2018-12-06 17:44:06,59
SFNC ,2018-12-06 18:44:04,59
SFNC ,2018-12-06 19:44:03,59
SFNC ,2018-12-06 20:44:03,59
SFNC ,2018-12-06 21:44:03,59
SFNC ,2018-12-06 22:44:02,59
SFNC ,2018-12-06 23:44:08,59
SFNC ,2018-12-07 00:44:09,59
SFNC ,2018-12-07 01:44:08,59
SFNC ,2018-12-07 02:44:06,59
SFNC ,2018-12-07 03:44:08,59
SFNC ,2018-12-07 04:44:09,59
SFNC ,2018-12-07 05:44:08,59
SFNC ,2018-12-07 06:44:08,59
SFNC ,2018-12-07 07:44:06,59
SFNC ,2018-12-07 08:44:06,59
SFNC ,2018-12-07 09:44:07,59
SFNC ,2018-12-07 10:44:06,59
SFNC ,2018-12-07 11:44:06,59
SFNC ,2018-12-07 12:44:07,59
SFNC ,2018-12-07 14:09:07,59
SFNC ,2018-12-07 14:44:12,59
SFNC ,2018-12-07 16:09:14,59
SFNC ,2018-12-07 16:44:08,59
SFNC ,2018-12-07 17:44:09,59
SFNC ,2018-12-07 18:44:08,59
SFNC ,2018-12-07 19:44:11,59
SFNC ,2018-12-07 20:44:09,59
SFNC ,2018-12-07 21:44:08,59
SFNC ,2018-12-07 22:44:10,59
SFNC ,2018-12-07 23:44:11,59
SFNC ,2018-12-08 00:44:09,59
SFNC ,2018-12-08 01:44:07,59
SFNC ,2018-12-08 03:44:10,59
SFNC ,2018-12-08 04:44:09,59
SFNC ,2018-12-08 05:44:10,59
SFNC ,2018-12-08 06:44:07,59
SFNC ,2018-12-08 07:44:09,59
SFNC ,2018-12-08 08:44:08,59
SFNC ,2018-12-08 09:44:07,59
SFNC ,2018-12-08 10:44:08,59
SFNC ,2018-12-08 11:44:08,59
SFNC ,2018-12-08 12:44:09,59
SFNC ,2018-12-08 13:44:07,59
SFNC ,2018-12-08 14:44:07,59
SFNC ,2018-12-08 15:44:07,59
SFNC ,2018-12-08 16:44:08,59
SFNC ,2018-12-08 17:44:08,59
SFNC ,2018-12-08 18:44:07,59
SFNC ,2018-12-08 19:44:08,59
SFNC ,2018-12-08 20:44:12,59
SFNC ,2018-12-08 21:44:12,59
SFNC ,2018-12-08 22:44:08,59
SFNC ,2018-12-08 23:44:10,59
SFNC ,2018-12-09 00:44:08,59
SFNC ,2018-12-09 01:44:10,59
SFNC ,2018-12-09 02:44:09,59
SFNC ,2018-12-09 03:44:08,59
SFNC ,2018-12-09 04:44:07,59
SFNC ,2018-12-09 05:44:07,59
SFNC ,2018-12-09 06:44:08,59
SFNC ,2018-12-09 07:44:10,59
SFNC ,2018-12-09 08:44:08,59
SFNC ,2018-12-09 09:44:12,59
SFNC ,2018-12-09 10:44:08,59
SFNC ,2018-12-09 11:44:10,59
SFNC ,2018-12-09 12:44:08,59
SFNC ,2018-12-09 13:44:08,59
SFNC ,2018-12-09 14:44:07,59
SFNC ,2018-12-09 15:44:09,59
SFNC ,2018-12-09 16:44:07,59
SFNC ,2018-12-09 17:44:07,59
SFNC ,2018-12-09 18:44:08,59
SFNC ,2018-12-09 19:44:07,59
SFNC ,2018-12-09 20:44:08,59
SFNC ,2018-12-09 21:44:07,59
SFNC ,2018-12-09 22:44:12,59
SFNC ,2018-12-09 23:44:09,59
SFNC ,2018-12-10 00:44:10,59
SFNC ,2018-12-10 01:44:07,59
SFNC ,2018-12-10 02:44:07,59
SFNC ,2018-12-10 03:44:08,59
SFNC ,2018-12-10 04:44:10,59
SFNC ,2018-12-10 05:44:07,59
SFNC ,2018-12-10 06:44:12,59
SFNC ,2018-12-10 07:44:12,59
SFNC ,2018-12-10 08:44:08,59
SFNC ,2018-12-10 09:44:08,59
SFNC ,2018-12-10 10:44:08,59
SFNC ,2018-12-10 11:44:07,59
SFNC ,2018-12-10 12:44:08,59
SFNC ,2018-12-10 13:44:12,59
SFNC ,2018-12-10 15:07:44,59
SFNC ,2018-12-10 15:44:06,59
SFNC ,2018-12-10 16:44:08,59
SFNC ,2018-12-10 17:44:09,60
SFNC ,2018-12-10 18:44:08,60
SFNC ,2018-12-10 19:44:08,60
SFNC ,2018-12-10 20:44:06,60
SFNC ,2018-12-10 21:44:08,60
SFNC ,2018-12-10 22:44:07,60
SFNC ,2018-12-10 23:44:09,60
SFNC ,2018-12-11 00:44:07,60
SFNC ,2018-12-11 01:44:06,60
SFNC ,2018-12-11 02:44:07,60
SFNC ,2018-12-11 03:44:07,60
SFNC ,2018-12-11 04:44:06,60
SFNC ,2018-12-11 05:44:09,60
SFNC ,2018-12-11 06:44:08,60
SFNC ,2018-12-11 07:44:07,60
SFNC ,2018-12-11 08:44:07,60
SFNC ,2018-12-11 09:44:07,60
SFNC ,2018-12-11 10:44:07,60
SFNC ,2018-12-11 11:44:08,60
SFNC ,2018-12-11 12:44:08,60
SFNC ,2018-12-11 13:44:06,60
SFNC ,2018-12-11 15:08:41,60
SFNC ,2018-12-11 15:44:08,60
SFNC ,2018-12-11 16:44:08,60
SFNC ,2018-12-11 17:44:08,60
SFNC ,2018-12-11 18:44:08,60
SFNC ,2018-12-11 19:44:08,60
SFNC ,2018-12-11 20:44:07,60
SFNC ,2018-12-11 21:44:10,60
SFNC ,2018-12-11 22:44:09,60
SFNC ,2018-12-11 23:44:08,60
SFNC ,2018-12-12 00:44:06,60
SFNC ,2018-12-12 01:44:06,60
SFNC ,2018-12-12 02:44:08,60
SFNC ,2018-12-12 03:44:07,60
SFNC ,2018-12-12 04:44:06,60
SFNC ,2018-12-12 05:44:06,60
SFNC ,2018-12-12 06:44:07,60
SFNC ,2018-12-12 07:44:07,60
SFNC ,2018-12-12 08:44:07,60
SFNC ,2018-12-12 09:44:07,60
SFNC ,2018-12-12 10:44:07,60
SFNC ,2018-12-12 11:44:10,60
SFNC ,2018-12-12 12:44:11,60
SFNC ,2018-12-12 14:09:45,60
SFNC ,2018-12-12 14:44:10,60
SFNC ,2018-12-12 15:44:09,60
SFNC ,2018-12-12 16:44:09,60
SFNC ,2018-12-12 17:44:09,60
SFNC ,2018-12-12 18:44:07,61
SFNC ,2018-12-12 19:44:08,61
SFNC ,2018-12-12 20:44:07,60
SFNC ,2018-12-12 21:44:08,60
SFNC ,2018-12-12 22:44:09,60
SFNC ,2018-12-12 23:44:09,60
SFNC ,2018-12-13 00:44:07,60
SFNC ,2018-12-13 01:44:08,60
SFNC ,2018-12-13 02:44:09,60
SFNC ,2018-12-13 03:44:07,60
SFNC ,2018-12-13 04:44:13,60
SFNC ,2018-12-13 05:44:11,60
SFNC ,2018-12-13 06:44:10,60
SFNC ,2018-12-13 07:44:08,60
SFNC ,2018-12-13 08:44:06,60
SFNC ,2018-12-13 09:44:07,60
SFNC ,2018-12-13 10:44:07,60
SFNC ,2018-12-13 11:44:07,60
SFNC ,2018-12-13 12:44:06,60
SFNC ,2018-12-13 14:08:11,60
SFNC ,2018-12-13 14:44:09,60
SFNC ,2018-12-13 15:44:10,60
SFNC ,2018-12-13 16:44:07,60
SFNC ,2018-12-13 17:44:10,59
SFNC ,2018-12-13 18:44:09,59
SFNC ,2018-12-13 19:44:09,59
SFNC ,2018-12-13 20:44:08,59
SFNC ,2018-12-13 21:44:07,59
SFNC ,2018-12-13 22:44:09,59
SFNC ,2018-12-13 23:44:08,59
SFNC ,2018-12-14 00:44:07,59
SFNC ,2018-12-14 01:44:08,59
SFNC ,2018-12-14 02:44:06,59
SFNC ,2018-12-14 03:44:07,59
SFNC ,2018-12-14 04:44:10,59
SFNC ,2018-12-14 05:44:07,59
SFNC ,2018-12-14 06:44:08,59
SFNC ,2018-12-14 07:44:08,59
SFNC ,2018-12-14 08:44:07,59
SFNC ,2018-12-14 09:44:07,59
SFNC ,2018-12-14 10:44:08,59
SFNC ,2018-12-14 11:44:09,59
SFNC ,2018-12-14 12:44:08,59
SFNC ,2018-12-14 14:08:11,59
SFNC ,2018-12-14 14:44:12,59
SFNC ,2018-12-14 15:44:10,59
SFNC ,2018-12-14 16:44:08,59
SFNC ,2018-12-14 17:44:10,59
SFNC ,2018-12-14 18:44:13,59
SFNC ,2018-12-14 19:44:13,59
SFNC ,2018-12-14 20:44:12,59
SFNC ,2018-12-14 21:44:08,59
SFNC ,2018-12-14 22:44:11,59
SFNC ,2018-12-14 23:44:10,59
SFNC ,2018-12-15 00:44:09,59
SFNC ,2018-12-15 01:44:11,59
SFNC ,2018-12-15 02:44:07,59
SFNC ,2018-12-15 03:44:09,59
SFNC ,2018-12-15 04:44:08,59
SFNC ,2018-12-15 05:44:11,59
SFNC ,2018-12-15 06:44:09,59
SFNC ,2018-12-15 07:44:09,59
SFNC ,2018-12-15 08:44:08,59
SFNC ,2018-12-15 09:44:08,59
SFNC ,2018-12-15 10:44:09,59
SFNC ,2018-12-15 11:44:08,59
SFNC ,2018-12-15 12:44:09,59
SFNC ,2018-12-15 13:44:08,59
SFNC ,2018-12-15 14:44:08,59
SFNC ,2018-12-15 15:44:09,59
SFNC ,2018-12-15 16:44:09,59
SFNC ,2018-12-15 17:44:11,59
SFNC ,2018-12-15 18:44:09,59
SFNC ,2018-12-15 19:44:09,59
SFNC ,2018-12-15 20:44:08,59
SFNC ,2018-12-15 21:44:08,59
SFNC ,2018-12-15 22:44:09,59
SFNC ,2018-12-15 23:44:08,59
SFNC ,2018-12-16 00:44:09,59
SFNC ,2018-12-16 01:44:08,59
SFNC ,2018-12-16 02:44:08,59
SFNC ,2018-12-16 03:44:09,59
SFNC ,2018-12-16 04:44:12,59
SFNC ,2018-12-16 05:44:08,59
SFNC ,2018-12-16 06:44:11,59
SFNC ,2018-12-16 07:44:09,59
SFNC ,2018-12-16 08:44:08,59
SFNC ,2018-12-16 09:44:11,59
SFNC ,2018-12-16 10:44:08,59
SFNC ,2018-12-16 11:44:09,59
SFNC ,2018-12-16 12:44:07,59
SFNC ,2018-12-16 13:44:08,59
SFNC ,2018-12-16 14:44:08,59
SFNC ,2018-12-16 15:44:08,59
SFNC ,2018-12-16 16:44:08,59
SFNC ,2018-12-16 17:44:12,59
SFNC ,2018-12-16 18:44:08,59
SFNC ,2018-12-16 19:44:10,59
SFNC ,2018-12-16 20:44:09,59
SFNC ,2018-12-16 21:44:08,59
SFNC ,2018-12-16 22:44:12,59
SFNC ,2018-12-16 23:44:11,59
SFNC ,2018-12-17 00:44:10,59
SFNC ,2018-12-17 01:44:08,59
SFNC ,2018-12-17 02:44:09,59
SFNC ,2018-12-17 03:44:08,59
SFNC ,2018-12-17 04:44:14,59
SFNC ,2018-12-17 05:44:08,59
SFNC ,2018-12-17 06:44:10,59
SFNC ,2018-12-17 07:44:09,59
SFNC ,2018-12-17 08:44:08,59
SFNC ,2018-12-17 09:44:08,59
SFNC ,2018-12-17 10:44:09,59
SFNC ,2018-12-17 11:44:08,59
SFNC ,2018-12-17 12:44:08,59
SFNC ,2018-12-17 13:44:11,59
SFNC ,2018-12-17 14:44:13,59
SFNC ,2018-12-17 15:44:10,62
SFNC ,2018-12-17 16:44:10,62
SFNC ,2018-12-17 17:44:09,62
SFNC ,2018-12-17 18:44:10,62
SFNC ,2018-12-17 20:09:42,62
SFNC ,2018-12-17 20:44:10,62
SFNC ,2018-12-17 21:44:11,62
SFNC ,2018-12-17 22:44:10,62
SFNC ,2018-12-17 23:44:08,62
SFNC ,2018-12-18 00:44:09,62
SFNC ,2018-12-18 01:44:10,62
SFNC ,2018-12-18 02:44:07,62
SFNC ,2018-12-18 03:44:09,62
SFNC ,2018-12-18 04:44:08,62
SFNC ,2018-12-18 05:44:09,62
SFNC ,2018-12-18 06:44:08,62
SFNC ,2018-12-18 07:44:08,62
SFNC ,2018-12-18 08:44:08,62
SFNC ,2018-12-18 09:44:07,62
SFNC ,2018-12-18 10:44:08,62
SFNC ,2018-12-18 11:44:07,62
SFNC ,2018-12-18 12:44:08,62
SFNC ,2018-12-18 13:44:08,62
SFNC ,2018-12-18 14:44:09,62
SFNC ,2018-12-18 15:44:09,61
SFNC ,2018-12-18 16:44:08,61
SFNC ,2018-12-18 17:44:09,61
SFNC ,2018-12-18 18:44:08,61
SFNC ,2018-12-18 19:44:08,60
SFNC ,2018-12-18 20:44:11,60
SFNC ,2018-12-18 21:44:10,60
SFNC ,2018-12-18 22:44:08,60
SFNC ,2018-12-18 23:44:11,60
SFNC ,2018-12-19 00:44:08,60
SFNC ,2018-12-19 01:44:09,60
SFNC ,2018-12-19 02:44:08,60
SFNC ,2018-12-19 03:44:11,60
SFNC ,2018-12-19 04:44:11,60
SFNC ,2018-12-19 05:44:12,60
SFNC ,2018-12-19 06:44:10,60
SFNC ,2018-12-19 07:44:09,60
SFNC ,2018-12-19 08:44:08,60
SFNC ,2018-12-19 09:44:10,60
SFNC ,2018-12-19 11:44:09,60
SFNC ,2018-12-19 12:44:08,60
SFNC ,2018-12-19 13:44:08,60
SFNC ,2018-12-19 14:44:10,60
SFNC ,2018-12-19 15:44:09,61
SFNC ,2018-12-19 16:44:09,61
SFNC ,2018-12-19 17:44:07,61
SFNC ,2018-12-19 18:44:10,61
SFNC ,2018-12-19 19:44:09,61
SFNC ,2018-12-19 20:44:09,61
SFNC ,2018-12-19 21:44:14,61
SFNC ,2018-12-19 22:44:14,61
SFNC ,2018-12-19 23:44:14,61
SFNC ,2018-12-20 00:44:14,61
SFNC ,2018-12-20 01:44:12,61
SFNC ,2018-12-20 02:44:11,61
SFNC ,2018-12-20 03:44:12,61
SFNC ,2018-12-20 04:44:12,61
SFNC ,2018-12-20 05:44:09,61
SFNC ,2018-12-20 06:44:10,61
SFNC ,2018-12-20 07:44:13,61
SFNC ,2018-12-20 08:44:11,61
SFNC ,2018-12-20 09:44:08,61
SFNC ,2018-12-20 10:44:10,61
SFNC ,2018-12-20 11:44:08,61
SFNC ,2018-12-20 12:44:08,61
SFNC ,2018-12-20 13:44:09,61
SFNC ,2018-12-20 14:44:12,61
SFNC ,2018-12-20 15:44:10,61
SFNC ,2018-12-20 16:44:16,61
SFNC ,2018-12-20 17:44:11,61
SFNC ,2018-12-20 18:44:09,61
SFNC ,2018-12-20 19:44:09,61
SFNC ,2018-12-20 20:44:12,61
SFNC ,2018-12-20 21:44:11,61
SFNC ,2018-12-20 22:44:11,61
SFNC ,2018-12-20 23:44:12,61
SFNC ,2018-12-21 00:44:10,61
SFNC ,2018-12-21 01:44:10,61
SFNC ,2018-12-21 02:44:11,61
SFNC ,2018-12-21 03:44:10,61
SFNC ,2018-12-21 04:44:12,61
SFNC ,2018-12-21 05:44:08,61
SFNC ,2018-12-21 06:44:11,61
SFNC ,2018-12-21 07:44:07,61
SFNC ,2018-12-21 08:44:08,61
SFNC ,2018-12-21 09:44:08,61
SFNC ,2018-12-21 10:44:07,61
SFNC ,2018-12-21 11:44:08,61
SFNC ,2018-12-21 12:44:09,61
SFNC ,2018-12-21 13:44:08,61
SFNC ,2018-12-21 14:44:11,61
SFNC ,2018-12-21 15:44:11,61
SFNC ,2018-12-21 16:44:11,61
SFNC ,2018-12-21 17:44:12,61
SFNC ,2018-12-21 18:44:14,61
SFNC ,2018-12-21 19:44:09,61
SFNC ,2018-12-21 20:44:15,61
SFNC ,2018-12-21 21:44:12,61
SFNC ,2018-12-21 22:44:12,61
SFNC ,2018-12-21 23:44:11,61
SFNC ,2018-12-22 00:44:13,61
SFNC ,2018-12-22 01:44:12,61
SFNC ,2018-12-22 02:44:14,61
SFNC ,2018-12-22 03:44:08,61
SFNC ,2018-12-22 04:44:13,61
SFNC ,2018-12-22 05:44:08,61
SFNC ,2018-12-22 06:44:12,61
SFNC ,2018-12-22 07:44:12,61
SFNC ,2018-12-22 08:44:08,61
SFNC ,2018-12-22 09:44:07,61
SFNC ,2018-12-22 10:44:09,61
SFNC ,2018-12-22 11:44:08,61
SFNC ,2018-12-22 12:44:07,61
SFNC ,2018-12-22 13:44:07,61
SFNC ,2018-12-22 14:44:09,61
SFNC ,2018-12-22 15:44:09,61
SFNC ,2018-12-22 16:44:07,61
SFNC ,2018-12-22 17:44:09,61
SFNC ,2018-12-22 18:44:08,61
SFNC ,2018-12-22 19:44:12,61
SFNC ,2018-12-22 20:44:10,61
SFNC ,2018-12-22 21:44:10,61
SFNC ,2018-12-22 22:44:12,61
SFNC ,2018-12-22 23:44:09,61
SFNC ,2018-12-23 00:44:09,61
SFNC ,2018-12-23 01:44:10,61
SFNC ,2018-12-23 02:44:08,61
SFNC ,2018-12-23 03:44:12,61
SFNC ,2018-12-23 04:44:10,61
SFNC ,2018-12-23 05:44:09,61
SFNC ,2018-12-23 06:44:12,61
SFNC ,2018-12-23 07:44:09,61
SFNC ,2018-12-23 08:44:11,61
SFNC ,2018-12-23 09:44:09,61
SFNC ,2018-12-23 10:44:13,61
SFNC ,2018-12-23 11:44:11,61
SFNC ,2018-12-23 12:44:08,61
SFNC ,2018-12-23 13:44:10,61
SFNC ,2018-12-23 14:44:11,61
SFNC ,2018-12-23 15:44:12,61
SFNC ,2018-12-23 16:44:13,61
SFNC ,2018-12-23 17:44:14,61
SFNC ,2018-12-23 18:44:11,61
SFNC ,2018-12-23 19:44:11,61
SFNC ,2018-12-23 20:44:13,61
SFNC ,2018-12-23 21:44:12,61
SFNC ,2018-12-23 22:44:10,61
SFNC ,2018-12-23 23:44:08,61
SFNC ,2018-12-24 00:44:10,61
SFNC ,2018-12-24 01:44:13,61
SFNC ,2018-12-24 02:44:14,61
SFNC ,2018-12-24 03:44:13,61
SFNC ,2018-12-24 04:44:08,61
SFNC ,2018-12-24 05:44:09,61
SFNC ,2018-12-24 06:44:10,61
SFNC ,2018-12-24 07:44:13,61
SFNC ,2018-12-24 08:44:08,61
SFNC ,2018-12-24 09:44:14,61
SFNC ,2018-12-24 10:44:09,61
SFNC ,2018-12-24 11:44:11,61
SFNC ,2018-12-24 12:44:09,61
SFNC ,2018-12-24 13:44:11,61
SFNC ,2018-12-24 15:07:49,61
SFNC ,2018-12-24 15:44:14,61
SFNC ,2018-12-24 16:44:11,61
SFNC ,2018-12-24 17:44:12,60
SFNC ,2018-12-24 18:44:14,60
SFNC ,2018-12-24 19:44:14,60
SFNC ,2018-12-24 20:44:14,60
SFNC ,2018-12-24 21:44:08,60
SFNC ,2018-12-24 22:44:09,60
SFNC ,2018-12-24 23:44:07,60
SFNC ,2018-12-25 00:44:10,60
SFNC ,2018-12-25 01:44:08,60
SFNC ,2018-12-25 02:44:12,60
SFNC ,2018-12-25 03:44:11,60
SFNC ,2018-12-25 04:44:10,60
SFNC ,2018-12-25 05:44:10,60
SFNC ,2018-12-25 06:44:11,60
SFNC ,2018-12-25 07:44:09,60
SFNC ,2018-12-25 08:44:09,60
SFNC ,2018-12-25 09:44:08,60
SFNC ,2018-12-25 10:44:07,60
SFNC ,2018-12-25 11:44:08,60
SFNC ,2018-12-25 12:44:09,60
SFNC ,2018-12-25 13:44:09,60
SFNC ,2018-12-25 14:44:08,60
SFNC ,2018-12-25 15:44:09,60
SFNC ,2018-12-25 16:44:08,60
SFNC ,2018-12-25 17:44:11,60
SFNC ,2018-12-25 18:44:09,60
SFNC ,2018-12-25 19:44:09,60
SFNC ,2018-12-25 20:44:09,60
SFNC ,2018-12-25 21:44:08,60
SFNC ,2018-12-25 22:44:09,60
SFNC ,2018-12-25 23:44:09,60
SFNC ,2018-12-26 00:44:10,60
SFNC ,2018-12-26 01:44:09,60
SFNC ,2018-12-26 02:44:10,60
SFNC ,2018-12-26 03:44:08,60
SFNC ,2018-12-26 04:44:08,60
SFNC ,2018-12-26 05:44:08,60
SFNC ,2018-12-26 06:44:13,60
SFNC ,2018-12-26 07:44:11,60
SFNC ,2018-12-26 08:44:12,60
SFNC ,2018-12-26 09:44:08,60
SFNC ,2018-12-26 10:44:10,60
SFNC ,2018-12-26 11:44:08,60
SFNC ,2018-12-26 12:44:09,60
SFNC ,2018-12-26 13:44:15,60
SFNC ,2018-12-26 15:09:19,60
SFNC ,2018-12-26 15:44:11,60
SFNC ,2018-12-26 16:44:11,60
SFNC ,2018-12-26 17:44:12,60
SFNC ,2018-12-26 18:44:09,60
SFNC ,2018-12-26 19:44:11,60
SFNC ,2018-12-26 20:44:11,60
SFNC ,2018-12-26 21:44:12,60
SFNC ,2018-12-26 22:44:13,60
SFNC ,2018-12-26 23:44:12,60
SFNC ,2018-12-27 00:44:13,60
SFNC ,2018-12-27 01:44:13,60
SFNC ,2018-12-27 02:44:12,60
SFNC ,2018-12-27 03:44:13,60
SFNC ,2018-12-27 04:44:09,60
SFNC ,2018-12-27 05:44:11,60
SFNC ,2018-12-27 06:44:10,60
SFNC ,2018-12-27 07:44:11,60
SFNC ,2018-12-27 08:44:08,60
SFNC ,2018-12-27 09:44:10,60
SFNC ,2018-12-27 10:44:11,60
SFNC ,2018-12-27 11:44:08,60
SFNC ,2018-12-27 12:44:09,60
SFNC ,2018-12-27 13:44:07,60
SFNC ,2018-12-27 14:44:10,60
SFNC ,2018-12-27 15:44:08,60
SFNC ,2018-12-27 16:44:09,60
SFNC ,2018-12-27 17:44:13,60
SFNC ,2018-12-27 18:44:14,60
SFNC ,2018-12-27 19:44:13,60
SFNC ,2018-12-27 20:44:10,60
SFNC ,2018-12-27 21:44:12,60
SFNC ,2018-12-27 22:44:17,60
SFNC ,2018-12-27 23:44:19,60
SFNC ,2018-12-28 00:44:17,60
SFNC ,2018-12-28 01:44:14,60
SFNC ,2018-12-28 02:44:14,60
SFNC ,2018-12-28 03:44:10,60
SFNC ,2018-12-28 04:44:12,60
SFNC ,2018-12-28 05:44:09,60
SFNC ,2018-12-28 06:44:18,60
SFNC ,2018-12-28 07:44:17,60
SFNC ,2018-12-28 08:44:13,60
SFNC ,2018-12-28 09:44:13,60
SFNC ,2018-12-28 10:44:09,60
SFNC ,2018-12-28 11:44:11,60
SFNC ,2018-12-28 12:44:08,60
SFNC ,2018-12-28 13:44:09,60
SFNC ,2018-12-28 14:44:11,60
SFNC ,2018-12-28 16:09:45,60
SFNC ,2018-12-28 16:44:10,60
SFNC ,2018-12-28 17:44:15,60
SFNC ,2018-12-28 18:44:13,60
SFNC ,2018-12-28 19:44:10,60
SFNC ,2018-12-28 20:44:13,59
SFNC ,2018-12-28 21:44:13,59
SFNC ,2018-12-28 22:44:09,59
SFNC ,2018-12-28 23:44:11,59
SFNC ,2018-12-29 00:44:10,59
SFNC ,2018-12-29 01:44:08,59
SFNC ,2018-12-29 02:44:10,59
SFNC ,2018-12-29 03:44:08,59
SFNC ,2018-12-29 04:44:09,59
SFNC ,2018-12-29 05:44:09,59
SFNC ,2018-12-29 06:44:08,59
SFNC ,2018-12-29 07:44:16,59
SFNC ,2018-12-29 08:44:14,59
SFNC ,2018-12-29 09:44:11,59
SFNC ,2018-12-29 10:44:10,59
SFNC ,2018-12-29 11:44:10,59
SFNC ,2018-12-29 12:44:09,59
SFNC ,2018-12-29 13:44:10,59
SFNC ,2018-12-29 14:44:08,59
SFNC ,2018-12-29 15:44:08,59
SFNC ,2018-12-29 16:44:11,59
SFNC ,2018-12-29 17:44:08,59
SFNC ,2018-12-29 18:44:13,59
SFNC ,2018-12-29 19:44:14,59
SFNC ,2018-12-29 20:44:09,59
SFNC ,2018-12-29 21:44:14,59
SFNC ,2018-12-29 22:44:10,59
SFNC ,2018-12-29 23:44:15,59
SFNC ,2018-12-30 00:44:09,59
SFNC ,2018-12-30 01:44:11,59
SFNC ,2018-12-30 02:44:08,59
SFNC ,2018-12-30 03:44:10,59
SFNC ,2018-12-30 04:44:08,59
SFNC ,2018-12-30 05:44:08,59
SFNC ,2018-12-30 06:44:08,59
SFNC ,2018-12-30 07:44:08,59
SFNC ,2018-12-30 08:44:08,59
SFNC ,2018-12-30 09:44:08,59
SFNC ,2018-12-30 10:44:07,59
SFNC ,2018-12-30 11:44:08,59
SFNC ,2018-12-30 12:44:08,59
SFNC ,2018-12-30 13:44:08,59
SFNC ,2018-12-30 14:44:08,59
SFNC ,2018-12-30 15:44:07,59
SFNC ,2018-12-30 16:44:08,59
SFNC ,2018-12-30 17:44:09,59
SFNC ,2018-12-30 18:44:07,59
SFNC ,2018-12-30 19:44:08,59
SFNC ,2018-12-30 20:44:08,59
SFNC ,2018-12-30 21:44:09,59
SFNC ,2018-12-30 22:44:11,59
SFNC ,2018-12-30 23:44:10,59
SFNC ,2018-12-31 00:44:10,59
SFNC ,2018-12-31 01:44:08,59
SFNC ,2018-12-31 02:44:07,59
SFNC ,2018-12-31 03:44:11,59
SFNC ,2018-12-31 04:44:10,59
SFNC ,2018-12-31 05:44:12,59
SFNC ,2018-12-31 06:44:09,59
SFNC ,2018-12-31 07:44:09,59
SFNC ,2018-12-31 08:44:09,59
SFNC ,2018-12-31 09:44:11,59
SFNC ,2018-12-31 10:44:11,59
SFNC ,2018-12-31 11:44:09,59
SFNC ,2018-12-31 12:44:08,59
SFNC ,2018-12-31 13:44:09,59
SFNC ,2018-12-31 14:44:14,59
SFNC ,2018-12-31 15:44:10,59
SFNC ,2018-12-31 16:44:10,59
SFNC ,2018-12-31 17:44:12,59
SFNC ,2018-12-31 18:44:11,59
SFNC ,2018-12-31 19:44:12,59
SFNC ,2018-12-31 20:44:12,59
SFNC ,2018-12-31 21:44:11,59
SFNC ,2018-12-31 22:44:11,59
SFNC ,2018-12-31 23:44:09,59
SFNC ,2019-01-01 00:44:10,59
SFNC ,2019-01-01 01:44:12,59
SFNC ,2019-01-01 02:44:10,59
SFNC ,2019-01-01 03:44:09,59
SFNC ,2019-01-01 04:44:10,59
SFNC ,2019-01-01 05:44:09,59
SFNC ,2019-01-01 06:44:09,59
SFNC ,2019-01-01 07:44:09,59
SFNC ,2019-01-01 08:44:10,59
SFNC ,2019-01-01 09:44:08,59
SFNC ,2019-01-01 10:44:09,59
SFNC ,2019-01-01 11:44:09,59
SFNC ,2019-01-01 12:44:09,59
SFNC ,2019-01-01 13:44:09,59
SFNC ,2019-01-01 14:44:09,59
SFNC ,2019-01-01 15:44:09,59
SFNC ,2019-01-01 16:44:09,59
SFNC ,2019-01-01 17:44:10,59
SFNC ,2019-01-01 18:44:08,59
SFNC ,2019-01-01 19:44:09,59
SFNC ,2019-01-01 20:44:08,59
SFNC ,2019-01-01 21:44:10,59
SFNC ,2019-01-01 22:44:12,59
SFNC ,2019-01-01 23:44:09,59
SFNC ,2019-01-02 00:44:10,59
SFNC ,2019-01-02 01:44:08,59
SFNC ,2019-01-02 02:44:11,59
SFNC ,2019-01-02 03:44:10,59
SFNC ,2019-01-02 04:44:09,59
SFNC ,2019-01-02 05:44:12,59
SFNC ,2019-01-02 06:44:09,59
SFNC ,2019-01-02 07:44:11,59
SFNC ,2019-01-02 08:44:10,59
SFNC ,2019-01-02 09:44:10,59
SFNC ,2019-01-02 10:44:12,59
SFNC ,2019-01-02 11:44:09,59
SFNC ,2019-01-02 12:44:08,59
SFNC ,2019-01-02 13:44:08,59
SFNC ,2019-01-02 15:09:17,59
SFNC ,2019-01-02 15:44:12,59
SFNC ,2019-01-02 16:44:08,59
SFNC ,2019-01-02 17:44:09,59
SFNC ,2019-01-02 18:44:12,59
SFNC ,2019-01-02 19:44:12,59
SFNC ,2019-01-02 20:44:11,59
SFNC ,2019-01-02 21:44:08,59
SFNC ,2019-01-02 22:44:10,59
SFNC ,2019-01-02 23:44:14,59
SFNC ,2019-01-03 00:44:11,59
SFNC ,2019-01-03 01:44:09,59
SFNC ,2019-01-03 02:44:10,59
SFNC ,2019-01-03 03:44:09,59
SFNC ,2019-01-03 05:44:12,59
SFNC ,2019-01-03 06:44:09,59
SFNC ,2019-01-03 07:44:11,59
SFNC ,2019-01-03 08:44:09,59
SFNC ,2019-01-03 09:44:10,59
SFNC ,2019-01-03 10:44:10,59
SFNC ,2019-01-03 11:44:09,59
SFNC ,2019-01-03 12:44:09,59
SFNC ,2019-01-03 13:44:08,59
SFNC ,2019-01-03 14:44:14,59
SFNC ,2019-01-03 15:44:14,59
SFNC ,2019-01-03 16:44:14,59
SFNC ,2019-01-03 17:44:16,59
SFNC ,2019-01-03 18:44:12,59
SFNC ,2019-01-03 19:44:13,59
SFNC ,2019-01-03 20:44:10,59
SFNC ,2019-01-03 21:44:12,59
SFNC ,2019-01-03 22:44:15,59
SFNC ,2019-01-03 23:44:10,59
SFNC ,2019-01-04 00:44:12,59
SFNC ,2019-01-04 01:44:11,59
SFNC ,2019-01-04 02:44:15,59
SFNC ,2019-01-04 03:44:10,59
SFNC ,2019-01-04 04:44:10,59
SFNC ,2019-01-04 05:44:12,59
SFNC ,2019-01-04 06:44:13,59
SFNC ,2019-01-04 07:44:10,59
SFNC ,2019-01-04 08:44:11,59
SFNC ,2019-01-04 09:44:12,59
SFNC ,2019-01-04 10:44:09,59
SFNC ,2019-01-04 11:44:10,59
SFNC ,2019-01-04 12:44:10,59
SFNC ,2019-01-04 13:44:10,59
SFNC ,2019-01-04 15:09:01,59
SFNC ,2019-01-04 15:44:13,59
SFNC ,2019-01-04 16:44:12,60
SFNC ,2019-01-04 17:44:10,61
SFNC ,2019-01-04 18:44:13,61
SFNC ,2019-01-04 19:44:13,61
SFNC ,2019-01-04 20:44:12,61
SFNC ,2019-01-04 21:44:12,61
SFNC ,2019-01-04 22:44:08,61
SFNC ,2019-01-04 23:44:11,61
SFNC ,2019-01-05 00:44:14,61
SFNC ,2019-01-05 01:44:10,61
SFNC ,2019-01-05 02:44:12,61
SFNC ,2019-01-05 03:44:10,61
SFNC ,2019-01-05 04:44:10,61
SFNC ,2019-01-05 05:44:10,61
SFNC ,2019-01-05 06:44:08,61
SFNC ,2019-01-05 07:44:09,61
SFNC ,2019-01-05 08:44:12,61
SFNC ,2019-01-05 09:44:12,61
SFNC ,2019-01-05 10:44:09,61
SFNC ,2019-01-05 11:44:08,61
SFNC ,2019-01-05 12:44:09,61
SFNC ,2019-01-05 13:44:09,61
SFNC ,2019-01-05 14:44:09,61
SFNC ,2019-01-05 15:44:09,61
SFNC ,2019-01-05 16:44:09,61
SFNC ,2019-01-05 17:44:09,61
SFNC ,2019-01-05 18:44:10,61
SFNC ,2019-01-05 19:44:15,61
SFNC ,2019-01-05 20:44:10,61
SFNC ,2019-01-05 21:44:12,61
SFNC ,2019-01-05 22:44:09,61
SFNC ,2019-01-05 23:44:09,61
SFNC ,2019-01-06 00:44:10,61
SFNC ,2019-01-06 01:44:09,61
SFNC ,2019-01-06 02:44:09,61
SFNC ,2019-01-06 03:44:10,61
SFNC ,2019-01-06 04:44:10,61
SFNC ,2019-01-06 05:44:10,61
SFNC ,2019-01-06 06:44:08,61
SFNC ,2019-01-06 07:44:10,61
SFNC ,2019-01-06 08:44:08,61
SFNC ,2019-01-06 09:44:08,61
SFNC ,2019-01-06 10:44:08,61
SFNC ,2019-01-06 11:44:09,61
SFNC ,2019-01-06 12:44:09,61
SFNC ,2019-01-06 13:44:09,61
SFNC ,2019-01-06 14:44:09,61
SFNC ,2019-01-06 15:44:09,61
SFNC ,2019-01-06 16:44:09,61
SFNC ,2019-01-06 17:44:09,61
SFNC ,2019-01-06 18:44:09,61
SFNC ,2019-01-06 19:44:08,61
SFNC ,2019-01-06 20:44:08,61
SFNC ,2019-01-06 21:44:09,61
SFNC ,2019-01-06 22:44:09,61
SFNC ,2019-01-06 23:44:10,61
SFNC ,2019-01-07 00:44:08,61
SFNC ,2019-01-07 01:44:08,61
SFNC ,2019-01-07 02:44:11,61
SFNC ,2019-01-07 03:44:10,61
SFNC ,2019-01-07 04:44:10,61
SFNC ,2019-01-07 05:44:08,61
SFNC ,2019-01-07 06:44:09,61
SFNC ,2019-01-07 07:44:09,61
SFNC ,2019-01-07 08:44:09,61
SFNC ,2019-01-07 09:44:10,61
SFNC ,2019-01-07 10:44:12,61
SFNC ,2019-01-07 11:44:10,61
SFNC ,2019-01-07 12:44:11,61
SFNC ,2019-01-07 14:09:42,61
SFNC ,2019-01-07 14:44:11,61
SFNC ,2019-01-07 15:44:13,61
SFNC ,2019-01-07 16:44:14,62
SFNC ,2019-01-07 17:44:14,62
SFNC ,2019-01-07 18:44:12,62
SFNC ,2019-01-07 19:44:09,62
SFNC ,2019-01-07 20:44:14,62
SFNC ,2019-01-07 21:44:12,62
SFNC ,2019-01-07 22:44:10,62
SFNC ,2019-01-07 23:44:14,62
SFNC ,2019-01-08 00:44:08,62
SFNC ,2019-01-08 01:44:10,62
SFNC ,2019-01-08 02:44:13,62
SFNC ,2019-01-08 03:44:11,62
SFNC ,2019-01-08 04:44:10,62
SFNC ,2019-01-08 05:44:11,62
SFNC ,2019-01-08 06:44:10,62
SFNC ,2019-01-08 07:44:09,62
SFNC ,2019-01-08 08:44:10,62
SFNC ,2019-01-08 09:44:09,62
SFNC ,2019-01-08 10:44:11,62
SFNC ,2019-01-08 11:44:12,62
SFNC ,2019-01-08 12:44:11,62
SFNC ,2019-01-08 13:44:12,62
SFNC ,2019-01-08 14:44:15,62
SFNC ,2019-01-08 15:44:13,62
SFNC ,2019-01-08 16:44:11,62
SFNC ,2019-01-08 17:44:11,62
SFNC ,2019-01-08 18:44:11,62
SFNC ,2019-01-08 19:44:10,62
SFNC ,2019-01-08 20:44:09,62
SFNC ,2019-01-08 21:44:11,62
SFNC ,2019-01-08 22:44:09,62
SFNC ,2019-01-08 23:44:12,62
SFNC ,2019-01-09 00:44:12,62
SFNC ,2019-01-09 01:44:10,62
SFNC ,2019-01-09 02:45:02,62
SFNC ,2019-01-09 04:44:13,62
SFNC ,2019-01-09 05:44:13,62
SFNC ,2019-01-09 06:44:10,62
SFNC ,2019-01-09 07:44:17,62
SFNC ,2019-01-09 08:44:16,62
SFNC ,2019-01-09 09:44:10,62
SFNC ,2019-01-09 10:44:11,62
SFNC ,2019-01-09 11:44:09,62
SFNC ,2019-01-09 12:44:09,62
SFNC ,2019-01-09 14:09:43,62
SFNC ,2019-01-09 14:44:15,62
SFNC ,2019-01-09 15:44:13,62
SFNC ,2019-01-09 16:44:15,62
SFNC ,2019-01-09 17:44:12,62
SFNC ,2019-01-09 18:44:12,62
SFNC ,2019-01-09 19:44:12,62
SFNC ,2019-01-09 20:44:16,62
SFNC ,2019-01-09 21:44:12,62
SFNC ,2019-01-09 22:44:11,62
SFNC ,2019-01-09 23:44:10,62
SFNC ,2019-01-10 00:44:08,62
SFNC ,2019-01-10 01:44:09,62
SFNC ,2019-01-10 02:44:10,62
SFNC ,2019-01-10 03:44:08,62
SFNC ,2019-01-10 04:44:08,62
SFNC ,2019-01-10 05:44:09,62
SFNC ,2019-01-10 06:44:08,62
SFNC ,2019-01-10 07:44:10,62
SFNC ,2019-01-10 08:44:09,62
SFNC ,2019-01-10 09:44:09,62
SFNC ,2019-01-10 10:44:08,62
SFNC ,2019-01-10 11:44:08,62
SFNC ,2019-01-10 12:44:08,62
SFNC ,2019-01-10 13:44:10,62
SFNC ,2019-01-10 15:08:48,62
SFNC ,2019-01-10 15:44:14,62
SFNC ,2019-01-10 16:44:13,62
SFNC ,2019-01-10 17:44:13,62
SFNC ,2019-01-10 18:44:10,62
SFNC ,2019-01-10 19:44:10,63
SFNC ,2019-01-10 20:44:14,63
SFNC ,2019-01-10 21:44:13,63
SFNC ,2019-01-10 22:44:10,63
SFNC ,2019-01-10 23:44:12,63
SFNC ,2019-01-11 00:44:12,63
SFNC ,2019-01-11 01:44:10,63
SFNC ,2019-01-11 02:44:12,63
SFNC ,2019-01-11 03:44:11,63
SFNC ,2019-01-11 04:44:12,63
SFNC ,2019-01-11 05:44:12,63
SFNC ,2019-01-11 06:44:10,63
SFNC ,2019-01-11 07:44:15,63
SFNC ,2019-01-11 08:44:11,63
SFNC ,2019-01-11 09:44:12,63
SFNC ,2019-01-11 10:44:10,63
SFNC ,2019-01-11 11:44:10,63
SFNC ,2019-01-11 12:44:11,63
SFNC ,2019-01-11 13:44:10,63
SFNC ,2019-01-11 14:44:15,63
SFNC ,2019-01-11 15:44:15,63
SFNC ,2019-01-11 16:44:10,63
SFNC ,2019-01-11 17:44:12,63
SFNC ,2019-01-11 18:44:11,63
SFNC ,2019-01-11 19:44:15,63
SFNC ,2019-01-11 20:44:13,63
SFNC ,2019-01-11 21:44:09,63
SFNC ,2019-01-11 22:44:11,63
SFNC ,2019-01-11 23:44:10,63
SFNC ,2019-01-12 00:44:10,63
SFNC ,2019-01-12 01:44:13,63
SFNC ,2019-01-12 02:44:10,63
SFNC ,2019-01-12 03:44:11,63
SFNC ,2019-01-12 04:44:09,63
SFNC ,2019-01-12 05:44:09,63
SFNC ,2019-01-12 06:44:11,63
SFNC ,2019-01-12 07:44:08,63
SFNC ,2019-01-12 08:44:09,63
SFNC ,2019-01-12 09:44:10,63
SFNC ,2019-01-12 10:44:10,63
SFNC ,2019-01-12 11:44:09,63
SFNC ,2019-01-12 12:44:09,63
SFNC ,2019-01-12 13:44:09,63
SFNC ,2019-01-12 14:44:10,63
SFNC ,2019-01-12 15:44:09,63
SFNC ,2019-01-12 16:44:12,63
SFNC ,2019-01-12 17:44:11,63
SFNC ,2019-01-12 18:44:08,63
SFNC ,2019-01-12 19:44:12,63
SFNC ,2019-01-12 20:44:11,63
SFNC ,2019-01-12 21:44:09,63
SFNC ,2019-01-12 22:44:10,63
SFNC ,2019-01-12 23:44:15,63
SFNC ,2019-01-13 00:44:10,63
SFNC ,2019-01-13 01:44:09,63
SFNC ,2019-01-13 02:44:10,63
SFNC ,2019-01-13 03:44:09,63
SFNC ,2019-01-13 04:44:12,63
SFNC ,2019-01-13 05:44:10,63
SFNC ,2019-01-13 06:44:10,63
SFNC ,2019-01-13 07:44:10,63
SFNC ,2019-01-13 08:44:09,63
SFNC ,2019-01-13 09:44:11,63
SFNC ,2019-01-13 10:44:17,63
SFNC ,2019-01-13 11:44:13,63
SFNC ,2019-01-13 12:44:09,63
SFNC ,2019-01-13 13:44:10,63
SFNC ,2019-01-13 14:44:08,63
SFNC ,2019-01-13 15:44:10,63
SFNC ,2019-01-13 16:44:09,63
SFNC ,2019-01-13 17:44:10,63
SFNC ,2019-01-13 18:44:09,63
SFNC ,2019-01-13 19:44:10,63
SFNC ,2019-01-13 20:44:12,63
SFNC ,2019-01-13 21:44:10,63
SFNC ,2019-01-13 22:44:11,63
SFNC ,2019-01-13 23:44:10,63
SFNC ,2019-01-14 00:44:10,63
SFNC ,2019-01-14 01:44:10,63
SFNC ,2019-01-14 02:44:10,63
SFNC ,2019-01-14 03:44:09,63
SFNC ,2019-01-14 04:44:10,63
SFNC ,2019-01-14 05:44:11,63
SFNC ,2019-01-14 06:44:09,63
SFNC ,2019-01-14 07:44:09,63
SFNC ,2019-01-14 08:44:09,63
SFNC ,2019-01-14 09:44:10,63
SFNC ,2019-01-14 10:44:11,63
SFNC ,2019-01-14 11:44:10,63
SFNC ,2019-01-14 12:44:10,63
SFNC ,2019-01-14 13:44:10,63
SFNC ,2019-01-14 14:44:11,63
SFNC ,2019-01-14 15:44:13,64
SFNC ,2019-01-14 16:44:11,64
SFNC ,2019-01-14 17:44:10,65
SFNC ,2019-01-14 18:44:11,65
SFNC ,2019-01-14 19:44:13,65
SFNC ,2019-01-14 20:44:09,65
SFNC ,2019-01-14 21:44:10,65
SFNC ,2019-01-14 22:44:09,65
SFNC ,2019-01-14 23:44:09,65
SFNC ,2019-01-15 00:44:10,65
SFNC ,2019-01-15 01:44:09,65
SFNC ,2019-01-15 02:44:10,65
SFNC ,2019-01-15 03:44:10,65
SFNC ,2019-01-15 04:44:14,65
SFNC ,2019-01-15 05:44:09,65
SFNC ,2019-01-15 06:44:09,65
SFNC ,2019-01-15 07:44:09,65
SFNC ,2019-01-15 08:44:09,65
SFNC ,2019-01-15 09:44:09,65
SFNC ,2019-01-15 10:44:09,65
SFNC ,2019-01-15 11:44:09,65
SFNC ,2019-01-15 12:44:10,65
SFNC ,2019-01-15 13:44:09,65
SFNC ,2019-01-15 14:44:15,65
SFNC ,2019-01-15 15:44:12,65
SFNC ,2019-01-15 16:44:13,65
SFNC ,2019-01-15 17:44:09,65
SFNC ,2019-01-15 18:44:10,65
SFNC ,2019-01-15 19:44:10,65
SFNC ,2019-01-15 20:44:11,65
SFNC ,2019-01-15 21:44:11,65
SFNC ,2019-01-15 22:44:11,65
SFNC ,2019-01-15 23:44:13,65
SFNC ,2019-01-16 00:44:10,65
SFNC ,2019-01-16 01:44:17,65
SFNC ,2019-01-16 02:44:10,65
SFNC ,2019-01-16 03:44:08,65
SFNC ,2019-01-16 04:44:10,65
SFNC ,2019-01-16 05:44:08,65
SFNC ,2019-01-16 06:44:09,65
SFNC ,2019-01-16 07:44:09,65
SFNC ,2019-01-16 08:44:08,65
SFNC ,2019-01-16 09:44:09,65
SFNC ,2019-01-16 10:44:08,65
SFNC ,2019-01-16 11:44:08,65
SFNC ,2019-01-16 12:44:08,65
SFNC ,2019-01-16 14:10:43,65
SFNC ,2019-01-16 15:09:44,65
SFNC ,2019-01-16 15:44:10,65
SFNC ,2019-01-16 16:44:10,65
SFNC ,2019-01-16 17:44:09,65
SFNC ,2019-01-16 18:44:14,65
SFNC ,2019-01-16 19:44:11,65
SFNC ,2019-01-16 20:44:09,65
SFNC ,2019-01-16 21:44:10,65
SFNC ,2019-01-16 22:44:09,65
SFNC ,2019-01-16 23:44:07,65
SFNC ,2019-01-17 00:44:09,65
SFNC ,2019-01-17 01:44:10,65
SFNC ,2019-01-17 02:44:12,65
SFNC ,2019-01-17 03:44:10,65
SFNC ,2019-01-17 04:44:11,65
SFNC ,2019-01-17 05:44:09,65
SFNC ,2019-01-17 06:44:09,65
SFNC ,2019-01-17 07:44:08,65
SFNC ,2019-01-17 08:44:08,65
SFNC ,2019-01-17 09:44:10,65
SFNC ,2019-01-17 10:44:09,65
SFNC ,2019-01-17 11:44:09,65
SFNC ,2019-01-17 12:44:08,65
SFNC ,2019-01-17 13:44:08,65
SFNC ,2019-01-17 15:10:16,65
SFNC ,2019-01-17 15:44:12,65
SFNC ,2019-01-17 16:44:09,65
SFNC ,2019-01-17 17:44:08,65
SFNC ,2019-01-17 18:44:09,65
SFNC ,2019-01-17 19:44:12,65
SFNC ,2019-01-17 20:44:11,65
SFNC ,2019-01-17 21:44:09,65
SFNC ,2019-01-17 22:44:09,65
SFNC ,2019-01-17 23:44:08,65
SFNC ,2019-01-18 00:44:09,65
SFNC ,2019-01-18 01:44:10,65
SFNC ,2019-01-18 02:44:08,65
SFNC ,2019-01-18 03:44:12,65
SFNC ,2019-01-18 04:44:10,65
SFNC ,2019-01-18 05:44:09,65
SFNC ,2019-01-18 06:44:09,65
SFNC ,2019-01-18 07:44:09,65
SFNC ,2019-01-18 08:44:08,65
SFNC ,2019-01-18 09:44:09,65
SFNC ,2019-01-18 10:44:09,65
SFNC ,2019-01-18 11:44:08,65
SFNC ,2019-01-18 12:44:09,65
SFNC ,2019-01-18 13:44:10,65
SFNC ,2019-01-18 14:44:15,65
SFNC ,2019-01-18 15:44:13,65
SFNC ,2019-01-18 16:44:13,65
SFNC ,2019-01-18 17:44:13,65
SFNC ,2019-01-18 18:44:12,65
SFNC ,2019-01-18 19:44:09,65
SFNC ,2019-01-18 20:44:12,65
SFNC ,2019-01-18 21:44:10,65
SFNC ,2019-01-18 22:44:09,65
SFNC ,2019-01-18 23:44:10,65
SFNC ,2019-01-19 00:44:10,65
SFNC ,2019-01-19 01:44:10,65
SFNC ,2019-01-19 02:44:10,65
SFNC ,2019-01-19 03:44:10,65
SFNC ,2019-01-19 04:44:11,65
SFNC ,2019-01-19 05:44:10,65
SFNC ,2019-01-19 06:44:10,65
SFNC ,2019-01-19 07:44:09,65
SFNC ,2019-01-19 08:44:10,65
SFNC ,2019-01-19 09:44:10,65
SFNC ,2019-01-19 10:44:11,65
SFNC ,2019-01-19 11:44:09,65
SFNC ,2019-01-19 12:44:08,65
SFNC ,2019-01-19 13:44:10,65
SFNC ,2019-01-19 14:44:09,65
SFNC ,2019-01-19 15:44:11,65
SFNC ,2019-01-19 16:44:10,65
SFNC ,2019-01-19 17:44:10,65
SFNC ,2019-01-19 18:44:09,65
SFNC ,2019-01-19 19:44:09,65
SFNC ,2019-01-19 20:44:09,65
SFNC ,2019-01-19 21:44:09,65
SFNC ,2019-01-19 22:44:10,65
SFNC ,2019-01-19 23:44:10,65
SFNC ,2019-01-20 00:44:11,65
SFNC ,2019-01-20 01:44:09,65
SFNC ,2019-01-20 02:44:11,65
SFNC ,2019-01-20 03:44:10,65
SFNC ,2019-01-20 04:44:13,65
SFNC ,2019-01-20 05:44:10,65
SFNC ,2019-01-20 06:44:10,65
SFNC ,2019-01-20 07:44:10,65
SFNC ,2019-01-20 08:44:10,65
SFNC ,2019-01-20 09:44:10,65
SFNC ,2019-01-20 10:44:09,65
SFNC ,2019-01-20 11:44:10,65
SFNC ,2019-01-20 12:44:10,65
SFNC ,2019-01-20 13:44:09,65
SFNC ,2019-01-20 14:44:10,65
SFNC ,2019-01-20 15:44:10,65
SFNC ,2019-01-20 16:44:11,65
SFNC ,2019-01-20 17:44:10,65
SFNC ,2019-01-20 18:44:10,65
SFNC ,2019-01-20 19:44:10,65
SFNC ,2019-01-20 20:44:10,65
SFNC ,2019-01-20 21:44:09,65
SFNC ,2019-01-20 22:44:10,65
SFNC ,2019-01-20 23:44:11,65
SFNC ,2019-01-21 00:44:10,65
SFNC ,2019-01-21 01:44:10,65
SFNC ,2019-01-21 02:44:10,65
SFNC ,2019-01-21 03:44:10,65
SFNC ,2019-01-21 04:44:11,65
SFNC ,2019-01-21 05:44:10,65
SFNC ,2019-01-21 06:44:09,65
SFNC ,2019-01-21 07:44:09,65
SFNC ,2019-01-21 08:44:09,65
SFNC ,2019-01-21 09:44:10,65
SFNC ,2019-01-21 10:44:10,65
SFNC ,2019-01-21 11:44:09,65
SFNC ,2019-01-21 12:44:10,65
SFNC ,2019-01-21 13:44:09,65
SFNC ,2019-01-21 14:44:09,65
SFNC ,2019-01-21 15:44:09,65
SFNC ,2019-01-21 16:44:09,65
SFNC ,2019-01-21 17:44:09,65
SFNC ,2019-01-21 18:44:09,65
SFNC ,2019-01-21 19:44:09,65
SFNC ,2019-01-21 20:44:10,65
SFNC ,2019-01-21 21:44:09,65
SFNC ,2019-01-21 22:44:10,65
SFNC ,2019-01-21 23:44:09,65
SFNC ,2019-01-22 00:44:10,65
SFNC ,2019-01-22 01:44:08,65
SFNC ,2019-01-22 02:44:10,65
SFNC ,2019-01-22 03:44:09,65
SFNC ,2019-01-22 04:44:12,65
SFNC ,2019-01-22 05:44:11,65
SFNC ,2019-01-22 06:44:09,65
SFNC ,2019-01-22 07:44:09,65
SFNC ,2019-01-22 08:44:10,65
SFNC ,2019-01-22 09:44:09,65
SFNC ,2019-01-22 10:44:09,65
SFNC ,2019-01-22 11:44:09,65
SFNC ,2019-01-22 12:44:09,65
SFNC ,2019-01-22 13:44:09,65
SFNC ,2019-01-22 14:44:10,65
SFNC ,2019-01-22 15:44:09,66
SFNC ,2019-01-22 16:44:08,66
SFNC ,2019-01-22 17:44:08,66
SFNC ,2019-01-22 18:44:08,66
SFNC ,2019-01-22 19:44:11,67
SFNC ,2019-01-22 20:44:10,67
SFNC ,2019-01-22 21:44:10,68
SFNC ,2019-01-22 22:44:08,68
SFNC ,2019-01-22 23:44:08,68
SFNC ,2019-01-23 00:44:09,68
SFNC ,2019-01-23 01:44:09,68
SFNC ,2019-01-23 02:44:08,68
SFNC ,2019-01-23 03:44:10,68
SFNC ,2019-01-23 04:44:09,68
SFNC ,2019-01-23 05:44:09,68
SFNC ,2019-01-23 06:44:10,68
SFNC ,2019-01-23 07:44:10,68
SFNC ,2019-01-23 08:44:10,68
SFNC ,2019-01-23 09:44:11,68
SFNC ,2019-01-23 10:44:10,68
SFNC ,2019-01-23 11:44:08,68
SFNC ,2019-01-23 12:44:08,68
SFNC ,2019-01-23 13:44:08,68
SFNC ,2019-01-23 15:08:13,67
SFNC ,2019-01-23 15:44:10,67
SFNC ,2019-01-23 16:44:09,68
SFNC ,2019-01-23 17:44:10,68
SFNC ,2019-01-23 18:44:09,68
SFNC ,2019-01-23 19:44:09,68
SFNC ,2019-01-23 20:44:09,68
SFNC ,2019-01-23 21:44:10,67
SFNC ,2019-01-23 22:44:09,67
SFNC ,2019-01-23 23:44:09,67
SFNC ,2019-01-30 08:16:12,65
SFNC ,2019-01-30 08:22:15,65
SFNC ,2019-01-30 08:48:27,65
SFNC ,2019-01-30 08:48:31,65
SFNC ,2019-01-30 09:48:25,65
SFNC ,2019-01-30 09:48:28,65
SFNC ,2019-01-30 10:48:25,65
SFNC ,2019-01-30 10:48:28,65
SFNC ,2019-01-30 11:48:22,65
SFNC ,2019-01-30 11:48:33,65
SFNC ,2019-01-30 12:48:27,65
SFNC ,2019-01-30 12:48:31,65
SFNC ,2019-01-30 13:48:25,65
SFNC ,2019-01-30 13:48:28,65
SFNC ,2019-01-30 14:48:22,65
SFNC ,2019-01-30 14:48:33,65
SFNC ,2019-01-30 15:48:28,66
SFNC ,2019-01-30 15:48:31,66
SFNC ,2019-01-30 16:48:25,65
SFNC ,2019-01-30 16:48:29,65
SFNC ,2019-01-30 17:48:27,65
SFNC ,2019-01-30 17:48:30,65
SFNC ,2019-01-30 18:48:23,65
SFNC ,2019-01-30 18:48:28,65
SFNC ,2019-01-30 19:48:30,66
SFNC ,2019-01-30 19:48:33,66
SFNC ,2019-01-30 20:45:18,66
SFNC ,2019-01-30 21:48:27,66
SFNC ,2019-01-30 21:48:30,66
SFNC ,2019-01-30 22:48:26,66
SFNC ,2019-01-30 22:48:30,66
SFNC ,2019-01-30 23:48:30,66
SFNC ,2019-01-30 23:48:33,66
SFNC ,2019-01-31 00:48:30,66
SFNC ,2019-01-31 00:48:33,66
SFNC ,2019-01-31 01:48:25,66
SFNC ,2019-01-31 01:48:29,66
SFNC ,2019-01-31 02:48:28,66
SFNC ,2019-01-31 02:48:31,66
SFNC ,2019-01-31 03:48:28,66
SFNC ,2019-01-31 03:48:31,66
SFNC ,2019-01-31 04:48:25,66
SFNC ,2019-01-31 04:48:29,66
SFNC ,2019-01-31 05:48:27,66
SFNC ,2019-01-31 05:48:30,66
SFNC ,2019-01-31 06:48:28,66
SFNC ,2019-01-31 06:48:31,66
SFNC ,2019-01-31 08:17:41,66
SFNC ,2019-01-31 08:44:16,66
SFNC ,2019-01-31 10:07:48,66
SFNC ,2019-01-31 10:44:16,66
SFNC ,2019-01-31 11:44:15,66
SFNC ,2019-01-31 12:44:14,66
SFNC ,2019-01-31 13:44:16,66
SFNC ,2019-01-31 15:44:16,66
SFNC ,2019-01-31 16:44:20,67
SFNC ,2019-01-31 17:44:18,67
SFNC ,2019-01-31 18:44:17,67
SFNC ,2019-01-31 19:44:19,67
SFNC ,2019-01-31 20:44:18,67
SFNC ,2019-01-31 21:44:16,67
SFNC ,2019-01-31 22:44:14,67
SFNC ,2019-01-31 23:44:14,67
SFNC ,2019-02-01 00:44:15,67
SFNC ,2019-02-01 01:44:16,67
SFNC ,2019-02-01 02:44:18,67
SFNC ,2019-02-01 03:44:17,67
SFNC ,2019-02-01 04:44:16,67
SFNC ,2019-02-01 05:44:15,67
SFNC ,2019-02-01 06:44:16,67
SFNC ,2019-02-01 07:44:18,67
SFNC ,2019-02-01 08:44:16,67
SFNC ,2019-02-01 09:44:16,67
SFNC ,2019-02-01 10:44:15,67
SFNC ,2019-02-01 11:44:16,67
SFNC ,2019-02-01 12:44:15,67
SFNC ,2019-02-01 13:44:16,67
SFNC ,2019-02-01 14:44:17,67
SFNC ,2019-02-01 15:44:16,67
SFNC ,2019-02-01 16:44:17,67
SFNC ,2019-02-01 17:44:16,67
SFNC ,2019-02-01 18:44:21,67
SFNC ,2019-02-01 19:44:19,67
SFNC ,2019-02-01 20:44:16,67
SFNC ,2019-02-01 21:44:19,67
SFNC ,2019-02-01 22:44:18,67
SFNC ,2019-02-02 00:09:20,67
SFNC ,2019-02-02 00:44:16,67
SFNC ,2019-02-02 01:44:17,67
SFNC ,2019-02-02 02:44:16,67
SFNC ,2019-02-02 03:44:15,67
SFNC ,2019-02-02 04:44:16,67
SFNC ,2019-02-02 05:44:16,67
SFNC ,2019-02-02 06:44:16,67
SFNC ,2019-02-02 07:44:16,67
SFNC ,2019-02-02 08:44:14,67
SFNC ,2019-02-02 09:44:15,67
SFNC ,2019-02-02 10:44:14,67
SFNC ,2019-02-02 11:44:15,67
SFNC ,2019-02-02 12:44:16,67
SFNC ,2019-02-02 13:44:16,67
SFNC ,2019-02-02 14:44:17,67
SFNC ,2019-02-02 15:44:15,67
SFNC ,2019-02-02 16:44:20,67
SFNC ,2019-02-02 17:44:18,67
SFNC ,2019-02-02 18:44:18,67
SFNC ,2019-02-02 19:44:16,67
SFNC ,2019-02-02 20:44:17,67
SFNC ,2019-02-02 21:44:16,67
SFNC ,2019-02-02 22:44:16,67
SFNC ,2019-02-02 23:44:17,67
SFNC ,2019-02-03 00:44:16,67
SFNC ,2019-02-03 01:44:16,67
SFNC ,2019-02-03 02:44:17,67
SFNC ,2019-02-03 03:44:17,67
SFNC ,2019-02-03 04:44:17,67
SFNC ,2019-02-03 05:44:13,67
SFNC ,2019-02-03 06:44:16,67
SFNC ,2019-02-03 07:44:15,67
SFNC ,2019-02-03 08:44:14,67
SFNC ,2019-02-03 09:44:15,67
SFNC ,2019-02-03 10:44:14,67
SFNC ,2019-02-03 11:44:16,67
SFNC ,2019-02-03 12:44:16,67
SFNC ,2019-02-03 13:44:16,67
SFNC ,2019-02-03 14:44:18,67
SFNC ,2019-02-03 15:44:15,67
SFNC ,2019-02-03 16:44:16,67
SFNC ,2019-02-03 17:44:17,67
SFNC ,2019-02-03 18:44:19,67
SFNC ,2019-02-03 19:44:14,67
SFNC ,2019-02-03 20:44:16,67
SFNC ,2019-02-03 21:44:19,67
SFNC ,2019-02-03 22:44:19,67
SFNC ,2019-02-03 23:44:18,67
SFNC ,2019-02-04 00:44:17,67
SFNC ,2019-02-04 01:44:16,67
SFNC ,2019-02-04 02:44:18,67
SFNC ,2019-02-04 03:44:17,67
SFNC ,2019-02-04 04:44:17,67
SFNC ,2019-02-04 05:44:15,67
SFNC ,2019-02-04 06:44:15,67
SFNC ,2019-02-04 07:44:15,67
SFNC ,2019-02-04 08:44:15,67
SFNC ,2019-02-04 09:44:15,67
SFNC ,2019-02-04 10:44:16,67
SFNC ,2019-02-04 11:44:16,67
SFNC ,2019-02-04 12:44:14,67
SFNC ,2019-02-04 13:44:15,67
SFNC ,2019-02-04 14:44:17,67
SFNC ,2019-02-04 15:44:18,67
SFNC ,2019-02-04 16:44:17,67
SFNC ,2019-02-04 17:44:16,66
SFNC ,2019-02-04 18:44:18,66
SFNC ,2019-02-04 19:44:16,66
SFNC ,2019-02-04 20:44:19,66
SFNC ,2019-02-04 21:44:18,66
SFNC ,2019-02-04 22:44:18,66
SFNC ,2019-02-04 23:44:18,66
SFNC ,2019-02-05 00:44:17,66
SFNC ,2019-02-05 01:44:21,66
SFNC ,2019-02-05 02:44:19,66
SFNC ,2019-02-05 03:44:18,66
SFNC ,2019-02-05 04:44:34,66
SFNC ,2019-02-05 05:44:18,66
SFNC ,2019-02-05 06:44:18,66
SFNC ,2019-02-05 07:44:17,66
SFNC ,2019-02-05 08:44:19,66
SFNC ,2019-02-05 09:44:17,66
SFNC ,2019-02-05 10:44:17,66
SFNC ,2019-02-05 11:44:16,66
SFNC ,2019-02-05 12:44:15,66
SFNC ,2019-02-05 13:44:16,66
SFNC ,2019-02-05 14:44:18,66
SFNC ,2019-02-05 15:44:16,66
SFNC ,2019-02-05 16:44:20,65
SFNC ,2019-02-05 17:44:18,65
SFNC ,2019-02-05 18:44:21,65
SFNC ,2019-02-05 19:44:20,65
SFNC ,2019-02-05 20:44:18,65
SFNC ,2019-02-05 21:44:17,65
SFNC ,2019-02-05 22:44:19,65
SFNC ,2019-02-05 23:44:22,65
SFNC ,2019-02-06 00:44:18,65
SFNC ,2019-02-06 01:44:17,65
SFNC ,2019-02-06 02:44:17,65
SFNC ,2019-02-06 03:44:18,65
SFNC ,2019-02-06 04:44:18,65
SFNC ,2019-02-06 05:44:18,65
SFNC ,2019-02-06 06:44:21,65
SFNC ,2019-02-06 07:44:19,65
SFNC ,2019-02-06 08:44:13,65
SFNC ,2019-02-06 09:44:12,65
SFNC ,2019-02-07 02:44:26,65
SFNC ,2019-02-07 03:44:16,65
SFNC ,2019-02-07 04:44:16,65
SFNC ,2019-02-07 05:44:16,65
SFNC ,2019-02-07 06:44:14,65
SFNC ,2019-02-07 07:44:14,65
SFNC ,2019-02-07 08:44:15,65
SFNC ,2019-02-07 09:44:15,65
SFNC ,2019-02-07 10:44:19,65
SFNC ,2019-02-07 11:44:20,65
SFNC ,2019-02-07 12:44:18,65
SFNC ,2019-02-07 13:44:19,65
SFNC ,2019-02-07 15:07:50,66
SFNC ,2019-02-07 15:44:20,66
SFNC ,2019-02-07 16:44:22,65
SFNC ,2019-02-07 17:44:18,64
SFNC ,2019-02-07 18:44:23,64
SFNC ,2019-02-07 19:44:23,64
SFNC ,2019-02-07 20:44:20,64
SFNC ,2019-02-07 21:44:19,64
SFNC ,2019-02-07 22:44:18,64
SFNC ,2019-02-07 23:44:19,64
SFNC ,2019-02-08 00:44:50,64
SFNC ,2019-02-08 01:44:19,64
SFNC ,2019-02-08 02:44:19,64
SFNC ,2019-02-08 03:44:24,64
SFNC ,2019-02-08 04:44:19,64
SFNC ,2019-02-08 05:44:18,64
SFNC ,2019-02-08 06:44:16,64
SFNC ,2019-02-08 07:44:17,64
SFNC ,2019-02-08 08:44:16,64
SFNC ,2019-02-08 09:44:18,64
SFNC ,2019-02-08 10:44:18,64
SFNC ,2019-02-08 11:44:19,64
SFNC ,2019-02-08 12:44:20,64
SFNC ,2019-02-08 13:44:19,64
SFNC ,2019-02-08 15:08:53,65
SFNC ,2019-02-08 15:44:18,65
SFNC ,2019-02-08 16:44:19,65
SFNC ,2019-02-08 17:44:23,65
SFNC ,2019-02-08 18:44:24,66
SFNC ,2019-02-08 19:44:24,67
SFNC ,2019-02-08 20:44:23,67
SFNC ,2019-02-08 21:44:21,67
SFNC ,2019-02-08 22:44:19,67
SFNC ,2019-02-08 23:44:19,67
SFNC ,2019-02-09 00:44:20,67
SFNC ,2019-02-09 01:44:19,67
SFNC ,2019-02-09 02:44:20,67
SFNC ,2019-02-09 03:44:19,67
SFNC ,2019-02-09 04:44:22,67
SFNC ,2019-02-09 05:44:20,67
SFNC ,2019-02-09 06:44:20,67
SFNC ,2019-02-09 07:44:19,67
SFNC ,2019-02-09 08:44:18,67
SFNC ,2019-02-09 09:44:19,67
SFNC ,2019-02-09 10:44:19,67
SFNC ,2019-02-09 11:44:17,67
SFNC ,2019-02-09 12:44:21,67
SFNC ,2019-02-09 13:44:19,67
SFNC ,2019-02-09 14:44:20,67
SFNC ,2019-02-09 15:44:22,67
SFNC ,2019-02-09 16:44:21,67
SFNC ,2019-02-09 17:44:22,67
SFNC ,2019-02-09 18:44:20,67
SFNC ,2019-02-09 19:44:21,67
SFNC ,2019-02-09 20:44:20,67
SFNC ,2019-02-09 21:44:22,67
SFNC ,2019-02-09 22:44:20,67
SFNC ,2019-02-09 23:44:21,67
SFNC ,2019-02-10 00:44:19,67
SFNC ,2019-02-10 01:44:21,67
SFNC ,2019-02-10 02:44:21,67
SFNC ,2019-02-10 03:44:19,67
SFNC ,2019-02-10 04:44:24,67
SFNC ,2019-02-10 05:44:24,67
SFNC ,2019-02-10 06:44:23,67
SFNC ,2019-02-10 07:44:19,67
SFNC ,2019-02-10 08:44:19,67
SFNC ,2019-02-10 09:44:19,67
SFNC ,2019-02-10 10:44:19,67
SFNC ,2019-02-10 11:44:19,67
SFNC ,2019-02-10 12:44:19,67
SFNC ,2019-02-10 13:44:21,67
SFNC ,2019-02-10 14:44:21,67
SFNC ,2019-02-10 15:44:23,67
SFNC ,2019-02-10 16:44:23,67
SFNC ,2019-02-10 17:44:21,67
SFNC ,2019-02-10 18:44:21,67
SFNC ,2019-02-10 19:44:23,67
SFNC ,2019-02-10 20:44:21,67
SFNC ,2019-02-10 21:44:20,67
SFNC ,2019-02-10 22:44:22,67
SFNC ,2019-02-10 23:44:23,67
SFNC ,2019-02-11 00:44:23,67
SFNC ,2019-02-11 01:44:22,67
SFNC ,2019-02-11 02:44:25,67
SFNC ,2019-02-11 03:44:24,67
SFNC ,2019-02-11 04:44:25,67
SFNC ,2019-02-11 05:44:23,67
SFNC ,2019-02-11 06:44:23,67
SFNC ,2019-02-11 07:44:20,67
SFNC ,2019-02-11 08:44:20,67
SFNC ,2019-02-11 09:44:20,67
SFNC ,2019-02-11 10:44:23,67
SFNC ,2019-02-11 11:44:19,67
SFNC ,2019-02-11 12:44:19,67
SFNC ,2019-02-11 13:44:19,67
SFNC ,2019-02-11 14:44:19,67
SFNC ,2019-02-11 15:44:19,67
SFNC ,2019-02-11 16:44:21,67
SFNC ,2019-02-11 17:44:21,67
SFNC ,2019-02-11 18:44:21,67
SFNC ,2019-02-11 19:44:20,67
SFNC ,2019-02-11 20:44:20,67
SFNC ,2019-02-11 21:44:18,67
SFNC ,2019-02-11 22:44:18,67
SFNC ,2019-02-11 23:44:20,67
SFNC ,2019-02-12 00:44:19,67
SFNC ,2019-02-12 01:44:17,67
SFNC ,2019-02-12 02:44:24,67
SFNC ,2019-02-12 03:44:19,67
SFNC ,2019-02-12 04:44:21,67
SFNC ,2019-02-12 05:44:20,67
SFNC ,2019-02-12 06:44:20,67
SFNC ,2019-02-12 07:44:20,67
SFNC ,2019-02-12 08:44:19,67
SFNC ,2019-02-12 09:44:20,67
SFNC ,2019-02-12 10:44:21,67
SFNC ,2019-02-12 11:44:21,67
SFNC ,2019-02-12 12:44:20,67
SFNC ,2019-02-12 13:44:21,67
SFNC ,2019-02-12 14:44:20,67
SFNC ,2019-02-12 15:44:24,67
SFNC ,2019-02-12 16:44:20,67
SFNC ,2019-02-12 17:44:19,67
SFNC ,2019-02-12 18:44:20,67
SFNC ,2019-02-12 19:44:21,67
SFNC ,2019-02-12 20:44:20,67
SFNC ,2019-02-12 21:44:21,67
SFNC ,2019-02-12 22:44:21,67
SFNC ,2019-02-12 23:44:20,67
SFNC ,2019-02-13 00:44:21,67
SFNC ,2019-02-13 01:44:22,67
SFNC ,2019-02-13 02:44:21,67
SFNC ,2019-02-13 03:44:21,67
SFNC ,2019-02-13 04:44:22,67
SFNC ,2019-02-13 05:44:22,67
SFNC ,2019-02-13 06:44:20,67
SFNC ,2019-02-13 07:44:20,67
SFNC ,2019-02-13 08:44:19,67
SFNC ,2019-02-13 09:44:19,67
SFNC ,2019-02-13 10:44:20,67
SFNC ,2019-02-13 11:44:19,67
SFNC ,2019-02-13 12:44:22,67
SFNC ,2019-02-13 13:44:19,67
SFNC ,2019-02-13 14:44:19,67
SFNC ,2019-02-13 15:44:21,67
SFNC ,2019-02-13 16:44:18,67
SFNC ,2019-02-13 17:44:22,67
SFNC ,2019-02-13 18:44:18,67
SFNC ,2019-02-13 19:44:18,67
SFNC ,2019-02-13 20:44:19,67
SFNC ,2019-02-13 21:44:19,67
SFNC ,2019-02-13 22:44:22,67
SFNC ,2019-02-13 23:44:21,67
SFNC ,2019-02-14 00:44:19,67
SFNC ,2019-02-14 01:44:21,67
SFNC ,2019-02-14 02:44:22,67
SFNC ,2019-02-14 03:44:23,67
SFNC ,2019-02-14 04:44:20,67
SFNC ,2019-02-14 05:44:24,67
SFNC ,2019-02-14 06:44:19,67
SFNC ,2019-02-14 07:44:20,67
SFNC ,2019-02-14 08:44:18,67
SFNC ,2019-02-14 09:44:18,67
SFNC ,2019-02-14 10:44:19,67
SFNC ,2019-02-14 11:44:21,67
SFNC ,2019-02-14 12:44:20,67
SFNC ,2019-02-14 13:44:20,67
SFNC ,2019-02-14 14:44:21,67
SFNC ,2019-02-14 15:44:22,67
SFNC ,2019-02-14 16:44:18,67
SFNC ,2019-02-14 17:44:20,67
SFNC ,2019-02-14 18:44:20,66
SFNC ,2019-02-14 19:44:20,66
SFNC ,2019-02-14 20:44:22,66
SFNC ,2019-02-14 21:44:20,66
SFNC ,2019-02-14 22:44:22,66
SFNC ,2019-02-15 00:44:23,66
SFNC ,2019-02-15 01:44:23,66
SFNC ,2019-02-15 02:44:24,66
SFNC ,2019-02-15 03:44:26,66
SFNC ,2019-02-15 04:44:27,66
SFNC ,2019-02-15 05:44:21,66
SFNC ,2019-02-15 06:44:18,66
SFNC ,2019-02-15 07:44:22,66
SFNC ,2019-02-15 08:44:20,66
SFNC ,2019-02-15 09:44:21,66
SFNC ,2019-02-15 10:44:21,66
SFNC ,2019-02-15 11:44:22,66
SFNC ,2019-02-15 12:44:20,66
SFNC ,2019-02-15 14:09:23,66
SFNC ,2019-02-15 14:44:23,66
SFNC ,2019-02-15 15:44:31,66
SFNC ,2019-02-15 16:44:26,66
SFNC ,2019-02-15 17:44:20,66
SFNC ,2019-02-15 18:44:26,66
SFNC ,2019-02-15 19:44:23,66
SFNC ,2019-02-15 20:44:21,66
SFNC ,2019-02-15 21:44:23,66
SFNC ,2019-02-15 22:44:24,66
SFNC ,2019-02-15 23:44:24,66
SFNC ,2019-02-16 00:44:25,66
SFNC ,2019-02-16 01:44:30,66
SFNC ,2019-02-16 02:44:28,66
SFNC ,2019-02-16 03:44:26,66
SFNC ,2019-02-16 04:44:21,66
SFNC ,2019-02-16 05:44:24,66
SFNC ,2019-02-16 06:44:20,66
SFNC ,2019-02-16 07:44:20,66
SFNC ,2019-02-16 08:44:21,66
SFNC ,2019-02-16 09:44:23,66
SFNC ,2019-02-16 10:44:22,66
SFNC ,2019-02-16 11:44:21,66
SFNC ,2019-02-16 12:44:21,66
SFNC ,2019-02-16 13:44:26,66
SFNC ,2019-02-16 14:44:22,66
SFNC ,2019-02-16 15:44:29,66
SFNC ,2019-02-16 16:44:20,66
SFNC ,2019-02-16 17:44:20,66
SFNC ,2019-02-16 18:44:21,66
SFNC ,2019-02-16 19:44:20,66
SFNC ,2019-02-16 20:44:22,66
SFNC ,2019-02-16 21:44:22,66
SFNC ,2019-02-16 22:44:21,66
SFNC ,2019-02-16 23:44:20,66
SFNC ,2019-02-17 00:44:22,66
SFNC ,2019-02-17 01:44:20,66
SFNC ,2019-02-17 02:44:18,66
SFNC ,2019-02-17 03:44:24,66
SFNC ,2019-02-17 04:44:20,66
SFNC ,2019-02-17 05:44:22,66
SFNC ,2019-02-17 06:44:20,66
SFNC ,2019-02-17 07:44:21,66
SFNC ,2019-02-17 08:44:20,66
SFNC ,2019-02-17 09:44:18,66
SFNC ,2019-02-17 10:44:20,66
SFNC ,2019-02-17 11:44:20,66
SFNC ,2019-02-17 12:44:17,66
SFNC ,2019-02-17 13:44:20,66
SFNC ,2019-02-17 14:44:19,66
SFNC ,2019-02-17 15:44:23,66
SFNC ,2019-02-17 16:44:20,66
SFNC ,2019-02-17 17:44:21,66
SFNC ,2019-02-17 18:44:21,66
SFNC ,2019-02-17 19:44:21,66
SFNC ,2019-02-17 20:44:22,66
SFNC ,2019-02-17 21:44:19,66
SFNC ,2019-02-17 22:44:19,66
SFNC ,2019-02-17 23:44:20,66
SFNC ,2019-02-18 00:44:20,66
SFNC ,2019-02-18 01:44:21,66
SFNC ,2019-02-18 02:44:23,66
SFNC ,2019-02-18 03:44:23,66
SFNC ,2019-02-18 04:44:19,66
SFNC ,2019-02-18 05:44:20,66
SFNC ,2019-02-18 06:44:18,66
SFNC ,2019-02-18 07:44:20,66
SFNC ,2019-02-18 08:44:19,66
SFNC ,2019-02-18 09:44:21,66
SFNC ,2019-02-18 10:44:18,66
SFNC ,2019-02-18 11:44:19,66
SFNC ,2019-02-18 12:44:20,66
SFNC ,2019-02-18 13:44:23,66
SFNC ,2019-02-18 14:44:20,66
SFNC ,2019-02-18 15:44:22,66
SFNC ,2019-02-18 16:44:21,66
SFNC ,2019-02-18 17:44:23,66
SFNC ,2019-02-18 18:44:21,66
SFNC ,2019-02-18 19:44:21,66
SFNC ,2019-02-18 20:44:23,66
SFNC ,2019-02-18 21:44:20,66
SFNC ,2019-02-18 22:44:19,66
SFNC ,2019-02-18 23:44:20,66
SFNC ,2019-02-19 00:44:20,66
SFNC ,2019-02-19 01:44:23,66
SFNC ,2019-02-19 02:44:21,66
SFNC ,2019-02-19 03:44:21,66
SFNC ,2019-02-19 04:44:21,66
SFNC ,2019-02-19 05:44:21,66
SFNC ,2019-02-19 06:44:20,66
SFNC ,2019-02-19 07:44:19,66
SFNC ,2019-02-19 08:44:20,66
SFNC ,2019-02-19 09:44:18,66
SFNC ,2019-02-19 10:44:17,66
SFNC ,2019-02-19 11:44:15,66
SFNC ,2019-02-19 12:44:16,66
SFNC ,2019-02-19 14:08:51,66
SFNC ,2019-02-19 14:44:20,66
SFNC ,2019-02-19 15:44:22,67
SFNC ,2019-02-19 16:44:21,67
SFNC ,2019-02-19 17:44:22,67
SFNC ,2019-02-19 18:44:26,67
SFNC ,2019-02-19 19:44:22,67
SFNC ,2019-02-19 20:44:26,66
SFNC ,2019-02-19 21:44:24,66
SFNC ,2019-02-19 22:44:24,66
SFNC ,2019-02-19 23:44:23,66
SFNC ,2019-02-20 00:44:30,66
SFNC ,2019-02-20 01:44:25,66
SFNC ,2019-02-20 02:44:25,66
SFNC ,2019-02-20 03:44:31,66
SFNC ,2019-02-20 04:44:26,66
SFNC ,2019-02-20 05:44:22,66
SFNC ,2019-02-20 06:44:23,66
SFNC ,2019-02-20 07:44:20,66
SFNC ,2019-02-20 08:44:23,66
SFNC ,2019-02-20 09:44:23,66
SFNC ,2019-02-20 10:44:21,66
SFNC ,2019-02-20 11:44:24,66
SFNC ,2019-02-20 12:44:22,66
SFNC ,2019-02-20 13:44:22,66
SFNC ,2019-02-20 14:44:25,66
SFNC ,2019-02-20 15:44:26,66
SFNC ,2019-02-20 16:44:24,66
SFNC ,2019-02-20 17:44:24,66
SFNC ,2019-02-20 18:44:24,66
SFNC ,2019-02-20 19:44:26,66
SFNC ,2019-02-20 20:44:27,66
SFNC ,2019-02-20 21:44:25,66
SFNC ,2019-02-20 22:44:26,66
SFNC ,2019-02-20 23:44:22,66
SFNC ,2019-02-21 00:44:24,66
SFNC ,2019-02-21 01:44:25,66
SFNC ,2019-02-21 02:44:27,66
SFNC ,2019-02-21 03:44:25,66
SFNC ,2019-02-21 04:44:23,66
SFNC ,2019-02-21 05:44:24,66
SFNC ,2019-02-21 06:44:22,66
SFNC ,2019-02-21 07:44:21,66
SFNC ,2019-02-21 08:44:19,66
SFNC ,2019-02-21 09:44:21,66
SFNC ,2019-02-21 10:44:21,66
SFNC ,2019-02-21 11:44:22,66
SFNC ,2019-02-21 12:44:20,66
SFNC ,2019-02-21 13:44:20,66
SFNC ,2019-02-21 14:44:23,66
SFNC ,2019-02-21 15:44:26,66
SFNC ,2019-02-21 17:08:23,66
SFNC ,2019-02-21 17:44:20,66
SFNC ,2019-02-21 18:44:20,66
SFNC ,2019-02-21 19:44:21,66
SFNC ,2019-02-21 20:44:25,66
SFNC ,2019-02-21 21:44:19,66
SFNC ,2019-02-21 22:44:21,66
SFNC ,2019-02-21 23:44:21,66
SFNC ,2019-02-22 00:44:21,66
SFNC ,2019-02-22 01:44:25,66
SFNC ,2019-02-22 02:44:22,66
SFNC ,2019-02-22 03:44:23,66
SFNC ,2019-02-22 04:44:22,66
SFNC ,2019-02-22 05:44:20,66
SFNC ,2019-02-22 06:44:20,66
SFNC ,2019-02-22 07:44:24,66
SFNC ,2019-02-22 08:44:24,66
SFNC ,2019-02-22 09:44:22,66
SFNC ,2019-02-22 10:44:21,66
SFNC ,2019-02-22 11:44:22,66
SFNC ,2019-02-22 12:44:21,66
SFNC ,2019-02-22 13:44:19,66
SFNC ,2019-02-22 14:44:23,66
SFNC ,2019-02-22 15:44:23,66
SFNC ,2019-02-22 16:44:21,66
SFNC ,2019-02-22 17:44:21,66
SFNC ,2019-02-22 18:44:23,66
SFNC ,2019-02-22 19:44:20,66
SFNC ,2019-02-22 20:44:20,66
SFNC ,2019-02-22 21:44:25,66
SFNC ,2019-02-22 22:44:21,66
SFNC ,2019-02-22 23:44:24,66
SFNC ,2019-02-23 00:44:19,66
SFNC ,2019-02-23 01:44:24,66
SFNC ,2019-02-23 02:44:26,66
SFNC ,2019-02-23 03:44:27,66
SFNC ,2019-02-23 04:44:23,66
SFNC ,2019-02-23 05:44:23,66
SFNC ,2019-02-23 06:44:20,66
SFNC ,2019-02-23 07:44:21,66
SFNC ,2019-02-23 08:44:21,66
SFNC ,2019-02-23 09:44:20,66
SFNC ,2019-02-23 10:44:21,66
SFNC ,2019-02-23 11:44:22,66
SFNC ,2019-02-23 12:44:20,66
SFNC ,2019-02-23 13:44:20,66
SFNC ,2019-02-23 14:44:22,66
SFNC ,2019-02-23 15:44:21,66
SFNC ,2019-02-23 16:44:20,66
SFNC ,2019-02-23 17:44:21,66
SFNC ,2019-02-23 18:44:22,66
SFNC ,2019-02-23 19:44:21,66
SFNC ,2019-02-23 20:44:22,66
SFNC ,2019-02-23 21:44:23,66
SFNC ,2019-02-23 22:44:20,66
SFNC ,2019-02-23 23:44:21,66
SFNC ,2019-02-24 00:44:22,66
SFNC ,2019-02-24 01:44:21,66
SFNC ,2019-02-24 02:44:22,66
SFNC ,2019-02-24 03:44:23,66
SFNC ,2019-02-24 04:44:22,66
SFNC ,2019-02-24 05:44:23,66
SFNC ,2019-02-24 06:44:21,66
SFNC ,2019-02-24 07:44:22,66
SFNC ,2019-02-24 08:44:21,66
SFNC ,2019-02-24 09:44:21,66
SFNC ,2019-02-24 10:44:19,66
SFNC ,2019-02-24 11:44:20,66
SFNC ,2019-02-24 12:44:20,66
SFNC ,2019-02-24 13:44:20,66
SFNC ,2019-02-24 14:44:20,66
SFNC ,2019-02-24 15:44:22,66
SFNC ,2019-02-24 16:44:21,66
SFNC ,2019-02-24 17:44:24,66
SFNC ,2019-02-24 18:44:23,66
SFNC ,2019-02-24 19:44:23,66
SFNC ,2019-02-24 20:44:20,66
SFNC ,2019-02-24 21:44:20,66
SFNC ,2019-02-24 22:44:22,66
SFNC ,2019-02-24 23:44:21,66
SFNC ,2019-02-25 00:44:22,66
SFNC ,2019-02-25 01:44:21,66
SFNC ,2019-02-25 02:44:21,66
SFNC ,2019-02-25 03:44:23,66
SFNC ,2019-02-25 04:44:21,66
SFNC ,2019-02-25 05:44:20,66
SFNC ,2019-02-25 06:44:19,66
SFNC ,2019-02-25 07:44:21,66
SFNC ,2019-02-25 08:44:21,66
SFNC ,2019-02-25 09:44:22,66
SFNC ,2019-02-25 10:44:19,66
SFNC ,2019-02-25 11:44:22,66
SFNC ,2019-02-25 12:44:20,66
SFNC ,2019-02-25 14:09:25,66
SFNC ,2019-02-25 14:44:22,66
SFNC ,2019-02-25 15:44:23,66
SFNC ,2019-02-25 16:44:22,66
SFNC ,2019-02-25 17:44:23,66
SFNC ,2019-02-25 18:44:24,66
SFNC ,2019-02-25 19:44:20,66
SFNC ,2019-02-25 20:44:22,66
SFNC ,2019-02-25 21:44:22,66
SFNC ,2019-02-25 22:44:21,66
SFNC ,2019-02-25 23:44:23,66
SFNC ,2019-02-26 00:44:23,66
SFNC ,2019-02-26 01:44:22,66
SFNC ,2019-02-26 02:44:25,66
SFNC ,2019-02-26 03:44:26,66
SFNC ,2019-02-26 04:44:25,66
SFNC ,2019-02-26 05:44:21,66
SFNC ,2019-02-26 06:44:25,66
SFNC ,2019-02-26 07:44:25,66
SFNC ,2019-02-26 08:44:22,66
SFNC ,2019-02-26 09:44:22,66
SFNC ,2019-02-26 10:44:19,66
SFNC ,2019-02-26 11:44:22,66
SFNC ,2019-02-26 12:44:20,66
SFNC ,2019-02-26 13:44:21,66
SFNC ,2019-02-26 14:44:23,66
SFNC ,2019-02-26 15:44:26,66
SFNC ,2019-02-26 16:44:22,66
SFNC ,2019-02-26 17:44:23,66
SFNC ,2019-02-26 18:44:21,66
SFNC ,2019-02-26 19:44:28,66
SFNC ,2019-02-26 20:44:24,66
SFNC ,2019-02-26 21:44:22,66
SFNC ,2019-02-26 22:44:25,66
SFNC ,2019-02-26 23:44:24,66
SFNC ,2019-02-27 00:44:26,66
SFNC ,2019-02-27 01:44:27,66
SFNC ,2019-02-27 03:44:48,66
SFNC ,2019-02-27 04:44:26,66
SFNC ,2019-02-27 05:44:25,66
SFNC ,2019-02-27 06:44:27,66
SFNC ,2019-02-27 07:44:24,66
SFNC ,2019-02-27 08:44:23,66
SFNC ,2019-02-27 09:44:20,66
SFNC ,2019-02-27 10:44:21,66
SFNC ,2019-02-27 11:44:26,66
SFNC ,2019-02-27 12:44:28,66
SFNC ,2019-02-27 13:44:23,66
SFNC ,2019-02-27 14:44:26,66
SFNC ,2019-02-27 15:44:29,66
SFNC ,2019-02-27 16:44:22,66
SFNC ,2019-02-27 17:44:22,66
SFNC ,2019-02-27 18:44:27,67
SFNC ,2019-02-27 19:44:26,67
SFNC ,2019-02-27 20:44:23,67
SFNC ,2019-02-27 21:44:24,67
SFNC ,2019-02-27 22:44:26,67
SFNC ,2019-02-27 23:44:23,67
SFNC ,2019-02-28 00:45:11,67
SFNC ,2019-02-28 01:44:22,67
SFNC ,2019-02-28 02:44:25,67
SFNC ,2019-02-28 04:44:24,67
SFNC ,2019-02-28 05:44:22,67
SFNC ,2019-02-28 06:44:19,67
SFNC ,2019-02-28 07:44:21,67
SFNC ,2019-02-28 08:44:22,67
SFNC ,2019-02-28 09:44:20,67
SFNC ,2019-02-28 10:44:22,67
SFNC ,2019-02-28 11:44:22,67
SFNC ,2019-02-28 12:44:22,67
SFNC ,2019-02-28 13:44:23,67
SFNC ,2019-02-28 15:08:30,67
SFNC ,2019-02-28 15:44:19,67
SFNC ,2019-02-28 16:44:26,66
SFNC ,2019-02-28 17:44:24,66
SFNC ,2019-02-28 18:44:28,66
SFNC ,2019-02-28 19:44:26,66
SFNC ,2019-02-28 20:44:23,66
SFNC ,2019-02-28 21:44:22,66
SFNC ,2019-02-28 22:44:25,66
SFNC ,2019-02-28 23:44:23,66
SFNC ,2019-03-01 00:44:23,66
SFNC ,2019-03-01 01:44:25,66
SFNC ,2019-03-01 02:44:26,66
SFNC ,2019-03-01 03:44:28,66
SFNC ,2019-03-01 04:44:25,66
SFNC ,2019-03-01 05:44:26,66
SFNC ,2019-03-01 06:44:24,66
SFNC ,2019-03-01 07:44:25,66
SFNC ,2019-03-01 08:44:23,66
SFNC ,2019-03-01 09:44:20,66
SFNC ,2019-03-01 10:44:23,66
SFNC ,2019-03-01 11:44:22,66
SFNC ,2019-03-01 12:44:21,66
SFNC ,2019-03-01 13:44:29,66
SFNC ,2019-03-01 14:44:28,66
SFNC ,2019-03-01 15:44:25,66
SFNC ,2019-03-01 16:44:24,66
SFNC ,2019-03-01 17:44:23,66
SFNC ,2019-03-01 18:44:26,66
SFNC ,2019-03-01 19:44:26,66
SFNC ,2019-03-01 20:44:29,66
SFNC ,2019-03-01 21:44:28,66
SFNC ,2019-03-01 22:44:28,66
SFNC ,2019-03-01 23:44:29,66
SFNC ,2019-03-02 07:44:25,66
SFNC ,2019-03-02 08:44:24,66
SFNC ,2019-03-02 09:44:21,66
SFNC ,2019-03-02 10:44:22,66
SFNC ,2019-03-02 11:44:25,66
SFNC ,2019-03-02 15:44:29,66
SFNC ,2019-03-02 16:44:25,66
SFNC ,2019-03-02 17:44:24,66
SFNC ,2019-03-04 02:44:26,66
SFNC ,2019-03-04 07:44:27,66
SFNC ,2019-03-04 10:44:23,66
SFNC ,2019-03-04 11:44:22,66
SFNC ,2019-03-04 12:44:19,66
SFNC ,2019-03-04 13:44:18,66
SFNC ,2019-03-04 14:44:26,66
SFNC ,2019-03-04 15:44:21,65
SFNC ,2019-03-04 16:44:25,65
SFNC ,2019-03-04 17:44:25,65
SFNC ,2019-03-04 18:44:22,65
SFNC ,2019-03-04 19:44:27,65
SFNC ,2019-03-04 20:44:24,65
SFNC ,2019-03-04 21:44:24,65
SFNC ,2019-03-04 22:44:26,65
SFNC ,2019-03-04 23:44:24,65
SFNC ,2019-03-05 00:44:26,65
SFNC ,2019-03-05 01:44:24,65
SFNC ,2019-03-05 02:44:28,65
SFNC ,2019-03-05 03:44:28,65
SFNC ,2019-03-05 04:44:25,65
SFNC ,2019-03-05 05:44:24,65
SFNC ,2019-03-05 06:44:22,65
SFNC ,2019-03-05 07:44:22,65
SFNC ,2019-03-05 08:44:22,65
SFNC ,2019-03-05 09:44:24,65
SFNC ,2019-03-05 10:44:21,65
SFNC ,2019-03-05 11:44:19,65
SFNC ,2019-03-05 12:44:22,65
SFNC ,2019-03-05 14:09:34,65
SFNC ,2019-03-05 14:44:23,65
SFNC ,2019-03-05 15:44:28,65
SFNC ,2019-03-05 16:44:26,65
SFNC ,2019-03-05 17:44:26,65
SFNC ,2019-03-05 18:44:26,65
SFNC ,2019-03-05 19:44:25,65
SFNC ,2019-03-05 20:44:26,65
SFNC ,2019-03-05 21:44:25,65
SFNC ,2019-03-05 22:44:28,65
SFNC ,2019-03-05 23:44:27,65
SFNC ,2019-03-06 00:44:27,65
SFNC ,2019-03-06 01:44:26,65
SFNC ,2019-03-06 02:44:25,65
SFNC ,2019-03-06 03:44:28,65
SFNC ,2019-03-06 04:44:29,65
SFNC ,2019-03-06 05:44:27,65
SFNC ,2019-03-06 06:44:30,65
SFNC ,2019-03-06 07:44:25,65
SFNC ,2019-03-06 08:44:22,65
SFNC ,2019-03-06 09:44:23,65
SFNC ,2019-03-06 10:44:26,65
SFNC ,2019-03-06 11:45:24,65
SFNC ,2019-03-06 12:44:43,65
SFNC ,2019-03-06 14:09:18,65
SFNC ,2019-03-06 14:45:00,65
SFNC ,2019-03-06 15:44:52,65
SFNC ,2019-03-06 16:44:21,65
SFNC ,2019-03-06 17:44:30,65
SFNC ,2019-03-06 18:44:28,65
SFNC ,2019-03-06 19:44:25,65
SFNC ,2019-03-06 20:44:25,65
SFNC ,2019-03-06 21:44:25,65
SFNC ,2019-03-06 22:44:24,65
SFNC ,2019-03-06 23:44:25,65
SFNC ,2019-03-07 00:44:25,65
SFNC ,2019-03-07 01:44:27,65
SFNC ,2019-03-07 02:44:27,65
SFNC ,2019-03-07 04:44:33,65
SFNC ,2019-03-07 05:44:28,65
SFNC ,2019-03-07 06:44:24,65
SFNC ,2019-03-07 07:44:25,65
SFNC ,2019-03-07 08:44:25,65
SFNC ,2019-03-07 09:44:25,65
SFNC ,2019-03-07 10:44:23,65
SFNC ,2019-03-07 11:44:24,65
SFNC ,2019-03-07 12:44:23,65
SFNC ,2019-03-07 13:44:25,65
SFNC ,2019-03-07 14:44:28,65
SFNC ,2019-03-07 15:44:23,65
SFNC ,2019-03-07 16:44:25,65
SFNC ,2019-03-07 17:44:28,65
SFNC ,2019-03-07 18:44:27,65
SFNC ,2019-03-07 20:08:58,65
SFNC ,2019-03-07 20:44:25,65
SFNC ,2019-03-07 21:44:27,65
SFNC ,2019-03-07 22:44:30,65
SFNC ,2019-03-07 23:44:22,65
SFNC ,2019-03-08 00:44:25,65
SFNC ,2019-03-08 01:44:26,65
SFNC ,2019-03-08 02:44:24,65
SFNC ,2019-03-08 04:44:24,65
SFNC ,2019-03-08 05:44:24,65
SFNC ,2019-03-08 06:44:24,65
SFNC ,2019-03-08 07:44:24,65
SFNC ,2019-03-08 08:44:23,65
SFNC ,2019-03-08 09:44:23,65
SFNC ,2019-03-08 10:44:22,65
SFNC ,2019-03-08 11:44:22,65
SFNC ,2019-03-08 12:44:23,65
SFNC ,2019-03-08 14:09:29,65
SFNC ,2019-03-08 14:44:22,65
SFNC ,2019-03-08 15:44:28,65
SFNC ,2019-03-08 16:44:22,65
SFNC ,2019-03-08 17:44:22,65
SFNC ,2019-03-08 18:44:26,65
SFNC ,2019-03-08 19:44:26,65
SFNC ,2019-03-08 20:44:20,65
SFNC ,2019-03-08 21:44:29,65
SFNC ,2019-03-08 22:44:21,65
SFNC ,2019-03-08 23:44:27,65
SFNC ,2019-03-09 00:44:31,65
SFNC ,2019-03-09 01:44:27,65
SFNC ,2019-03-09 02:44:24,65
SFNC ,2019-03-09 03:44:27,65
SFNC ,2019-03-09 04:44:25,65
SFNC ,2019-03-09 05:44:24,65
SFNC ,2019-03-09 06:44:22,65
SFNC ,2019-03-09 07:44:22,65
SFNC ,2019-03-09 08:44:20,65
SFNC ,2019-03-09 09:44:18,65
SFNC ,2019-03-09 10:44:21,65
SFNC ,2019-03-09 11:44:20,65
SFNC ,2019-03-09 12:44:21,65
SFNC ,2019-03-09 13:44:20,65
SFNC ,2019-03-09 14:44:23,65
SFNC ,2019-03-09 15:44:25,65
SFNC ,2019-03-09 16:44:23,65
SFNC ,2019-03-09 17:44:23,65
SFNC ,2019-03-09 18:44:23,65
SFNC ,2019-03-09 19:44:23,65
SFNC ,2019-03-09 20:44:22,65
SFNC ,2019-03-09 21:44:21,65
SFNC ,2019-03-09 22:44:23,65
SFNC ,2019-03-09 23:44:22,65
SFNC ,2019-03-10 00:44:23,65
SFNC ,2019-03-10 01:44:23,65
SFNC ,2019-03-10 02:44:25,65
SFNC ,2019-03-10 03:44:23,65
SFNC ,2019-03-10 04:44:22,65
SFNC ,2019-03-10 05:44:22,65
SFNC ,2019-03-10 06:44:23,65
SFNC ,2019-03-10 07:44:20,65
SFNC ,2019-03-10 08:44:19,65
SFNC ,2019-03-10 09:44:21,65
SFNC ,2019-03-10 10:44:20,65
SFNC ,2019-03-10 11:44:21,65
SFNC ,2019-03-10 12:44:21,65
SFNC ,2019-03-10 13:44:20,65
SFNC ,2019-03-10 14:44:20,65
SFNC ,2019-03-10 15:44:26,65
SFNC ,2019-03-10 16:44:23,65
SFNC ,2019-03-10 17:44:27,65
SFNC ,2019-03-10 18:44:28,65
SFNC ,2019-03-10 19:44:23,65
SFNC ,2019-03-10 20:44:22,65
SFNC ,2019-03-10 21:44:22,65
SFNC ,2019-03-10 22:44:21,65
SFNC ,2019-03-10 23:44:23,65
SFNC ,2019-03-11 00:44:23,65
SFNC ,2019-03-11 01:44:25,65
SFNC ,2019-03-11 02:44:22,65
SFNC ,2019-03-11 03:44:22,65
SFNC ,2019-03-11 04:44:23,65
SFNC ,2019-03-11 05:44:23,65
SFNC ,2019-03-11 06:44:21,65
SFNC ,2019-03-11 07:44:21,65
SFNC ,2019-03-11 08:44:19,65
SFNC ,2019-03-11 09:44:22,65
SFNC ,2019-03-11 10:44:22,65
SFNC ,2019-03-11 11:44:20,65
SFNC ,2019-03-11 12:44:25,65
SFNC ,2019-03-11 13:44:24,65
SFNC ,2019-03-11 14:44:24,65
SFNC ,2019-03-11 15:44:22,65
SFNC ,2019-03-11 16:44:22,65
SFNC ,2019-03-11 17:44:22,65
SFNC ,2019-03-11 18:44:23,65
SFNC ,2019-03-11 19:44:22,65
SFNC ,2019-03-11 20:44:22,65
SFNC ,2019-03-11 21:44:25,65
SFNC ,2019-03-11 22:44:22,65
SFNC ,2019-03-11 23:44:25,65
SFNC ,2019-03-12 00:44:27,65
SFNC ,2019-03-12 01:44:22,65
SFNC ,2019-03-12 02:44:23,65
SFNC ,2019-03-12 03:44:26,65
SFNC ,2019-03-12 04:44:23,65
SFNC ,2019-03-12 05:44:24,65
SFNC ,2019-03-12 06:44:24,65
SFNC ,2019-03-12 07:44:20,65
SFNC ,2019-03-12 08:44:21,65
SFNC ,2019-03-12 09:44:21,65
SFNC ,2019-03-12 10:44:25,65
SFNC ,2019-03-12 11:44:22,65
SFNC ,2019-03-12 12:44:23,65
SFNC ,2019-03-12 13:44:23,65
SFNC ,2019-03-12 14:44:21,65
SFNC ,2019-03-12 15:44:22,65
SFNC ,2019-03-12 16:44:23,64
SFNC ,2019-03-12 17:44:21,64
SFNC ,2019-03-12 18:44:23,64
SFNC ,2019-03-12 19:44:21,64
SFNC ,2019-03-12 20:44:23,64
SFNC ,2019-03-12 21:44:22,64
SFNC ,2019-03-12 22:44:24,64
SFNC ,2019-03-12 23:44:26,64
SFNC ,2019-03-13 00:44:24,64
SFNC ,2019-03-13 01:44:25,64
SFNC ,2019-03-13 02:44:23,64
SFNC ,2019-03-13 03:44:25,64
SFNC ,2019-03-13 04:44:25,64
SFNC ,2019-03-13 05:44:24,64
SFNC ,2019-03-13 06:44:22,64
SFNC ,2019-03-13 07:44:26,64
SFNC ,2019-03-13 08:44:21,64
SFNC ,2019-03-13 09:44:22,64
SFNC ,2019-03-13 10:44:20,64
SFNC ,2019-03-13 11:44:19,64
SFNC ,2019-03-13 13:08:25,64
SFNC ,2019-03-13 13:44:23,64
SFNC ,2019-03-13 14:44:23,64
SFNC ,2019-03-13 15:44:23,64
SFNC ,2019-03-13 16:44:25,64
SFNC ,2019-03-13 17:44:26,64
SFNC ,2019-03-13 18:44:21,64
SFNC ,2019-03-13 19:44:25,64
SFNC ,2019-03-13 20:44:23,64
SFNC ,2019-03-13 21:44:24,64
SFNC ,2019-03-13 22:44:22,64
SFNC ,2019-03-13 23:44:24,64
SFNC ,2019-03-14 00:44:22,64
SFNC ,2019-03-14 01:44:25,64
SFNC ,2019-03-14 02:44:25,64
SFNC ,2019-03-14 03:44:22,64
SFNC ,2019-03-14 04:44:24,64
SFNC ,2019-03-14 05:44:22,64
SFNC ,2019-03-14 06:44:23,64
SFNC ,2019-03-14 07:44:23,64
SFNC ,2019-03-14 08:44:21,64
SFNC ,2019-03-14 09:44:20,64
SFNC ,2019-03-14 10:44:25,64
SFNC ,2019-03-14 11:44:23,64
SFNC ,2019-03-14 13:08:57,64
SFNC ,2019-03-14 13:44:22,64
SFNC ,2019-03-14 14:44:25,64
SFNC ,2019-03-14 15:44:25,64
SFNC ,2019-03-14 16:44:23,65
SFNC ,2019-03-14 17:44:25,65
SFNC ,2019-03-14 18:44:22,65
SFNC ,2019-03-14 19:44:29,65
SFNC ,2019-03-14 20:44:24,65
SFNC ,2019-03-14 21:44:25,65
SFNC ,2019-03-14 22:44:29,65
SFNC ,2019-03-14 23:44:28,65
SFNC ,2019-03-15 00:44:25,65
SFNC ,2019-03-15 01:44:25,65
SFNC ,2019-03-15 02:44:26,65
SFNC ,2019-03-15 03:44:25,65
SFNC ,2019-03-15 04:44:24,65
SFNC ,2019-03-15 05:44:22,65
SFNC ,2019-03-15 06:44:21,65
SFNC ,2019-03-15 07:44:23,65
SFNC ,2019-03-15 08:44:26,65
SFNC ,2019-03-15 09:44:25,65
SFNC ,2019-03-15 10:44:28,65
SFNC ,2019-03-15 11:44:26,65
SFNC ,2019-03-15 12:44:25,65
SFNC ,2019-03-15 13:44:27,65
SFNC ,2019-03-15 14:44:25,65
SFNC ,2019-03-15 15:44:29,65
SFNC ,2019-03-15 16:44:27,65
SFNC ,2019-03-15 17:44:28,65
SFNC ,2019-03-15 18:44:26,65
SFNC ,2019-03-15 19:44:25,65
SFNC ,2019-03-15 20:44:26,65
SFNC ,2019-03-15 21:44:24,65
SFNC ,2019-03-15 22:44:23,65
SFNC ,2019-03-15 23:44:28,65
SFNC ,2019-03-16 00:44:25,65
SFNC ,2019-03-16 01:44:23,65
SFNC ,2019-03-16 02:44:26,65
SFNC ,2019-03-16 03:44:27,65
SFNC ,2019-03-16 04:44:28,65
SFNC ,2019-03-16 05:44:27,65
SFNC ,2019-03-16 06:44:26,65
SFNC ,2019-03-16 07:44:25,65
SFNC ,2019-03-16 08:44:28,65
SFNC ,2019-03-16 09:44:24,65
SFNC ,2019-03-16 10:44:24,65
SFNC ,2019-03-16 11:44:25,65
SFNC ,2019-03-16 12:44:24,65
SFNC ,2019-03-16 13:44:26,65
SFNC ,2019-03-16 14:44:24,65
SFNC ,2019-03-16 15:44:25,65
SFNC ,2019-03-16 16:44:25,65
SFNC ,2019-03-16 17:44:25,65
SFNC ,2019-03-16 18:44:24,65
SFNC ,2019-03-16 19:44:23,65
SFNC ,2019-03-16 20:44:26,65
SFNC ,2019-03-16 21:44:27,65
SFNC ,2019-03-16 22:44:26,65
SFNC ,2019-03-16 23:44:24,65
SFNC ,2019-03-17 00:44:27,65
SFNC ,2019-03-17 01:44:25,65
SFNC ,2019-03-17 02:44:30,65
SFNC ,2019-03-17 03:44:26,65
SFNC ,2019-03-17 04:44:26,65
SFNC ,2019-03-17 05:44:27,65
SFNC ,2019-03-17 06:44:25,65
SFNC ,2019-03-17 07:44:24,65
SFNC ,2019-03-17 08:44:22,65
SFNC ,2019-03-17 09:44:26,65
SFNC ,2019-03-17 10:44:22,65
SFNC ,2019-03-17 11:44:23,65
SFNC ,2019-03-17 12:44:23,65
SFNC ,2019-03-17 13:44:23,65
SFNC ,2019-03-17 14:44:23,65
SFNC ,2019-03-17 15:44:22,65
SFNC ,2019-03-17 16:44:21,65
SFNC ,2019-03-17 17:44:22,65
SFNC ,2019-03-17 18:44:24,65
SFNC ,2019-03-17 19:44:23,65
SFNC ,2019-03-17 20:44:22,65
SFNC ,2019-03-17 21:44:21,65
SFNC ,2019-03-17 22:44:22,65
SFNC ,2019-03-17 23:44:23,65
SFNC ,2019-03-18 00:44:24,65
SFNC ,2019-03-18 01:44:23,65
SFNC ,2019-03-18 02:44:24,65
SFNC ,2019-03-18 03:44:24,65
SFNC ,2019-03-18 04:44:23,65
SFNC ,2019-03-18 05:44:21,65
SFNC ,2019-03-18 06:44:22,65
SFNC ,2019-03-18 07:44:23,65
SFNC ,2019-03-18 08:44:21,65
SFNC ,2019-03-18 09:44:23,65
SFNC ,2019-03-18 10:44:22,65
SFNC ,2019-03-18 11:44:20,65
SFNC ,2019-03-18 12:44:24,65
SFNC ,2019-03-18 13:44:26,65
SFNC ,2019-03-18 14:44:25,65
SFNC ,2019-03-18 15:44:30,65
SFNC ,2019-03-18 16:44:23,65
SFNC ,2019-03-18 17:44:28,65
SFNC ,2019-03-18 18:44:28,65
SFNC ,2019-03-18 19:44:27,65
SFNC ,2019-03-18 20:44:25,65
SFNC ,2019-03-18 21:44:26,65
SFNC ,2019-03-18 22:44:28,65
SFNC ,2019-03-18 23:44:27,65
SFNC ,2019-03-19 00:44:30,65
SFNC ,2019-03-19 01:44:27,65
SFNC ,2019-03-19 02:44:28,65
SFNC ,2019-03-19 03:44:25,65
SFNC ,2019-03-19 04:44:25,65
SFNC ,2019-03-19 05:44:22,65
SFNC ,2019-03-19 06:44:30,65
SFNC ,2019-03-19 07:44:26,65
SFNC ,2019-03-19 08:44:23,65
SFNC ,2019-03-19 09:44:25,65
SFNC ,2019-03-19 10:44:26,65
SFNC ,2019-03-19 11:44:25,65
SFNC ,2019-03-19 12:44:26,65
SFNC ,2019-03-19 13:44:25,65
SFNC ,2019-03-19 14:44:25,65
SFNC ,2019-03-19 15:44:28,65
SFNC ,2019-03-19 16:44:25,65
SFNC ,2019-03-19 17:44:31,65
SFNC ,2019-03-19 18:44:27,64
SFNC ,2019-03-19 19:44:30,64
SFNC ,2019-03-19 20:44:29,64
SFNC ,2019-03-19 21:44:34,64
SFNC ,2019-03-19 22:44:31,64
SFNC ,2019-03-19 23:44:28,64
SFNC ,2019-03-20 00:44:31,64
SFNC ,2019-03-20 01:44:30,64
SFNC ,2019-03-20 02:44:31,64
SFNC ,2019-03-20 03:44:32,64
SFNC ,2019-03-20 04:44:29,64
SFNC ,2019-03-20 05:44:27,64
SFNC ,2019-03-20 06:44:34,64
SFNC ,2019-03-20 07:44:33,64
SFNC ,2019-03-20 08:44:30,64
SFNC ,2019-03-20 09:44:28,64
SFNC ,2019-03-20 10:44:29,64
SFNC ,2019-03-20 11:44:28,64
SFNC ,2019-03-20 13:08:37,64
SFNC ,2019-03-20 13:44:30,64
SFNC ,2019-03-20 14:44:31,64
SFNC ,2019-03-20 15:44:34,64
SFNC ,2019-03-20 16:44:28,64
SFNC ,2019-03-20 17:44:29,64
SFNC ,2019-03-20 18:44:27,64
SFNC ,2019-03-20 19:44:27,64
SFNC ,2019-03-20 20:44:25,64
SFNC ,2019-03-20 21:44:24,64
SFNC ,2019-03-20 22:44:26,64
SFNC ,2019-03-20 23:44:24,64
SFNC ,2019-03-21 00:44:25,64
SFNC ,2019-03-21 01:44:24,64
SFNC ,2019-03-21 02:44:27,64
SFNC ,2019-03-21 03:44:28,64
SFNC ,2019-03-21 04:44:25,64
SFNC ,2019-03-21 05:44:29,64
SFNC ,2019-03-21 06:44:23,64
SFNC ,2019-03-21 07:44:23,64
SFNC ,2019-03-21 08:44:21,64
SFNC ,2019-03-21 09:44:23,64
SFNC ,2019-03-21 10:44:25,64
SFNC ,2019-03-21 11:44:24,64
SFNC ,2019-03-21 13:09:26,64
SFNC ,2019-03-21 13:44:22,64
SFNC ,2019-03-21 14:44:23,64
SFNC ,2019-03-21 15:44:24,64
SFNC ,2019-03-21 16:44:22,65
SFNC ,2019-03-21 17:44:23,65
SFNC ,2019-03-21 18:44:26,65
SFNC ,2019-03-21 19:44:23,65
SFNC ,2019-03-21 20:44:18,65
SFNC ,2019-03-21 21:44:20,65
SFNC ,2019-03-21 22:44:20,65
SFNC ,2019-03-21 23:44:21,65
SFNC ,2019-03-22 00:44:21,65
SFNC ,2019-03-22 01:44:21,65
SFNC ,2019-03-22 02:44:28,65
SFNC ,2019-03-22 03:44:22,65
SFNC ,2019-03-22 04:44:20,65
SFNC ,2019-03-22 05:44:21,65
SFNC ,2019-03-22 06:44:18,65
SFNC ,2019-03-22 07:44:19,65
SFNC ,2019-03-22 08:44:31,65
SFNC ,2019-03-22 09:44:21,65
SFNC ,2019-03-22 10:44:20,65
SFNC ,2019-03-22 11:44:19,65
SFNC ,2019-03-22 12:44:28,65
SFNC ,2019-03-22 13:44:20,65
SFNC ,2019-03-22 14:44:19,65
SFNC ,2019-03-22 15:44:21,65
SFNC ,2019-03-22 16:44:22,65
SFNC ,2019-03-22 17:44:24,65
SFNC ,2019-03-22 18:44:21,65
SFNC ,2019-03-22 19:44:20,66
SFNC ,2019-03-22 20:44:21,66
SFNC ,2019-03-22 21:44:20,66
SFNC ,2019-03-22 22:44:20,66
SFNC ,2019-03-22 23:44:19,66
SFNC ,2019-03-23 00:44:21,66
SFNC ,2019-03-23 01:44:29,66
SFNC ,2019-03-23 02:44:21,66
SFNC ,2019-03-23 03:44:20,66
SFNC ,2019-03-23 04:44:19,66
SFNC ,2019-03-23 05:44:20,66
SFNC ,2019-03-23 06:44:19,66
SFNC ,2019-03-23 07:44:25,66
SFNC ,2019-03-23 08:44:19,66
SFNC ,2019-03-23 09:44:20,66
SFNC ,2019-03-23 10:44:19,66
SFNC ,2019-03-23 11:44:20,66
SFNC ,2019-03-23 12:44:20,66
SFNC ,2019-03-23 13:44:24,66
SFNC ,2019-03-23 14:44:20,66
SFNC ,2019-03-23 15:44:21,66
SFNC ,2019-03-23 16:44:19,66
SFNC ,2019-03-23 17:44:20,66
SFNC ,2019-03-23 18:44:20,66
SFNC ,2019-03-23 19:44:25,66
SFNC ,2019-03-23 20:44:21,66
SFNC ,2019-03-23 21:44:21,66
SFNC ,2019-03-23 22:44:19,66
SFNC ,2019-03-23 23:44:20,66
SFNC ,2019-03-24 00:44:20,66
SFNC ,2019-03-24 01:44:21,66
SFNC ,2019-03-24 02:44:21,66
SFNC ,2019-03-24 03:44:23,66
SFNC ,2019-03-24 04:44:28,66
SFNC ,2019-03-24 05:44:22,66
SFNC ,2019-03-24 06:44:22,66
SFNC ,2019-03-24 07:44:21,66
SFNC ,2019-03-24 08:44:20,66
SFNC ,2019-03-24 09:44:27,66
SFNC ,2019-03-24 10:44:24,66
SFNC ,2019-03-24 11:44:18,66
SFNC ,2019-03-24 12:44:19,66
SFNC ,2019-03-24 13:44:24,66
SFNC ,2019-03-24 14:44:20,66
SFNC ,2019-03-24 15:44:21,66
SFNC ,2019-03-24 16:44:20,66
SFNC ,2019-03-24 17:44:20,66
SFNC ,2019-03-24 18:44:21,66
SFNC ,2019-03-24 19:44:21,66
SFNC ,2019-03-24 20:44:22,66
SFNC ,2019-03-24 21:44:28,66
SFNC ,2019-03-24 22:44:22,66
SFNC ,2019-03-24 23:44:22,66
SFNC ,2019-03-25 00:44:21,66
SFNC ,2019-03-25 01:44:21,66
SFNC ,2019-03-25 02:44:23,66
SFNC ,2019-03-25 03:44:32,66
SFNC ,2019-03-25 04:44:22,66
SFNC ,2019-03-25 05:44:23,66
SFNC ,2019-03-25 06:44:21,66
SFNC ,2019-03-25 07:44:21,66
SFNC ,2019-03-25 08:44:23,66
SFNC ,2019-03-25 09:44:20,66
SFNC ,2019-03-25 10:44:22,66
SFNC ,2019-03-25 11:44:31,66
SFNC ,2019-03-25 13:08:27,66
SFNC ,2019-03-25 13:44:28,66
SFNC ,2019-03-25 14:44:22,66
SFNC ,2019-03-25 15:44:23,66
SFNC ,2019-03-25 16:44:22,66
SFNC ,2019-03-25 17:44:23,66
SFNC ,2019-03-25 18:44:24,66
SFNC ,2019-03-25 19:44:27,66
SFNC ,2019-03-25 20:44:22,66
SFNC ,2019-03-25 21:44:21,66
SFNC ,2019-03-25 22:44:35,66
SFNC ,2019-03-25 23:44:31,66
SFNC ,2019-03-26 00:44:25,66
SFNC ,2019-03-26 01:44:24,66
SFNC ,2019-03-26 02:44:24,66
SFNC ,2019-03-26 03:44:24,66
SFNC ,2019-03-26 04:44:22,66
SFNC ,2019-03-26 05:44:24,66
SFNC ,2019-03-26 06:44:21,66
SFNC ,2019-03-26 07:44:21,66
SFNC ,2019-03-26 08:44:20,66
SFNC ,2019-03-26 09:44:20,66
SFNC ,2019-03-26 10:44:25,66
SFNC ,2019-03-26 11:44:22,66
SFNC ,2019-03-26 12:44:24,66
SFNC ,2019-03-26 13:44:31,66
SFNC ,2019-03-26 14:44:20,66
SFNC ,2019-03-26 15:44:31,66
SFNC ,2019-03-26 16:44:27,66
SFNC ,2019-03-26 17:44:23,66
SFNC ,2019-03-26 18:44:27,66
SFNC ,2019-03-26 19:44:32,66
SFNC ,2019-03-26 20:44:24,66
SFNC ,2019-03-26 21:44:23,66
SFNC ,2019-03-26 22:44:23,66
SFNC ,2019-03-26 23:44:22,66
SFNC ,2019-03-27 00:44:28,66
SFNC ,2019-03-27 01:44:22,66
SFNC ,2019-03-27 02:44:21,66
SFNC ,2019-03-27 03:44:29,66
SFNC ,2019-03-27 04:44:26,66
SFNC ,2019-03-27 05:44:24,66
SFNC ,2019-03-27 06:44:31,66
SFNC ,2019-03-27 07:44:22,66
SFNC ,2019-03-27 08:44:21,66
SFNC ,2019-03-27 09:44:22,66
SFNC ,2019-03-27 10:44:27,66
SFNC ,2019-03-27 11:44:21,66
SFNC ,2019-03-27 13:09:06,66
SFNC ,2019-03-27 13:44:24,66
SFNC ,2019-03-27 14:44:31,66
SFNC ,2019-03-27 15:44:22,66
SFNC ,2019-03-27 16:44:25,66
SFNC ,2019-03-27 17:44:35,67
SFNC ,2019-03-27 18:44:22,67
SFNC ,2019-03-27 19:44:20,67
SFNC ,2019-03-27 20:44:27,67
SFNC ,2019-03-27 21:44:23,67
SFNC ,2019-03-27 22:44:35,67
SFNC ,2019-03-27 23:44:26,67
SFNC ,2019-03-28 00:44:25,67
SFNC ,2019-03-28 01:44:23,67
SFNC ,2019-03-28 02:44:35,67
SFNC ,2019-03-28 03:44:25,67
SFNC ,2019-03-28 04:44:29,67
SFNC ,2019-03-28 05:44:23,67
SFNC ,2019-03-28 06:44:20,67
SFNC ,2019-03-28 07:44:21,67
SFNC ,2019-03-28 08:44:20,67
SFNC ,2019-03-28 09:44:21,67
SFNC ,2019-03-28 10:44:21,67
SFNC ,2019-03-28 11:44:20,67
SFNC ,2019-03-28 13:08:54,67
SFNC ,2019-03-28 13:44:28,67
SFNC ,2019-03-28 14:44:22,68
SFNC ,2019-03-28 15:44:25,68
SFNC ,2019-03-28 16:44:26,68
SFNC ,2019-03-28 17:44:23,68
SFNC ,2019-03-28 18:44:24,68
SFNC ,2019-03-28 19:44:23,68
SFNC ,2019-03-28 20:44:27,68
SFNC ,2019-03-28 21:44:24,68
SFNC ,2019-03-28 22:44:22,68
SFNC ,2019-03-28 23:44:23,68
SFNC ,2019-03-29 00:44:22,68
SFNC ,2019-03-29 01:44:39,68
SFNC ,2019-03-29 02:44:29,68
SFNC ,2019-03-29 03:44:31,68
SFNC ,2019-03-29 04:44:27,68
SFNC ,2019-03-29 05:44:21,68
SFNC ,2019-03-29 06:44:19,68
SFNC ,2019-03-29 07:44:21,68
SFNC ,2019-03-29 08:44:28,68
SFNC ,2019-03-29 09:44:22,68
SFNC ,2019-03-29 10:44:23,68
SFNC ,2019-03-29 11:44:27,68
SFNC ,2019-03-29 13:09:25,68
SFNC ,2019-03-29 13:44:24,68
SFNC ,2019-03-29 14:44:25,68
SFNC ,2019-03-29 15:44:25,68
SFNC ,2019-03-29 16:44:19,68
SFNC ,2019-03-29 17:44:28,68
SFNC ,2019-03-29 18:44:40,68
SFNC ,2019-03-29 19:44:27,68
SFNC ,2019-03-29 20:44:27,68
SFNC ,2019-03-29 21:44:25,68
SFNC ,2019-03-29 22:44:32,68
SFNC ,2019-03-29 23:44:39,68
SFNC ,2019-03-30 00:44:31,68
SFNC ,2019-03-30 01:44:29,68
SFNC ,2019-03-30 02:44:32,68
SFNC ,2019-03-30 03:44:31,68
SFNC ,2019-03-30 04:44:32,68
SFNC ,2019-03-30 05:44:25,68
SFNC ,2019-03-30 06:44:26,68
SFNC ,2019-03-30 07:44:26,68
SFNC ,2019-03-30 08:44:48,68
SFNC ,2019-03-30 09:44:27,68
SFNC ,2019-03-30 10:44:28,68
SFNC ,2019-03-30 11:44:26,68
SFNC ,2019-03-30 12:44:33,68
SFNC ,2019-03-30 13:44:21,68
SFNC ,2019-03-30 14:44:21,68
SFNC ,2019-03-30 15:44:20,68
SFNC ,2019-03-30 16:44:20,68
SFNC ,2019-03-30 17:44:29,68
SFNC ,2019-03-30 18:44:20,68
SFNC ,2019-03-30 19:44:21,68
SFNC ,2019-03-30 20:44:20,68
SFNC ,2019-03-30 21:44:21,68
SFNC ,2019-03-30 22:44:28,68
SFNC ,2019-03-30 23:44:21,68
SFNC ,2019-03-31 00:44:22,68
SFNC ,2019-03-31 01:44:24,68
SFNC ,2019-03-31 02:44:30,68
SFNC ,2019-03-31 03:44:23,68
SFNC ,2019-03-31 04:44:21,68
SFNC ,2019-03-31 05:44:20,68
SFNC ,2019-03-31 06:44:29,68
SFNC ,2019-03-31 07:44:22,68
SFNC ,2019-03-31 08:44:20,68
SFNC ,2019-03-31 09:44:20,68
SFNC ,2019-03-31 10:44:25,68
SFNC ,2019-03-31 11:44:21,68
SFNC ,2019-03-31 12:44:21,68
SFNC ,2019-03-31 13:44:25,68
SFNC ,2019-03-31 14:44:20,68
SFNC ,2019-03-31 15:44:21,68
SFNC ,2019-03-31 16:44:24,68
SFNC ,2019-03-31 17:44:32,68
SFNC ,2019-03-31 18:44:21,68
SFNC ,2019-03-31 19:44:22,68
SFNC ,2019-03-31 20:44:21,68
SFNC ,2019-03-31 21:44:22,68
SFNC ,2019-03-31 22:44:21,68
SFNC ,2019-03-31 23:44:26,68
SFNC ,2019-04-01 00:44:29,68
SFNC ,2019-04-01 01:44:25,68
SFNC ,2019-04-01 02:44:28,68
SFNC ,2019-04-01 03:44:39,68
SFNC ,2019-04-01 04:44:24,68
SFNC ,2019-04-01 05:44:24,68
SFNC ,2019-04-01 06:44:23,68
SFNC ,2019-04-01 07:44:29,68
SFNC ,2019-04-01 08:44:23,68
SFNC ,2019-04-01 09:44:25,68
SFNC ,2019-04-01 10:44:31,68
SFNC ,2019-04-01 11:44:29,68
SFNC ,2019-04-01 13:44:34,68
SFNC ,2019-04-01 14:44:30,68
SFNC ,2019-04-01 15:44:42,68
SFNC ,2019-04-01 16:44:35,68
SFNC ,2019-04-01 17:44:28,68
SFNC ,2019-04-01 18:44:24,68
SFNC ,2019-04-01 19:44:38,68
SFNC ,2019-04-01 20:44:25,68
SFNC ,2019-04-01 21:44:21,68
SFNC ,2019-04-01 22:44:27,68
SFNC ,2019-04-01 23:44:26,68
SFNC ,2019-04-02 00:44:32,68
SFNC ,2019-04-02 01:44:54,68
SFNC ,2019-04-02 02:44:26,68
SFNC ,2019-04-02 03:44:35,68
SFNC ,2019-04-02 04:44:26,68
SFNC ,2019-04-02 05:44:23,68
SFNC ,2019-04-02 06:44:23,68
SFNC ,2019-04-02 07:44:29,68
SFNC ,2019-04-02 08:44:24,68
SFNC ,2019-04-02 09:44:30,68
SFNC ,2019-04-02 10:44:23,68
SFNC ,2019-04-02 11:44:22,68
SFNC ,2019-04-02 13:09:06,68
SFNC ,2019-04-02 13:44:27,68
SFNC ,2019-04-02 14:44:23,68
SFNC ,2019-04-02 15:44:36,68
SFNC ,2019-04-02 16:44:25,68
SFNC ,2019-04-02 17:44:34,68
SFNC ,2019-04-02 18:44:28,68
SFNC ,2019-04-02 19:44:28,68
SFNC ,2019-04-02 20:44:34,68
SFNC ,2019-04-02 21:44:28,68
SFNC ,2019-04-02 22:44:26,68
SFNC ,2019-04-02 23:44:27,68
SFNC ,2019-04-03 00:44:42,68
SFNC ,2019-04-03 01:44:28,68
SFNC ,2019-04-03 02:44:26,68
SFNC ,2019-04-03 03:44:30,68
SFNC ,2019-04-03 04:44:30,68
SFNC ,2019-04-03 05:44:30,68
SFNC ,2019-04-03 06:44:32,68
SFNC ,2019-04-03 07:44:26,68
SFNC ,2019-04-03 08:44:26,68
SFNC ,2019-04-03 09:44:43,68
SFNC ,2019-04-03 10:44:32,68
SFNC ,2019-04-03 11:44:29,68
SFNC ,2019-04-03 13:09:07,68
SFNC ,2019-04-03 13:44:27,68
SFNC ,2019-04-03 14:44:34,68
SFNC ,2019-04-03 15:44:35,68
SFNC ,2019-04-03 16:44:25,68
SFNC ,2019-04-03 17:44:23,68
SFNC ,2019-04-03 18:44:25,68
SFNC ,2019-04-03 19:44:26,68
SFNC ,2019-04-03 20:44:28,68
SFNC ,2019-04-03 21:44:24,68
SFNC ,2019-04-03 22:44:22,68
SFNC ,2019-04-03 23:44:31,68
SFNC ,2019-04-04 00:44:22,68
SFNC ,2019-04-04 01:44:25,68
SFNC ,2019-04-04 02:44:25,68
SFNC ,2019-04-04 03:44:31,68
SFNC ,2019-04-04 04:44:22,68
SFNC ,2019-04-04 05:44:21,68
SFNC ,2019-04-04 06:44:21,68
SFNC ,2019-04-04 07:44:24,68
SFNC ,2019-04-04 08:44:29,68
SFNC ,2019-04-04 09:44:22,68
SFNC ,2019-04-04 10:44:23,68
SFNC ,2019-04-04 11:44:30,68
SFNC ,2019-04-04 12:44:24,68
SFNC ,2019-04-04 13:44:24,68
SFNC ,2019-04-04 14:44:34,68
SFNC ,2019-04-04 15:44:26,68
SFNC ,2019-04-04 16:44:34,68
SFNC ,2019-04-04 17:44:22,68
SFNC ,2019-04-04 18:44:30,68
SFNC ,2019-04-04 19:44:24,68
SFNC ,2019-04-04 20:44:23,68
SFNC ,2019-04-04 21:44:28,68
SFNC ,2019-04-04 22:44:37,68
SFNC ,2019-04-04 23:44:24,68
SFNC ,2019-04-05 00:44:26,68
SFNC ,2019-04-05 01:44:23,68
SFNC ,2019-04-05 02:44:23,68
SFNC ,2019-04-05 03:44:39,68
SFNC ,2019-04-05 04:44:25,68
SFNC ,2019-04-05 05:44:23,68
SFNC ,2019-04-05 06:44:22,68
SFNC ,2019-04-05 07:44:23,68
SFNC ,2019-04-05 08:44:36,68
SFNC ,2019-04-05 09:44:25,68
SFNC ,2019-04-05 10:44:32,68
SFNC ,2019-04-05 11:44:24,68
SFNC ,2019-04-05 13:08:33,68
SFNC ,2019-04-05 13:44:28,68
SFNC ,2019-04-05 14:44:28,68
SFNC ,2019-04-05 15:44:33,68
SFNC ,2019-04-05 16:44:23,68
SFNC ,2019-04-05 17:44:24,69
SFNC ,2019-04-05 18:44:27,69
SFNC ,2019-04-05 19:44:25,69
SFNC ,2019-04-05 20:44:25,68
SFNC ,2019-04-05 21:44:30,68
SFNC ,2019-04-05 22:44:25,68
SFNC ,2019-04-05 23:44:29,68
SFNC ,2019-04-06 00:44:28,68
SFNC ,2019-04-06 01:44:41,68
SFNC ,2019-04-06 02:44:31,68
SFNC ,2019-04-06 03:44:29,68
SFNC ,2019-04-06 04:44:35,68
SFNC ,2019-04-06 05:44:26,68
SFNC ,2019-04-06 06:44:25,68
SFNC ,2019-04-06 07:44:28,68
SFNC ,2019-04-06 08:44:38,68
SFNC ,2019-04-06 09:44:25,68
SFNC ,2019-04-06 10:44:25,68
SFNC ,2019-04-06 11:44:27,68
SFNC ,2019-04-06 12:44:26,68
SFNC ,2019-04-06 13:44:24,68
SFNC ,2019-04-06 14:44:23,68
SFNC ,2019-04-06 15:44:32,68
SFNC ,2019-04-06 16:44:24,68
SFNC ,2019-04-06 17:44:24,68
SFNC ,2019-04-06 18:44:25,68
SFNC ,2019-04-06 19:44:24,68
SFNC ,2019-04-06 20:44:22,68
SFNC ,2019-04-06 21:44:34,68
SFNC ,2019-04-06 22:44:25,68
SFNC ,2019-04-06 23:44:24,68
SFNC ,2019-04-07 00:44:24,68
SFNC ,2019-04-07 01:44:21,68
SFNC ,2019-04-07 02:44:26,68
SFNC ,2019-04-07 03:44:33,68
SFNC ,2019-04-07 04:44:26,68
SFNC ,2019-04-07 05:44:26,68
SFNC ,2019-04-07 06:44:28,68
SFNC ,2019-04-07 07:44:36,68
SFNC ,2019-04-07 08:44:27,68
SFNC ,2019-04-07 09:44:31,68
SFNC ,2019-04-07 10:44:23,68
SFNC ,2019-04-07 11:44:31,68
SFNC ,2019-04-07 12:44:28,68
SFNC ,2019-04-07 13:44:33,68
SFNC ,2019-04-07 14:44:25,68
SFNC ,2019-04-07 15:44:28,68
SFNC ,2019-04-07 16:44:31,68
SFNC ,2019-04-07 17:44:25,68
SFNC ,2019-04-07 18:44:25,68
SFNC ,2019-04-07 19:44:25,68
SFNC ,2019-04-07 20:44:33,68
SFNC ,2019-04-07 21:44:23,68
SFNC ,2019-04-07 22:44:24,68
SFNC ,2019-04-07 23:44:23,68
SFNC ,2019-04-08 00:44:37,68
SFNC ,2019-04-08 01:44:27,68
SFNC ,2019-04-08 02:44:25,68
SFNC ,2019-04-08 03:44:25,68
SFNC ,2019-04-08 04:44:21,68
SFNC ,2019-04-08 05:44:35,68
SFNC ,2019-04-08 06:44:22,68
SFNC ,2019-04-08 07:44:22,68
SFNC ,2019-04-08 08:44:23,68
SFNC ,2019-04-08 09:44:24,68
SFNC ,2019-04-08 10:44:24,68
SFNC ,2019-04-08 11:44:38,68
SFNC ,2019-04-08 12:44:24,68
SFNC ,2019-04-08 13:44:33,68
SFNC ,2019-04-08 14:44:22,68
SFNC ,2019-04-08 15:44:29,68
SFNC ,2019-04-08 16:44:39,68
SFNC ,2019-04-08 17:44:26,68
SFNC ,2019-04-08 18:44:25,68
SFNC ,2019-04-08 19:44:26,68
SFNC ,2019-04-08 20:44:26,68
SFNC ,2019-04-08 21:44:28,68
SFNC ,2019-04-08 22:44:27,68
SFNC ,2019-04-08 23:44:25,68
SFNC ,2019-04-09 00:44:33,68
SFNC ,2019-04-09 01:44:27,68
SFNC ,2019-04-09 02:44:29,68
SFNC ,2019-04-09 03:44:27,68
SFNC ,2019-04-09 04:44:25,68
SFNC ,2019-04-09 05:44:31,68
SFNC ,2019-04-09 06:44:26,68
SFNC ,2019-04-09 07:44:25,68
SFNC ,2019-04-09 08:44:28,68
SFNC ,2019-04-09 09:44:40,68
SFNC ,2019-04-09 10:44:24,68
SFNC ,2019-04-09 11:44:27,68
SFNC ,2019-04-09 13:09:45,68
SFNC ,2019-04-09 13:44:26,68
SFNC ,2019-04-09 14:44:26,68
SFNC ,2019-04-09 15:44:41,68
SFNC ,2019-04-09 16:44:28,68
SFNC ,2019-04-09 17:44:26,68
SFNC ,2019-04-09 18:44:27,68
SFNC ,2019-04-09 19:44:27,68
SFNC ,2019-04-09 20:44:27,68
SFNC ,2019-04-09 21:44:27,68
SFNC ,2019-04-09 22:44:27,68
SFNC ,2019-04-09 23:44:35,68
SFNC ,2019-04-10 00:44:28,68
SFNC ,2019-04-10 01:44:29,68
SFNC ,2019-04-10 02:44:30,68
SFNC ,2019-04-10 03:44:33,68
SFNC ,2019-04-10 04:44:35,68
SFNC ,2019-04-10 05:44:25,68
SFNC ,2019-04-10 06:44:25,68
SFNC ,2019-04-10 07:44:25,68
SFNC ,2019-04-10 08:44:34,68
SFNC ,2019-04-10 09:44:27,68
SFNC ,2019-04-10 10:44:26,68
SFNC ,2019-04-10 11:44:29,68
SFNC ,2019-04-10 12:44:38,68
SFNC ,2019-04-10 13:44:40,68
SFNC ,2019-04-10 14:44:27,68
SFNC ,2019-04-10 15:44:30,68
SFNC ,2019-04-10 16:44:28,68
SFNC ,2019-04-10 17:44:28,68
SFNC ,2019-04-10 18:44:33,68
SFNC ,2019-04-10 19:44:30,69
SFNC ,2019-04-10 20:44:27,70
SFNC ,2019-04-10 21:44:24,70
SFNC ,2019-04-10 22:44:25,70
SFNC ,2019-04-10 23:44:37,70
SFNC ,2019-04-11 00:44:27,70
SFNC ,2019-04-11 01:44:24,70
SFNC ,2019-04-11 02:44:28,70
SFNC ,2019-04-11 03:44:31,70
SFNC ,2019-04-11 04:44:30,70
SFNC ,2019-04-11 05:44:28,70
SFNC ,2019-04-11 06:44:23,70
SFNC ,2019-04-11 18:44:34,69
SFNC ,2019-04-11 19:44:43,69
SFNC ,2019-04-11 20:44:27,69
SFNC ,2019-04-11 21:44:27,69
SFNC ,2019-04-11 22:44:26,69
SFNC ,2019-04-11 23:44:27,69
SFNC ,2019-04-12 00:44:27,69
SFNC ,2019-04-12 01:44:29,69
SFNC ,2019-04-12 02:44:35,69
SFNC ,2019-04-12 03:44:29,69
SFNC ,2019-04-12 04:44:28,69
SFNC ,2019-04-12 05:44:28,69
SFNC ,2019-04-12 06:44:25,69
SFNC ,2019-04-12 07:44:26,69
SFNC ,2019-04-12 08:44:26,69
SFNC ,2019-04-12 09:44:33,69
SFNC ,2019-04-12 10:44:26,69
SFNC ,2019-04-12 11:44:26,69
SFNC ,2019-04-12 13:08:11,69
SFNC ,2019-04-12 13:44:29,69
SFNC ,2019-04-12 14:44:25,69
SFNC ,2019-04-12 15:44:33,70
SFNC ,2019-04-12 16:44:31,70
SFNC ,2019-04-12 17:44:27,70
SFNC ,2019-04-12 18:44:27,70
SFNC ,2019-04-12 19:44:26,70
SFNC ,2019-04-12 20:44:26,70
SFNC ,2019-04-12 21:44:25,70
SFNC ,2019-04-12 22:44:38,70
SFNC ,2019-04-12 23:44:25,70
SFNC ,2019-04-13 00:44:29,70
SFNC ,2019-04-13 01:44:27,70
SFNC ,2019-04-13 02:44:29,70
SFNC ,2019-04-13 03:44:42,70
SFNC ,2019-04-13 04:44:30,70
SFNC ,2019-04-13 05:44:27,70
SFNC ,2019-04-13 06:44:28,70
SFNC ,2019-04-13 07:44:23,70
SFNC ,2019-04-13 08:44:27,70
SFNC ,2019-04-13 09:44:31,70
SFNC ,2019-04-13 10:44:24,70
SFNC ,2019-04-13 11:44:28,70
SFNC ,2019-04-13 12:44:26,70
SFNC ,2019-04-13 13:44:27,70
SFNC ,2019-04-13 14:44:32,70
SFNC ,2019-04-13 15:44:30,70
SFNC ,2019-04-13 16:44:29,70
SFNC ,2019-04-13 17:44:25,70
SFNC ,2019-04-13 18:44:27,70
SFNC ,2019-04-13 19:44:28,70
SFNC ,2019-04-13 20:44:26,70
SFNC ,2019-04-13 21:44:33,70
SFNC ,2019-04-13 22:44:26,70
SFNC ,2019-04-13 23:44:25,70
SFNC ,2019-04-14 00:44:28,70
SFNC ,2019-04-14 01:44:31,70
SFNC ,2019-04-14 02:44:27,70
SFNC ,2019-04-14 03:44:27,70
SFNC ,2019-04-14 04:44:37,70
SFNC ,2019-04-14 05:44:26,70
SFNC ,2019-04-14 06:44:28,70
SFNC ,2019-04-14 07:44:31,70
SFNC ,2019-04-14 08:44:26,70
SFNC ,2019-04-14 09:44:29,70
SFNC ,2019-04-14 10:44:24,70
SFNC ,2019-04-14 11:44:31,70
SFNC ,2019-04-14 12:44:24,70
SFNC ,2019-04-14 13:44:29,70
SFNC ,2019-04-14 14:44:36,70
SFNC ,2019-04-14 15:44:31,70
SFNC ,2019-04-14 16:44:32,70
SFNC ,2019-04-14 17:44:28,70
SFNC ,2019-04-14 18:44:58,70
SFNC ,2019-04-14 19:44:30,70
SFNC ,2019-04-14 20:44:33,70
SFNC ,2019-04-14 21:44:39,70
SFNC ,2019-04-14 22:44:27,70
SFNC ,2019-04-14 23:44:29,70
SFNC ,2019-04-15 00:44:28,70
SFNC ,2019-04-15 01:44:26,70
SFNC ,2019-04-15 02:44:28,70
SFNC ,2019-04-15 03:44:40,70
SFNC ,2019-04-15 04:44:28,70
SFNC ,2019-04-15 05:44:28,70
SFNC ,2019-04-15 06:44:24,70
SFNC ,2019-04-15 07:44:27,70
SFNC ,2019-04-15 08:44:32,70
SFNC ,2019-04-15 09:44:24,70
SFNC ,2019-04-15 10:44:25,70
SFNC ,2019-04-15 11:44:26,70
SFNC ,2019-04-15 13:10:09,70
SFNC ,2019-04-15 13:44:25,70
SFNC ,2019-04-15 14:44:28,69
SFNC ,2019-04-15 15:44:36,70
SFNC ,2019-04-15 16:44:27,70
SFNC ,2019-04-15 17:44:33,70
SFNC ,2019-04-15 18:44:32,70
SFNC ,2019-04-15 19:44:49,70
SFNC ,2019-04-15 20:44:27,70
SFNC ,2019-04-15 21:44:28,70
SFNC ,2019-04-15 22:44:30,70
SFNC ,2019-04-15 23:44:34,70
SFNC ,2019-04-16 00:44:30,70
SFNC ,2019-04-16 01:44:27,70
SFNC ,2019-04-16 02:44:30,70
SFNC ,2019-04-16 03:44:34,70
SFNC ,2019-04-16 04:44:29,70
SFNC ,2019-04-16 05:44:27,70
SFNC ,2019-04-16 06:44:27,70
SFNC ,2019-04-16 07:44:25,70
SFNC ,2019-04-16 08:44:41,70
SFNC ,2019-04-16 09:44:26,70
SFNC ,2019-04-16 10:44:35,70
SFNC ,2019-04-16 11:44:25,70
SFNC ,2019-04-16 13:08:29,70
SFNC ,2019-04-16 13:44:27,70
SFNC ,2019-04-16 14:44:32,70
SFNC ,2019-04-16 15:44:25,70
SFNC ,2019-04-16 16:44:25,70
SFNC ,2019-04-16 17:44:23,70
SFNC ,2019-04-16 18:44:34,68
SFNC ,2019-04-16 19:44:27,68
SFNC ,2019-04-16 20:44:27,69
SFNC ,2019-04-16 21:44:24,69
SFNC ,2019-04-16 22:44:24,69
SFNC ,2019-04-16 23:44:25,69
SFNC ,2019-04-17 00:44:26,69
SFNC ,2019-04-17 01:44:29,69
SFNC ,2019-04-17 02:44:35,69
SFNC ,2019-04-17 03:44:26,69
SFNC ,2019-04-17 04:44:26,69
SFNC ,2019-04-17 05:44:26,69
SFNC ,2019-04-17 06:44:42,69
SFNC ,2019-04-17 07:44:28,69
SFNC ,2019-04-17 08:44:25,69
SFNC ,2019-04-17 09:44:33,69
SFNC ,2019-04-17 10:44:25,69
SFNC ,2019-04-17 11:44:26,69
SFNC ,2019-04-17 13:09:33,69
SFNC ,2019-04-17 13:44:28,69
SFNC ,2019-04-17 14:44:26,70
SFNC ,2019-04-17 15:44:55,70
SFNC ,2019-04-17 16:44:27,70
SFNC ,2019-04-17 17:44:34,69
SFNC ,2019-04-17 18:44:26,69
SFNC ,2019-04-17 19:44:26,69
SFNC ,2019-04-17 20:44:27,69
SFNC ,2019-04-17 21:44:25,69
SFNC ,2019-04-17 22:44:27,69
SFNC ,2019-04-18 00:44:26,69
SFNC ,2019-04-18 01:44:28,69
SFNC ,2019-04-18 02:44:25,69
SFNC ,2019-04-18 03:44:37,69
SFNC ,2019-04-18 04:44:28,69
SFNC ,2019-04-18 05:44:33,69
SFNC ,2019-04-18 06:44:26,69
SFNC ,2019-04-18 07:44:25,69
SFNC ,2019-04-18 08:44:33,69
SFNC ,2019-04-18 09:44:25,69
SFNC ,2019-04-18 10:44:27,69
SFNC ,2019-04-18 11:44:30,69
SFNC ,2019-04-18 13:09:30,69
SFNC ,2019-04-18 13:44:28,69
SFNC ,2019-04-18 14:44:34,69
SFNC ,2019-04-18 15:44:28,69
SFNC ,2019-04-18 16:44:31,69
SFNC ,2019-04-18 17:44:35,69
SFNC ,2019-04-18 18:44:27,69
SFNC ,2019-04-18 19:44:26,69
SFNC ,2019-04-18 20:44:27,69
SFNC ,2019-04-18 21:44:29,69
SFNC ,2019-04-18 22:44:27,69
SFNC ,2019-04-18 23:44:33,69
SFNC ,2019-04-19 00:46:01,69
SFNC ,2019-04-19 02:44:26,69
SFNC ,2019-04-19 03:44:37,69
SFNC ,2019-04-19 04:44:26,69
SFNC ,2019-04-19 05:44:25,69
SFNC ,2019-04-19 06:44:28,69
SFNC ,2019-04-19 07:44:33,69
SFNC ,2019-04-19 08:44:30,69
SFNC ,2019-04-19 09:44:27,69
SFNC ,2019-04-19 10:44:29,69
SFNC ,2019-04-19 11:44:24,69
SFNC ,2019-04-19 12:44:26,69
SFNC ,2019-04-19 13:44:30,69
SFNC ,2019-04-19 14:44:32,69
SFNC ,2019-04-19 15:44:25,69
SFNC ,2019-04-19 16:44:29,69
SFNC ,2019-04-19 17:44:37,69
SFNC ,2019-04-19 18:44:27,69
SFNC ,2019-04-19 19:44:26,69
SFNC ,2019-04-19 20:44:26,69
SFNC ,2019-04-19 21:44:26,69
SFNC ,2019-04-19 22:44:26,69
SFNC ,2019-04-19 23:44:28,69
SFNC ,2019-04-20 00:44:35,69
SFNC ,2019-04-20 01:44:29,69
SFNC ,2019-04-20 02:44:29,69
SFNC ,2019-04-20 03:44:26,69
SFNC ,2019-04-20 04:44:34,69
SFNC ,2019-04-20 05:44:27,69
SFNC ,2019-04-20 06:44:26,69
SFNC ,2019-04-20 07:44:30,69
SFNC ,2019-04-20 08:44:27,69
SFNC ,2019-04-20 09:44:33,69
SFNC ,2019-04-20 10:44:27,69
SFNC ,2019-04-20 11:44:23,69
SFNC ,2019-04-20 12:44:39,69
SFNC ,2019-04-20 13:45:39,69
SFNC ,2019-04-20 14:44:26,69
SFNC ,2019-04-20 15:44:24,69
SFNC ,2019-04-20 16:44:31,69
SFNC ,2019-04-20 17:44:30,69
SFNC ,2019-04-20 18:44:26,69
SFNC ,2019-04-20 19:44:26,69
SFNC ,2019-04-20 20:44:26,69
SFNC ,2019-04-20 21:44:25,69
SFNC ,2019-04-20 22:44:26,69
SFNC ,2019-04-20 23:44:35,69
SFNC ,2019-04-21 00:44:25,69
SFNC ,2019-04-21 01:44:26,69
SFNC ,2019-04-21 02:44:29,69
SFNC ,2019-04-21 03:44:27,69
SFNC ,2019-04-21 04:44:30,69
SFNC ,2019-04-21 05:44:26,69
SFNC ,2019-04-21 06:44:24,69
SFNC ,2019-04-21 07:44:33,69
SFNC ,2019-04-21 08:44:24,69
SFNC ,2019-04-21 09:44:25,69
SFNC ,2019-04-21 10:44:27,69
SFNC ,2019-04-21 11:44:28,69
SFNC ,2019-04-21 12:44:26,69
SFNC ,2019-04-21 13:44:25,69
SFNC ,2019-04-21 14:44:34,69
SFNC ,2019-04-21 15:44:26,69
SFNC ,2019-04-21 16:44:28,69
SFNC ,2019-04-21 17:44:27,69
SFNC ,2019-04-21 18:44:25,69
SFNC ,2019-04-21 19:44:34,69
SFNC ,2019-04-21 20:44:24,69
SFNC ,2019-04-21 21:44:26,69
SFNC ,2019-04-21 22:44:24,69
SFNC ,2019-04-21 23:44:25,69
SFNC ,2019-04-22 00:44:25,69
SFNC ,2019-04-22 01:44:29,69
SFNC ,2019-04-22 02:44:37,69
SFNC ,2019-04-22 03:44:27,69
SFNC ,2019-04-22 04:44:23,69
SFNC ,2019-04-22 05:44:25,69
SFNC ,2019-04-22 06:44:29,69
SFNC ,2019-04-22 07:44:28,69
SFNC ,2019-04-22 08:44:25,69
SFNC ,2019-04-22 09:44:24,69
SFNC ,2019-04-22 10:44:31,69
SFNC ,2019-04-22 11:44:30,69
SFNC ,2019-04-22 13:10:02,69
SFNC ,2019-04-22 13:44:30,69
SFNC ,2019-04-22 14:44:31,69
SFNC ,2019-04-22 15:44:27,71
SFNC ,2019-04-22 16:44:26,72
SFNC ,2019-04-22 17:44:29,72
SFNC ,2019-04-22 18:44:32,72
SFNC ,2019-04-22 19:44:31,72
SFNC ,2019-04-22 20:44:27,72
SFNC ,2019-04-22 21:44:27,72
SFNC ,2019-04-22 22:44:27,72
SFNC ,2019-04-22 23:44:32,72
SFNC ,2019-04-23 00:44:30,72
SFNC ,2019-04-23 01:44:26,72
SFNC ,2019-04-23 02:44:27,72
SFNC ,2019-04-23 03:44:30,72
SFNC ,2019-04-23 04:44:33,72
SFNC ,2019-04-23 05:44:28,72
SFNC ,2019-04-23 06:45:03,72
SFNC ,2019-04-23 07:44:27,72
SFNC ,2019-04-23 08:44:23,72
SFNC ,2019-04-23 09:44:27,72
SFNC ,2019-04-23 10:44:30,72
SFNC ,2019-04-23 11:44:31,72
SFNC ,2019-04-23 13:10:32,72
SFNC ,2019-04-23 13:44:27,72
SFNC ,2019-04-23 14:44:25,73
SFNC ,2019-04-23 15:44:32,74
SFNC ,2019-04-23 16:44:28,74
SFNC ,2019-04-23 17:44:27,74
SFNC ,2019-04-23 18:44:25,74
SFNC ,2019-04-23 19:44:29,74
SFNC ,2019-04-23 20:44:38,74
SFNC ,2019-04-23 21:44:29,74
SFNC ,2019-04-23 22:44:26,74
SFNC ,2019-04-23 23:44:28,74
SFNC ,2019-04-24 00:44:25,74
SFNC ,2019-04-24 01:44:28,74
SFNC ,2019-04-24 02:44:34,74
SFNC ,2019-04-24 03:44:28,74
SFNC ,2019-04-24 04:44:27,74
SFNC ,2019-04-24 05:44:24,74
SFNC ,2019-04-24 06:44:29,74
SFNC ,2019-04-24 07:44:34,74
SFNC ,2019-04-24 08:44:26,74
SFNC ,2019-04-24 09:44:27,74
SFNC ,2019-04-24 10:44:33,74
SFNC ,2019-04-24 11:44:33,74
SFNC ,2019-04-24 12:44:26,74
SFNC ,2019-04-24 13:44:45,74
SFNC ,2019-04-24 14:44:32,74
SFNC ,2019-04-24 15:44:31,75
SFNC ,2019-04-24 16:44:30,75
SFNC ,2019-04-24 17:44:31,75
SFNC ,2019-04-24 18:44:43,75
SFNC ,2019-04-24 19:44:29,75
SFNC ,2019-04-24 20:44:30,74
SFNC ,2019-04-24 21:44:29,74
SFNC ,2019-04-24 22:44:27,74
SFNC ,2019-04-24 23:44:39,74
SFNC ,2019-04-25 00:44:30,74
SFNC ,2019-04-25 01:44:29,74
SFNC ,2019-04-25 02:44:28,74
SFNC ,2019-04-25 03:44:37,74
SFNC ,2019-04-25 04:44:27,74
SFNC ,2019-04-25 05:44:27,74
SFNC ,2019-04-25 06:44:32,74
SFNC ,2019-04-25 07:44:27,74
SFNC ,2019-04-25 08:44:32,74
SFNC ,2019-04-25 09:44:26,74
SFNC ,2019-04-25 10:44:31,74
SFNC ,2019-04-25 11:44:31,74
SFNC ,2019-04-25 13:09:03,74
SFNC ,2019-04-25 13:44:28,74
SFNC ,2019-04-25 14:44:35,74
SFNC ,2019-04-25 15:44:27,74
SFNC ,2019-04-25 16:44:33,74
SFNC ,2019-04-25 17:44:25,73
SFNC ,2019-04-25 18:44:25,73
SFNC ,2019-04-25 19:44:31,73
SFNC ,2019-04-25 20:44:25,74
SFNC ,2019-04-25 21:44:33,74
SFNC ,2019-04-25 22:44:25,74
SFNC ,2019-04-25 23:44:24,74
SFNC ,2019-04-26 00:44:28,74
SFNC ,2019-04-26 01:44:34,74
SFNC ,2019-04-26 02:44:27,74
SFNC ,2019-04-26 03:44:28,74
SFNC ,2019-04-26 04:44:30,74
SFNC ,2019-04-26 05:44:31,74
SFNC ,2019-04-26 06:44:30,74
SFNC ,2019-04-26 07:44:25,74
SFNC ,2019-04-26 08:44:34,74
SFNC ,2019-04-26 09:44:24,74
SFNC ,2019-04-26 10:44:36,74
SFNC ,2019-04-26 11:44:25,74
SFNC ,2019-04-26 12:44:26,74
SFNC ,2019-04-26 13:44:32,74
SFNC ,2019-04-26 14:44:25,74
SFNC ,2019-04-26 15:44:32,73
SFNC ,2019-04-26 16:44:24,73
SFNC ,2019-04-26 17:44:27,73
SFNC ,2019-04-26 18:44:26,73
SFNC ,2019-04-26 19:44:24,73
SFNC ,2019-04-26 20:44:31,73
SFNC ,2019-04-26 21:44:25,73
SFNC ,2019-04-26 22:44:25,73
SFNC ,2019-04-26 23:44:26,73
SFNC ,2019-04-27 00:44:26,73
SFNC ,2019-04-27 01:44:31,73
SFNC ,2019-04-27 02:44:25,73
SFNC ,2019-04-27 03:44:25,73
SFNC ,2019-04-27 04:44:23,73
SFNC ,2019-04-27 05:44:27,73
SFNC ,2019-04-27 06:44:31,73
SFNC ,2019-04-27 07:44:23,73
SFNC ,2019-04-27 08:44:23,73
SFNC ,2019-04-27 09:44:29,73
SFNC ,2019-04-27 10:44:26,73
SFNC ,2019-04-27 11:44:22,73
SFNC ,2019-04-27 12:44:24,73
SFNC ,2019-04-27 13:44:28,73
SFNC ,2019-04-27 14:44:24,73
SFNC ,2019-04-27 15:44:22,73
SFNC ,2019-04-27 16:44:25,73
SFNC ,2019-04-27 17:44:33,73
SFNC ,2019-04-27 18:44:25,73
SFNC ,2019-04-27 19:44:21,73
SFNC ,2019-04-27 20:44:26,73
SFNC ,2019-04-27 21:44:27,73
SFNC ,2019-04-27 22:44:23,73
SFNC ,2019-04-27 23:44:23,73
SFNC ,2019-04-28 00:44:23,73
SFNC ,2019-04-28 01:44:25,73
SFNC ,2019-04-28 02:44:24,73
SFNC ,2019-04-28 03:44:23,73
SFNC ,2019-04-28 04:44:32,73
SFNC ,2019-04-28 05:44:24,73
SFNC ,2019-04-28 06:44:23,73
SFNC ,2019-04-28 07:44:22,73
SFNC ,2019-04-28 08:44:28,73
SFNC ,2019-04-28 09:44:23,73
SFNC ,2019-04-28 10:44:28,73
SFNC ,2019-04-28 11:44:26,73
SFNC ,2019-04-28 12:44:23,73
SFNC ,2019-04-28 13:44:23,73
SFNC ,2019-04-28 14:44:29,73
SFNC ,2019-04-28 15:44:25,73
SFNC ,2019-04-28 16:44:22,73
SFNC ,2019-04-28 17:44:24,73
SFNC ,2019-04-28 18:44:25,73
SFNC ,2019-04-28 19:47:38,73
SFNC ,2019-04-28 20:44:23,73
SFNC ,2019-04-28 21:44:25,73
SFNC ,2019-04-28 22:44:24,73
SFNC ,2019-04-28 23:44:26,73
SFNC ,2019-04-29 00:44:31,73
SFNC ,2019-04-29 01:44:22,73
SFNC ,2019-04-29 02:44:22,73
SFNC ,2019-04-29 03:44:26,73
SFNC ,2019-04-29 04:44:29,73
SFNC ,2019-04-29 05:44:24,73
SFNC ,2019-04-29 06:44:24,73
SFNC ,2019-04-29 07:44:25,73
SFNC ,2019-04-29 08:44:29,73
SFNC ,2019-04-29 09:44:28,73
SFNC ,2019-04-29 10:44:23,73
SFNC ,2019-04-29 11:44:24,73
SFNC ,2019-04-29 12:44:31,73
SFNC ,2019-04-29 13:44:23,73
SFNC ,2019-04-29 14:44:30,73
SFNC ,2019-04-29 15:44:23,73
SFNC ,2019-04-29 16:44:27,73
SFNC ,2019-04-29 17:44:26,73
SFNC ,2019-04-29 18:44:26,73
SFNC ,2019-04-29 19:44:28,73
SFNC ,2019-04-29 20:44:36,74
SFNC ,2019-04-29 21:44:25,74
SFNC ,2019-04-29 22:44:23,74
SFNC ,2019-04-29 23:44:27,74
SFNC ,2019-04-30 00:44:24,74
SFNC ,2019-04-30 01:44:26,74
SFNC ,2019-04-30 02:44:31,74
SFNC ,2019-04-30 03:44:32,74
SFNC ,2019-04-30 04:44:27,74
SFNC ,2019-04-30 05:44:28,74
SFNC ,2019-04-30 06:44:26,74
SFNC ,2019-04-30 07:44:26,74
SFNC ,2019-04-30 08:44:28,74
SFNC ,2019-04-30 09:44:33,74
SFNC ,2019-04-30 10:44:28,74
SFNC ,2019-04-30 11:44:26,74
SFNC ,2019-04-30 13:08:30,74
SFNC ,2019-04-30 13:44:29,74
SFNC ,2019-04-30 14:44:29,74
SFNC ,2019-04-30 15:44:30,73
SFNC ,2019-04-30 16:44:30,72
SFNC ,2019-04-30 17:44:36,72
SFNC ,2019-04-30 18:44:27,72
SFNC ,2019-04-30 19:44:31,72
SFNC ,2019-04-30 20:44:27,72
SFNC ,2019-04-30 21:44:27,72
SFNC ,2019-04-30 22:44:24,72
SFNC ,2019-04-30 23:44:31,72
SFNC ,2019-05-01 00:44:23,72
SFNC ,2019-05-01 01:44:34,72
SFNC ,2019-05-01 02:44:28,72
SFNC ,2019-05-01 03:44:36,72
SFNC ,2019-05-01 04:44:34,72
SFNC ,2019-05-01 05:44:30,72
SFNC ,2019-05-01 06:44:25,72
SFNC ,2019-05-01 07:44:30,72
SFNC ,2019-05-01 08:44:30,72
SFNC ,2019-05-01 09:44:29,72
SFNC ,2019-05-01 10:44:24,72
SFNC ,2019-05-01 11:44:28,72
SFNC ,2019-05-01 13:08:31,72
SFNC ,2019-05-01 13:44:32,72
SFNC ,2019-05-01 14:44:23,72
SFNC ,2019-05-01 15:44:32,72
SFNC ,2019-05-01 16:44:29,72
SFNC ,2019-05-01 17:44:25,72
SFNC ,2019-05-01 18:44:31,72
SFNC ,2019-05-01 19:44:36,81
SFNC ,2019-05-01 20:44:34,82
SFNC ,2019-05-01 21:44:29,82
SFNC ,2019-05-01 22:44:33,82
SFNC ,2019-05-01 23:44:33,82
SFNC ,2019-05-02 00:44:35,82
SFNC ,2019-05-02 01:44:29,82
SFNC ,2019-05-02 02:44:36,82
SFNC ,2019-05-02 03:44:30,82
SFNC ,2019-05-02 04:44:36,82
SFNC ,2019-05-02 05:44:39,82
SFNC ,2019-05-02 06:44:37,82
SFNC ,2019-05-02 07:44:33,82
SFNC ,2019-05-02 08:44:32,82
SFNC ,2019-05-02 09:44:29,82
SFNC ,2019-05-02 10:44:34,82
SFNC ,2019-05-02 11:44:28,82
SFNC ,2019-05-02 13:44:40,82
SFNC ,2019-05-02 14:44:28,81
SFNC ,2019-05-02 15:44:29,81
SFNC ,2019-05-02 16:44:36,82
SFNC ,2019-05-02 17:44:29,82
SFNC ,2019-05-02 18:44:30,82
SFNC ,2019-05-02 19:44:38,81
SFNC ,2019-05-02 20:44:31,81
SFNC ,2019-05-02 21:44:33,81
SFNC ,2019-05-02 22:44:40,81
SFNC ,2019-05-02 23:44:28,81
SFNC ,2019-05-03 00:44:30,81
SFNC ,2019-05-03 01:44:41,81
SFNC ,2019-05-03 02:44:31,81
SFNC ,2019-05-03 03:44:39,81
SFNC ,2019-05-03 04:44:30,81
SFNC ,2019-05-03 05:44:49,81
SFNC ,2019-05-03 06:44:34,81
SFNC ,2019-05-03 07:44:35,81
SFNC ,2019-05-03 08:44:35,81
SFNC ,2019-05-03 09:44:33,81
SFNC ,2019-05-03 10:44:38,81
SFNC ,2019-05-03 11:44:33,81
SFNC ,2019-05-03 13:07:43,81
SFNC ,2019-05-03 13:44:46,81
SFNC ,2019-05-03 14:44:38,81
SFNC ,2019-05-03 15:44:36,80
SFNC ,2019-05-03 16:44:35,80
SFNC ,2019-05-03 17:44:38,80
SFNC ,2019-05-03 18:44:45,80
SFNC ,2019-05-03 19:44:41,80
SFNC ,2019-05-03 20:44:30,80
SFNC ,2019-05-03 21:44:42,80
SFNC ,2019-05-03 22:44:31,80
SFNC ,2019-05-03 23:44:38,80
SFNC ,2019-05-04 00:44:35,80
SFNC ,2019-05-04 01:44:37,80
SFNC ,2019-05-04 02:44:39,80
SFNC ,2019-05-04 03:44:45,80
SFNC ,2019-05-04 04:44:37,80
SFNC ,2019-05-04 05:44:35,80
SFNC ,2019-05-04 06:44:38,80
SFNC ,2019-05-04 07:44:37,80
SFNC ,2019-05-04 08:44:29,80
SFNC ,2019-05-04 09:44:33,80
SFNC ,2019-05-04 10:44:28,80
SFNC ,2019-05-04 11:44:34,80
SFNC ,2019-05-04 12:44:38,80
SFNC ,2019-05-04 13:44:38,80
SFNC ,2019-05-04 14:44:30,80
SFNC ,2019-05-04 15:44:32,80
SFNC ,2019-05-04 16:44:34,80
SFNC ,2019-05-04 17:44:30,80
SFNC ,2019-05-04 18:44:30,80
SFNC ,2019-05-04 19:44:34,80
SFNC ,2019-05-04 20:44:29,80
SFNC ,2019-05-04 21:44:31,80
SFNC ,2019-05-04 22:44:32,80
SFNC ,2019-05-04 23:44:37,80
SFNC ,2019-05-05 00:44:32,80
SFNC ,2019-05-05 01:44:38,80
SFNC ,2019-05-05 02:44:31,80
SFNC ,2019-05-05 03:44:35,80
SFNC ,2019-05-05 04:44:36,80
SFNC ,2019-05-05 05:44:37,80
SFNC ,2019-05-05 06:44:38,80
SFNC ,2019-05-05 07:44:32,80
SFNC ,2019-05-05 08:44:28,80
SFNC ,2019-05-05 09:44:28,80
SFNC ,2019-05-05 10:44:31,80
SFNC ,2019-05-05 11:44:33,80
SFNC ,2019-05-05 12:44:31,80
SFNC ,2019-05-05 13:44:32,80
SFNC ,2019-05-05 14:44:33,80
SFNC ,2019-05-05 15:44:31,80
SFNC ,2019-05-05 16:44:29,80
SFNC ,2019-05-05 17:44:38,80
SFNC ,2019-05-05 18:44:31,80
SFNC ,2019-05-05 19:44:29,80
SFNC ,2019-05-05 20:44:31,80
SFNC ,2019-05-05 21:44:31,80
SFNC ,2019-05-05 22:44:33,80
SFNC ,2019-05-05 23:44:34,80
SFNC ,2019-05-06 00:44:30,80
SFNC ,2019-05-06 01:44:29,80
SFNC ,2019-05-06 02:44:30,80
SFNC ,2019-05-06 03:44:35,80
SFNC ,2019-05-06 04:44:27,80
SFNC ,2019-05-06 05:44:27,80
SFNC ,2019-05-06 06:44:28,80
SFNC ,2019-05-06 07:44:34,80
SFNC ,2019-05-06 08:44:29,80
SFNC ,2019-05-06 09:44:26,80
SFNC ,2019-05-06 10:44:32,80
SFNC ,2019-05-06 11:44:33,80
SFNC ,2019-05-06 13:09:44,80
SFNC ,2019-05-06 13:44:46,80
SFNC ,2019-05-06 14:44:45,80
SFNC ,2019-05-06 15:44:28,80
SFNC ,2019-05-06 16:44:32,80
SFNC ,2019-05-06 17:36:24,80
SFNC ,2019-05-06 17:44:28,80
SFNC ,2019-05-06 18:44:31,80
SFNC ,2019-05-06 19:44:33,80
SFNC ,2019-05-06 20:44:26,80
SFNC ,2019-05-06 21:44:26,80
SFNC ,2019-05-06 22:44:30,80
SFNC ,2019-05-06 23:44:25,80
SFNC ,2019-05-07 00:44:27,80
SFNC ,2019-05-07 01:44:39,80
SFNC ,2019-05-07 02:44:27,80
SFNC ,2019-05-07 03:44:31,80
SFNC ,2019-05-07 04:44:30,80
SFNC ,2019-05-07 05:44:27,80
SFNC ,2019-05-07 06:44:25,80
SFNC ,2019-05-07 07:44:27,80
SFNC ,2019-05-07 08:44:24,80
SFNC ,2019-05-07 09:44:30,80
SFNC ,2019-05-07 10:44:27,80
SFNC ,2019-05-07 11:44:24,80
SFNC ,2019-05-07 12:44:33,80
SFNC ,2019-05-07 13:44:30,80
SFNC ,2019-05-07 14:44:26,80
SFNC ,2019-05-07 15:44:24,80
SFNC ,2019-05-07 16:44:31,80
SFNC ,2019-05-07 17:44:30,80
SFNC ,2019-05-07 18:44:27,79
SFNC ,2019-05-07 19:44:33,79
SFNC ,2019-05-07 20:44:28,79
SFNC ,2019-05-07 21:44:26,79
SFNC ,2019-05-07 22:44:26,79
SFNC ,2019-05-07 23:44:31,79
SFNC ,2019-05-08 00:44:26,79
SFNC ,2019-05-08 01:44:28,79
SFNC ,2019-05-08 02:44:28,79
SFNC ,2019-05-08 03:44:33,79
SFNC ,2019-05-08 04:44:28,79
SFNC ,2019-05-08 05:44:29,79
SFNC ,2019-05-08 06:44:29,79
SFNC ,2019-05-08 07:44:27,79
SFNC ,2019-05-08 08:44:25,79
SFNC ,2019-05-08 09:44:34,79
SFNC ,2019-05-08 10:44:26,79
SFNC ,2019-05-08 11:44:30,79
SFNC ,2019-05-08 13:08:34,79
SFNC ,2019-05-08 13:44:30,79
SFNC ,2019-05-08 14:44:34,78
SFNC ,2019-05-08 15:44:33,78
SFNC ,2019-05-08 16:44:31,78
SFNC ,2019-05-08 17:44:33,78
SFNC ,2019-05-08 18:44:38,80
SFNC ,2019-05-08 19:44:30,80
SFNC ,2019-05-08 20:44:27,80
SFNC ,2019-05-08 21:44:30,80
SFNC ,2019-05-08 22:44:28,80
SFNC ,2019-05-08 23:44:40,80
SFNC ,2019-05-09 00:44:29,80
SFNC ,2019-05-09 01:44:31,80
SFNC ,2019-05-09 02:44:33,80
SFNC ,2019-05-09 03:44:39,80
SFNC ,2019-05-09 04:44:39,80
SFNC ,2019-05-09 05:44:30,80
SFNC ,2019-05-09 06:44:35,80
SFNC ,2019-05-09 07:44:33,80
SFNC ,2019-05-09 08:44:32,80
SFNC ,2019-05-09 09:44:38,80
SFNC ,2019-05-09 10:44:30,80
SFNC ,2019-05-09 11:44:35,80
SFNC ,2019-05-09 13:08:04,80
SFNC ,2019-05-09 13:44:30,80
SFNC ,2019-05-09 14:44:32,80
SFNC ,2019-05-09 15:44:34,80
SFNC ,2019-05-09 16:44:31,80
SFNC ,2019-05-09 17:44:38,80
SFNC ,2019-05-09 18:44:30,80
SFNC ,2019-05-09 19:44:32,79
SFNC ,2019-05-09 20:44:30,79
SFNC ,2019-05-09 21:44:28,79
SFNC ,2019-05-09 22:44:38,79
SFNC ,2019-05-09 23:44:28,79
SFNC ,2019-05-10 00:44:29,79
SFNC ,2019-05-10 01:44:33,79
SFNC ,2019-05-10 02:44:42,79
SFNC ,2019-05-10 03:44:29,79
SFNC ,2019-05-10 04:44:39,79
SFNC ,2019-05-10 05:44:29,79
SFNC ,2019-05-10 06:45:02,79
SFNC ,2019-05-10 07:44:27,79
SFNC ,2019-05-10 08:44:35,79
SFNC ,2019-05-10 09:44:29,79
SFNC ,2019-05-10 10:44:32,79
SFNC ,2019-05-10 11:44:29,79
SFNC ,2019-05-10 12:44:37,79
SFNC ,2019-05-10 13:44:29,79
SFNC ,2019-05-10 14:44:34,79
SFNC ,2019-05-10 15:44:29,79
SFNC ,2019-05-10 16:44:29,79
SFNC ,2019-05-10 17:44:29,79
SFNC ,2019-05-10 18:44:36,79
SFNC ,2019-05-10 19:44:29,79
SFNC ,2019-05-10 20:44:28,79
SFNC ,2019-05-10 21:44:28,79
SFNC ,2019-05-10 22:44:33,80
SFNC ,2019-05-10 23:44:31,80
SFNC ,2019-05-11 00:44:39,80
SFNC ,2019-05-11 01:44:29,80
SFNC ,2019-05-11 02:44:38,80
SFNC ,2019-05-11 03:44:29,80
SFNC ,2019-05-11 04:44:29,80
SFNC ,2019-05-11 05:44:42,80
SFNC ,2019-05-11 06:44:27,80
SFNC ,2019-05-11 07:44:27,80
SFNC ,2019-05-11 08:44:34,80
SFNC ,2019-05-11 09:44:27,80
SFNC ,2019-05-11 10:44:37,80
SFNC ,2019-05-11 11:44:28,80
SFNC ,2019-05-11 12:44:28,80
SFNC ,2019-05-11 13:44:34,80
SFNC ,2019-05-11 14:44:28,80
SFNC ,2019-05-11 15:44:31,80
SFNC ,2019-05-11 16:44:40,80
SFNC ,2019-05-11 17:44:29,80
SFNC ,2019-05-11 18:44:31,80
SFNC ,2019-05-11 19:44:30,80
SFNC ,2019-05-11 20:44:29,80
SFNC ,2019-05-11 21:44:33,80
SFNC ,2019-05-11 22:44:33,80
SFNC ,2019-05-11 23:44:30,80
SFNC ,2019-05-12 00:44:28,80
SFNC ,2019-05-12 01:44:30,80
SFNC ,2019-05-12 02:44:30,80
SFNC ,2019-05-12 03:44:37,80
SFNC ,2019-05-12 04:44:29,80
SFNC ,2019-05-12 05:44:31,80
SFNC ,2019-05-12 06:44:28,80
SFNC ,2019-05-12 07:44:35,80
SFNC ,2019-05-12 08:44:27,80
SFNC ,2019-05-12 09:44:32,80
SFNC ,2019-05-12 10:44:28,80
SFNC ,2019-05-12 11:44:27,80
SFNC ,2019-05-12 12:44:27,80
SFNC ,2019-05-12 13:44:33,80
SFNC ,2019-05-12 14:44:28,80
SFNC ,2019-05-12 15:44:28,80
SFNC ,2019-05-12 16:44:31,80
SFNC ,2019-05-12 17:44:36,80
SFNC ,2019-05-12 18:44:28,80
SFNC ,2019-05-12 19:44:28,80
SFNC ,2019-05-12 20:44:27,80
SFNC ,2019-05-12 21:44:26,80
SFNC ,2019-05-12 22:44:36,80
SFNC ,2019-05-12 23:44:27,80
SFNC ,2019-05-13 00:44:31,80
SFNC ,2019-05-13 01:44:26,80
SFNC ,2019-05-13 02:44:26,80
SFNC ,2019-05-13 03:44:32,80
SFNC ,2019-05-13 04:44:25,80
SFNC ,2019-05-13 05:44:25,80
SFNC ,2019-05-13 06:44:32,80
SFNC ,2019-05-13 07:44:24,80
SFNC ,2019-05-13 08:44:26,80
SFNC ,2019-05-13 09:44:28,80
SFNC ,2019-05-13 10:44:32,80
SFNC ,2019-05-13 11:44:28,80
SFNC ,2019-05-13 13:08:03,81
SFNC ,2019-05-13 13:44:28,81
SFNC ,2019-05-13 14:44:27,81
SFNC ,2019-05-13 15:44:34,82
SFNC ,2019-05-13 16:44:29,82
SFNC ,2019-05-13 17:44:29,82
SFNC ,2019-05-13 18:44:30,82
SFNC ,2019-05-13 19:44:32,82
SFNC ,2019-05-13 20:44:27,81
SFNC ,2019-05-13 21:44:29,81
SFNC ,2019-05-13 22:44:27,81
SFNC ,2019-05-13 23:44:28,81
SFNC ,2019-05-14 00:44:47,81
SFNC ,2019-05-14 01:44:27,81
SFNC ,2019-05-14 02:44:30,81
SFNC ,2019-05-14 03:44:36,81
SFNC ,2019-05-14 04:44:29,81
SFNC ,2019-05-14 05:44:27,81
SFNC ,2019-05-14 06:44:36,81
SFNC ,2019-05-14 07:44:30,81
SFNC ,2019-05-14 08:44:30,81
SFNC ,2019-05-14 09:44:35,81
SFNC ,2019-05-14 10:44:28,81
SFNC ,2019-05-14 11:44:28,81
SFNC ,2019-05-14 13:07:35,81
SFNC ,2019-05-14 13:44:33,81
SFNC ,2019-05-14 14:44:29,81
SFNC ,2019-05-14 15:44:33,81
SFNC ,2019-05-14 16:44:31,81
SFNC ,2019-05-14 17:44:33,81
SFNC ,2019-05-14 18:44:31,81
SFNC ,2019-05-14 19:44:27,81
SFNC ,2019-05-14 20:44:28,81
SFNC ,2019-05-14 21:44:27,81
SFNC ,2019-05-14 22:44:34,81
SFNC ,2019-05-14 23:44:30,81
SFNC ,2019-05-15 00:44:29,81
SFNC ,2019-05-15 01:44:30,81
SFNC ,2019-05-15 02:44:29,81
SFNC ,2019-05-15 03:44:34,81
SFNC ,2019-05-15 04:44:31,81
SFNC ,2019-05-15 05:44:32,81
SFNC ,2019-05-15 06:44:33,81
SFNC ,2019-05-15 07:44:31,81
SFNC ,2019-05-15 08:44:32,81
SFNC ,2019-05-15 09:44:37,81
SFNC ,2019-05-15 10:44:39,81
SFNC ,2019-05-15 11:44:28,81
SFNC ,2019-05-15 13:08:35,81
SFNC ,2019-05-15 13:44:30,81
SFNC ,2019-05-15 14:44:32,81
SFNC ,2019-05-15 15:44:28,81
SFNC ,2019-05-15 16:44:36,82
SFNC ,2019-05-15 17:44:31,82
SFNC ,2019-05-15 18:44:35,82
SFNC ,2019-05-15 19:44:32,82
SFNC ,2019-05-15 20:44:30,82
SFNC ,2019-05-15 21:44:33,82
SFNC ,2019-05-15 22:44:29,82
SFNC ,2019-05-15 23:44:30,82
SFNC ,2019-05-16 00:44:29,82
SFNC ,2019-05-16 01:44:39,82
SFNC ,2019-05-16 02:44:34,82
SFNC ,2019-05-16 03:44:28,82
SFNC ,2019-05-16 04:44:30,82
SFNC ,2019-05-16 05:44:36,82
SFNC ,2019-05-16 06:44:32,82
SFNC ,2019-05-16 07:44:37,82
SFNC ,2019-05-16 08:44:36,82
SFNC ,2019-05-16 09:44:36,82
SFNC ,2019-05-16 10:44:50,82
SFNC ,2019-05-16 11:44:32,82
SFNC ,2019-05-16 13:07:38,82
SFNC ,2019-05-16 13:44:48,82
SFNC ,2019-05-16 14:44:32,82
SFNC ,2019-05-16 15:44:32,82
SFNC ,2019-05-16 16:44:38,81
SFNC ,2019-05-16 17:44:32,81
SFNC ,2019-05-16 18:44:35,81
SFNC ,2019-05-16 19:44:36,81
SFNC ,2019-05-16 20:44:31,81
SFNC ,2019-05-16 21:44:35,81
SFNC ,2019-05-16 22:44:36,81
SFNC ,2019-05-16 23:44:33,81
SFNC ,2019-05-17 00:44:44,81
SFNC ,2019-05-17 01:44:36,81
SFNC ,2019-05-17 02:44:33,81
SFNC ,2019-05-17 03:44:31,81
SFNC ,2019-05-17 04:44:32,81
SFNC ,2019-05-17 05:44:34,81
SFNC ,2019-05-17 06:44:40,81
SFNC ,2019-05-17 07:44:33,81
SFNC ,2019-05-17 08:44:40,81
SFNC ,2019-05-17 09:44:39,81
SFNC ,2019-05-17 10:44:32,81
SFNC ,2019-05-17 11:44:37,81
SFNC ,2019-05-17 13:09:08,81
SFNC ,2019-05-17 13:44:44,81
SFNC ,2019-05-17 14:44:34,81
SFNC ,2019-05-17 15:44:31,81
SFNC ,2019-05-17 16:44:35,81
SFNC ,2019-05-17 17:44:32,81
SFNC ,2019-05-17 18:44:33,81
SFNC ,2019-05-17 19:44:37,81
SFNC ,2019-05-17 20:44:31,81
SFNC ,2019-05-17 21:44:32,81
SFNC ,2019-05-17 22:44:31,81
SFNC ,2019-05-17 23:44:32,81
SFNC ,2019-05-18 00:44:32,81
SFNC ,2019-05-18 01:44:35,81
SFNC ,2019-05-18 02:44:34,81
SFNC ,2019-05-18 04:44:29,81
SFNC ,2019-05-18 05:44:23,81
SFNC ,2019-05-18 06:44:27,81
SFNC ,2019-05-18 07:44:24,81
SFNC ,2019-05-18 08:44:24,81
SFNC ,2019-05-18 09:44:23,81
SFNC ,2019-05-18 10:44:23,81
SFNC ,2019-05-18 11:44:27,81
SFNC ,2019-05-18 12:44:23,81
SFNC ,2019-05-18 13:44:26,81
SFNC ,2019-05-18 14:44:24,81
SFNC ,2019-05-18 15:44:29,81
SFNC ,2019-05-18 16:44:23,81
SFNC ,2019-05-18 17:44:26,81
SFNC ,2019-05-18 18:44:23,81
SFNC ,2019-05-18 19:44:24,81
SFNC ,2019-05-18 20:44:23,81
SFNC ,2019-05-18 21:44:24,81
SFNC ,2019-05-18 22:44:24,81
SFNC ,2019-05-18 23:44:22,81
SFNC ,2019-05-19 00:44:22,81
SFNC ,2019-05-19 01:44:23,81
SFNC ,2019-05-19 02:44:23,81
SFNC ,2019-05-19 03:44:22,81
SFNC ,2019-05-19 04:44:26,81
SFNC ,2019-05-19 05:44:23,81
SFNC ,2019-05-19 06:44:23,81
SFNC ,2019-05-19 07:44:23,81
SFNC ,2019-05-19 08:44:22,81
SFNC ,2019-05-19 09:44:22,81
SFNC ,2019-05-19 10:44:22,81
SFNC ,2019-05-19 11:44:24,81
SFNC ,2019-05-19 12:44:25,81
SFNC ,2019-05-19 13:44:25,81
SFNC ,2019-05-19 14:44:23,81
SFNC ,2019-05-19 15:44:23,81
SFNC ,2019-05-19 16:44:25,81
SFNC ,2019-05-19 17:44:25,81
SFNC ,2019-05-19 18:44:23,81
SFNC ,2019-05-19 19:44:23,81
SFNC ,2019-05-19 20:44:25,81
SFNC ,2019-05-19 21:44:24,81
SFNC ,2019-05-19 22:44:23,81
SFNC ,2019-05-19 23:44:25,81
SFNC ,2019-05-20 00:44:24,81
SFNC ,2019-05-20 01:44:24,81
SFNC ,2019-05-20 02:44:26,81
SFNC ,2019-05-20 03:44:24,81
SFNC ,2019-05-20 04:44:26,81
SFNC ,2019-05-20 05:44:25,81
SFNC ,2019-05-20 06:44:24,81
SFNC ,2019-05-20 07:44:25,81
SFNC ,2019-05-20 08:44:25,81
SFNC ,2019-05-20 09:44:25,81
SFNC ,2019-05-20 10:44:24,81
SFNC ,2019-05-20 11:44:26,81
SFNC ,2019-05-20 12:44:28,81
SFNC ,2019-05-20 13:44:26,81
SFNC ,2019-05-20 14:44:25,81
SFNC ,2019-05-20 15:44:23,81
SFNC ,2019-05-20 16:44:26,81
SFNC ,2019-05-20 17:44:24,81
SFNC ,2019-05-20 18:44:22,81
SFNC ,2019-05-20 19:44:23,81
SFNC ,2019-05-20 20:44:23,81
SFNC ,2019-05-20 21:44:23,81
SFNC ,2019-05-20 22:44:23,81
SFNC ,2019-05-20 23:44:29,81
SFNC ,2019-05-21 00:44:23,81
SFNC ,2019-05-21 01:44:26,81
SFNC ,2019-05-21 02:44:24,81
SFNC ,2019-05-21 03:44:24,81
SFNC ,2019-05-21 04:44:26,81
SFNC ,2019-05-21 05:44:24,81
SFNC ,2019-05-21 06:44:22,81
SFNC ,2019-05-21 07:44:25,81
SFNC ,2019-05-21 08:44:24,81
SFNC ,2019-05-21 09:44:21,81
SFNC ,2019-05-21 10:44:25,81
SFNC ,2019-05-21 11:44:23,81
SFNC ,2019-05-21 13:08:26,81
SFNC ,2019-05-21 13:44:23,81
SFNC ,2019-05-21 14:44:25,81
SFNC ,2019-05-21 15:44:22,81
SFNC ,2019-05-21 16:44:22,80
SFNC ,2019-05-21 17:44:22,80
SFNC ,2019-05-21 18:44:24,80
SFNC ,2019-05-21 19:44:24,80
SFNC ,2019-05-21 20:44:24,80
SFNC ,2019-05-21 21:44:23,80
SFNC ,2019-05-21 22:44:27,80
SFNC ,2019-05-21 23:44:25,80
SFNC ,2019-05-22 00:44:23,80
SFNC ,2019-05-22 01:44:23,80
SFNC ,2019-05-22 02:44:23,80
SFNC ,2019-05-22 03:44:23,80
SFNC ,2019-05-22 04:44:26,80
SFNC ,2019-05-22 05:44:24,80
SFNC ,2019-05-22 06:44:23,80
SFNC ,2019-05-22 07:44:24,80
SFNC ,2019-05-22 08:44:30,80
SFNC ,2019-05-22 09:44:30,80
SFNC ,2019-05-22 10:44:22,80
SFNC ,2019-05-22 11:44:24,80
SFNC ,2019-05-22 12:44:24,80
SFNC ,2019-05-22 13:44:25,80
SFNC ,2019-05-22 14:44:24,80
SFNC ,2019-05-22 15:44:28,80
SFNC ,2019-05-22 16:44:24,80
SFNC ,2019-05-22 17:44:22,80
SFNC ,2019-05-22 18:44:24,80
SFNC ,2019-05-22 19:44:22,81
SFNC ,2019-05-22 20:44:22,81
SFNC ,2019-05-22 21:44:24,81
SFNC ,2019-05-22 22:44:22,81
SFNC ,2019-05-22 23:44:22,81
SFNC ,2019-05-23 00:44:24,81
SFNC ,2019-05-23 01:44:23,81
SFNC ,2019-05-23 02:44:25,81
SFNC ,2019-05-23 03:44:25,81
SFNC ,2019-05-23 04:44:27,81
SFNC ,2019-05-23 05:44:24,81
SFNC ,2019-05-23 06:44:24,81
SFNC ,2019-05-23 07:44:26,81
SFNC ,2019-05-23 08:44:24,81
SFNC ,2019-05-23 09:44:24,81
SFNC ,2019-05-23 10:44:24,81
SFNC ,2019-05-23 11:44:23,81
SFNC ,2019-05-23 12:44:27,81
SFNC ,2019-05-23 13:44:25,81
SFNC ,2019-05-23 14:44:26,81
SFNC ,2019-05-23 15:44:24,80
SFNC ,2019-05-23 16:44:23,80
SFNC ,2019-05-23 17:44:25,80
SFNC ,2019-05-23 18:44:24,80
SFNC ,2019-05-23 19:44:27,79
SFNC ,2019-05-23 20:44:25,79
SFNC ,2019-05-23 21:44:25,79
SFNC ,2019-05-23 22:44:24,79
SFNC ,2019-05-23 23:44:26,79
SFNC ,2019-05-24 00:44:26,79
SFNC ,2019-05-24 01:44:25,79
SFNC ,2019-05-24 02:44:24,79
SFNC ,2019-05-24 03:44:24,79
SFNC ,2019-05-24 04:44:25,79
SFNC ,2019-05-24 05:44:28,79
SFNC ,2019-05-24 06:44:24,79
SFNC ,2019-05-24 07:44:23,79
SFNC ,2019-05-24 08:44:25,79
SFNC ,2019-05-24 09:44:26,79
SFNC ,2019-05-24 10:44:27,79
SFNC ,2019-05-24 11:44:24,79
SFNC ,2019-05-24 13:08:29,79
SFNC ,2019-05-24 13:44:25,79
SFNC ,2019-05-24 14:44:25,79
SFNC ,2019-05-24 15:44:24,79
SFNC ,2019-05-24 16:44:24,79
SFNC ,2019-05-24 17:44:26,79
SFNC ,2019-05-24 18:44:27,79
SFNC ,2019-05-24 19:44:26,79
SFNC ,2019-05-24 20:44:27,80
SFNC ,2019-05-24 21:44:29,80
SFNC ,2019-05-24 22:44:26,80
SFNC ,2019-05-24 23:44:29,80
SFNC ,2019-05-25 00:44:27,80
SFNC ,2019-05-25 01:44:25,80
SFNC ,2019-05-25 04:44:27,80
SFNC ,2019-05-26 04:44:29,80
SFNC ,2019-05-26 05:44:26,80
SFNC ,2019-05-26 06:44:25,80
SFNC ,2019-05-26 07:44:27,80
SFNC ,2019-05-26 08:44:24,80
SFNC ,2019-05-26 09:44:24,80
SFNC ,2019-05-26 10:44:25,80
SFNC ,2019-05-26 11:44:26,80
SFNC ,2019-05-26 12:44:24,80
SFNC ,2019-05-26 13:44:24,80
SFNC ,2019-05-26 14:44:26,80
SFNC ,2019-05-26 15:44:23,80
SFNC ,2019-05-26 16:44:24,80
SFNC ,2019-05-26 17:44:28,80
SFNC ,2019-05-26 18:44:26,80
SFNC ,2019-05-26 19:45:09,80
SFNC ,2019-05-26 20:44:24,80
SFNC ,2019-05-26 21:44:25,80
SFNC ,2019-05-26 22:44:25,80
SFNC ,2019-05-26 23:44:24,80
SFNC ,2019-05-27 00:44:24,80
SFNC ,2019-05-27 01:44:25,80
SFNC ,2019-05-27 02:44:25,80
SFNC ,2019-05-27 03:44:27,80
SFNC ,2019-05-27 04:44:27,80
SFNC ,2019-05-27 05:44:25,80
SFNC ,2019-05-27 06:44:25,80
SFNC ,2019-05-27 07:44:31,80
SFNC ,2019-05-27 08:44:30,80
SFNC ,2019-05-27 09:44:29,80
SFNC ,2019-05-27 10:44:27,80
SFNC ,2019-05-27 11:44:24,80
SFNC ,2019-05-27 12:44:24,80
SFNC ,2019-05-27 13:44:25,80
SFNC ,2019-05-27 14:44:25,80
SFNC ,2019-05-27 15:44:25,80
SFNC ,2019-05-27 16:44:25,80
SFNC ,2019-05-27 17:44:29,80
SFNC ,2019-05-27 18:44:25,80
SFNC ,2019-05-27 19:44:23,80
SFNC ,2019-05-27 20:44:24,80
SFNC ,2019-05-27 21:44:24,80
SFNC ,2019-05-27 22:44:23,80
SFNC ,2019-05-27 23:44:24,80
SFNC ,2019-05-28 00:44:24,80
SFNC ,2019-05-28 01:44:25,80
SFNC ,2019-05-28 02:44:27,80
SFNC ,2019-05-28 03:44:25,80
SFNC ,2019-05-28 04:44:25,80
SFNC ,2019-05-28 05:44:25,80
SFNC ,2019-05-28 06:44:30,80
SFNC ,2019-05-28 07:44:27,80
SFNC ,2019-05-28 08:44:25,80
SFNC ,2019-05-28 09:44:27,80
SFNC ,2019-05-28 10:44:24,80
SFNC ,2019-05-28 11:44:24,80
SFNC ,2019-05-28 12:44:24,80
SFNC ,2019-05-28 13:44:26,80
SFNC ,2019-05-28 14:44:26,80
SFNC ,2019-05-28 15:44:25,80
SFNC ,2019-05-28 16:44:26,80
SFNC ,2019-05-28 17:44:30,80
SFNC ,2019-05-28 18:44:26,80
SFNC ,2019-05-28 19:44:25,80
SFNC ,2019-05-28 20:44:25,80
SFNC ,2019-05-28 21:44:25,80
SFNC ,2019-05-28 22:44:26,80
SFNC ,2019-05-28 23:44:26,80
SFNC ,2019-05-29 00:44:27,80
SFNC ,2019-05-29 01:44:25,80
SFNC ,2019-05-29 02:44:26,80
SFNC ,2019-05-29 03:44:25,80
SFNC ,2019-05-29 04:44:24,80
SFNC ,2019-05-29 05:44:27,80
SFNC ,2019-05-29 06:44:25,80
SFNC ,2019-05-29 07:44:27,80
SFNC ,2019-05-29 08:44:25,80
SFNC ,2019-05-29 09:44:31,80
SFNC ,2019-05-29 10:44:25,80
SFNC ,2019-05-29 11:44:24,80
SFNC ,2019-05-29 13:07:30,80
SFNC ,2019-05-29 13:44:28,80
SFNC ,2019-05-29 14:44:28,80
SFNC ,2019-05-29 15:44:26,81
SFNC ,2019-05-29 16:44:26,81
SFNC ,2019-05-29 17:44:27,81
SFNC ,2019-05-29 18:44:27,81
SFNC ,2019-05-29 19:44:29,81
SFNC ,2019-05-29 20:44:25,81
SFNC ,2019-05-29 21:44:26,81
SFNC ,2019-05-29 22:44:26,81
SFNC ,2019-05-29 23:44:27,81
SFNC ,2019-05-30 00:44:25,81
SFNC ,2019-05-30 01:44:27,81
SFNC ,2019-05-30 02:44:28,81
SFNC ,2019-05-30 03:44:27,81
SFNC ,2019-05-30 04:44:27,81
SFNC ,2019-05-30 05:44:28,81
SFNC ,2019-05-30 06:44:26,81
SFNC ,2019-05-30 07:44:25,81
SFNC ,2019-05-30 08:44:32,81
SFNC ,2019-05-30 09:44:26,81
SFNC ,2019-05-30 10:44:25,81
SFNC ,2019-05-30 11:44:26,81
SFNC ,2019-05-30 12:44:29,81
SFNC ,2019-05-30 13:44:25,81
SFNC ,2019-05-30 14:44:28,80
SFNC ,2019-05-30 15:44:27,80
SFNC ,2019-05-30 16:44:25,80
SFNC ,2019-05-30 17:44:27,80
SFNC ,2019-05-30 18:44:26,80
SFNC ,2019-05-30 19:44:26,80
SFNC ,2019-05-30 20:44:24,80
SFNC ,2019-05-30 21:44:25,80
SFNC ,2019-05-30 22:44:28,80
SFNC ,2019-05-30 23:44:25,80
SFNC ,2019-05-31 00:44:24,80
SFNC ,2019-05-31 01:44:26,80
SFNC ,2019-05-31 02:44:24,80
SFNC ,2019-05-31 03:44:24,80
SFNC ,2019-05-31 04:44:25,80
SFNC ,2019-05-31 05:44:25,80
SFNC ,2019-05-31 06:44:26,80
SFNC ,2019-05-31 07:44:24,80
SFNC ,2019-05-31 08:44:25,80
SFNC ,2019-05-31 09:44:27,80
SFNC ,2019-05-31 10:44:25,80
SFNC ,2019-05-31 11:44:25,80
SFNC ,2019-05-31 12:45:11,80
SFNC ,2019-05-31 13:44:27,80
SFNC ,2019-05-31 14:44:26,81
SFNC ,2019-05-31 15:44:27,81
SFNC ,2019-05-31 16:44:25,81
SFNC ,2019-05-31 17:44:29,81
SFNC ,2019-05-31 18:44:25,81
SFNC ,2019-05-31 19:44:24,81
SFNC ,2019-05-31 20:44:25,81
SFNC ,2019-05-31 21:44:26,81
SFNC ,2019-05-31 22:44:23,81
SFNC ,2019-05-31 23:44:25,81
SFNC ,2019-06-01 00:44:25,81
SFNC ,2019-06-01 01:44:24,81
SFNC ,2019-06-01 02:44:25,81
SFNC ,2019-06-01 03:44:25,81
SFNC ,2019-06-01 04:44:25,81
SFNC ,2019-06-01 05:44:25,81
SFNC ,2019-06-01 06:44:29,81
SFNC ,2019-06-01 07:44:24,81
SFNC ,2019-06-01 08:44:26,81
SFNC ,2019-06-01 09:44:25,81
SFNC ,2019-06-01 10:44:27,81
SFNC ,2019-06-01 11:44:25,81
SFNC ,2019-06-01 12:44:25,81
SFNC ,2019-06-01 13:44:24,81
SFNC ,2019-06-01 14:44:30,81
SFNC ,2019-06-01 15:44:27,81
SFNC ,2019-06-01 16:44:25,81
SFNC ,2019-06-01 17:44:26,81
SFNC ,2019-06-01 18:44:25,81
SFNC ,2019-06-01 19:44:27,81
SFNC ,2019-06-01 20:44:24,81
SFNC ,2019-06-01 21:44:26,81
SFNC ,2019-06-01 22:44:26,81
SFNC ,2019-06-01 23:44:26,81
SFNC ,2019-06-02 00:44:27,81
SFNC ,2019-06-02 01:44:31,81
SFNC ,2019-06-02 02:44:27,81
SFNC ,2019-06-02 03:44:26,81
SFNC ,2019-06-02 04:44:25,81
SFNC ,2019-06-02 05:44:30,81
SFNC ,2019-06-02 06:44:25,81
SFNC ,2019-06-02 07:44:25,81
SFNC ,2019-06-02 08:44:25,81
SFNC ,2019-06-02 09:44:25,81
SFNC ,2019-06-02 10:44:25,81
SFNC ,2019-06-02 11:44:25,81
SFNC ,2019-06-02 12:44:29,81
SFNC ,2019-06-02 13:44:25,81
SFNC ,2019-06-02 14:44:27,81
SFNC ,2019-06-02 15:44:23,81
SFNC ,2019-06-02 16:44:24,81
SFNC ,2019-06-02 17:44:26,81
SFNC ,2019-06-02 18:44:26,81
SFNC ,2019-06-02 19:44:26,81
SFNC ,2019-06-02 20:44:25,81
SFNC ,2019-06-02 21:44:26,81
SFNC ,2019-06-02 22:44:25,81
SFNC ,2019-06-02 23:44:24,81
SFNC ,2019-06-03 00:44:25,81
SFNC ,2019-06-03 01:44:28,81
SFNC ,2019-06-03 02:44:26,81
SFNC ,2019-06-03 03:44:25,81
SFNC ,2019-06-03 04:44:23,81
SFNC ,2019-06-03 05:44:24,81
SFNC ,2019-06-03 06:44:25,81
SFNC ,2019-06-03 07:44:24,81
SFNC ,2019-06-03 08:44:25,81
SFNC ,2019-06-03 09:44:24,81
SFNC ,2019-06-03 10:44:27,81
SFNC ,2019-06-03 11:44:27,81
SFNC ,2019-06-03 12:44:24,81
SFNC ,2019-06-03 13:44:28,81
SFNC ,2019-06-03 14:44:28,82
SFNC ,2019-06-03 15:44:26,82
SFNC ,2019-06-03 16:44:25,82
SFNC ,2019-06-03 17:44:25,82
SFNC ,2019-06-03 18:44:27,81
SFNC ,2019-06-03 19:44:28,81
SFNC ,2019-06-03 20:44:24,81
SFNC ,2019-06-03 21:44:27,81
SFNC ,2019-06-03 22:44:25,81
SFNC ,2019-06-03 23:44:29,81
SFNC ,2019-06-04 00:44:25,81
SFNC ,2019-06-04 01:44:26,81
SFNC ,2019-06-04 02:44:26,81
SFNC ,2019-06-04 03:44:30,81
SFNC ,2019-06-04 04:44:27,81
SFNC ,2019-06-04 05:44:25,81
SFNC ,2019-06-04 06:44:25,81
SFNC ,2019-06-04 07:44:24,81
SFNC ,2019-06-04 08:44:29,81
SFNC ,2019-06-04 09:44:25,81
SFNC ,2019-06-04 10:44:27,81
SFNC ,2019-06-04 11:44:25,81
SFNC ,2019-06-04 13:06:59,81
SFNC ,2019-06-04 13:44:26,81
SFNC ,2019-06-04 14:44:30,82
SFNC ,2019-06-04 15:44:26,83
SFNC ,2019-06-04 16:44:26,83
SFNC ,2019-06-04 17:44:28,83
SFNC ,2019-06-04 18:44:26,83
SFNC ,2019-06-04 19:44:26,83
SFNC ,2019-06-04 20:44:26,83
SFNC ,2019-06-04 21:44:24,83
SFNC ,2019-06-04 22:44:25,83
SFNC ,2019-06-04 23:44:29,83
SFNC ,2019-06-05 00:44:25,83
SFNC ,2019-06-05 01:44:26,83
SFNC ,2019-06-05 02:44:28,83
SFNC ,2019-06-05 03:44:27,83
SFNC ,2019-06-05 04:44:30,83
SFNC ,2019-06-05 05:44:25,83
SFNC ,2019-06-05 06:44:25,83
SFNC ,2019-06-05 07:44:26,83
SFNC ,2019-06-05 08:44:31,83
SFNC ,2019-06-05 09:44:25,83
SFNC ,2019-06-05 10:44:25,83
SFNC ,2019-06-05 11:44:30,83
SFNC ,2019-06-05 13:08:29,83
SFNC ,2019-06-05 13:44:25,83
SFNC ,2019-06-05 14:44:24,83
SFNC ,2019-06-05 15:44:26,82
SFNC ,2019-06-05 16:44:25,82
SFNC ,2019-06-05 17:44:26,82
SFNC ,2019-06-05 18:44:25,81
SFNC ,2019-06-05 19:44:30,81
SFNC ,2019-06-05 20:44:25,81
SFNC ,2019-06-05 21:44:25,81
SFNC ,2019-06-05 22:44:25,81
SFNC ,2019-06-05 23:44:25,81
SFNC ,2019-06-06 00:44:25,81
SFNC ,2019-06-06 01:44:24,81
SFNC ,2019-06-06 02:44:26,81
SFNC ,2019-06-06 03:44:26,81
SFNC ,2019-06-06 04:44:31,81
SFNC ,2019-06-06 05:44:25,81
SFNC ,2019-06-06 06:44:28,81
SFNC ,2019-06-06 07:44:25,81
SFNC ,2019-06-06 08:44:31,81
SFNC ,2019-06-06 09:44:28,81
SFNC ,2019-06-06 10:44:32,81
SFNC ,2019-06-06 11:44:25,81
SFNC ,2019-06-06 13:08:28,81
SFNC ,2019-06-06 13:44:26,81
SFNC ,2019-06-06 14:44:26,82
SFNC ,2019-06-06 15:44:28,82
SFNC ,2019-06-06 16:44:26,82
SFNC ,2019-06-06 17:44:28,82
SFNC ,2019-06-06 18:44:29,82
SFNC ,2019-06-06 19:44:28,82
SFNC ,2019-06-06 20:44:24,82
SFNC ,2019-06-06 21:44:26,82
SFNC ,2019-06-06 22:44:24,82
SFNC ,2019-06-06 23:44:24,82
SFNC ,2019-06-07 00:44:28,82
SFNC ,2019-06-07 01:44:26,82
SFNC ,2019-06-07 02:44:28,82
SFNC ,2019-06-07 03:44:27,82
SFNC ,2019-06-07 04:44:30,82
SFNC ,2019-06-07 05:44:25,82
SFNC ,2019-06-07 06:44:28,82
SFNC ,2019-06-07 07:44:26,82
SFNC ,2019-06-07 08:44:27,82
SFNC ,2019-06-07 09:44:29,82
SFNC ,2019-06-07 10:44:26,82
SFNC ,2019-06-07 11:44:26,82
SFNC ,2019-06-07 13:08:32,82
SFNC ,2019-06-07 13:44:29,82
SFNC ,2019-06-07 14:44:28,82
SFNC ,2019-06-07 15:44:27,84
SFNC ,2019-06-07 16:44:27,83
SFNC ,2019-06-07 17:44:26,83
SFNC ,2019-06-07 18:44:26,83
SFNC ,2019-06-07 19:44:25,83
SFNC ,2019-06-07 20:44:26,83
SFNC ,2019-06-07 21:44:27,82
SFNC ,2019-06-07 22:44:24,82
SFNC ,2019-06-07 23:44:30,82
SFNC ,2019-06-08 00:44:27,82
SFNC ,2019-06-08 01:44:31,82
SFNC ,2019-06-08 02:44:28,82
SFNC ,2019-06-08 03:44:30,82
SFNC ,2019-06-08 04:44:27,82
SFNC ,2019-06-08 05:44:34,82
SFNC ,2019-06-08 06:44:30,82
SFNC ,2019-06-08 07:44:30,82
SFNC ,2019-06-08 08:44:26,82
SFNC ,2019-06-08 09:44:28,82
SFNC ,2019-06-08 10:44:27,82
SFNC ,2019-06-08 11:44:28,82
SFNC ,2019-06-08 12:44:27,82
SFNC ,2019-06-08 13:44:25,82
SFNC ,2019-06-08 14:44:24,82
SFNC ,2019-06-08 15:44:28,82
SFNC ,2019-06-08 16:44:27,82
SFNC ,2019-06-08 17:44:27,82
SFNC ,2019-06-08 18:44:27,82
SFNC ,2019-06-08 19:44:25,82
SFNC ,2019-06-08 20:44:26,82
SFNC ,2019-06-08 21:44:25,82
SFNC ,2019-06-08 22:44:25,82
SFNC ,2019-06-08 23:44:29,82
SFNC ,2019-06-09 00:44:25,82
SFNC ,2019-06-09 01:44:26,82
SFNC ,2019-06-09 02:44:32,82
SFNC ,2019-06-09 03:44:32,82
SFNC ,2019-06-09 04:44:25,82
SFNC ,2019-06-09 05:44:30,82
SFNC ,2019-06-09 06:44:24,82
SFNC ,2019-06-09 07:44:29,82
SFNC ,2019-06-09 08:44:25,82
SFNC ,2019-06-09 09:44:28,82
SFNC ,2019-06-09 10:44:26,82
SFNC ,2019-06-09 11:44:27,82
SFNC ,2019-06-09 12:44:28,82
SFNC ,2019-06-09 13:44:26,82
SFNC ,2019-06-09 14:44:25,82
SFNC ,2019-06-09 15:44:28,82
SFNC ,2019-06-09 16:44:26,82
SFNC ,2019-06-09 17:44:28,82
SFNC ,2019-06-09 18:44:25,82
SFNC ,2019-06-09 19:44:26,82
SFNC ,2019-06-09 20:44:25,82
SFNC ,2019-06-09 21:44:26,82
SFNC ,2019-06-09 22:44:31,82
SFNC ,2019-06-09 23:44:27,82
SFNC ,2019-06-10 00:44:27,82
SFNC ,2019-06-10 01:44:30,82
SFNC ,2019-06-10 02:44:26,82
SFNC ,2019-06-10 03:44:30,82
SFNC ,2019-06-10 04:44:27,82
SFNC ,2019-06-10 05:44:29,82
SFNC ,2019-06-10 06:44:25,82
SFNC ,2019-06-10 07:44:31,82
SFNC ,2019-06-10 08:44:26,82
SFNC ,2019-06-10 09:44:25,82
SFNC ,2019-06-10 10:44:31,82
SFNC ,2019-06-10 11:44:28,82
SFNC ,2019-06-10 12:44:35,82
SFNC ,2019-06-10 13:44:32,82
SFNC ,2019-06-10 14:44:27,83
SFNC ,2019-06-10 15:44:29,83
SFNC ,2019-06-10 16:44:31,83
SFNC ,2019-06-10 17:44:29,83
SFNC ,2019-06-10 18:44:30,83
SFNC ,2019-06-10 19:44:30,83
SFNC ,2019-06-10 20:44:28,83
SFNC ,2019-06-10 21:44:28,83
SFNC ,2019-06-10 22:44:29,83
SFNC ,2019-06-10 23:44:29,83
SFNC ,2019-06-11 00:44:30,83
SFNC ,2019-06-11 01:44:33,83
SFNC ,2019-06-11 02:44:31,83
SFNC ,2019-06-11 03:44:30,83
SFNC ,2019-06-11 04:44:28,83
SFNC ,2019-06-11 05:44:30,83
SFNC ,2019-06-11 06:44:29,83
SFNC ,2019-06-11 07:44:28,83
SFNC ,2019-06-11 08:44:28,83
SFNC ,2019-06-11 09:44:31,83
SFNC ,2019-06-11 10:44:29,83
SFNC ,2019-06-11 11:44:30,83
SFNC ,2019-06-11 13:08:04,83
SFNC ,2019-06-11 13:44:33,83
SFNC ,2019-06-11 14:44:29,83
SFNC ,2019-06-11 15:44:29,83
SFNC ,2019-06-11 16:44:33,83
SFNC ,2019-06-11 17:44:29,83
SFNC ,2019-06-11 18:44:32,83
SFNC ,2019-06-11 19:44:29,83
SFNC ,2019-06-11 20:44:31,83
SFNC ,2019-06-11 21:44:29,83
SFNC ,2019-06-11 22:44:29,83
SFNC ,2019-06-11 23:44:27,83
SFNC ,2019-06-12 00:44:32,83
SFNC ,2019-06-12 01:44:31,83
SFNC ,2019-06-12 02:44:31,83
SFNC ,2019-06-12 03:44:36,83
SFNC ,2019-06-12 04:44:32,83
SFNC ,2019-06-12 05:44:31,83
SFNC ,2019-06-12 06:44:31,83
SFNC ,2019-06-12 07:44:34,83
SFNC ,2019-06-12 08:44:31,83
SFNC ,2019-06-12 09:44:35,83
SFNC ,2019-06-12 10:44:32,83
SFNC ,2019-06-12 11:44:33,83
SFNC ,2019-06-12 13:07:36,83
SFNC ,2019-06-12 13:44:31,83
SFNC ,2019-06-12 14:44:30,83
SFNC ,2019-06-12 15:44:32,83
SFNC ,2019-06-12 16:44:31,83
SFNC ,2019-06-12 17:44:30,83
SFNC ,2019-06-12 18:44:31,83
SFNC ,2019-06-12 19:44:33,83
SFNC ,2019-06-12 20:44:32,83
SFNC ,2019-06-12 21:44:32,83
SFNC ,2019-06-12 22:44:30,83
SFNC ,2019-06-12 23:44:30,83
SFNC ,2019-06-13 00:44:31,83
SFNC ,2019-06-13 01:44:33,83
SFNC ,2019-06-13 02:44:48,83
SFNC ,2019-06-13 03:44:30,83
SFNC ,2019-06-13 04:44:32,83
SFNC ,2019-06-13 05:44:35,83
SFNC ,2019-06-13 06:44:31,83
SFNC ,2019-06-13 07:44:29,83
SFNC ,2019-06-13 08:44:30,83
SFNC ,2019-06-13 09:44:30,83
SFNC ,2019-06-13 10:44:36,83
SFNC ,2019-06-13 11:44:29,83
SFNC ,2019-06-13 13:08:32,83
SFNC ,2019-06-13 13:44:33,83
SFNC ,2019-06-13 14:44:31,82
SFNC ,2019-06-13 15:44:33,82
SFNC ,2019-06-13 16:44:32,82
SFNC ,2019-06-13 17:44:29,83
SFNC ,2019-06-13 18:44:30,83
SFNC ,2019-06-13 19:44:31,83
SFNC ,2019-06-13 20:44:27,83
SFNC ,2019-06-13 21:44:29,83
SFNC ,2019-06-13 22:44:29,83
SFNC ,2019-06-13 23:44:30,83
SFNC ,2019-06-14 00:44:31,83
SFNC ,2019-06-14 01:44:31,83
SFNC ,2019-06-14 02:44:33,83
SFNC ,2019-06-14 03:44:30,83
SFNC ,2019-06-14 04:44:31,83
SFNC ,2019-06-14 05:44:31,83
SFNC ,2019-06-14 06:44:37,83
SFNC ,2019-06-14 07:44:33,83
SFNC ,2019-06-14 08:44:32,83
SFNC ,2019-06-14 09:44:31,83
SFNC ,2019-06-14 10:44:33,83
SFNC ,2019-06-14 11:44:33,83
SFNC ,2019-06-14 12:44:33,83
SFNC ,2019-06-14 13:44:31,83
SFNC ,2019-06-14 14:44:33,83
SFNC ,2019-06-14 15:44:34,83
SFNC ,2019-06-14 16:44:33,82
SFNC ,2019-06-14 17:44:31,82
SFNC ,2019-06-14 18:44:31,82
SFNC ,2019-06-14 19:44:31,82
SFNC ,2019-06-14 20:44:30,82
SFNC ,2019-06-14 21:44:32,82
SFNC ,2019-06-14 22:44:29,82
SFNC ,2019-06-14 23:44:32,82
SFNC ,2019-06-15 00:44:32,82
SFNC ,2019-06-15 01:44:34,82
SFNC ,2019-06-15 02:44:31,82
SFNC ,2019-06-15 03:44:31,82
SFNC ,2019-06-15 04:44:32,82
SFNC ,2019-06-15 05:44:34,82
SFNC ,2019-06-15 06:44:31,82
SFNC ,2019-06-15 07:44:32,82
SFNC ,2019-06-15 08:44:32,82
SFNC ,2019-06-15 09:44:32,82
SFNC ,2019-06-15 10:44:33,82
SFNC ,2019-06-15 11:44:32,82
SFNC ,2019-06-15 12:44:34,82
SFNC ,2019-06-15 13:44:37,82
SFNC ,2019-06-15 14:44:31,82
SFNC ,2019-06-15 15:44:30,82
SFNC ,2019-06-15 16:44:31,82
SFNC ,2019-06-15 17:44:30,82
SFNC ,2019-06-15 18:44:33,82
SFNC ,2019-06-15 19:44:31,82
SFNC ,2019-06-15 20:44:32,82
SFNC ,2019-06-15 21:44:37,82
SFNC ,2019-06-15 22:44:37,82
SFNC ,2019-06-15 23:44:31,82
SFNC ,2019-06-16 00:44:31,82
SFNC ,2019-06-16 01:44:36,82
SFNC ,2019-06-16 02:44:33,82
SFNC ,2019-06-16 03:44:32,82
SFNC ,2019-06-16 04:44:35,82
SFNC ,2019-06-16 05:44:32,82
SFNC ,2019-06-16 06:44:34,82
SFNC ,2019-06-16 07:44:36,82
SFNC ,2019-06-16 08:44:32,82
SFNC ,2019-06-16 09:44:29,82
SFNC ,2019-06-16 10:44:29,82
SFNC ,2019-06-16 11:44:30,82
SFNC ,2019-06-16 12:44:31,82
SFNC ,2019-06-16 13:44:29,82
SFNC ,2019-06-16 14:44:32,82
SFNC ,2019-06-16 15:44:32,82
SFNC ,2019-06-16 16:44:34,82
SFNC ,2019-06-16 17:44:34,82
SFNC ,2019-06-16 18:44:35,82
SFNC ,2019-06-16 19:44:31,82
SFNC ,2019-06-16 20:44:31,82
SFNC ,2019-06-16 21:44:34,82
SFNC ,2019-06-16 22:44:31,82
SFNC ,2019-06-16 23:44:33,82
SFNC ,2019-06-17 00:44:31,82
SFNC ,2019-06-17 01:44:31,82
SFNC ,2019-06-17 02:44:36,82
SFNC ,2019-06-17 03:44:36,82
SFNC ,2019-06-17 04:44:34,82
SFNC ,2019-06-17 05:44:33,82
SFNC ,2019-06-17 06:44:31,82
SFNC ,2019-06-17 07:44:30,82
SFNC ,2019-06-17 08:44:32,82
SFNC ,2019-06-17 09:44:31,82
SFNC ,2019-06-17 10:44:33,82
SFNC ,2019-06-17 11:44:33,82
SFNC ,2019-06-17 13:09:05,82
SFNC ,2019-06-17 13:44:30,82
SFNC ,2019-06-17 14:44:31,81
SFNC ,2019-06-17 15:44:33,81
SFNC ,2019-06-17 16:44:43,81
SFNC ,2019-06-17 17:44:35,81
SFNC ,2019-06-17 18:44:37,81
SFNC ,2019-06-17 19:44:32,81
SFNC ,2019-06-17 20:44:35,82
SFNC ,2019-06-17 21:44:31,82
SFNC ,2019-06-17 22:44:33,82
SFNC ,2019-06-17 23:44:30,82
SFNC ,2019-06-18 00:44:30,82
SFNC ,2019-06-18 01:44:30,82
SFNC ,2019-06-18 02:44:42,82
SFNC ,2019-06-18 03:44:33,82
SFNC ,2019-06-18 04:44:33,82
SFNC ,2019-06-18 05:44:33,82
SFNC ,2019-06-18 06:44:32,82
SFNC ,2019-06-18 07:44:32,82
SFNC ,2019-06-18 08:44:41,82
SFNC ,2019-06-18 09:44:30,82
SFNC ,2019-06-18 10:44:30,82
SFNC ,2019-06-18 11:44:31,82
SFNC ,2019-06-18 13:07:05,82
SFNC ,2019-06-18 13:44:32,82
SFNC ,2019-06-18 14:44:31,83
SFNC ,2019-06-18 15:44:31,83
SFNC ,2019-06-18 16:44:31,84
SFNC ,2019-06-18 17:44:29,84
SFNC ,2019-06-18 18:44:34,84
SFNC ,2019-06-18 19:44:34,84
SFNC ,2019-06-18 20:44:30,84
SFNC ,2019-06-18 21:44:30,84
SFNC ,2019-06-18 22:44:31,84
SFNC ,2019-06-18 23:44:32,84
SFNC ,2019-06-19 00:44:30,84
SFNC ,2019-06-19 01:44:34,84
SFNC ,2019-06-19 02:44:34,84
SFNC ,2019-06-19 03:44:33,84
SFNC ,2019-06-19 04:44:31,84
SFNC ,2019-06-19 05:44:48,84
SFNC ,2019-06-19 06:44:47,84
SFNC ,2019-06-19 07:44:35,84
SFNC ,2019-06-19 08:44:37,84
SFNC ,2019-06-19 09:44:31,84
SFNC ,2019-06-19 10:44:35,84
SFNC ,2019-06-19 11:44:33,84
SFNC ,2019-06-19 13:07:07,84
SFNC ,2019-06-19 13:44:32,84
SFNC ,2019-06-19 14:44:33,84
SFNC ,2019-06-19 15:44:32,84
SFNC ,2019-06-19 16:44:42,86
SFNC ,2019-06-19 17:44:33,86
SFNC ,2019-06-19 18:44:31,86
SFNC ,2019-06-19 19:44:34,86
SFNC ,2019-06-19 20:44:32,86
SFNC ,2019-06-19 21:44:32,86
SFNC ,2019-06-19 22:44:31,86
SFNC ,2019-06-19 23:44:31,86
SFNC ,2019-06-20 00:44:32,86
SFNC ,2019-06-20 01:44:30,86
SFNC ,2019-06-20 02:44:30,86
SFNC ,2019-06-20 03:44:30,86
SFNC ,2019-06-20 04:44:33,86
SFNC ,2019-06-20 05:44:29,86
SFNC ,2019-06-20 06:44:30,86
SFNC ,2019-06-20 07:44:31,86
SFNC ,2019-06-20 08:44:31,86
SFNC ,2019-06-20 09:44:33,86
SFNC ,2019-06-20 10:44:32,86
SFNC ,2019-06-20 11:44:30,86
SFNC ,2019-06-20 13:08:45,86
SFNC ,2019-06-20 13:44:34,86
SFNC ,2019-06-20 14:44:32,87
SFNC ,2019-06-20 15:44:32,87
SFNC ,2019-06-20 16:44:33,87
SFNC ,2019-06-20 17:44:33,87
SFNC ,2019-06-20 18:44:31,88
SFNC ,2019-06-20 19:44:31,88
SFNC ,2019-06-20 20:44:46,89
SFNC ,2019-06-20 21:44:32,89
SFNC ,2019-06-20 22:44:31,90
SFNC ,2019-06-20 23:44:33,90
SFNC ,2019-06-21 00:44:32,90
SFNC ,2019-06-21 01:44:33,90
SFNC ,2019-06-21 02:44:32,90
SFNC ,2019-06-21 03:44:32,90
SFNC ,2019-06-21 04:44:33,90
SFNC ,2019-06-21 05:44:33,90
SFNC ,2019-06-21 06:44:33,90
SFNC ,2019-06-21 07:44:34,90
SFNC ,2019-06-21 08:44:32,90
SFNC ,2019-06-21 09:44:32,90
SFNC ,2019-06-21 10:44:31,90
SFNC ,2019-06-21 11:44:30,90
SFNC ,2019-06-21 12:44:31,90
SFNC ,2019-06-21 13:44:33,90
SFNC ,2019-06-21 14:44:31,88
SFNC ,2019-06-21 15:44:31,88
SFNC ,2019-06-21 16:44:33,88
SFNC ,2019-06-21 17:44:32,88
SFNC ,2019-06-21 18:44:32,85
SFNC ,2019-06-21 19:44:30,84
SFNC ,2019-06-21 20:44:30,85
SFNC ,2019-06-21 21:44:31,85
SFNC ,2019-06-21 22:44:31,85
SFNC ,2019-06-21 23:45:00,85
SFNC ,2019-06-22 00:44:31,85
SFNC ,2019-06-22 01:44:36,85
SFNC ,2019-06-22 02:44:35,85
SFNC ,2019-06-22 03:44:30,85
SFNC ,2019-06-22 04:44:32,85
SFNC ,2019-06-22 05:44:34,85
SFNC ,2019-06-22 06:44:34,85
SFNC ,2019-06-22 07:44:32,85
SFNC ,2019-06-22 08:44:32,85
SFNC ,2019-06-22 09:44:34,85
SFNC ,2019-06-22 10:44:36,85
SFNC ,2019-06-22 11:44:30,85
SFNC ,2019-06-22 12:44:37,85
SFNC ,2019-06-22 13:44:32,85
SFNC ,2019-06-22 14:44:36,85
SFNC ,2019-06-22 15:44:50,85
SFNC ,2019-06-22 16:44:40,85
SFNC ,2019-06-22 17:44:33,85
SFNC ,2019-06-22 18:44:37,85
SFNC ,2019-06-22 19:44:34,85
SFNC ,2019-06-22 20:44:33,85
SFNC ,2019-06-22 21:44:32,85
SFNC ,2019-06-22 22:44:38,85
SFNC ,2019-06-22 23:44:34,85
SFNC ,2019-06-23 00:44:44,85
SFNC ,2019-06-23 01:44:37,85
SFNC ,2019-06-23 02:44:37,85
SFNC ,2019-06-23 03:44:34,85
SFNC ,2019-06-23 04:44:31,85
SFNC ,2019-06-23 05:44:37,85
SFNC ,2019-06-23 06:44:32,85
SFNC ,2019-06-23 07:44:31,85
SFNC ,2019-06-23 08:44:32,85
SFNC ,2019-06-23 09:44:33,85
SFNC ,2019-06-23 10:44:31,85
SFNC ,2019-06-23 11:44:33,85
SFNC ,2019-06-23 12:44:30,85
SFNC ,2019-06-23 13:44:32,85
SFNC ,2019-06-23 14:44:31,85
SFNC ,2019-06-23 15:44:32,85
SFNC ,2019-06-23 16:44:33,85
SFNC ,2019-06-23 17:44:34,85
SFNC ,2019-06-23 18:44:29,85
SFNC ,2019-06-23 19:44:29,85
SFNC ,2019-06-23 20:44:33,85
SFNC ,2019-06-23 21:44:31,85
SFNC ,2019-06-23 22:44:31,85
SFNC ,2019-06-23 23:44:31,85
SFNC ,2019-06-24 00:44:33,85
SFNC ,2019-06-24 01:44:31,85
SFNC ,2019-06-24 02:44:32,85
SFNC ,2019-06-24 03:44:36,85
SFNC ,2019-06-24 04:44:35,85
SFNC ,2019-06-24 05:44:35,85
SFNC ,2019-06-24 06:44:37,85
SFNC ,2019-06-24 07:44:31,85
SFNC ,2019-06-24 08:44:32,85
SFNC ,2019-06-24 09:44:35,85
SFNC ,2019-06-24 10:44:30,85
SFNC ,2019-06-24 11:44:37,85
SFNC ,2019-06-24 12:44:36,85
SFNC ,2019-06-24 13:44:31,85
SFNC ,2019-06-24 14:44:34,87
SFNC ,2019-06-24 15:44:33,87
SFNC ,2019-06-24 16:44:38,87
SFNC ,2019-06-24 17:44:35,87
SFNC ,2019-06-24 18:44:37,87
SFNC ,2019-06-24 19:44:35,87
SFNC ,2019-06-24 20:44:35,87
SFNC ,2019-06-24 21:44:35,87
SFNC ,2019-06-24 22:44:32,87
SFNC ,2019-06-24 23:44:33,87
SFNC ,2019-06-25 00:44:33,87
SFNC ,2019-06-25 01:44:35,87
SFNC ,2019-06-25 02:44:34,87
SFNC ,2019-06-25 03:44:34,87
SFNC ,2019-06-25 04:44:33,87
SFNC ,2019-06-25 05:44:33,87
SFNC ,2019-06-25 06:44:37,87
SFNC ,2019-06-25 07:44:34,87
SFNC ,2019-06-25 08:44:32,87
SFNC ,2019-06-25 09:44:35,87
SFNC ,2019-06-25 10:44:33,87
SFNC ,2019-06-25 11:44:30,87
SFNC ,2019-06-25 13:08:05,87
SFNC ,2019-06-25 13:44:32,87
SFNC ,2019-06-25 14:44:34,87
SFNC ,2019-06-25 15:44:32,87
SFNC ,2019-06-25 16:44:33,87
SFNC ,2019-06-25 17:44:35,86
SFNC ,2019-06-25 18:44:34,87
SFNC ,2019-06-25 19:44:30,87
SFNC ,2019-06-25 20:44:33,87
SFNC ,2019-06-25 21:44:30,87
SFNC ,2019-06-25 22:44:29,87
SFNC ,2019-06-25 23:44:35,87
SFNC ,2019-06-26 00:44:34,87
SFNC ,2019-06-26 01:44:32,87
SFNC ,2019-06-26 02:44:32,87
SFNC ,2019-06-26 03:44:46,87
SFNC ,2019-06-26 04:44:34,87
SFNC ,2019-06-26 05:44:32,87
SFNC ,2019-06-26 06:44:33,87
SFNC ,2019-06-26 07:44:34,87
SFNC ,2019-06-26 08:44:30,87
SFNC ,2019-06-26 09:44:29,87
SFNC ,2019-06-26 10:44:31,87
SFNC ,2019-06-26 11:44:30,87
SFNC ,2019-06-26 13:07:04,87
SFNC ,2019-06-26 13:44:34,87
SFNC ,2019-06-26 14:44:33,86
SFNC ,2019-06-26 15:44:32,86
SFNC ,2019-06-26 16:44:35,86
SFNC ,2019-06-26 17:44:31,86
SFNC ,2019-06-26 18:44:33,86
SFNC ,2019-06-26 19:44:33,86
SFNC ,2019-06-26 20:44:31,86
SFNC ,2019-06-26 21:44:32,86
SFNC ,2019-06-26 22:44:34,86
SFNC ,2019-06-26 23:44:32,86
SFNC ,2019-06-27 00:44:35,86
SFNC ,2019-06-27 01:44:32,86
SFNC ,2019-06-27 02:44:35,86
SFNC ,2019-06-27 03:44:30,86
SFNC ,2019-06-27 04:44:35,86
SFNC ,2019-06-27 05:44:33,86
SFNC ,2019-06-27 06:44:35,86
SFNC ,2019-06-27 07:44:29,86
SFNC ,2019-06-27 08:44:31,86
SFNC ,2019-06-27 09:44:31,86
SFNC ,2019-06-27 10:44:32,86
SFNC ,2019-06-27 11:44:30,86
SFNC ,2019-06-27 13:07:07,86
SFNC ,2019-06-27 13:44:30,86
SFNC ,2019-06-27 14:44:31,86
SFNC ,2019-06-27 15:44:34,86
SFNC ,2019-06-27 16:44:32,86
SFNC ,2019-06-27 17:44:30,86
SFNC ,2019-06-27 18:44:31,86
SFNC ,2019-06-27 19:44:29,86
SFNC ,2019-06-27 20:44:34,86
SFNC ,2019-06-27 21:44:35,86
SFNC ,2019-06-27 22:44:29,86
SFNC ,2019-06-27 23:44:51,86
SFNC ,2019-06-28 00:44:32,86
SFNC ,2019-06-28 01:44:31,86
SFNC ,2019-06-28 02:44:31,86
SFNC ,2019-06-28 03:44:34,86
SFNC ,2019-06-28 04:44:34,86
SFNC ,2019-06-28 05:44:31,86
SFNC ,2019-06-28 06:44:31,86
SFNC ,2019-06-28 07:44:30,86
SFNC ,2019-06-28 08:44:30,86
SFNC ,2019-06-28 09:44:31,86
SFNC ,2019-06-28 10:44:28,86
SFNC ,2019-06-28 11:44:31,86
SFNC ,2019-06-28 13:08:10,86
SFNC ,2019-06-28 13:44:29,86
SFNC ,2019-06-28 14:44:29,85
SFNC ,2019-06-28 15:44:32,84
SFNC ,2019-06-28 16:44:31,84
SFNC ,2019-06-28 17:44:30,84
SFNC ,2019-06-28 18:44:29,84
SFNC ,2019-06-28 19:44:30,84
SFNC ,2019-06-28 20:44:31,84
SFNC ,2019-06-28 21:44:31,84
SFNC ,2019-06-28 22:44:31,84
SFNC ,2019-06-28 23:44:29,84
SFNC ,2019-06-29 00:44:33,84
SFNC ,2019-06-29 01:44:36,84
SFNC ,2019-06-29 02:44:31,84
SFNC ,2019-06-29 03:44:30,84
SFNC ,2019-06-29 04:44:30,84
SFNC ,2019-06-29 05:44:31,84
SFNC ,2019-06-29 06:44:30,84
SFNC ,2019-06-29 07:44:31,84
SFNC ,2019-06-29 08:44:31,84
SFNC ,2019-06-29 09:44:31,84
SFNC ,2019-06-29 10:44:31,84
SFNC ,2019-06-29 11:44:35,84
SFNC ,2019-06-29 12:44:34,84
SFNC ,2019-06-29 13:44:32,84
SFNC ,2019-06-29 14:44:32,84
SFNC ,2019-06-29 15:44:33,84
SFNC ,2019-06-29 16:44:36,84
SFNC ,2019-06-29 17:44:31,84
SFNC ,2019-06-29 18:44:32,84
SFNC ,2019-06-29 19:44:33,84
SFNC ,2019-06-29 20:44:32,84
SFNC ,2019-06-29 21:44:35,84
SFNC ,2019-06-29 22:44:29,84
SFNC ,2019-06-29 23:44:34,84
SFNC ,2019-06-30 00:44:32,84
SFNC ,2019-06-30 01:44:36,84
SFNC ,2019-06-30 02:44:34,84
SFNC ,2019-06-30 03:44:32,84
SFNC ,2019-06-30 04:44:34,84
SFNC ,2019-06-30 05:44:32,84
SFNC ,2019-06-30 06:44:33,84
SFNC ,2019-06-30 07:44:34,84
SFNC ,2019-06-30 08:44:33,84
SFNC ,2019-06-30 09:44:32,84
SFNC ,2019-06-30 10:44:32,84
SFNC ,2019-06-30 11:44:32,84
SFNC ,2019-06-30 12:44:31,84
SFNC ,2019-06-30 13:44:33,84
SFNC ,2019-06-30 14:44:31,84
SFNC ,2019-06-30 15:44:32,84
SFNC ,2019-06-30 16:44:33,84
SFNC ,2019-06-30 17:44:31,84
SFNC ,2019-06-30 18:44:32,84
SFNC ,2019-06-30 19:44:33,84
SFNC ,2019-06-30 20:44:33,84
SFNC ,2019-06-30 21:44:32,84
SFNC ,2019-06-30 22:44:31,84
SFNC ,2019-06-30 23:44:32,84
SFNC ,2019-07-01 00:44:34,84
SFNC ,2019-07-01 01:44:32,84
SFNC ,2019-07-01 02:44:34,84
SFNC ,2019-07-01 03:44:34,84
SFNC ,2019-07-01 04:44:31,84
SFNC ,2019-07-01 05:44:37,84
SFNC ,2019-07-01 06:44:32,84
SFNC ,2019-07-01 07:44:39,84
SFNC ,2019-07-01 08:44:44,84
SFNC ,2019-07-01 09:44:32,84
SFNC ,2019-07-01 10:44:30,84
SFNC ,2019-07-01 11:44:34,84
SFNC ,2019-07-01 13:08:06,84
SFNC ,2019-07-01 13:44:37,84
SFNC ,2019-07-01 14:44:56,85
SFNC ,2019-07-01 15:44:36,84
SFNC ,2019-07-01 16:44:36,84
SFNC ,2019-07-01 17:44:34,84
SFNC ,2019-07-01 18:44:34,84
SFNC ,2019-07-01 19:44:36,84
SFNC ,2019-07-01 20:44:35,84
SFNC ,2019-07-01 21:44:34,84
SFNC ,2019-07-01 22:44:35,84
SFNC ,2019-07-01 23:44:34,84
SFNC ,2019-07-02 00:44:37,84
SFNC ,2019-07-02 01:44:33,84
SFNC ,2019-07-02 03:44:45,84
SFNC ,2019-07-02 04:44:35,84
SFNC ,2019-07-02 05:44:51,84
SFNC ,2019-07-02 06:44:35,84
SFNC ,2019-07-02 07:44:36,84
SFNC ,2019-07-02 08:44:34,84
SFNC ,2019-07-02 09:44:32,84
SFNC ,2019-07-02 10:44:33,84
SFNC ,2019-07-02 11:44:34,84
SFNC ,2019-07-02 12:44:37,84
SFNC ,2019-07-02 13:44:34,84
SFNC ,2019-07-02 14:44:35,84
SFNC ,2019-07-02 15:44:33,84
SFNC ,2019-07-02 16:44:33,84
SFNC ,2019-07-02 17:44:34,84
SFNC ,2019-07-02 18:44:34,84
SFNC ,2019-07-02 19:44:35,84
SFNC ,2019-07-02 20:44:32,84
SFNC ,2019-07-02 21:44:35,84
SFNC ,2019-07-02 22:44:41,84
SFNC ,2019-07-03 00:44:35,84
SFNC ,2019-07-03 01:44:32,84
SFNC ,2019-07-03 02:44:37,84
SFNC ,2019-07-03 03:44:37,84
SFNC ,2019-07-03 04:44:36,84
SFNC ,2019-07-03 05:44:36,84
SFNC ,2019-07-03 06:44:35,84
SFNC ,2019-07-03 07:44:35,84
SFNC ,2019-07-03 08:44:48,84
SFNC ,2019-07-03 09:44:34,84
SFNC ,2019-07-03 10:44:39,84
SFNC ,2019-07-03 11:44:33,84
SFNC ,2019-07-03 13:09:08,84
SFNC ,2019-07-03 13:44:34,84
SFNC ,2019-07-03 14:44:42,83
SFNC ,2019-07-03 15:44:34,83
SFNC ,2019-07-03 16:44:53,83
SFNC ,2019-07-03 17:44:35,83
SFNC ,2019-07-03 18:44:36,83
SFNC ,2019-07-03 19:44:33,84
SFNC ,2019-07-03 20:44:31,84
SFNC ,2019-07-03 21:44:34,84
SFNC ,2019-07-03 22:44:32,84
SFNC ,2019-07-03 23:44:35,84
SFNC ,2019-07-04 00:44:35,84
SFNC ,2019-07-04 01:44:33,84
SFNC ,2019-07-04 02:44:38,84
SFNC ,2019-07-04 03:44:33,84
SFNC ,2019-07-04 04:44:32,84
SFNC ,2019-07-04 05:44:36,84
SFNC ,2019-07-04 06:44:35,84
SFNC ,2019-07-04 07:44:32,84
SFNC ,2019-07-04 08:44:32,84
SFNC ,2019-07-04 09:44:32,84
SFNC ,2019-07-04 10:44:35,84
SFNC ,2019-07-04 11:44:33,84
SFNC ,2019-07-04 12:44:36,84
SFNC ,2019-07-04 13:44:38,84
SFNC ,2019-07-04 14:44:35,84
SFNC ,2019-07-04 15:44:33,84
SFNC ,2019-07-04 16:44:33,84
SFNC ,2019-07-04 17:44:32,84
SFNC ,2019-07-04 18:44:33,84
SFNC ,2019-07-04 19:44:32,84
SFNC ,2019-07-04 20:44:34,84
SFNC ,2019-07-04 21:44:35,84
SFNC ,2019-07-04 22:44:38,84
SFNC ,2019-07-04 23:44:33,84
SFNC ,2019-07-05 00:44:34,84
SFNC ,2019-07-05 01:44:32,84
SFNC ,2019-07-05 02:44:33,84
SFNC ,2019-07-05 03:44:33,84
SFNC ,2019-07-05 04:44:31,84
SFNC ,2019-07-05 05:44:38,84
SFNC ,2019-07-05 06:44:37,84
SFNC ,2019-07-05 07:44:33,84
SFNC ,2019-07-05 08:44:32,84
SFNC ,2019-07-05 09:44:32,84
SFNC ,2019-07-05 10:44:45,84
SFNC ,2019-07-05 11:44:42,84
SFNC ,2019-07-05 12:44:33,84
SFNC ,2019-07-05 13:44:42,84
SFNC ,2019-07-05 14:44:36,85
SFNC ,2019-07-05 15:44:32,84
SFNC ,2019-07-05 16:44:45,86
SFNC ,2019-07-05 17:44:35,86
SFNC ,2019-07-05 18:44:34,86
SFNC ,2019-07-05 19:44:33,86
SFNC ,2019-07-05 20:44:34,86
SFNC ,2019-07-05 21:44:35,86
SFNC ,2019-07-05 22:44:37,86
SFNC ,2019-07-05 23:44:34,86
SFNC ,2019-07-06 00:44:38,86
SFNC ,2019-07-06 01:44:38,86
SFNC ,2019-07-06 02:44:41,86
SFNC ,2019-07-06 03:44:34,86
SFNC ,2019-07-06 04:44:32,86
SFNC ,2019-07-06 05:44:34,86
SFNC ,2019-07-06 06:44:36,86
SFNC ,2019-07-06 07:44:31,86
SFNC ,2019-07-06 08:44:33,86
SFNC ,2019-07-06 09:44:33,86
SFNC ,2019-07-06 10:44:33,86
SFNC ,2019-07-06 11:44:53,86
SFNC ,2019-07-06 12:44:36,86
SFNC ,2019-07-06 13:44:34,86
SFNC ,2019-07-06 14:44:32,86
SFNC ,2019-07-06 15:44:32,86
SFNC ,2019-07-06 16:44:36,86
SFNC ,2019-07-06 17:44:34,86
SFNC ,2019-07-06 18:44:33,86
SFNC ,2019-07-06 19:44:38,86
SFNC ,2019-07-06 20:44:31,86
SFNC ,2019-07-06 21:44:33,86
SFNC ,2019-07-06 22:44:33,86
SFNC ,2019-07-06 23:44:34,86
SFNC ,2019-07-07 00:44:32,86
SFNC ,2019-07-07 01:44:33,86
SFNC ,2019-07-07 02:44:35,86
SFNC ,2019-07-07 03:44:32,86
SFNC ,2019-07-07 04:44:32,86
SFNC ,2019-07-07 05:44:37,86
SFNC ,2019-07-07 06:44:33,86
SFNC ,2019-07-07 07:44:33,86
SFNC ,2019-07-07 08:44:34,86
SFNC ,2019-07-07 09:44:32,86
SFNC ,2019-07-07 10:44:34,86
SFNC ,2019-07-07 11:44:30,86
SFNC ,2019-07-07 12:44:30,86
SFNC ,2019-07-07 13:44:30,86
SFNC ,2019-07-07 14:44:32,86
SFNC ,2019-07-07 15:44:33,86
SFNC ,2019-07-07 16:44:34,86
SFNC ,2019-07-07 17:44:32,86
SFNC ,2019-07-07 18:44:33,86
SFNC ,2019-07-07 19:44:30,86
SFNC ,2019-07-07 20:44:31,86
SFNC ,2019-07-07 21:44:33,86
SFNC ,2019-07-07 22:44:33,86
SFNC ,2019-07-07 23:44:31,86
SFNC ,2019-07-08 00:44:31,86
SFNC ,2019-07-08 01:44:35,86
SFNC ,2019-07-08 02:44:32,86
SFNC ,2019-07-08 03:44:37,86
SFNC ,2019-07-08 04:44:32,86
SFNC ,2019-07-08 05:44:29,86
SFNC ,2019-07-08 06:44:38,86
SFNC ,2019-07-08 07:44:40,86
SFNC ,2019-07-08 08:44:37,86
SFNC ,2019-07-08 09:44:41,86
SFNC ,2019-07-08 10:44:42,86
SFNC ,2019-07-08 11:44:50,86
SFNC ,2019-07-08 12:44:34,86
SFNC ,2019-07-08 13:44:32,86
SFNC ,2019-07-08 14:44:33,86
SFNC ,2019-07-08 15:44:32,86
SFNC ,2019-07-08 16:44:34,86
SFNC ,2019-07-08 17:44:31,86
SFNC ,2019-07-08 18:44:34,86
SFNC ,2019-07-08 19:44:32,86
SFNC ,2019-07-08 20:44:32,85
SFNC ,2019-07-08 21:44:33,85
SFNC ,2019-07-08 22:44:33,85
SFNC ,2019-07-08 23:44:31,85
SFNC ,2019-07-09 00:44:32,85
SFNC ,2019-07-09 01:44:31,85
SFNC ,2019-07-09 02:44:41,85
SFNC ,2019-07-09 03:44:36,85
SFNC ,2019-07-09 04:44:35,85
SFNC ,2019-07-09 05:44:42,85
SFNC ,2019-07-09 06:44:35,85
SFNC ,2019-07-09 07:44:36,85
SFNC ,2019-07-09 08:44:33,85
SFNC ,2019-07-09 09:44:32,85
SFNC ,2019-07-09 10:44:30,85
SFNC ,2019-07-09 11:44:34,85
SFNC ,2019-07-09 13:07:36,85
SFNC ,2019-07-09 13:44:30,85
SFNC ,2019-07-09 14:44:33,85
SFNC ,2019-07-09 15:44:33,85
SFNC ,2019-07-09 16:44:31,85
SFNC ,2019-07-09 17:44:35,85
SFNC ,2019-07-09 18:44:32,85
SFNC ,2019-07-09 19:44:32,85
SFNC ,2019-07-09 20:44:32,85
SFNC ,2019-07-09 21:44:32,85
SFNC ,2019-07-09 22:44:30,85
SFNC ,2019-07-09 23:44:32,85
SFNC ,2019-07-10 00:44:31,85
SFNC ,2019-07-10 01:44:32,85
SFNC ,2019-07-10 02:44:31,85
SFNC ,2019-07-10 03:44:31,85
SFNC ,2019-07-10 04:44:31,85
SFNC ,2019-07-10 05:44:36,85
SFNC ,2019-07-10 06:44:34,85
SFNC ,2019-07-10 07:44:29,85
SFNC ,2019-07-10 08:44:31,85
SFNC ,2019-07-10 09:44:29,85
SFNC ,2019-07-10 10:44:30,85
SFNC ,2019-07-10 11:44:33,85
SFNC ,2019-07-10 12:44:35,85
SFNC ,2019-07-10 13:44:33,85
SFNC ,2019-07-10 14:44:31,85
SFNC ,2019-07-10 15:44:34,85
SFNC ,2019-07-10 16:44:46,85
SFNC ,2019-07-10 17:44:32,86
SFNC ,2019-07-10 18:44:31,86
SFNC ,2019-07-10 19:44:31,86
SFNC ,2019-07-10 20:44:32,86
SFNC ,2019-07-10 21:44:31,86
SFNC ,2019-07-10 22:44:37,86
SFNC ,2019-07-10 23:44:32,86
SFNC ,2019-07-11 00:44:31,86
SFNC ,2019-07-11 01:44:33,86
SFNC ,2019-07-11 02:44:39,86
SFNC ,2019-07-11 03:44:35,86
SFNC ,2019-07-11 04:44:38,86
SFNC ,2019-07-11 05:44:35,86
SFNC ,2019-07-11 06:44:34,86
SFNC ,2019-07-11 07:44:33,86
SFNC ,2019-07-11 08:44:39,86
SFNC ,2019-07-11 09:44:32,86
SFNC ,2019-07-11 10:44:34,86
SFNC ,2019-07-11 11:44:31,86
SFNC ,2019-07-11 12:44:31,86
SFNC ,2019-07-11 13:44:32,86
SFNC ,2019-07-11 14:44:32,86
SFNC ,2019-07-11 15:44:32,86
SFNC ,2019-07-11 16:44:32,86
SFNC ,2019-07-11 17:44:32,86
SFNC ,2019-07-11 18:44:32,86
SFNC ,2019-07-11 19:44:32,86
SFNC ,2019-07-11 20:44:31,86
SFNC ,2019-07-11 21:44:37,86
SFNC ,2019-07-11 22:44:31,86
SFNC ,2019-07-11 23:44:32,86
SFNC ,2019-07-12 00:44:31,86
SFNC ,2019-07-12 01:44:33,86
SFNC ,2019-07-12 02:44:31,86
SFNC ,2019-07-12 03:44:31,86
SFNC ,2019-07-12 04:44:30,86
SFNC ,2019-07-12 05:44:36,86
SFNC ,2019-07-12 06:44:39,86
SFNC ,2019-07-12 07:44:32,86
SFNC ,2019-07-12 08:44:32,86
SFNC ,2019-07-12 09:44:39,86
SFNC ,2019-07-12 10:44:34,86
SFNC ,2019-07-12 11:44:33,86
SFNC ,2019-07-12 13:08:06,86
SFNC ,2019-07-12 13:44:33,86
SFNC ,2019-07-12 14:44:32,86
SFNC ,2019-07-12 15:44:52,86
SFNC ,2019-07-12 16:44:36,86
SFNC ,2019-07-12 17:44:36,86
SFNC ,2019-07-12 18:44:32,86
SFNC ,2019-07-12 19:44:30,86
SFNC ,2019-07-12 20:44:30,85
SFNC ,2019-07-12 21:44:32,85
SFNC ,2019-07-12 22:44:38,85
SFNC ,2019-07-12 23:44:31,85
SFNC ,2019-07-13 00:44:32,85
SFNC ,2019-07-13 01:44:33,85
SFNC ,2019-07-13 02:44:36,85
SFNC ,2019-07-13 03:44:30,85
SFNC ,2019-07-13 04:44:32,85
SFNC ,2019-07-13 05:44:32,85
SFNC ,2019-07-13 06:44:32,85
SFNC ,2019-07-13 07:44:33,85
SFNC ,2019-07-13 08:44:30,85
SFNC ,2019-07-13 09:44:31,85
SFNC ,2019-07-13 10:44:32,85
SFNC ,2019-07-13 11:44:34,85
SFNC ,2019-07-13 12:44:35,85
SFNC ,2019-07-13 13:44:31,85
SFNC ,2019-07-13 14:44:31,85
SFNC ,2019-07-13 15:44:33,85
SFNC ,2019-07-13 16:45:02,85
SFNC ,2019-07-13 17:44:36,85
SFNC ,2019-07-13 18:44:37,85
SFNC ,2019-07-13 19:44:36,85
SFNC ,2019-07-13 20:44:37,85
SFNC ,2019-07-13 21:44:35,85
SFNC ,2019-07-13 22:44:32,85
SFNC ,2019-07-13 23:44:32,85
SFNC ,2019-07-14 00:44:32,85
SFNC ,2019-07-14 01:44:41,85
SFNC ,2019-07-14 02:44:33,85
SFNC ,2019-07-14 03:44:34,85
SFNC ,2019-07-14 04:44:32,85
SFNC ,2019-07-14 05:44:36,85
SFNC ,2019-07-14 06:44:35,85
SFNC ,2019-07-14 07:44:31,85
SFNC ,2019-07-14 08:44:32,85
SFNC ,2019-07-14 09:44:29,85
SFNC ,2019-07-14 10:44:31,85
SFNC ,2019-07-14 11:44:34,85
SFNC ,2019-07-14 12:44:31,85
SFNC ,2019-07-14 13:44:34,85
SFNC ,2019-07-14 14:44:32,85
SFNC ,2019-07-14 15:44:33,85
SFNC ,2019-07-14 16:44:36,85
SFNC ,2019-07-14 17:44:33,85
SFNC ,2019-07-14 18:44:31,85
SFNC ,2019-07-14 19:44:31,85
SFNC ,2019-07-14 20:44:40,85
SFNC ,2019-07-14 21:44:31,85
SFNC ,2019-07-14 22:44:31,85
SFNC ,2019-07-14 23:44:31,85
SFNC ,2019-07-15 00:44:32,85
SFNC ,2019-07-15 01:44:31,85
SFNC ,2019-07-15 02:44:32,85
SFNC ,2019-07-15 03:44:30,85
SFNC ,2019-07-15 04:44:30,85
SFNC ,2019-07-15 05:44:38,85
SFNC ,2019-07-15 06:44:43,85
SFNC ,2019-07-15 07:44:32,85
SFNC ,2019-07-15 08:44:30,85
SFNC ,2019-07-15 09:44:31,85
SFNC ,2019-07-15 10:44:32,85
SFNC ,2019-07-15 11:44:30,85
SFNC ,2019-07-15 13:08:37,85
SFNC ,2019-07-15 13:44:34,85
SFNC ,2019-07-15 14:44:32,86
SFNC ,2019-07-15 15:44:31,86
SFNC ,2019-07-15 16:44:47,86
SFNC ,2019-07-15 17:44:32,86
SFNC ,2019-07-15 18:44:30,86
SFNC ,2019-07-15 19:44:32,86
SFNC ,2019-07-15 20:44:32,86
SFNC ,2019-07-15 21:44:31,86
SFNC ,2019-07-15 22:44:36,86
SFNC ,2019-07-15 23:44:32,86
SFNC ,2019-07-16 00:44:31,86
SFNC ,2019-07-16 01:44:32,86
SFNC ,2019-07-16 02:44:38,86
SFNC ,2019-07-16 03:44:32,86
SFNC ,2019-07-16 04:44:31,86
SFNC ,2019-07-16 05:44:37,86
SFNC ,2019-07-16 06:44:43,86
SFNC ,2019-07-16 07:44:31,86
SFNC ,2019-07-16 08:44:32,86
SFNC ,2019-07-16 09:44:32,86
SFNC ,2019-07-16 10:44:34,86
SFNC ,2019-07-16 11:44:30,86
SFNC ,2019-07-16 13:08:35,86
SFNC ,2019-07-16 13:44:33,86
SFNC ,2019-07-16 14:44:31,86
SFNC ,2019-07-16 15:44:41,86
SFNC ,2019-07-16 16:44:33,86
SFNC ,2019-07-16 17:44:35,86
SFNC ,2019-07-16 18:44:33,86
SFNC ,2019-07-16 19:44:31,86
SFNC ,2019-07-16 20:44:59,86
SFNC ,2019-07-16 21:44:32,86
SFNC ,2019-07-16 22:44:32,86
SFNC ,2019-07-16 23:44:31,86
SFNC ,2019-07-17 00:44:32,86
SFNC ,2019-07-17 01:44:32,86
SFNC ,2019-07-17 02:44:33,86
SFNC ,2019-07-17 03:44:34,86
SFNC ,2019-07-17 04:44:34,86
SFNC ,2019-07-17 05:44:47,86
SFNC ,2019-07-17 06:44:36,86
SFNC ,2019-07-17 07:44:36,86
SFNC ,2019-07-17 08:44:33,86
SFNC ,2019-07-17 09:44:33,86
SFNC ,2019-07-17 10:44:33,86
SFNC ,2019-07-17 11:44:31,86
SFNC ,2019-07-17 13:08:07,86
SFNC ,2019-07-17 13:44:32,86
SFNC ,2019-07-17 14:44:34,87
SFNC ,2019-07-17 15:44:40,87
SFNC ,2019-07-17 16:44:38,87
SFNC ,2019-07-17 17:44:31,87
SFNC ,2019-07-17 18:44:33,87
SFNC ,2019-07-17 19:44:31,87
SFNC ,2019-07-17 20:44:32,87
SFNC ,2019-07-17 21:44:32,87
SFNC ,2019-07-17 22:44:33,87
SFNC ,2019-07-17 23:44:31,87
SFNC ,2019-07-18 00:44:30,87
SFNC ,2019-07-18 01:44:40,87
SFNC ,2019-07-18 02:44:33,87
SFNC ,2019-07-18 03:44:33,87
SFNC ,2019-07-18 04:44:31,87
SFNC ,2019-07-18 05:44:36,87
SFNC ,2019-07-18 06:44:35,87
SFNC ,2019-07-18 07:44:30,87
SFNC ,2019-07-18 08:44:36,87
SFNC ,2019-07-18 09:44:31,87
SFNC ,2019-07-18 10:44:32,87
SFNC ,2019-07-18 11:44:30,87
SFNC ,2019-07-18 13:08:40,87
SFNC ,2019-07-18 13:44:31,87
SFNC ,2019-07-18 14:44:31,87
SFNC ,2019-07-18 15:44:31,87
SFNC ,2019-07-18 16:44:41,87
SFNC ,2019-07-18 17:44:33,87
SFNC ,2019-07-18 18:44:33,87
SFNC ,2019-07-18 19:44:34,87
SFNC ,2019-07-18 20:44:33,87
SFNC ,2019-07-18 21:44:32,87
SFNC ,2019-07-18 22:44:33,87
SFNC ,2019-07-18 23:44:36,87
SFNC ,2019-07-19 00:44:33,87
SFNC ,2019-07-19 01:44:34,87
SFNC ,2019-07-19 02:44:35,87
SFNC ,2019-07-19 03:44:33,87
SFNC ,2019-07-19 04:44:34,87
SFNC ,2019-07-19 05:44:49,87
SFNC ,2019-07-19 06:44:34,87
SFNC ,2019-07-19 07:44:38,87
SFNC ,2019-07-19 08:44:32,87
SFNC ,2019-07-19 09:44:32,87
SFNC ,2019-07-19 10:44:31,87
SFNC ,2019-07-19 11:44:31,87
SFNC ,2019-07-19 13:08:05,87
SFNC ,2019-07-19 13:44:32,87
SFNC ,2019-07-19 14:44:31,87
SFNC ,2019-07-19 15:44:32,87
SFNC ,2019-07-19 16:44:32,87
SFNC ,2019-07-19 17:44:35,88
SFNC ,2019-07-19 18:44:33,88
SFNC ,2019-07-19 19:44:32,88
SFNC ,2019-07-19 20:44:31,88
SFNC ,2019-07-19 21:44:30,88
SFNC ,2019-07-19 22:44:32,88
SFNC ,2019-07-19 23:44:31,88
SFNC ,2019-07-20 00:44:31,88
SFNC ,2019-07-20 01:44:40,88
SFNC ,2019-07-20 02:44:41,88
SFNC ,2019-07-20 03:44:34,88
SFNC ,2019-07-20 04:44:40,88
SFNC ,2019-07-20 05:44:37,88
SFNC ,2019-07-20 06:44:31,88
SFNC ,2019-07-20 07:44:30,88
SFNC ,2019-07-20 08:44:32,88
SFNC ,2019-07-20 09:44:29,88
SFNC ,2019-07-20 10:44:29,88
SFNC ,2019-07-20 11:44:31,88
SFNC ,2019-07-20 12:44:32,88
SFNC ,2019-07-20 13:44:31,88
SFNC ,2019-07-20 14:44:31,88
SFNC ,2019-07-20 15:44:31,88
SFNC ,2019-07-20 16:44:33,88
SFNC ,2019-07-20 17:44:31,88
SFNC ,2019-07-20 18:44:31,88
SFNC ,2019-07-20 19:44:31,88
SFNC ,2019-07-20 20:44:30,88
SFNC ,2019-07-20 21:44:33,88
SFNC ,2019-07-20 22:44:29,88
SFNC ,2019-07-20 23:44:30,88
SFNC ,2019-07-21 00:44:32,88
SFNC ,2019-07-21 01:44:31,88
SFNC ,2019-07-21 02:44:33,88
SFNC ,2019-07-21 03:44:30,88
SFNC ,2019-07-21 04:44:31,88
SFNC ,2019-07-21 05:44:39,88
SFNC ,2019-07-21 06:44:42,88
SFNC ,2019-07-21 07:44:29,88
SFNC ,2019-07-21 08:44:31,88
SFNC ,2019-07-21 09:44:33,88
SFNC ,2019-07-21 10:44:39,88
SFNC ,2019-07-21 11:44:31,88
SFNC ,2019-07-21 12:44:30,88
SFNC ,2019-07-21 13:44:32,88
SFNC ,2019-07-21 14:44:31,88
SFNC ,2019-07-21 15:44:30,88
SFNC ,2019-07-21 16:44:31,88
SFNC ,2019-07-21 17:44:31,88
SFNC ,2019-07-21 18:44:32,88
SFNC ,2019-07-21 19:44:31,88
SFNC ,2019-07-21 20:44:32,88
SFNC ,2019-07-21 21:44:33,88
SFNC ,2019-07-21 22:44:30,88
SFNC ,2019-07-21 23:44:31,88
SFNC ,2019-07-22 00:44:30,88
SFNC ,2019-07-22 01:44:32,88
SFNC ,2019-07-22 02:44:31,88
SFNC ,2019-07-22 03:44:31,88
SFNC ,2019-07-22 04:44:31,88
SFNC ,2019-07-22 05:44:35,88
SFNC ,2019-07-22 06:44:41,88
SFNC ,2019-07-22 07:44:31,88
SFNC ,2019-07-22 08:44:32,88
SFNC ,2019-07-22 09:44:30,88
SFNC ,2019-07-22 10:44:30,88
SFNC ,2019-07-22 11:44:44,88
SFNC ,2019-07-22 12:44:36,88
SFNC ,2019-07-22 13:44:32,88
SFNC ,2019-07-22 14:44:34,88
SFNC ,2019-07-22 15:44:32,88
SFNC ,2019-07-22 16:44:35,88
SFNC ,2019-07-22 17:44:33,88
SFNC ,2019-07-22 18:44:41,89
SFNC ,2019-07-22 19:44:37,89
SFNC ,2019-07-22 20:44:35,89
SFNC ,2019-07-22 21:44:37,89
SFNC ,2019-07-22 22:44:32,89
SFNC ,2019-07-22 23:44:32,89
SFNC ,2019-07-23 00:44:32,89
SFNC ,2019-07-23 01:44:31,89
SFNC ,2019-07-23 02:44:37,89
SFNC ,2019-07-23 03:44:34,89
SFNC ,2019-07-23 04:44:35,89
SFNC ,2019-07-23 05:44:36,89
SFNC ,2019-07-23 06:44:40,89
SFNC ,2019-07-23 07:44:37,89
SFNC ,2019-07-23 08:44:32,89
SFNC ,2019-07-23 09:44:35,89
SFNC ,2019-07-23 10:44:33,89
SFNC ,2019-07-23 11:44:32,89
SFNC ,2019-07-23 13:07:39,89
SFNC ,2019-07-23 13:44:33,89
SFNC ,2019-07-23 14:44:34,89
SFNC ,2019-07-23 15:44:38,87
SFNC ,2019-07-23 16:44:35,86
SFNC ,2019-07-23 17:44:31,86
SFNC ,2019-07-23 18:44:34,86
SFNC ,2019-07-23 19:44:33,86
SFNC ,2019-07-23 20:44:33,87
SFNC ,2019-07-23 21:44:33,87
SFNC ,2019-07-23 22:44:38,87
SFNC ,2019-07-23 23:44:34,87
SFNC ,2019-07-24 00:44:33,87
SFNC ,2019-07-24 01:44:33,87
SFNC ,2019-07-24 02:44:39,87
SFNC ,2019-07-24 03:44:33,87
SFNC ,2019-07-24 04:44:33,87
SFNC ,2019-07-24 05:44:34,87
SFNC ,2019-07-24 06:44:31,87
SFNC ,2019-07-24 07:44:31,87
SFNC ,2019-07-24 08:44:37,87
SFNC ,2019-07-24 09:44:34,87
SFNC ,2019-07-24 10:44:34,87
SFNC ,2019-07-24 11:44:31,87
SFNC ,2019-07-24 13:07:07,87
SFNC ,2019-07-24 13:44:34,87
SFNC ,2019-07-24 14:44:32,84
SFNC ,2019-07-24 15:44:35,84
SFNC ,2019-07-24 16:44:34,83
SFNC ,2019-07-24 17:44:31,83
SFNC ,2019-07-24 18:44:37,82
SFNC ,2019-07-24 19:44:32,81
SFNC ,2019-07-24 20:44:34,81
SFNC ,2019-07-24 21:44:33,81
SFNC ,2019-07-24 22:44:32,81
SFNC ,2019-07-24 23:44:33,81
SFNC ,2019-07-25 00:44:32,81
SFNC ,2019-07-25 01:44:39,81
SFNC ,2019-07-25 02:44:47,81
SFNC ,2019-07-25 03:44:32,81
SFNC ,2019-07-25 04:44:33,81
SFNC ,2019-07-25 05:44:39,81
SFNC ,2019-07-25 06:44:38,81
SFNC ,2019-07-25 07:44:33,81
SFNC ,2019-07-25 08:44:36,81
SFNC ,2019-07-25 09:44:33,81
SFNC ,2019-07-25 10:44:43,81
SFNC ,2019-07-25 11:44:32,81
SFNC ,2019-07-25 13:07:38,81
SFNC ,2019-07-25 13:44:37,81
SFNC ,2019-07-25 14:44:35,80
SFNC ,2019-07-25 15:44:33,80
SFNC ,2019-07-25 16:44:36,80
SFNC ,2019-07-25 17:44:34,80
SFNC ,2019-07-25 18:44:41,80
SFNC ,2019-07-25 19:45:09,80
SFNC ,2019-07-25 20:44:39,81
SFNC ,2019-07-25 21:44:38,81
SFNC ,2019-07-25 22:44:35,81
SFNC ,2019-07-25 23:44:34,81
SFNC ,2019-07-26 00:44:49,81
SFNC ,2019-07-26 01:44:35,81
SFNC ,2019-07-26 02:44:36,81
SFNC ,2019-07-26 03:44:37,81
SFNC ,2019-07-26 04:44:39,81
SFNC ,2019-07-26 05:44:43,81
SFNC ,2019-07-26 06:44:53,81
SFNC ,2019-07-26 07:44:44,81
SFNC ,2019-07-26 08:44:31,81
SFNC ,2019-07-26 09:44:34,81
SFNC ,2019-07-26 10:44:35,81
SFNC ,2019-07-26 11:44:38,81
SFNC ,2019-07-26 13:09:38,81
SFNC ,2019-07-26 13:44:35,81
SFNC ,2019-07-26 14:44:34,80
SFNC ,2019-07-26 15:44:33,80
SFNC ,2019-07-26 16:44:36,79
SFNC ,2019-07-26 17:44:36,79
SFNC ,2019-07-26 18:44:36,79
SFNC ,2019-07-26 19:44:33,79
SFNC ,2019-07-26 20:44:33,79
SFNC ,2019-07-26 22:44:32,79
SFNC ,2019-07-26 23:44:31,79
SFNC ,2019-07-27 00:44:32,79
SFNC ,2019-07-27 01:44:33,79
SFNC ,2019-07-27 02:44:35,79
SFNC ,2019-07-27 03:44:33,79
SFNC ,2019-07-27 04:44:33,79
SFNC ,2019-07-27 05:44:33,79
SFNC ,2019-07-27 06:44:33,79
SFNC ,2019-07-27 07:44:31,79
SFNC ,2019-07-27 08:44:32,79
SFNC ,2019-07-27 09:44:31,79
SFNC ,2019-07-27 10:44:33,79
SFNC ,2019-07-27 11:44:31,79
SFNC ,2019-07-27 12:44:33,79
SFNC ,2019-07-27 13:44:31,79
SFNC ,2019-07-27 14:44:32,79
SFNC ,2019-07-27 15:44:36,79
SFNC ,2019-07-27 16:44:41,79
SFNC ,2019-07-27 17:44:37,79
SFNC ,2019-07-27 18:44:35,79
SFNC ,2019-07-27 19:44:34,79
SFNC ,2019-07-27 20:44:35,79
SFNC ,2019-07-27 21:44:33,79
SFNC ,2019-07-27 22:44:33,79
SFNC ,2019-07-27 23:44:32,79
SFNC ,2019-07-28 00:44:32,79
SFNC ,2019-07-28 01:44:31,79
SFNC ,2019-07-28 02:44:32,79
SFNC ,2019-07-28 03:44:30,79
SFNC ,2019-07-28 04:44:32,79
SFNC ,2019-07-28 05:44:30,79
SFNC ,2019-07-28 06:44:31,79
SFNC ,2019-07-28 07:44:32,79
SFNC ,2019-07-28 08:44:30,79
SFNC ,2019-07-28 09:44:30,79
SFNC ,2019-07-28 10:44:29,79
SFNC ,2019-07-28 11:44:29,79
SFNC ,2019-07-28 12:44:31,79
SFNC ,2019-07-28 13:44:31,79
SFNC ,2019-07-28 14:44:32,79
SFNC ,2019-07-28 15:44:30,79
SFNC ,2019-07-28 16:44:33,79
SFNC ,2019-07-28 17:44:33,79
SFNC ,2019-07-28 18:44:31,79
SFNC ,2019-07-28 19:44:32,79
SFNC ,2019-07-28 20:44:31,79
SFNC ,2019-07-28 21:44:31,79
SFNC ,2019-07-28 22:44:33,79
SFNC ,2019-07-28 23:44:34,79
SFNC ,2019-07-29 00:44:32,79
SFNC ,2019-07-29 01:44:32,79
SFNC ,2019-07-29 02:44:32,79
SFNC ,2019-07-29 03:44:33,79
SFNC ,2019-07-29 04:44:33,79
SFNC ,2019-07-29 05:44:38,79
SFNC ,2019-07-29 06:44:44,79
SFNC ,2019-07-29 07:44:33,79
SFNC ,2019-07-29 08:44:31,79
SFNC ,2019-07-29 09:44:32,79
SFNC ,2019-07-29 10:44:32,79
SFNC ,2019-07-29 11:44:32,79
SFNC ,2019-07-29 13:08:36,79
SFNC ,2019-07-29 13:44:36,79
SFNC ,2019-07-29 14:44:33,79
SFNC ,2019-07-29 15:44:33,79
SFNC ,2019-07-29 16:44:32,79
SFNC ,2019-07-29 17:44:33,79
SFNC ,2019-07-29 18:44:34,79
SFNC ,2019-07-29 19:44:33,77
SFNC ,2019-07-29 20:44:33,77
SFNC ,2019-07-29 21:44:32,77
SFNC ,2019-07-29 22:44:34,77
SFNC ,2019-07-29 23:44:33,77
SFNC ,2019-07-30 00:44:33,77
SFNC ,2019-07-30 01:44:34,77
SFNC ,2019-07-30 02:44:34,77
SFNC ,2019-07-30 03:44:33,77
SFNC ,2019-07-30 04:44:32,77
SFNC ,2019-07-30 05:44:34,77
SFNC ,2019-07-30 06:44:34,77
SFNC ,2019-07-30 07:44:42,77
SFNC ,2019-07-30 08:44:35,77
SFNC ,2019-07-30 09:44:32,77
SFNC ,2019-07-30 10:44:31,77
SFNC ,2019-07-30 11:44:35,77
SFNC ,2019-07-30 12:44:33,77
SFNC ,2019-07-30 13:44:35,77
SFNC ,2019-07-30 14:44:35,77
SFNC ,2019-07-30 15:44:35,77
SFNC ,2019-07-30 16:44:36,77
SFNC ,2019-07-30 17:44:40,77
SFNC ,2019-07-30 18:44:37,77
SFNC ,2019-07-30 19:44:39,77
SFNC ,2019-07-30 20:44:36,77
SFNC ,2019-07-30 21:44:35,77
SFNC ,2019-07-30 22:44:37,77
SFNC ,2019-07-30 23:44:34,77
SFNC ,2019-07-31 00:45:08,77
SFNC ,2019-07-31 01:44:34,77
SFNC ,2019-07-31 02:44:34,77
SFNC ,2019-07-31 03:44:36,77
SFNC ,2019-07-31 04:44:35,77
SFNC ,2019-07-31 05:44:45,77
SFNC ,2019-07-31 06:44:35,77
SFNC ,2019-07-31 07:44:35,77
SFNC ,2019-07-31 08:44:35,77
SFNC ,2019-07-31 09:44:36,77
SFNC ,2019-07-31 10:44:33,77
SFNC ,2019-07-31 11:44:32,77
SFNC ,2019-07-31 13:08:41,77
SFNC ,2019-07-31 13:44:34,77
SFNC ,2019-07-31 14:44:36,78
SFNC ,2019-07-31 15:44:36,78
SFNC ,2019-07-31 16:44:40,78
SFNC ,2019-07-31 17:44:34,78
SFNC ,2019-07-31 18:44:33,78
SFNC ,2019-07-31 19:44:34,78
SFNC ,2019-07-31 20:44:36,78
SFNC ,2019-07-31 21:44:36,78
SFNC ,2019-07-31 22:44:34,78
SFNC ,2019-07-31 23:44:34,78
SFNC ,2019-08-01 00:44:36,78
SFNC ,2019-08-01 01:44:49,78
SFNC ,2019-08-01 02:44:37,78
SFNC ,2019-08-01 03:44:35,78
SFNC ,2019-08-01 04:44:33,78
SFNC ,2019-08-01 05:44:39,78
SFNC ,2019-08-01 06:44:35,78
SFNC ,2019-08-01 07:44:41,78
SFNC ,2019-08-01 08:44:34,78
SFNC ,2019-08-01 09:44:36,78
SFNC ,2019-08-01 10:44:35,78
SFNC ,2019-08-01 11:44:32,78
SFNC ,2019-08-01 13:07:08,78
SFNC ,2019-08-01 13:44:36,78
SFNC ,2019-08-01 14:44:35,79
SFNC ,2019-08-01 15:44:42,79
SFNC ,2019-08-01 16:44:39,79
SFNC ,2019-08-01 17:44:37,79
SFNC ,2019-08-01 18:44:33,79
SFNC ,2019-08-01 19:44:34,79
SFNC ,2019-08-01 20:44:34,79
SFNC ,2019-08-01 21:44:34,79
SFNC ,2019-08-01 22:44:32,79
SFNC ,2019-08-01 23:44:35,79
SFNC ,2019-08-02 00:44:34,79
SFNC ,2019-08-02 01:44:34,79
SFNC ,2019-08-02 02:44:33,79
SFNC ,2019-08-02 03:44:34,79
SFNC ,2019-08-02 04:44:34,79
SFNC ,2019-08-02 05:44:37,79
SFNC ,2019-08-02 06:44:34,79
SFNC ,2019-08-02 07:44:32,79
SFNC ,2019-08-02 08:44:35,79
SFNC ,2019-08-02 09:44:35,79
SFNC ,2019-08-02 10:44:45,79
SFNC ,2019-08-02 11:44:34,79
SFNC ,2019-08-02 13:08:41,79
SFNC ,2019-08-02 13:44:36,79
SFNC ,2019-08-02 14:44:35,78
SFNC ,2019-08-02 15:44:36,78
SFNC ,2019-08-02 16:44:38,78
SFNC ,2019-08-02 17:44:33,78
SFNC ,2019-08-02 18:44:35,78
SFNC ,2019-08-02 19:44:35,78
SFNC ,2019-08-02 20:44:35,78
SFNC ,2019-08-02 21:44:35,78
SFNC ,2019-08-02 22:44:33,78
SFNC ,2019-08-02 23:44:34,78
SFNC ,2019-08-03 00:44:34,78
SFNC ,2019-08-03 01:44:33,78
SFNC ,2019-08-03 02:44:42,78
SFNC ,2019-08-03 03:44:34,78
SFNC ,2019-08-03 04:44:33,78
SFNC ,2019-08-03 05:44:41,78
SFNC ,2019-08-03 06:44:34,78
SFNC ,2019-08-03 07:44:31,78
SFNC ,2019-08-03 08:44:35,78
SFNC ,2019-08-03 09:44:33,78
SFNC ,2019-08-03 10:44:34,78
SFNC ,2019-08-03 11:44:33,78
SFNC ,2019-08-03 12:44:35,78
SFNC ,2019-08-03 13:44:34,78
SFNC ,2019-08-03 14:44:34,78
SFNC ,2019-08-03 15:44:32,78
SFNC ,2019-08-03 16:44:34,78
SFNC ,2019-08-03 17:44:35,78
SFNC ,2019-08-03 18:44:34,78
SFNC ,2019-08-03 19:44:33,78
SFNC ,2019-08-03 20:44:32,78
SFNC ,2019-08-03 21:44:32,78
SFNC ,2019-08-03 22:44:33,78
SFNC ,2019-08-03 23:44:33,78
SFNC ,2019-08-04 00:44:33,78
SFNC ,2019-08-04 01:44:32,78
SFNC ,2019-08-04 02:44:39,78
SFNC ,2019-08-04 03:44:35,78
SFNC ,2019-08-04 04:44:33,78
SFNC ,2019-08-04 05:44:39,78
SFNC ,2019-08-04 06:44:33,78
SFNC ,2019-08-04 07:44:34,78
SFNC ,2019-08-04 08:44:35,78
SFNC ,2019-08-04 09:44:33,78
SFNC ,2019-08-04 10:44:32,78
SFNC ,2019-08-04 11:44:30,78
SFNC ,2019-08-04 12:44:33,78
SFNC ,2019-08-04 13:44:33,78
SFNC ,2019-08-04 14:44:32,78
SFNC ,2019-08-04 15:44:33,78
SFNC ,2019-08-04 16:44:34,78
SFNC ,2019-08-04 17:44:33,78
SFNC ,2019-08-04 18:44:34,78
SFNC ,2019-08-04 19:44:33,78
SFNC ,2019-08-04 20:44:34,78
SFNC ,2019-08-04 21:44:33,78
SFNC ,2019-08-04 22:44:34,78
SFNC ,2019-08-04 23:44:33,78
SFNC ,2019-08-05 00:44:33,78
SFNC ,2019-08-05 01:44:35,78
SFNC ,2019-08-05 02:44:35,78
SFNC ,2019-08-05 03:44:33,78
SFNC ,2019-08-05 04:44:34,78
SFNC ,2019-08-05 05:44:36,78
SFNC ,2019-08-05 06:44:33,78
SFNC ,2019-08-05 07:44:38,78
SFNC ,2019-08-05 08:44:35,78
SFNC ,2019-08-05 09:44:36,78
SFNC ,2019-08-05 10:44:34,78
SFNC ,2019-08-05 11:44:33,78
SFNC ,2019-08-05 13:09:10,78
SFNC ,2019-08-05 13:44:38,78
SFNC ,2019-08-05 14:44:36,79
SFNC ,2019-08-05 15:44:34,79
SFNC ,2019-08-05 16:44:35,79
SFNC ,2019-08-05 17:44:36,79
SFNC ,2019-08-05 18:44:38,79
SFNC ,2019-08-05 19:44:35,79
SFNC ,2019-08-05 20:44:33,79
SFNC ,2019-08-05 21:44:34,79
SFNC ,2019-08-05 22:44:36,79
SFNC ,2019-08-05 23:44:36,79
SFNC ,2019-08-06 00:44:47,79
SFNC ,2019-08-06 01:44:40,79
SFNC ,2019-08-06 02:44:35,79
SFNC ,2019-08-06 03:44:34,79
SFNC ,2019-08-06 04:44:36,79
SFNC ,2019-08-06 05:44:37,79
SFNC ,2019-08-06 06:44:34,79
SFNC ,2019-08-06 07:44:34,79
SFNC ,2019-08-06 08:44:33,79
SFNC ,2019-08-06 09:44:40,79
SFNC ,2019-08-06 10:44:32,79
SFNC ,2019-08-06 11:44:32,79
SFNC ,2019-08-06 12:44:34,79
SFNC ,2019-08-06 13:44:36,79
SFNC ,2019-08-06 14:44:33,79
SFNC ,2019-08-06 15:44:34,79
SFNC ,2019-08-06 16:44:36,79
SFNC ,2019-08-06 17:44:34,79
SFNC ,2019-08-06 18:44:33,79
SFNC ,2019-08-06 19:44:35,79
SFNC ,2019-08-06 20:44:35,79
SFNC ,2019-08-06 21:44:34,79
SFNC ,2019-08-06 23:44:34,79
SFNC ,2019-08-07 00:44:35,79
SFNC ,2019-08-07 01:44:36,79
SFNC ,2019-08-07 02:44:37,79
SFNC ,2019-08-07 03:44:34,79
SFNC ,2019-08-07 04:44:33,79
SFNC ,2019-08-07 05:44:37,79
SFNC ,2019-08-07 06:44:40,79
SFNC ,2019-08-07 07:44:32,79
SFNC ,2019-08-07 08:44:35,79
SFNC ,2019-08-07 09:44:33,79
SFNC ,2019-08-07 10:44:42,79
SFNC ,2019-08-07 11:44:33,79
SFNC ,2019-08-07 12:44:36,79
SFNC ,2019-08-07 13:44:37,79
SFNC ,2019-08-07 14:44:36,79
SFNC ,2019-08-07 15:44:34,79
SFNC ,2019-08-07 16:44:35,79
SFNC ,2019-08-07 17:44:35,79
SFNC ,2019-08-07 18:44:34,79
SFNC ,2019-08-07 19:44:34,79
SFNC ,2019-08-07 20:44:34,79
SFNC ,2019-08-07 21:44:34,79
SFNC ,2019-08-07 22:44:33,79
SFNC ,2019-08-07 23:44:35,79
SFNC ,2019-08-08 00:44:35,79
SFNC ,2019-08-08 01:44:34,79
SFNC ,2019-08-08 02:44:41,79
SFNC ,2019-08-08 03:44:33,79
SFNC ,2019-08-08 04:44:33,79
SFNC ,2019-08-08 05:44:35,79
SFNC ,2019-08-08 06:44:38,79
SFNC ,2019-08-08 07:44:34,79
SFNC ,2019-08-08 08:44:33,79
SFNC ,2019-08-08 09:44:33,79
SFNC ,2019-08-08 10:44:38,79
SFNC ,2019-08-08 11:44:32,79
SFNC ,2019-08-08 12:44:35,79
SFNC ,2019-08-08 13:44:35,79
SFNC ,2019-08-08 14:44:34,79
SFNC ,2019-08-08 15:44:36,79
SFNC ,2019-08-08 16:44:37,79
SFNC ,2019-08-08 17:44:35,79
SFNC ,2019-08-08 18:44:35,79
SFNC ,2019-08-08 19:44:35,79
SFNC ,2019-08-08 20:44:37,79
SFNC ,2019-08-08 21:44:38,79
SFNC ,2019-08-08 22:44:37,79
SFNC ,2019-08-08 23:44:37,79
SFNC ,2019-08-09 00:44:39,79
SFNC ,2019-08-09 01:44:39,79
SFNC ,2019-08-09 02:44:40,79
SFNC ,2019-08-09 03:44:38,79
SFNC ,2019-08-09 04:44:39,79
SFNC ,2019-08-09 05:44:44,79
SFNC ,2019-08-09 06:44:39,79
SFNC ,2019-08-09 07:44:51,79
SFNC ,2019-08-09 08:44:39,79
SFNC ,2019-08-09 09:44:45,79
SFNC ,2019-08-09 10:44:39,79
SFNC ,2019-08-09 11:44:39,79
SFNC ,2019-08-09 13:08:44,79
SFNC ,2019-08-09 13:44:38,79
SFNC ,2019-08-09 14:44:46,79
SFNC ,2019-08-09 15:44:38,79
SFNC ,2019-08-09 16:44:46,79
SFNC ,2019-08-09 17:44:38,79
SFNC ,2019-08-09 18:44:38,79
SFNC ,2019-08-09 19:44:39,79
SFNC ,2019-08-09 20:44:37,79
SFNC ,2019-08-09 21:44:40,79
SFNC ,2019-08-09 22:44:39,79
SFNC ,2019-08-09 23:44:40,79
SFNC ,2019-08-10 00:44:40,79
SFNC ,2019-08-10 01:44:38,79
SFNC ,2019-08-10 02:44:55,79
SFNC ,2019-08-10 03:44:37,79
SFNC ,2019-08-10 04:44:39,79
SFNC ,2019-08-10 05:44:43,79
SFNC ,2019-08-10 06:44:38,79
SFNC ,2019-08-10 07:44:37,79
SFNC ,2019-08-10 08:44:37,79
SFNC ,2019-08-10 09:44:38,79
SFNC ,2019-08-10 10:44:40,79
SFNC ,2019-08-10 11:44:37,79
SFNC ,2019-08-10 12:44:41,79
SFNC ,2019-08-10 13:44:41,79
SFNC ,2019-08-10 14:44:37,79
SFNC ,2019-08-10 15:44:37,79
SFNC ,2019-08-10 16:44:46,79
SFNC ,2019-08-10 17:44:38,79
SFNC ,2019-08-10 18:44:38,79
SFNC ,2019-08-10 19:44:38,79
SFNC ,2019-08-10 20:44:38,79
SFNC ,2019-08-10 21:44:35,79
SFNC ,2019-08-10 22:44:37,79
SFNC ,2019-08-10 23:44:38,79
SFNC ,2019-08-11 00:44:35,79
SFNC ,2019-08-11 01:44:37,79
SFNC ,2019-08-11 02:44:46,79
SFNC ,2019-08-11 03:44:40,79
SFNC ,2019-08-11 04:44:37,79
SFNC ,2019-08-11 05:44:47,79
SFNC ,2019-08-11 06:44:37,79
SFNC ,2019-08-11 07:44:39,79
SFNC ,2019-08-11 08:44:36,79
SFNC ,2019-08-11 09:44:36,79
SFNC ,2019-08-11 10:44:36,79
SFNC ,2019-08-11 11:44:37,79
SFNC ,2019-08-11 12:44:38,79
SFNC ,2019-08-11 13:44:40,79
SFNC ,2019-08-11 14:44:37,79
SFNC ,2019-08-11 15:44:38,79
SFNC ,2019-08-11 16:44:39,79
SFNC ,2019-08-11 17:44:38,79
SFNC ,2019-08-11 18:44:38,79
SFNC ,2019-08-11 19:44:39,79
SFNC ,2019-08-11 20:44:40,79
SFNC ,2019-08-11 21:44:40,79
SFNC ,2019-08-11 22:44:40,79
SFNC ,2019-08-11 23:44:41,79
SFNC ,2019-08-12 00:44:41,79
SFNC ,2019-08-12 01:44:40,79
SFNC ,2019-08-12 02:44:48,79
SFNC ,2019-08-12 03:44:40,79
SFNC ,2019-08-12 04:44:39,79
SFNC ,2019-08-12 05:44:46,79
SFNC ,2019-08-12 06:44:47,79
SFNC ,2019-08-12 07:44:38,79
SFNC ,2019-08-12 08:44:41,79
SFNC ,2019-08-12 09:44:39,79
SFNC ,2019-08-12 10:44:43,79
SFNC ,2019-08-12 11:44:38,79
SFNC ,2019-08-12 12:44:43,79
SFNC ,2019-08-12 13:44:50,79
SFNC ,2019-08-12 14:44:39,79
SFNC ,2019-08-12 15:44:41,79
SFNC ,2019-08-12 16:44:50,79
SFNC ,2019-08-12 17:44:38,79
SFNC ,2019-08-12 18:44:37,79
SFNC ,2019-08-12 19:44:36,79
SFNC ,2019-08-12 20:44:39,79
SFNC ,2019-08-12 21:44:37,79
SFNC ,2019-08-12 22:44:37,79
SFNC ,2019-08-12 23:44:39,79
SFNC ,2019-08-13 00:44:36,79
SFNC ,2019-08-13 01:44:39,79
SFNC ,2019-08-13 02:44:43,79
SFNC ,2019-08-13 03:44:39,79
SFNC ,2019-08-13 04:44:34,79
SFNC ,2019-08-13 05:44:40,79
SFNC ,2019-08-13 06:44:37,79
SFNC ,2019-08-13 07:44:37,79
SFNC ,2019-08-13 08:44:35,79
SFNC ,2019-08-13 09:44:38,79
SFNC ,2019-08-13 10:44:43,79
SFNC ,2019-08-13 11:44:40,79
SFNC ,2019-08-13 12:44:40,79
SFNC ,2019-08-13 13:44:40,79
SFNC ,2019-08-13 14:44:38,79
SFNC ,2019-08-13 15:44:42,80
SFNC ,2019-08-13 16:44:40,80
SFNC ,2019-08-13 17:44:38,80
SFNC ,2019-08-13 18:44:38,80
SFNC ,2019-08-13 19:44:38,80
SFNC ,2019-08-13 20:44:36,80
SFNC ,2019-08-13 21:44:39,80
SFNC ,2019-08-13 22:44:45,80
SFNC ,2019-08-13 23:44:39,80
SFNC ,2019-08-14 00:44:40,80
SFNC ,2019-08-14 01:44:40,80
SFNC ,2019-08-14 02:44:41,80
SFNC ,2019-08-14 03:44:38,80
SFNC ,2019-08-14 04:44:38,80
SFNC ,2019-08-14 05:44:56,80
SFNC ,2019-08-14 06:44:39,80
SFNC ,2019-08-14 07:44:37,80
SFNC ,2019-08-14 08:44:36,80
SFNC ,2019-08-14 09:44:41,80
SFNC ,2019-08-14 10:44:35,80
SFNC ,2019-08-14 11:44:36,80
SFNC ,2019-08-14 13:07:45,80
SFNC ,2019-08-14 13:44:40,80
SFNC ,2019-08-14 14:44:40,79
SFNC ,2019-08-14 15:44:41,79
SFNC ,2019-08-14 16:44:39,79
SFNC ,2019-08-14 17:44:36,79
SFNC ,2019-08-14 18:44:41,79
SFNC ,2019-08-14 19:44:41,79
SFNC ,2019-08-14 20:44:38,79
SFNC ,2019-08-14 21:44:50,79
SFNC ,2019-08-14 22:44:38,79
SFNC ,2019-08-14 23:44:37,79
SFNC ,2019-08-15 00:45:08,79
SFNC ,2019-08-15 01:44:40,79
SFNC ,2019-08-15 02:44:42,79
SFNC ,2019-08-15 03:44:39,79
SFNC ,2019-08-15 04:44:39,79
SFNC ,2019-08-15 05:44:44,79
SFNC ,2019-08-15 06:44:35,79
SFNC ,2019-08-15 07:44:35,79
SFNC ,2019-08-15 08:44:50,79
SFNC ,2019-08-15 09:44:36,79
SFNC ,2019-08-15 10:44:36,79
SFNC ,2019-08-15 11:44:36,79
SFNC ,2019-08-15 13:07:43,79
SFNC ,2019-08-15 13:44:45,79
SFNC ,2019-08-15 14:44:40,79
SFNC ,2019-08-15 15:44:35,79
SFNC ,2019-08-15 16:44:55,79
SFNC ,2019-08-15 17:44:34,79
SFNC ,2019-08-15 18:44:38,79
SFNC ,2019-08-15 19:44:36,79
SFNC ,2019-08-15 20:44:38,79
SFNC ,2019-08-15 21:44:35,79
SFNC ,2019-08-15 22:44:34,79
SFNC ,2019-08-15 23:44:45,79
SFNC ,2019-08-16 00:44:47,79
SFNC ,2019-08-16 01:44:53,79
SFNC ,2019-08-16 02:44:38,79
SFNC ,2019-08-16 03:44:39,79
SFNC ,2019-08-16 04:44:34,79
SFNC ,2019-08-16 05:44:53,79
SFNC ,2019-08-16 06:44:35,79
SFNC ,2019-08-16 07:44:36,79
SFNC ,2019-08-16 08:44:36,79
SFNC ,2019-08-16 09:44:39,79
SFNC ,2019-08-16 10:44:35,79
SFNC ,2019-08-16 11:44:34,79
SFNC ,2019-08-16 12:44:36,79
SFNC ,2019-08-16 13:44:40,79
SFNC ,2019-08-16 14:44:36,79
SFNC ,2019-08-16 15:44:38,79
SFNC ,2019-08-16 16:44:51,79
SFNC ,2019-08-16 18:45:23,79
SFNC ,2019-08-16 19:44:41,79
SFNC ,2019-08-16 20:44:45,79
SFNC ,2019-08-16 21:44:41,79
SFNC ,2019-08-16 22:44:43,79
SFNC ,2019-08-16 23:44:41,79
SFNC ,2019-08-17 00:44:42,79
SFNC ,2019-08-17 01:44:46,79
SFNC ,2019-08-17 02:44:56,79
SFNC ,2019-08-17 03:44:42,79
SFNC ,2019-08-17 04:44:43,79
SFNC ,2019-08-17 05:44:44,79
SFNC ,2019-08-17 06:44:41,79
SFNC ,2019-08-17 07:44:40,79
SFNC ,2019-08-17 08:44:42,79
SFNC ,2019-08-17 09:44:41,79
SFNC ,2019-08-17 10:44:39,79
SFNC ,2019-08-17 11:44:41,79
SFNC ,2019-08-17 12:44:39,79
SFNC ,2019-08-17 13:44:41,79
SFNC ,2019-08-17 14:45:16,79
SFNC ,2019-08-17 15:44:40,79
SFNC ,2019-08-17 16:44:40,79
SFNC ,2019-08-17 17:44:39,79
SFNC ,2019-08-17 18:44:39,79
SFNC ,2019-08-17 19:44:40,79
SFNC ,2019-08-17 20:44:41,79
SFNC ,2019-08-17 21:44:39,79
SFNC ,2019-08-17 22:44:39,79
SFNC ,2019-08-17 23:44:38,79
SFNC ,2019-08-18 00:44:39,79
SFNC ,2019-08-18 01:44:38,79
SFNC ,2019-08-18 02:44:42,79
SFNC ,2019-08-18 03:44:39,79
SFNC ,2019-08-18 04:44:38,79
SFNC ,2019-08-18 05:45:02,79
SFNC ,2019-08-18 06:44:59,79
SFNC ,2019-08-18 07:44:42,79
SFNC ,2019-08-18 08:44:44,79
SFNC ,2019-08-18 09:44:43,79
SFNC ,2019-08-18 10:44:39,79
SFNC ,2019-08-18 11:44:40,79
SFNC ,2019-08-18 12:44:41,79
SFNC ,2019-08-18 13:44:43,79
SFNC ,2019-08-18 14:44:41,79
SFNC ,2019-08-18 15:44:42,79
SFNC ,2019-08-18 16:44:46,79
SFNC ,2019-08-18 17:44:40,79
SFNC ,2019-08-18 18:44:41,79
SFNC ,2019-08-18 19:44:41,79
SFNC ,2019-08-18 20:44:42,79
SFNC ,2019-08-18 21:44:49,79
SFNC ,2019-08-18 22:44:43,79
SFNC ,2019-08-18 23:44:41,79
SFNC ,2019-08-19 00:44:42,79
SFNC ,2019-08-19 01:44:45,79
SFNC ,2019-08-19 02:44:44,79
SFNC ,2019-08-19 03:44:40,79
SFNC ,2019-08-19 04:44:40,79
SFNC ,2019-08-19 05:44:47,79
SFNC ,2019-08-19 06:44:44,79
SFNC ,2019-08-19 07:44:53,79
SFNC ,2019-08-19 08:44:41,79
SFNC ,2019-08-19 09:44:48,79
SFNC ,2019-08-19 10:44:42,79
SFNC ,2019-08-19 11:44:41,79
SFNC ,2019-08-19 12:44:47,79
SFNC ,2019-08-19 13:44:43,79
SFNC ,2019-08-19 14:44:36,78
SFNC ,2019-08-19 15:44:38,78
SFNC ,2019-08-19 16:44:37,78
SFNC ,2019-08-19 17:44:36,78
SFNC ,2019-08-19 18:44:39,78
SFNC ,2019-08-19 19:44:37,78
SFNC ,2019-08-19 20:44:37,78
SFNC ,2019-08-19 21:44:38,78
SFNC ,2019-08-19 22:44:36,78
SFNC ,2019-08-19 23:44:37,78
SFNC ,2019-08-20 00:44:40,78
SFNC ,2019-08-20 01:44:37,78
SFNC ,2019-08-20 02:44:40,78
SFNC ,2019-08-20 03:44:37,78
SFNC ,2019-08-20 04:44:37,78
SFNC ,2019-08-20 05:44:53,78
SFNC ,2019-08-20 06:44:42,78
SFNC ,2019-08-20 07:44:36,78
SFNC ,2019-08-20 08:44:37,78
SFNC ,2019-08-20 09:44:36,78
SFNC ,2019-08-20 10:44:58,78
SFNC ,2019-08-20 11:44:35,78
SFNC ,2019-08-20 13:06:43,78
SFNC ,2019-08-20 13:44:47,78
SFNC ,2019-08-20 14:44:38,78
SFNC ,2019-08-20 15:44:37,78
SFNC ,2019-08-20 16:44:38,78
SFNC ,2019-08-20 17:44:38,78
SFNC ,2019-08-20 18:44:38,78
SFNC ,2019-08-20 19:44:38,79
SFNC ,2019-08-20 20:44:39,79
SFNC ,2019-08-20 21:44:41,79
SFNC ,2019-08-20 22:44:38,79
SFNC ,2019-08-20 23:44:37,79
SFNC ,2019-08-21 00:44:40,79
SFNC ,2019-08-21 01:44:43,79
SFNC ,2019-08-21 02:44:46,79
SFNC ,2019-08-21 03:44:43,79
SFNC ,2019-08-21 04:44:39,79
SFNC ,2019-08-21 05:44:42,79
SFNC ,2019-08-21 06:44:46,79
SFNC ,2019-08-21 07:44:39,79
SFNC ,2019-08-21 08:44:41,79
SFNC ,2019-08-21 09:44:39,79
SFNC ,2019-08-21 10:44:37,79
SFNC ,2019-08-21 11:44:37,79
SFNC ,2019-08-21 12:44:38,79
SFNC ,2019-08-21 13:44:42,79
SFNC ,2019-08-21 14:44:40,79
SFNC ,2019-08-21 15:44:42,79
SFNC ,2019-08-21 16:44:55,79
SFNC ,2019-08-21 17:44:39,79
SFNC ,2019-08-21 18:44:40,79
SFNC ,2019-08-21 19:44:40,79
SFNC ,2019-08-21 20:44:40,79
SFNC ,2019-08-21 21:44:41,79
SFNC ,2019-08-21 22:44:42,79
SFNC ,2019-08-21 23:44:39,79
SFNC ,2019-08-22 00:44:41,79
SFNC ,2019-08-22 01:44:39,79
SFNC ,2019-08-22 02:44:45,79
SFNC ,2019-08-22 03:44:39,79
SFNC ,2019-08-22 04:44:38,79
SFNC ,2019-08-22 05:44:43,79
SFNC ,2019-08-22 06:44:39,79
SFNC ,2019-08-22 07:44:40,79
SFNC ,2019-08-22 08:44:39,79
SFNC ,2019-08-22 09:44:39,79
SFNC ,2019-08-22 10:44:41,79
SFNC ,2019-08-22 11:44:41,79
SFNC ,2019-08-22 12:44:41,79
SFNC ,2019-08-22 13:44:42,79
SFNC ,2019-08-22 14:44:44,79
SFNC ,2019-08-22 15:44:44,80
SFNC ,2019-08-22 16:44:49,81
SFNC ,2019-08-22 17:44:44,81
SFNC ,2019-08-22 18:44:45,81
SFNC ,2019-08-22 19:44:42,81
SFNC ,2019-08-22 20:44:44,81
SFNC ,2019-08-22 21:44:46,81
SFNC ,2019-08-22 22:44:43,81
SFNC ,2019-08-22 23:44:43,81
SFNC ,2019-08-23 00:44:45,81
SFNC ,2019-08-23 01:44:47,81
SFNC ,2019-08-23 02:44:49,81
SFNC ,2019-08-23 03:44:41,81
SFNC ,2019-08-23 04:44:41,81
SFNC ,2019-08-23 05:44:43,81
SFNC ,2019-08-23 06:44:42,81
SFNC ,2019-08-23 07:44:41,81
SFNC ,2019-08-23 08:44:42,81
SFNC ,2019-08-23 09:44:40,81
SFNC ,2019-08-23 10:44:46,81
SFNC ,2019-08-23 11:44:40,81
SFNC ,2019-08-23 12:44:45,81
SFNC ,2019-08-23 13:44:46,81
SFNC ,2019-08-23 14:44:42,81
SFNC ,2019-08-23 15:44:43,81
SFNC ,2019-08-23 16:44:45,81
SFNC ,2019-08-23 17:44:40,81
SFNC ,2019-08-23 18:44:45,81
SFNC ,2019-08-23 19:44:42,80
SFNC ,2019-08-23 20:44:39,80
SFNC ,2019-08-23 21:44:41,80
SFNC ,2019-08-23 22:45:23,80
SFNC ,2019-08-23 23:44:40,80
SFNC ,2019-08-24 00:44:41,80
SFNC ,2019-08-24 01:44:39,80
SFNC ,2019-08-24 02:45:02,80
SFNC ,2019-08-24 03:44:39,80
SFNC ,2019-08-24 04:44:37,80
SFNC ,2019-08-24 05:44:42,80
SFNC ,2019-08-24 06:44:42,80
SFNC ,2019-08-24 07:44:44,80
SFNC ,2019-08-24 08:44:42,80
SFNC ,2019-08-24 09:44:41,80
SFNC ,2019-08-24 10:44:40,80
SFNC ,2019-08-24 11:44:38,80
SFNC ,2019-08-24 12:44:43,80
SFNC ,2019-08-24 13:44:40,80
SFNC ,2019-08-24 14:44:41,80
SFNC ,2019-08-24 15:44:41,80
SFNC ,2019-08-24 16:44:54,80
SFNC ,2019-08-24 17:44:41,80
SFNC ,2019-08-24 18:44:44,80
SFNC ,2019-08-24 19:44:41,80
SFNC ,2019-08-24 20:44:40,80
SFNC ,2019-08-24 21:44:41,80
SFNC ,2019-08-24 22:44:41,80
SFNC ,2019-08-24 23:44:39,80
SFNC ,2019-08-25 00:44:38,80
SFNC ,2019-08-25 01:44:43,80
SFNC ,2019-08-25 02:44:54,80
SFNC ,2019-08-25 03:44:39,80
SFNC ,2019-08-25 04:44:39,80
SFNC ,2019-08-25 05:44:38,80
SFNC ,2019-08-25 06:44:39,80
SFNC ,2019-08-25 07:44:39,80
SFNC ,2019-08-25 08:44:42,80
SFNC ,2019-08-25 09:44:38,80
SFNC ,2019-08-25 10:44:39,80
SFNC ,2019-08-25 11:44:43,80
SFNC ,2019-08-25 12:44:39,80
SFNC ,2019-08-25 13:44:41,80
SFNC ,2019-08-25 14:44:39,80
SFNC ,2019-08-25 15:44:41,80
SFNC ,2019-08-25 16:44:45,80
SFNC ,2019-08-25 17:44:39,80
SFNC ,2019-08-25 18:44:38,80
SFNC ,2019-08-25 19:44:40,80
SFNC ,2019-08-25 20:44:40,80
SFNC ,2019-08-25 21:44:41,80
SFNC ,2019-08-25 22:44:39,80
SFNC ,2019-08-25 23:44:40,80
SFNC ,2019-08-26 00:44:38,80
SFNC ,2019-08-26 01:44:37,80
SFNC ,2019-08-26 02:44:44,80
SFNC ,2019-08-26 03:44:38,80
SFNC ,2019-08-26 04:44:39,80
SFNC ,2019-08-26 05:44:42,80
SFNC ,2019-08-26 06:44:38,80
SFNC ,2019-08-26 07:44:42,80
SFNC ,2019-08-26 08:44:38,80
SFNC ,2019-08-26 09:44:37,80
SFNC ,2019-08-26 10:44:40,80
SFNC ,2019-08-26 11:44:37,80
SFNC ,2019-08-26 12:44:41,80
SFNC ,2019-08-26 13:44:40,80
SFNC ,2019-08-26 14:44:38,80
SFNC ,2019-08-26 15:44:41,80
SFNC ,2019-08-26 16:44:49,80
SFNC ,2019-08-26 17:44:39,80
SFNC ,2019-08-26 18:44:38,80
SFNC ,2019-08-26 19:44:42,80
SFNC ,2019-08-26 20:44:41,80
SFNC ,2019-08-26 21:44:41,80
SFNC ,2019-08-26 22:44:38,80
SFNC ,2019-08-26 23:44:39,80
SFNC ,2019-08-27 00:44:41,80
SFNC ,2019-08-27 01:44:40,80
SFNC ,2019-08-27 02:44:45,80
SFNC ,2019-08-27 03:44:39,80
SFNC ,2019-08-27 04:44:39,80
SFNC ,2019-08-27 05:44:44,80
SFNC ,2019-08-27 06:44:46,80
SFNC ,2019-08-27 07:44:38,80
SFNC ,2019-08-27 08:44:42,80
SFNC ,2019-08-27 09:44:39,80
SFNC ,2019-08-27 10:44:37,80
SFNC ,2019-08-27 11:44:43,80
SFNC ,2019-08-27 12:44:44,80
SFNC ,2019-08-27 13:44:58,80
SFNC ,2019-08-27 14:44:39,80
SFNC ,2019-08-27 15:44:42,80
SFNC ,2019-08-27 16:44:46,80
SFNC ,2019-08-27 17:44:39,80
SFNC ,2019-08-27 18:44:40,80
SFNC ,2019-08-27 19:44:41,80
SFNC ,2019-08-27 20:44:39,80
SFNC ,2019-08-27 21:44:41,80
SFNC ,2019-08-27 22:44:40,80
SFNC ,2019-08-27 23:44:44,80
SFNC ,2019-08-28 00:44:45,80
SFNC ,2019-08-28 01:44:42,80
SFNC ,2019-08-28 02:44:47,80
SFNC ,2019-08-28 03:44:49,80
SFNC ,2019-08-28 04:44:42,80
SFNC ,2019-08-28 05:44:46,80
SFNC ,2019-08-28 06:44:44,80
SFNC ,2019-08-28 07:44:44,80
SFNC ,2019-08-28 08:44:40,80
SFNC ,2019-08-28 09:44:43,80
SFNC ,2019-08-28 10:44:41,80
SFNC ,2019-08-28 11:44:45,80
SFNC ,2019-08-28 12:44:42,80
SFNC ,2019-08-28 13:44:40,80
SFNC ,2019-08-28 14:44:38,80
SFNC ,2019-08-28 15:44:40,80
SFNC ,2019-08-28 16:44:57,80
SFNC ,2019-08-28 17:44:38,80
SFNC ,2019-08-28 18:44:40,80
SFNC ,2019-08-28 19:44:40,80
SFNC ,2019-08-28 20:44:43,80
SFNC ,2019-08-28 21:44:41,80
SFNC ,2019-08-28 22:44:40,80
SFNC ,2019-08-28 23:44:45,80
SFNC ,2019-08-29 00:44:38,80
SFNC ,2019-08-29 01:44:41,80
SFNC ,2019-08-29 02:44:42,80
SFNC ,2019-08-29 03:44:39,80
SFNC ,2019-08-29 04:44:40,80
SFNC ,2019-08-29 05:44:53,80
SFNC ,2019-08-29 06:44:37,80
SFNC ,2019-08-29 07:44:42,80
SFNC ,2019-08-29 08:44:40,80
SFNC ,2019-08-29 09:44:40,80
SFNC ,2019-08-29 10:44:36,80
SFNC ,2019-08-29 11:44:37,80
SFNC ,2019-08-29 12:44:42,80
SFNC ,2019-08-29 13:44:40,80
SFNC ,2019-08-29 14:44:38,81
SFNC ,2019-08-29 15:44:38,81
SFNC ,2019-08-29 16:44:46,81
SFNC ,2019-08-29 17:44:38,81
SFNC ,2019-08-29 18:44:38,81
SFNC ,2019-08-29 19:44:36,81
SFNC ,2019-08-29 20:44:38,81
SFNC ,2019-08-29 21:44:38,81
SFNC ,2019-08-29 22:44:36,81
SFNC ,2019-08-29 23:44:38,81
SFNC ,2019-08-30 00:44:41,81
SFNC ,2019-08-30 01:44:45,81
SFNC ,2019-08-30 02:44:39,81
SFNC ,2019-08-30 03:44:40,81
SFNC ,2019-08-30 04:44:38,81
SFNC ,2019-08-30 05:44:47,81
SFNC ,2019-08-30 06:44:34,81
SFNC ,2019-08-30 07:44:34,81
SFNC ,2019-08-30 08:44:34,81
SFNC ,2019-08-30 09:44:36,81
SFNC ,2019-08-30 10:44:34,81
SFNC ,2019-08-30 11:44:33,81
SFNC ,2019-08-30 12:44:38,81
SFNC ,2019-08-30 13:44:37,81
SFNC ,2019-08-30 14:44:36,81
SFNC ,2019-08-30 15:44:37,81
SFNC ,2019-08-30 16:44:38,81
SFNC ,2019-08-30 17:44:38,81
SFNC ,2019-08-30 18:44:35,81
SFNC ,2019-08-30 20:44:52,81
SFNC ,2019-08-30 21:44:47,81
SFNC ,2019-08-30 22:44:49,81
SFNC ,2019-08-30 23:44:48,81
SFNC ,2019-08-31 00:44:48,81
SFNC ,2019-08-31 01:44:51,81
SFNC ,2019-08-31 02:44:48,81
SFNC ,2019-08-31 03:44:49,81
SFNC ,2019-08-31 04:44:48,81
SFNC ,2019-08-31 23:45:10,81
SFNC ,2019-09-01 00:44:52,81
SFNC ,2019-09-01 01:44:48,81
SFNC ,2019-09-01 02:44:49,81
SFNC ,2019-09-01 03:44:49,81
SFNC ,2019-09-01 04:44:48,81
SFNC ,2019-09-01 05:44:48,81
SFNC ,2019-09-01 06:44:48,81
SFNC ,2019-09-01 07:44:45,81
SFNC ,2019-09-01 08:44:48,81
SFNC ,2019-09-01 09:44:47,81
SFNC ,2019-09-01 10:44:47,81
SFNC ,2019-09-01 11:44:46,81
SFNC ,2019-09-01 12:44:50,81
SFNC ,2019-09-01 13:44:48,81
SFNC ,2019-09-01 14:44:47,81
SFNC ,2019-09-01 15:44:47,81
SFNC ,2019-09-01 16:44:54,81
SFNC ,2019-09-01 17:44:51,81
SFNC ,2019-09-01 18:44:48,81
SFNC ,2019-09-01 19:44:46,81
SFNC ,2019-09-01 20:44:47,81
SFNC ,2019-09-01 21:44:47,81
SFNC ,2019-09-01 22:44:49,81
SFNC ,2019-09-01 23:44:49,81
SFNC ,2019-09-02 00:44:47,81
SFNC ,2019-09-02 01:44:45,81
SFNC ,2019-09-02 02:44:45,81
SFNC ,2019-09-02 03:44:49,81
SFNC ,2019-09-02 04:44:50,81
SFNC ,2019-09-02 05:45:00,81
SFNC ,2019-09-02 06:44:50,81
SFNC ,2019-09-02 07:44:50,81
SFNC ,2019-09-02 08:44:49,81
SFNC ,2019-09-02 09:44:54,81
SFNC ,2019-09-02 10:44:55,81
SFNC ,2019-09-02 11:44:49,81
SFNC ,2019-09-02 12:44:46,81
SFNC ,2019-09-02 13:44:48,81
SFNC ,2019-09-02 14:44:48,81
SFNC ,2019-09-02 15:44:48,81
SFNC ,2019-09-02 16:44:59,81
SFNC ,2019-09-02 17:44:47,81
SFNC ,2019-09-02 18:44:50,81
SFNC ,2019-09-02 19:44:48,81
SFNC ,2019-09-02 20:44:47,81
SFNC ,2019-09-02 21:44:49,81
SFNC ,2019-09-02 22:44:50,81
SFNC ,2019-09-02 23:44:50,81
SFNC ,2019-09-03 00:44:49,81
SFNC ,2019-09-03 01:44:50,81
SFNC ,2019-09-03 02:44:52,81
SFNC ,2019-09-03 03:44:48,81
SFNC ,2019-09-03 04:44:47,81
SFNC ,2019-09-03 05:44:59,81
SFNC ,2019-09-03 06:44:52,81
SFNC ,2019-09-03 07:44:47,81
SFNC ,2019-09-03 08:44:55,81
SFNC ,2019-09-03 09:44:48,81
SFNC ,2019-09-03 10:44:52,81
SFNC ,2019-09-03 11:44:47,81
SFNC ,2019-09-03 13:09:01,81
SFNC ,2019-09-03 13:44:57,81
SFNC ,2019-09-03 14:44:51,81
SFNC ,2019-09-03 15:44:50,81
SFNC ,2019-09-03 16:44:54,81
SFNC ,2019-09-03 17:44:51,81
SFNC ,2019-09-03 18:44:48,81
SFNC ,2019-09-03 19:44:48,81
SFNC ,2019-09-03 20:44:50,81
SFNC ,2019-09-03 21:44:48,81
SFNC ,2019-09-03 22:44:57,81
SFNC ,2019-09-03 23:44:49,81
SFNC ,2019-09-04 00:44:53,81
SFNC ,2019-09-04 01:44:51,81
SFNC ,2019-09-04 02:44:50,81
SFNC ,2019-09-04 03:44:49,81
SFNC ,2019-09-04 04:44:48,81
SFNC ,2019-09-04 05:45:01,81
SFNC ,2019-09-04 06:44:51,81
SFNC ,2019-09-04 07:44:49,81
SFNC ,2019-09-04 08:44:49,81
SFNC ,2019-09-04 09:44:51,81
SFNC ,2019-09-04 10:44:49,81
SFNC ,2019-09-04 11:44:49,81
SFNC ,2019-09-04 13:07:57,81
SFNC ,2019-09-04 13:44:51,81
SFNC ,2019-09-04 14:44:49,83
SFNC ,2019-09-04 15:44:50,83
SFNC ,2019-09-04 16:45:01,83
SFNC ,2019-09-04 17:44:49,83
SFNC ,2019-09-04 18:44:51,83
SFNC ,2019-09-04 19:44:50,83
SFNC ,2019-09-04 20:44:50,83
SFNC ,2019-09-04 21:44:48,83
SFNC ,2019-09-04 22:44:49,83
SFNC ,2019-09-04 23:44:54,83
SFNC ,2019-09-05 01:44:49,83
SFNC ,2019-09-05 02:44:56,83
SFNC ,2019-09-05 03:44:48,83
SFNC ,2019-09-05 04:44:49,83
SFNC ,2019-09-05 05:45:00,83
SFNC ,2019-09-05 06:44:47,83
SFNC ,2019-09-05 07:44:53,83
SFNC ,2019-09-05 08:44:49,83
SFNC ,2019-09-05 09:44:47,83
SFNC ,2019-09-05 10:44:55,83
SFNC ,2019-09-05 11:44:49,83
SFNC ,2019-09-05 13:08:53,83
SFNC ,2019-09-05 13:44:50,83
SFNC ,2019-09-05 14:44:53,83
SFNC ,2019-09-05 15:44:50,83
SFNC ,2019-09-05 16:45:02,83
SFNC ,2019-09-05 17:44:52,83
SFNC ,2019-09-05 18:44:48,83
SFNC ,2019-09-05 19:44:48,83
SFNC ,2019-09-05 20:44:51,83
SFNC ,2019-09-05 21:44:49,83
SFNC ,2019-09-05 22:44:50,83
SFNC ,2019-09-05 23:44:51,83
SFNC ,2019-09-06 00:44:51,83
SFNC ,2019-09-06 01:44:51,83
SFNC ,2019-09-06 02:44:49,83
SFNC ,2019-09-06 03:44:47,83
SFNC ,2019-09-06 04:44:48,83
SFNC ,2019-09-06 05:45:02,83
SFNC ,2019-09-06 06:44:50,83
SFNC ,2019-09-06 07:44:53,83
SFNC ,2019-09-06 08:44:48,83
SFNC ,2019-09-06 09:44:50,83
SFNC ,2019-09-06 10:44:50,83
SFNC ,2019-09-06 11:45:10,83
SFNC ,2019-09-06 13:07:54,83
SFNC ,2019-09-06 13:44:52,83
SFNC ,2019-09-06 14:44:48,83
SFNC ,2019-09-06 15:44:48,83
SFNC ,2019-09-06 16:45:00,83
SFNC ,2019-09-06 17:44:50,83
SFNC ,2019-09-06 18:44:52,83
SFNC ,2019-09-06 19:44:48,83
SFNC ,2019-09-06 20:44:50,82
SFNC ,2019-09-06 21:44:50,82
SFNC ,2019-09-06 22:44:49,82
SFNC ,2019-09-06 23:44:48,82
SFNC ,2019-09-07 01:44:50,82
SFNC ,2019-09-07 02:44:52,82
SFNC ,2019-09-07 03:44:52,82
SFNC ,2019-09-07 04:44:50,82
SFNC ,2019-09-07 05:45:16,82
SFNC ,2019-09-07 06:44:50,82
SFNC ,2019-09-07 07:44:47,82
SFNC ,2019-09-07 08:44:48,82
SFNC ,2019-09-07 09:44:49,82
SFNC ,2019-09-07 10:44:51,82
SFNC ,2019-09-07 11:44:48,82
SFNC ,2019-09-07 12:44:48,82
SFNC ,2019-09-07 13:44:52,82
SFNC ,2019-09-07 14:44:51,82
SFNC ,2019-09-07 15:44:50,82
SFNC ,2019-09-07 16:44:50,82
SFNC ,2019-09-07 17:44:50,82
SFNC ,2019-09-07 18:44:48,82
SFNC ,2019-09-07 19:44:48,82
SFNC ,2019-09-07 20:44:50,82
SFNC ,2019-09-07 22:44:47,82
SFNC ,2019-09-07 23:44:50,82
SFNC ,2019-09-08 00:44:50,82
SFNC ,2019-09-08 01:44:53,82
SFNC ,2019-09-08 02:44:56,82
SFNC ,2019-09-08 03:44:51,82
SFNC ,2019-09-08 04:44:49,82
SFNC ,2019-09-08 05:44:55,82
SFNC ,2019-09-08 06:44:49,82
SFNC ,2019-09-08 07:44:48,82
SFNC ,2019-09-08 08:44:49,82
SFNC ,2019-09-08 09:44:47,82
SFNC ,2019-09-08 10:44:51,82
SFNC ,2019-09-08 11:44:48,82
SFNC ,2019-09-08 12:44:49,82
SFNC ,2019-09-08 13:44:50,82
SFNC ,2019-09-08 14:44:50,82
SFNC ,2019-09-08 15:44:48,82
SFNC ,2019-09-08 16:44:57,82
SFNC ,2019-09-08 17:44:49,82
SFNC ,2019-09-08 18:44:49,82
SFNC ,2019-09-08 19:44:55,82
SFNC ,2019-09-08 20:44:52,82
SFNC ,2019-09-08 21:44:50,82
SFNC ,2019-09-08 22:44:47,82
SFNC ,2019-09-08 23:44:48,82
SFNC ,2019-09-09 00:44:48,82
SFNC ,2019-09-09 01:44:50,82
SFNC ,2019-09-09 02:44:51,82
SFNC ,2019-09-09 03:44:50,82
SFNC ,2019-09-09 04:44:48,82
SFNC ,2019-09-09 05:45:05,82
SFNC ,2019-09-09 06:44:48,82
SFNC ,2019-09-09 07:44:49,82
SFNC ,2019-09-09 08:44:49,82
SFNC ,2019-09-09 09:44:46,82
SFNC ,2019-09-09 10:44:47,82
SFNC ,2019-09-09 11:44:50,82
SFNC ,2019-09-09 13:07:55,82
SFNC ,2019-09-09 13:44:54,82
SFNC ,2019-09-09 14:44:57,82
SFNC ,2019-09-09 15:44:50,82
SFNC ,2019-09-09 16:45:06,83
SFNC ,2019-09-09 17:44:49,83
SFNC ,2019-09-09 18:44:50,83
SFNC ,2019-09-09 19:44:49,82
SFNC ,2019-09-09 20:44:48,82
SFNC ,2019-09-09 21:44:49,82
SFNC ,2019-09-09 22:44:48,82
SFNC ,2019-09-09 23:44:49,82
SFNC ,2019-09-10 00:44:51,82
SFNC ,2019-09-10 01:44:49,82
SFNC ,2019-09-10 02:44:55,82
SFNC ,2019-09-10 03:44:51,82
SFNC ,2019-09-10 04:44:51,82
SFNC ,2019-09-10 05:44:55,82
SFNC ,2019-09-10 06:44:49,82
SFNC ,2019-09-10 07:44:47,82
SFNC ,2019-09-10 08:44:50,82
SFNC ,2019-09-10 09:45:01,82
SFNC ,2019-09-10 10:44:49,82
SFNC ,2019-09-10 11:44:48,82
SFNC ,2019-09-10 12:44:51,82
SFNC ,2019-09-10 13:44:50,82
SFNC ,2019-09-10 14:44:48,82
SFNC ,2019-09-10 15:44:48,83
SFNC ,2019-09-10 16:44:57,83
SFNC ,2019-09-10 17:44:49,83
SFNC ,2019-09-10 18:44:49,83
SFNC ,2019-09-10 19:44:56,83
SFNC ,2019-09-10 20:44:47,83
SFNC ,2019-09-10 21:44:50,83
SFNC ,2019-09-10 22:44:48,83
SFNC ,2019-09-10 23:44:49,83
SFNC ,2019-09-11 00:44:49,83
SFNC ,2019-09-11 01:44:50,83
SFNC ,2019-09-11 02:44:48,83
SFNC ,2019-09-11 03:44:47,83
SFNC ,2019-09-11 04:44:48,83
SFNC ,2019-09-11 05:44:58,83
SFNC ,2019-09-11 06:44:51,83
SFNC ,2019-09-11 07:44:46,83
SFNC ,2019-09-11 08:44:48,83
SFNC ,2019-09-11 09:44:53,83
SFNC ,2019-09-11 10:45:03,83
SFNC ,2019-09-11 11:44:56,83
SFNC ,2019-09-11 12:44:49,83
SFNC ,2019-09-11 13:44:53,83
SFNC ,2019-09-11 14:44:49,83
SFNC ,2019-09-11 15:44:48,82
SFNC ,2019-09-11 16:44:52,81
SFNC ,2019-09-11 17:44:47,81
SFNC ,2019-09-11 18:44:49,80
SFNC ,2019-09-11 19:44:49,80
SFNC ,2019-09-11 20:44:48,80
SFNC ,2019-09-11 21:44:54,80
SFNC ,2019-09-11 22:44:48,80
SFNC ,2019-09-11 23:44:48,80
SFNC ,2019-09-12 00:44:50,80
SFNC ,2019-09-12 01:44:49,80
SFNC ,2019-09-12 02:44:56,80
SFNC ,2019-09-12 03:44:49,80
SFNC ,2019-09-12 04:44:47,80
SFNC ,2019-09-12 05:45:00,80
SFNC ,2019-09-12 06:44:49,80
SFNC ,2019-09-12 07:44:48,80
SFNC ,2019-09-12 08:44:46,80
SFNC ,2019-09-12 09:44:47,80
SFNC ,2019-09-12 10:45:03,80
SFNC ,2019-09-12 11:44:51,80
SFNC ,2019-09-12 13:08:57,80
SFNC ,2019-09-12 13:44:51,80
SFNC ,2019-09-12 14:44:54,81
SFNC ,2019-09-12 15:44:51,81
SFNC ,2019-09-12 16:44:50,81
SFNC ,2019-09-12 17:44:49,81
SFNC ,2019-09-12 18:44:48,81
SFNC ,2019-09-12 19:44:48,81
SFNC ,2019-09-12 20:44:46,82
SFNC ,2019-09-12 21:44:46,82
SFNC ,2019-09-12 22:44:49,82
SFNC ,2019-09-12 23:44:48,82
SFNC ,2019-09-13 00:44:48,82
SFNC ,2019-09-13 01:44:51,82
SFNC ,2019-09-13 02:44:49,82
SFNC ,2019-09-13 03:44:49,82
SFNC ,2019-09-13 04:44:47,82
SFNC ,2019-09-13 05:44:48,82
SFNC ,2019-09-13 06:44:49,82
SFNC ,2019-09-13 07:44:47,82
SFNC ,2019-09-13 08:44:49,82
SFNC ,2019-09-13 09:44:48,82
SFNC ,2019-09-13 10:44:48,82
SFNC ,2019-09-13 11:44:47,82
SFNC ,2019-09-13 13:08:51,82
SFNC ,2019-09-13 14:09:53,80
SFNC ,2019-09-13 14:44:49,80
SFNC ,2019-09-13 15:44:48,80
SFNC ,2019-09-13 16:44:48,80
SFNC ,2019-09-13 17:44:47,80
SFNC ,2019-09-13 18:44:47,80
SFNC ,2019-09-13 19:44:48,80
SFNC ,2019-09-13 20:44:44,80
SFNC ,2019-09-13 21:44:51,80
SFNC ,2019-09-13 22:44:45,80
SFNC ,2019-09-13 23:44:48,80
SFNC ,2019-09-14 00:44:50,80
SFNC ,2019-09-14 01:44:44,80
SFNC ,2019-09-14 02:44:47,80
SFNC ,2019-09-14 03:44:48,80
SFNC ,2019-09-14 04:44:45,80
SFNC ,2019-09-14 05:44:47,80
SFNC ,2019-09-14 06:44:47,80
SFNC ,2019-09-14 07:44:46,80
SFNC ,2019-09-14 08:44:47,80
SFNC ,2019-09-14 09:44:45,80
SFNC ,2019-09-14 10:44:47,80
SFNC ,2019-09-14 11:44:43,80
SFNC ,2019-09-14 12:44:47,80
SFNC ,2019-09-14 13:44:44,80
SFNC ,2019-09-14 14:44:47,80
SFNC ,2019-09-14 15:44:43,80
SFNC ,2019-09-14 16:44:49,80
SFNC ,2019-09-14 17:44:47,80
SFNC ,2019-09-14 18:44:44,80
SFNC ,2019-09-14 19:44:45,80
SFNC ,2019-09-14 20:44:44,80
SFNC ,2019-09-14 21:44:49,80
SFNC ,2019-09-14 22:44:46,80
SFNC ,2019-09-14 23:44:48,80
SFNC ,2019-09-15 00:44:48,80
SFNC ,2019-09-15 01:44:44,80
SFNC ,2019-09-15 02:44:49,80
SFNC ,2019-09-15 03:44:49,80
SFNC ,2019-09-15 04:44:47,80
SFNC ,2019-09-15 05:44:44,80
SFNC ,2019-09-15 06:44:50,80
SFNC ,2019-09-15 07:44:49,80
SFNC ,2019-09-15 08:44:49,80
SFNC ,2019-09-15 09:44:46,80
SFNC ,2019-09-15 10:44:46,80
SFNC ,2019-09-15 11:44:47,80
SFNC ,2019-09-15 12:44:49,80
SFNC ,2019-09-15 13:44:48,80
SFNC ,2019-09-15 14:44:47,80
SFNC ,2019-09-15 15:44:44,80
SFNC ,2019-09-15 16:44:48,80
SFNC ,2019-09-15 17:44:43,80
SFNC ,2019-09-15 18:44:45,80
SFNC ,2019-09-15 19:44:46,80
SFNC ,2019-09-15 20:44:44,80
SFNC ,2019-09-15 21:44:49,80
SFNC ,2019-09-15 22:44:46,80
SFNC ,2019-09-15 23:44:45,80
SFNC ,2019-09-16 00:44:48,80
SFNC ,2019-09-16 01:44:46,80
SFNC ,2019-09-16 02:44:49,80
SFNC ,2019-09-16 03:44:49,80
SFNC ,2019-09-16 04:44:45,80
SFNC ,2019-09-16 05:44:48,80
SFNC ,2019-09-16 06:44:49,80
SFNC ,2019-09-16 07:44:45,80
SFNC ,2019-09-16 08:44:48,80
SFNC ,2019-09-16 09:44:47,80
SFNC ,2019-09-16 10:44:46,80
SFNC ,2019-09-16 11:44:43,80
SFNC ,2019-09-16 13:08:22,80
SFNC ,2019-09-16 13:44:48,80
SFNC ,2019-09-16 14:44:53,81
SFNC ,2019-09-16 15:44:49,81
SFNC ,2019-09-16 16:44:51,81
SFNC ,2019-09-16 17:44:47,81
SFNC ,2019-09-16 18:44:50,81
SFNC ,2019-09-16 19:44:56,81
SFNC ,2019-09-16 20:44:54,81
SFNC ,2019-09-16 21:44:50,81
SFNC ,2019-09-16 22:44:52,81
SFNC ,2019-09-16 23:44:51,81
SFNC ,2019-09-17 00:44:50,81
SFNC ,2019-09-17 01:44:47,81
SFNC ,2019-09-17 02:44:50,81
SFNC ,2019-09-17 03:44:51,81
SFNC ,2019-09-17 04:44:48,81
SFNC ,2019-09-17 05:44:48,81
SFNC ,2019-09-17 06:44:46,81
SFNC ,2019-09-17 07:44:49,81
SFNC ,2019-09-17 08:44:47,81
SFNC ,2019-09-17 09:44:52,81
SFNC ,2019-09-17 10:44:51,81
SFNC ,2019-09-17 11:44:49,81
SFNC ,2019-09-17 12:44:49,81
SFNC ,2019-09-17 13:44:52,82
SFNC ,2019-09-17 14:44:49,83
SFNC ,2019-09-17 15:44:50,83
SFNC ,2019-09-17 16:44:51,83
SFNC ,2019-09-17 17:44:47,83
SFNC ,2019-09-17 18:44:49,83
SFNC ,2019-09-17 19:44:48,83
SFNC ,2019-09-17 20:44:48,83
SFNC ,2019-09-17 21:44:48,83
SFNC ,2019-09-17 22:44:51,83
SFNC ,2019-09-17 23:44:49,83
SFNC ,2019-09-18 00:44:49,83
SFNC ,2019-09-18 01:44:48,83
SFNC ,2019-09-18 02:44:46,83
SFNC ,2019-09-18 03:44:48,83
SFNC ,2019-09-18 04:44:56,83
SFNC ,2019-09-18 05:44:48,83
SFNC ,2019-09-18 06:44:50,83
SFNC ,2019-09-18 07:44:48,83
SFNC ,2019-09-18 08:44:50,83
SFNC ,2019-09-18 09:44:49,83
SFNC ,2019-09-18 10:44:48,83
SFNC ,2019-09-18 11:44:47,83
SFNC ,2019-09-18 13:39:58,83
SFNC ,2019-09-18 13:47:12,83
SFNC ,2019-09-18 14:44:50,83
SFNC ,2019-09-18 15:44:52,83
SFNC ,2019-09-18 16:44:53,83
SFNC ,2019-09-18 17:44:48,83
SFNC ,2019-09-18 18:44:46,83
SFNC ,2019-09-18 19:44:51,83
SFNC ,2019-09-18 20:44:48,83
SFNC ,2019-09-18 21:44:48,83
SFNC ,2019-09-18 22:44:50,83
SFNC ,2019-09-18 23:44:52,83
SFNC ,2019-09-19 00:44:45,83
SFNC ,2019-09-19 01:44:48,83
SFNC ,2019-09-19 02:44:52,83
SFNC ,2019-09-19 03:44:50,83
SFNC ,2019-09-19 04:44:47,83
SFNC ,2019-09-19 05:44:50,83
SFNC ,2019-09-19 06:44:51,83
SFNC ,2019-09-19 07:44:46,83
SFNC ,2019-09-19 08:44:49,83
SFNC ,2019-09-19 09:44:48,83
SFNC ,2019-09-19 10:44:48,83
SFNC ,2019-09-19 11:44:45,83
SFNC ,2019-09-19 13:08:24,83
SFNC ,2019-09-19 13:44:53,83
SFNC ,2019-09-19 14:44:46,83
SFNC ,2019-09-19 15:44:49,83
SFNC ,2019-09-19 16:44:56,83
SFNC ,2019-09-19 17:44:50,83
SFNC ,2019-09-19 18:44:49,83
SFNC ,2019-09-19 19:44:45,83
SFNC ,2019-09-19 20:44:51,82
SFNC ,2019-09-19 21:44:46,82
SFNC ,2019-09-19 22:44:51,82
SFNC ,2019-09-19 23:44:47,82
SFNC ,2019-09-20 00:44:52,82
SFNC ,2019-09-20 01:44:55,82
SFNC ,2019-09-20 02:44:46,82
SFNC ,2019-09-20 03:44:50,82
SFNC ,2019-09-20 04:44:49,82
SFNC ,2019-09-20 05:44:51,82
SFNC ,2019-09-20 06:44:48,82
SFNC ,2019-09-20 07:44:48,82
SFNC ,2019-09-20 08:44:51,82
SFNC ,2019-09-20 09:44:46,82
SFNC ,2019-09-20 10:44:46,82
SFNC ,2019-09-20 11:44:50,82
SFNC ,2019-09-20 12:44:51,82
SFNC ,2019-09-20 13:44:44,82
SFNC ,2019-09-20 14:44:48,82
SFNC ,2019-09-20 15:44:49,81
SFNC ,2019-09-20 16:44:48,81
SFNC ,2019-09-20 17:44:52,81
SFNC ,2019-09-20 18:44:46,80
SFNC ,2019-09-20 19:44:50,80
SFNC ,2019-09-20 20:44:44,80
SFNC ,2019-09-20 21:44:46,80
SFNC ,2019-09-20 22:44:50,80
SFNC ,2019-09-20 23:44:44,80
SFNC ,2019-09-21 00:44:44,80
SFNC ,2019-09-21 01:44:44,80
SFNC ,2019-09-21 02:44:48,80
SFNC ,2019-09-21 03:44:50,80
SFNC ,2019-09-21 04:44:43,80
SFNC ,2019-09-21 05:44:48,80
SFNC ,2019-09-21 06:44:48,80
SFNC ,2019-09-21 07:44:44,80
SFNC ,2019-09-21 08:44:44,80
SFNC ,2019-09-21 09:44:47,80
SFNC ,2019-09-21 10:44:43,80
SFNC ,2019-09-21 11:44:46,80
SFNC ,2019-09-21 12:44:49,80
SFNC ,2019-09-21 13:44:49,80
SFNC ,2019-09-21 14:44:45,80
SFNC ,2019-09-21 15:44:44,80
SFNC ,2019-09-21 16:44:49,80
SFNC ,2019-09-21 17:44:46,80
SFNC ,2019-09-21 18:44:45,80
SFNC ,2019-09-21 19:44:45,80
SFNC ,2019-09-21 20:44:44,80
SFNC ,2019-09-21 21:44:45,80
SFNC ,2019-09-21 22:44:45,80
SFNC ,2019-09-21 23:44:48,80
SFNC ,2019-09-22 00:44:44,80
SFNC ,2019-09-22 01:44:46,80
SFNC ,2019-09-22 02:44:47,80
SFNC ,2019-09-22 03:44:45,80
SFNC ,2019-09-22 04:44:48,80
SFNC ,2019-09-22 05:44:45,80
SFNC ,2019-09-22 06:44:48,80
SFNC ,2019-09-22 07:44:48,80
SFNC ,2019-09-22 08:44:45,80
SFNC ,2019-09-22 09:44:48,80
SFNC ,2019-09-22 10:44:45,80
SFNC ,2019-09-22 11:44:43,80
SFNC ,2019-09-22 12:44:46,80
SFNC ,2019-09-22 13:44:45,80
SFNC ,2019-09-22 14:44:49,80
SFNC ,2019-09-22 15:44:44,80
SFNC ,2019-09-22 16:44:49,80
SFNC ,2019-09-22 17:44:45,80
SFNC ,2019-09-22 18:44:44,80
SFNC ,2019-09-22 19:44:49,80
SFNC ,2019-09-22 20:44:45,80
SFNC ,2019-09-22 21:44:46,80
SFNC ,2019-09-22 22:44:44,80
SFNC ,2019-09-22 23:44:45,80
SFNC ,2019-09-23 00:44:48,80
SFNC ,2019-09-23 01:44:44,80
SFNC ,2019-09-23 02:44:44,80
SFNC ,2019-09-23 03:44:48,80
SFNC ,2019-09-23 04:44:46,80
SFNC ,2019-09-23 05:44:45,80
SFNC ,2019-09-23 06:44:47,80
SFNC ,2019-09-23 07:44:45,80
SFNC ,2019-09-23 08:44:48,80
SFNC ,2019-09-23 09:44:46,80
SFNC ,2019-09-23 10:44:47,80
SFNC ,2019-09-23 11:44:49,80
SFNC ,2019-09-23 12:44:48,80
SFNC ,2019-09-23 13:44:45,80
SFNC ,2019-09-23 14:44:49,80
SFNC ,2019-09-23 15:44:44,80
SFNC ,2019-09-23 16:44:49,80
SFNC ,2019-09-23 17:44:45,81
SFNC ,2019-09-23 18:44:50,81
SFNC ,2019-09-23 19:44:45,81
SFNC ,2019-09-23 20:44:45,81
SFNC ,2019-09-23 21:44:46,81
SFNC ,2019-09-23 22:44:48,81
SFNC ,2019-09-23 23:44:43,81
SFNC ,2019-09-24 00:44:47,81
SFNC ,2019-09-24 01:44:45,81
SFNC ,2019-09-24 03:44:49,81
SFNC ,2019-09-24 04:44:45,81
SFNC ,2019-09-24 05:44:52,81
SFNC ,2019-09-24 06:44:46,81
SFNC ,2019-09-24 07:44:46,81
SFNC ,2019-09-24 08:44:47,81
SFNC ,2019-09-24 09:44:44,81
SFNC ,2019-09-24 10:44:47,81
SFNC ,2019-09-24 11:44:48,81
SFNC ,2019-09-24 12:44:49,81
SFNC ,2019-09-24 13:44:45,81
SFNC ,2019-09-24 14:44:47,81
SFNC ,2019-09-24 15:44:50,80
SFNC ,2019-09-24 16:44:48,80
SFNC ,2019-09-24 17:44:48,80
SFNC ,2019-09-24 18:44:49,80
SFNC ,2019-09-24 19:44:44,80
SFNC ,2019-09-24 20:44:46,80
SFNC ,2019-09-24 21:44:49,80
SFNC ,2019-09-24 22:44:45,80
SFNC ,2019-09-24 23:44:44,80
SFNC ,2019-09-25 00:44:47,80
SFNC ,2019-09-25 01:44:50,80
SFNC ,2019-09-25 02:44:43,80
SFNC ,2019-09-25 03:44:51,80
SFNC ,2019-09-25 04:44:48,80
SFNC ,2019-09-25 05:44:45,80
SFNC ,2019-09-25 06:44:47,80
SFNC ,2019-09-25 07:44:51,80
SFNC ,2019-09-25 08:44:48,80
SFNC ,2019-09-25 09:44:49,80
SFNC ,2019-09-25 10:44:49,80
SFNC ,2019-09-25 11:44:46,80
SFNC ,2019-09-25 12:44:50,80
SFNC ,2019-09-25 13:44:51,80
SFNC ,2019-09-25 14:44:50,79
SFNC ,2019-09-25 15:44:50,79
SFNC ,2019-09-25 16:44:49,79
SFNC ,2019-09-25 17:44:48,79
SFNC ,2019-09-25 18:44:47,79
SFNC ,2019-09-25 19:44:52,79
SFNC ,2019-09-25 20:44:45,79
SFNC ,2019-09-25 21:44:48,79
SFNC ,2019-09-25 22:44:45,79
SFNC ,2019-09-25 23:44:49,79
SFNC ,2019-09-26 00:44:47,79
SFNC ,2019-09-26 01:44:46,79
SFNC ,2019-09-26 02:44:49,79
SFNC ,2019-09-26 03:44:47,79
SFNC ,2019-09-26 04:44:51,79
SFNC ,2019-09-26 05:44:49,79
SFNC ,2019-09-26 06:44:48,79
SFNC ,2019-09-26 07:44:45,79
SFNC ,2019-09-26 08:44:48,79
SFNC ,2019-09-26 09:44:48,79
SFNC ,2019-09-26 10:44:46,79
SFNC ,2019-09-26 11:44:45,79
SFNC ,2019-09-26 13:07:53,79
SFNC ,2019-09-26 13:44:54,79
SFNC ,2019-09-26 14:44:49,79
SFNC ,2019-09-26 15:44:51,78
SFNC ,2019-09-26 16:44:51,79
SFNC ,2019-09-26 17:44:51,79
SFNC ,2019-09-26 18:44:54,80
SFNC ,2019-09-26 19:44:48,80
SFNC ,2019-09-26 20:44:46,81
SFNC ,2019-09-26 21:44:51,81
SFNC ,2019-09-26 22:44:50,81
SFNC ,2019-09-26 23:44:48,81
SFNC ,2019-09-27 00:44:48,81
SFNC ,2019-09-27 01:44:45,81
SFNC ,2019-09-27 02:44:59,81
SFNC ,2019-09-27 03:44:49,81
SFNC ,2019-09-27 04:44:46,81
SFNC ,2019-09-27 05:44:49,81
SFNC ,2019-09-27 06:44:49,81
SFNC ,2019-09-27 07:44:53,81
SFNC ,2019-09-27 08:44:47,81
SFNC ,2019-09-27 09:44:47,81
SFNC ,2019-09-27 10:44:49,81
SFNC ,2019-09-27 11:44:47,81
SFNC ,2019-09-27 13:08:54,81
SFNC ,2019-09-27 13:44:53,81
SFNC ,2019-09-27 14:44:51,81
SFNC ,2019-09-27 15:44:50,81
SFNC ,2019-09-27 16:44:51,81
SFNC ,2019-09-27 17:44:50,81
SFNC ,2019-09-27 18:44:45,81
SFNC ,2019-09-27 19:44:50,81
SFNC ,2019-09-27 20:44:44,81
SFNC ,2019-09-27 21:44:47,81
SFNC ,2019-09-27 22:44:52,81
SFNC ,2019-09-27 23:44:47,81
SFNC ,2019-09-28 00:44:47,81
SFNC ,2019-09-28 01:44:51,81
SFNC ,2019-09-28 02:44:49,81
SFNC ,2019-09-28 03:44:49,81
SFNC ,2019-09-28 04:44:48,81
SFNC ,2019-09-28 05:44:51,81
SFNC ,2019-09-28 06:44:45,81
SFNC ,2019-09-28 07:44:51,81
SFNC ,2019-09-28 08:44:46,81
SFNC ,2019-09-28 09:44:48,81
SFNC ,2019-09-28 10:44:44,81
SFNC ,2019-09-28 11:44:48,81
SFNC ,2019-09-28 12:44:50,81
SFNC ,2019-09-28 13:44:51,81
SFNC ,2019-09-28 14:44:46,81
SFNC ,2019-09-28 15:44:45,81
SFNC ,2019-09-28 16:44:51,81
SFNC ,2019-09-28 17:44:50,81
SFNC ,2019-09-28 18:44:45,81
SFNC ,2019-09-28 19:44:46,81
SFNC ,2019-09-28 20:44:49,81
SFNC ,2019-09-28 21:44:46,81
SFNC ,2019-09-28 22:44:49,81
SFNC ,2019-09-28 23:44:45,81
SFNC ,2019-09-29 00:44:46,81
SFNC ,2019-09-29 01:44:49,81
SFNC ,2019-09-29 02:44:49,81
SFNC ,2019-09-29 03:44:50,81
SFNC ,2019-09-29 04:44:47,81
SFNC ,2019-09-29 05:44:49,81
SFNC ,2019-09-29 06:44:45,81
SFNC ,2019-09-29 07:44:48,81
SFNC ,2019-09-29 08:44:46,81
SFNC ,2019-09-29 09:44:48,81
SFNC ,2019-09-29 10:44:45,81
SFNC ,2019-09-29 11:44:47,81
SFNC ,2019-09-29 12:44:46,81
SFNC ,2019-09-29 13:44:45,81
SFNC ,2019-09-29 14:44:48,81
SFNC ,2019-09-29 15:44:45,81
SFNC ,2019-09-29 16:44:49,81
SFNC ,2019-09-29 17:44:52,81
SFNC ,2019-09-29 18:44:46,81
SFNC ,2019-09-29 19:44:54,81
SFNC ,2019-09-29 20:44:50,81
SFNC ,2019-09-29 21:44:46,81
SFNC ,2019-09-29 22:44:49,81
SFNC ,2019-09-29 23:44:50,81
SFNC ,2019-09-30 00:44:44,81
SFNC ,2019-09-30 01:44:49,81
SFNC ,2019-09-30 02:44:46,81
SFNC ,2019-09-30 03:44:50,81
SFNC ,2019-09-30 04:44:47,81
SFNC ,2019-09-30 05:44:49,81
SFNC ,2019-09-30 06:44:47,81
SFNC ,2019-09-30 07:44:51,81
SFNC ,2019-09-30 08:44:48,81
SFNC ,2019-09-30 09:44:50,81
SFNC ,2019-09-30 10:44:45,81
SFNC ,2019-09-30 11:44:46,81
SFNC ,2019-09-30 12:44:49,81
SFNC ,2019-09-30 13:44:46,81
SFNC ,2019-09-30 14:44:52,82
SFNC ,2019-09-30 15:44:48,83
SFNC ,2019-09-30 16:44:55,83
SFNC ,2019-09-30 17:44:48,83
SFNC ,2019-09-30 18:44:52,83
SFNC ,2019-09-30 19:44:46,83
SFNC ,2019-09-30 20:44:45,83
SFNC ,2019-09-30 21:44:48,83
SFNC ,2019-09-30 22:44:45,83
SFNC ,2019-09-30 23:44:49,83
SFNC ,2019-10-01 00:44:47,83
SFNC ,2019-10-01 01:44:45,83
SFNC ,2019-10-01 02:44:48,83
SFNC ,2019-10-01 03:44:49,83
SFNC ,2019-10-01 04:44:44,83
SFNC ,2019-10-01 05:44:45,83
SFNC ,2019-10-01 06:44:47,83
SFNC ,2019-10-01 07:44:50,83
SFNC ,2019-10-01 08:44:45,83
SFNC ,2019-10-01 09:44:51,83
SFNC ,2019-10-01 10:44:47,83
SFNC ,2019-10-01 11:44:46,83
SFNC ,2019-10-01 13:07:52,83
SFNC ,2019-10-01 13:44:50,83
SFNC ,2019-10-01 14:44:46,81
SFNC ,2019-10-01 15:44:46,82
SFNC ,2019-10-01 16:44:50,82
SFNC ,2019-10-01 17:44:45,82
SFNC ,2019-10-01 18:44:48,82
SFNC ,2019-10-01 19:44:48,82
SFNC ,2019-10-01 20:44:45,82
SFNC ,2019-10-01 21:44:46,82
SFNC ,2019-10-01 22:44:48,82
SFNC ,2019-10-01 23:44:47,82
SFNC ,2019-10-02 00:45:04,82
SFNC ,2019-10-02 01:44:46,82
SFNC ,2019-10-02 02:44:45,82
SFNC ,2019-10-02 03:44:47,82
SFNC ,2019-10-02 04:44:51,82
SFNC ,2019-10-02 05:44:49,82
SFNC ,2019-10-02 06:44:45,82
SFNC ,2019-10-02 07:44:45,82
SFNC ,2019-10-02 08:44:45,82
SFNC ,2019-10-02 09:44:48,82
SFNC ,2019-10-02 10:44:44,82
SFNC ,2019-10-02 11:44:44,82
SFNC ,2019-10-02 13:08:21,82
SFNC ,2019-10-02 13:44:47,82
SFNC ,2019-10-02 14:44:46,82
SFNC ,2019-10-02 15:44:48,82
SFNC ,2019-10-02 16:44:44,82
SFNC ,2019-10-02 17:44:45,82
SFNC ,2019-10-02 18:44:46,82
SFNC ,2019-10-02 19:44:46,82
SFNC ,2019-10-02 20:44:46,82
SFNC ,2019-10-02 21:44:46,82
SFNC ,2019-10-02 22:44:49,82
SFNC ,2019-10-02 23:44:44,82
SFNC ,2019-10-03 00:44:44,82
SFNC ,2019-10-03 01:44:45,82
SFNC ,2019-10-03 02:44:45,82
SFNC ,2019-10-03 03:44:47,82
SFNC ,2019-10-03 04:44:46,82
SFNC ,2019-10-03 06:44:45,82
SFNC ,2019-10-03 07:44:47,82
SFNC ,2019-10-03 08:44:46,82
SFNC ,2019-10-03 09:44:45,82
SFNC ,2019-10-03 10:44:49,82
SFNC ,2019-10-03 11:44:44,82
SFNC ,2019-10-03 13:08:17,82
SFNC ,2019-10-03 13:45:53,82
SFNC ,2019-10-03 14:44:49,82
SFNC ,2019-10-03 15:44:44,82
SFNC ,2019-10-03 16:44:45,82
SFNC ,2019-10-03 17:44:46,82
SFNC ,2019-10-03 18:44:47,82
SFNC ,2019-10-03 19:44:46,83
SFNC ,2019-10-03 20:44:45,82
SFNC ,2019-10-03 21:44:45,82
SFNC ,2019-10-03 22:44:45,82
SFNC ,2019-10-03 23:44:48,82
SFNC ,2019-10-04 00:44:44,82
SFNC ,2019-10-04 01:44:45,82
SFNC ,2019-10-04 02:44:44,82
SFNC ,2019-10-04 03:44:46,82
SFNC ,2019-10-04 04:44:45,82
SFNC ,2019-10-04 05:44:50,82
SFNC ,2019-10-04 06:44:48,82
SFNC ,2019-10-04 07:44:45,82
SFNC ,2019-10-04 08:44:46,82
SFNC ,2019-10-04 09:44:45,82
SFNC ,2019-10-04 10:44:47,82
SFNC ,2019-10-04 11:44:44,82
SFNC ,2019-10-04 12:44:46,82
SFNC ,2019-10-04 13:44:49,82
SFNC ,2019-10-04 14:44:44,83
SFNC ,2019-10-04 15:44:46,83
SFNC ,2019-10-04 16:44:49,83
SFNC ,2019-10-04 17:44:44,84
SFNC ,2019-10-04 18:44:46,83
SFNC ,2019-10-04 19:44:46,83
SFNC ,2019-10-04 20:44:46,83
SFNC ,2019-10-04 21:44:47,83
SFNC ,2019-10-04 22:44:43,83
SFNC ,2019-10-04 23:44:44,83
SFNC ,2019-10-05 00:44:48,83
SFNC ,2019-10-05 01:44:45,83
SFNC ,2019-10-05 02:44:44,83
SFNC ,2019-10-05 03:44:44,83
SFNC ,2019-10-05 04:44:44,83
SFNC ,2019-10-05 05:44:50,83
SFNC ,2019-10-05 06:44:44,83
SFNC ,2019-10-05 07:44:44,83
SFNC ,2019-10-05 08:44:47,83
SFNC ,2019-10-05 09:44:44,83
SFNC ,2019-10-05 10:44:44,83
SFNC ,2019-10-05 11:44:46,83
SFNC ,2019-10-05 12:44:46,83
SFNC ,2019-10-05 13:44:46,83
SFNC ,2019-10-05 14:44:45,83
SFNC ,2019-10-05 15:44:44,83
SFNC ,2019-10-05 16:44:45,83
SFNC ,2019-10-05 17:44:50,83
SFNC ,2019-10-05 18:44:46,83
SFNC ,2019-10-05 19:44:45,83
SFNC ,2019-10-05 20:44:47,83
SFNC ,2019-10-05 21:44:45,83
SFNC ,2019-10-05 22:44:45,83
SFNC ,2019-10-05 23:44:46,83
SFNC ,2019-10-06 00:44:45,83
SFNC ,2019-10-06 01:44:46,83
SFNC ,2019-10-06 02:44:52,83
SFNC ,2019-10-06 03:44:48,83
SFNC ,2019-10-06 04:44:45,83
SFNC ,2019-10-06 05:44:45,83
SFNC ,2019-10-06 06:44:49,83
SFNC ,2019-10-06 07:44:45,83
SFNC ,2019-10-06 08:44:48,83
SFNC ,2019-10-06 09:44:46,83
SFNC ,2019-10-06 10:44:45,83
SFNC ,2019-10-06 11:44:46,83
SFNC ,2019-10-06 12:44:47,83
SFNC ,2019-10-06 13:44:44,83
SFNC ,2019-10-06 14:44:46,83
SFNC ,2019-10-06 15:44:44,83
SFNC ,2019-10-06 16:44:45,83
SFNC ,2019-10-06 17:44:44,83
SFNC ,2019-10-06 18:44:49,83
SFNC ,2019-10-06 19:44:48,83
SFNC ,2019-10-06 20:44:44,83
SFNC ,2019-10-06 21:44:43,83
SFNC ,2019-10-06 22:44:43,83
SFNC ,2019-10-06 23:44:44,83
SFNC ,2019-10-07 00:44:45,83
SFNC ,2019-10-07 01:44:46,83
SFNC ,2019-10-07 02:44:47,83
SFNC ,2019-10-07 03:44:46,83
SFNC ,2019-10-07 04:44:46,83
SFNC ,2019-10-07 05:44:45,83
SFNC ,2019-10-07 06:44:46,83
SFNC ,2019-10-07 07:44:45,83
SFNC ,2019-10-07 08:44:44,83
SFNC ,2019-10-07 09:44:51,83
SFNC ,2019-10-07 10:44:45,83
SFNC ,2019-10-07 11:44:45,83
SFNC ,2019-10-07 12:44:55,83
SFNC ,2019-10-07 13:44:48,83
SFNC ,2019-10-07 14:44:45,83
SFNC ,2019-10-07 15:44:46,83
SFNC ,2019-10-07 16:44:48,83
SFNC ,2019-10-07 17:44:45,83
SFNC ,2019-10-07 18:44:45,84
SFNC ,2019-10-07 19:44:48,83
SFNC ,2019-10-07 20:44:44,83
SFNC ,2019-10-07 21:44:44,83
SFNC ,2019-10-07 22:44:44,83
SFNC ,2019-10-07 23:44:49,83
SFNC ,2019-10-08 00:44:44,83
SFNC ,2019-10-08 01:44:44,83
SFNC ,2019-10-08 02:44:44,83
SFNC ,2019-10-08 03:44:48,83
SFNC ,2019-10-08 04:44:45,83
SFNC ,2019-10-08 05:44:44,83
SFNC ,2019-10-08 06:44:46,83
SFNC ,2019-10-08 07:44:45,83
SFNC ,2019-10-08 08:44:45,83
SFNC ,2019-10-08 09:44:46,83
SFNC ,2019-10-08 10:44:47,83
SFNC ,2019-10-08 11:44:44,83
SFNC ,2019-10-08 12:44:46,83
SFNC ,2019-10-08 13:44:46,83
SFNC ,2019-10-08 14:44:44,83
SFNC ,2019-10-08 15:44:45,83
SFNC ,2019-10-08 16:44:49,83
SFNC ,2019-10-08 17:44:48,83
SFNC ,2019-10-08 18:44:47,83
SFNC ,2019-10-08 19:44:48,83
SFNC ,2019-10-08 20:44:44,83
SFNC ,2019-10-08 21:44:45,83
SFNC ,2019-10-08 22:44:47,84
SFNC ,2019-10-08 23:44:45,84
SFNC ,2019-10-09 00:44:45,84
SFNC ,2019-10-09 01:44:46,84
SFNC ,2019-10-09 02:44:46,84
SFNC ,2019-10-09 03:44:44,84
SFNC ,2019-10-09 04:44:48,84
SFNC ,2019-10-09 05:44:45,84
SFNC ,2019-10-09 06:44:45,84
SFNC ,2019-10-09 07:44:51,84
SFNC ,2019-10-09 08:44:45,84
SFNC ,2019-10-09 09:44:44,84
SFNC ,2019-10-09 10:44:46,84
SFNC ,2019-10-09 11:44:44,84
SFNC ,2019-10-09 12:44:51,84
SFNC ,2019-10-09 13:44:46,84
SFNC ,2019-10-09 14:44:47,84
SFNC ,2019-10-09 15:44:52,84
SFNC ,2019-10-09 16:44:47,84
SFNC ,2019-10-09 17:44:55,84
SFNC ,2019-10-09 18:44:49,84
SFNC ,2019-10-09 19:44:51,84
SFNC ,2019-10-09 20:44:45,84
SFNC ,2019-10-09 21:44:44,84
SFNC ,2019-10-09 22:44:46,84
SFNC ,2019-10-09 23:44:46,84
SFNC ,2019-10-10 00:44:49,84
SFNC ,2019-10-10 01:44:44,84
SFNC ,2019-10-10 02:44:48,84
SFNC ,2019-10-10 03:44:45,84
SFNC ,2019-10-10 04:44:45,84
SFNC ,2019-10-10 05:44:51,84
SFNC ,2019-10-10 06:44:46,84
SFNC ,2019-10-10 07:44:49,84
SFNC ,2019-10-10 08:44:46,84
SFNC ,2019-10-10 09:44:44,84
SFNC ,2019-10-10 10:44:44,84
SFNC ,2019-10-10 11:44:47,84
SFNC ,2019-10-10 13:07:56,84
SFNC ,2019-10-10 13:44:50,84
SFNC ,2019-10-10 14:44:47,84
SFNC ,2019-10-10 15:44:49,84
SFNC ,2019-10-10 16:44:47,84
SFNC ,2019-10-10 17:44:47,84
SFNC ,2019-10-10 18:44:46,85
SFNC ,2019-10-10 19:44:48,85
SFNC ,2019-10-10 20:44:48,85
SFNC ,2019-10-10 21:44:48,85
SFNC ,2019-10-10 22:44:48,85
SFNC ,2019-10-10 23:45:00,85
SFNC ,2019-10-11 00:44:48,85
SFNC ,2019-10-11 01:44:48,85
SFNC ,2019-10-11 02:44:48,85
SFNC ,2019-10-11 03:44:53,85
SFNC ,2019-10-11 04:44:47,85
SFNC ,2019-10-11 05:44:46,85
SFNC ,2019-10-11 06:44:50,85
SFNC ,2019-10-11 07:44:48,85
SFNC ,2019-10-11 08:44:47,85
SFNC ,2019-10-11 09:44:52,85
SFNC ,2019-10-11 10:44:47,85
SFNC ,2019-10-11 11:44:47,85
SFNC ,2019-10-11 13:08:24,85
SFNC ,2019-10-11 13:44:50,85
SFNC ,2019-10-11 14:44:46,85
SFNC ,2019-10-11 15:44:56,85
SFNC ,2019-10-11 16:44:49,85
SFNC ,2019-10-11 17:44:48,85
SFNC ,2019-10-11 18:44:50,85
SFNC ,2019-10-11 19:44:49,85
SFNC ,2019-10-11 20:44:47,85
SFNC ,2019-10-11 21:44:46,85
SFNC ,2019-10-11 22:44:46,85
SFNC ,2019-10-11 23:44:46,85
SFNC ,2019-10-12 00:44:52,85
SFNC ,2019-10-12 01:44:46,85
SFNC ,2019-10-12 02:44:48,85
SFNC ,2019-10-12 03:44:50,85
SFNC ,2019-10-12 04:44:47,85
SFNC ,2019-10-12 05:44:51,85
SFNC ,2019-10-12 06:44:54,85
SFNC ,2019-10-12 07:44:46,85
SFNC ,2019-10-12 08:44:47,85
SFNC ,2019-10-12 09:44:51,85
SFNC ,2019-10-12 10:44:46,85
SFNC ,2019-10-12 11:44:46,85
SFNC ,2019-10-12 12:44:53,85
SFNC ,2019-10-12 13:44:47,85
SFNC ,2019-10-12 14:44:48,85
SFNC ,2019-10-12 15:44:47,85
SFNC ,2019-10-12 16:44:51,85
SFNC ,2019-10-12 17:44:51,85
SFNC ,2019-10-12 18:44:47,85
SFNC ,2019-10-12 19:44:48,85
SFNC ,2019-10-12 20:44:48,85
SFNC ,2019-10-12 21:44:46,85
SFNC ,2019-10-12 22:44:48,85
SFNC ,2019-10-12 23:44:47,85
SFNC ,2019-10-13 00:44:51,85
SFNC ,2019-10-13 01:44:47,85
SFNC ,2019-10-13 02:44:47,85
SFNC ,2019-10-13 03:44:50,85
SFNC ,2019-10-13 04:44:46,85
SFNC ,2019-10-13 05:44:46,85
SFNC ,2019-10-13 06:44:49,85
SFNC ,2019-10-13 07:44:47,85
SFNC ,2019-10-13 08:44:52,85
SFNC ,2019-10-13 09:44:50,85
SFNC ,2019-10-13 10:44:45,85
SFNC ,2019-10-13 11:44:51,85
SFNC ,2019-10-13 12:44:46,85
SFNC ,2019-10-13 13:44:51,85
SFNC ,2019-10-13 14:44:50,85
SFNC ,2019-10-13 15:44:47,85
SFNC ,2019-10-13 16:44:54,85
SFNC ,2019-10-13 17:44:47,85
SFNC ,2019-10-13 18:44:49,85
SFNC ,2019-10-13 19:44:49,85
SFNC ,2019-10-13 20:44:52,85
SFNC ,2019-10-13 21:44:51,85
SFNC ,2019-10-13 22:44:50,85
SFNC ,2019-10-13 23:44:54,85
SFNC ,2019-10-14 00:44:47,85
SFNC ,2019-10-14 01:44:50,85
SFNC ,2019-10-14 02:44:47,85
SFNC ,2019-10-14 03:44:49,85
SFNC ,2019-10-14 04:44:49,85
SFNC ,2019-10-14 05:44:48,85
SFNC ,2019-10-14 06:44:51,85
SFNC ,2019-10-14 07:44:47,85
SFNC ,2019-10-14 08:44:47,85
SFNC ,2019-10-14 09:44:51,85
SFNC ,2019-10-14 10:44:48,85
SFNC ,2019-10-14 11:44:50,85
SFNC ,2019-10-14 12:44:51,85
SFNC ,2019-10-14 13:44:50,85
SFNC ,2019-10-14 14:44:49,85
SFNC ,2019-10-14 15:44:48,85
SFNC ,2019-10-14 16:44:53,85
SFNC ,2019-10-14 17:44:47,86
SFNC ,2019-10-14 18:44:52,86
SFNC ,2019-10-14 19:44:46,86
SFNC ,2019-10-14 20:44:49,87
SFNC ,2019-10-14 21:44:49,87
SFNC ,2019-10-14 22:44:51,87
SFNC ,2019-10-14 23:44:57,87
SFNC ,2019-10-15 00:44:48,87
SFNC ,2019-10-15 02:44:53,87
SFNC ,2019-10-15 03:44:47,87
SFNC ,2019-10-15 04:44:47,87
SFNC ,2019-10-15 05:44:51,87
SFNC ,2019-10-15 06:44:50,87
SFNC ,2019-10-15 07:44:55,87
SFNC ,2019-10-15 08:44:50,87
SFNC ,2019-10-15 09:44:48,87
SFNC ,2019-10-15 10:44:48,87
SFNC ,2019-10-15 11:44:52,87
SFNC ,2019-10-15 12:44:48,87
SFNC ,2019-10-15 13:44:54,87
SFNC ,2019-10-15 14:44:47,87
SFNC ,2019-10-15 15:44:47,86
SFNC ,2019-10-15 16:44:49,85
SFNC ,2019-10-15 17:44:51,85
SFNC ,2019-10-15 18:44:54,85
SFNC ,2019-10-15 19:44:52,85
SFNC ,2019-10-15 20:44:56,85
SFNC ,2019-10-15 21:44:49,85
SFNC ,2019-10-15 22:44:46,85
SFNC ,2019-10-15 23:44:47,85
SFNC ,2019-10-16 00:44:48,85
SFNC ,2019-10-16 01:44:47,85
SFNC ,2019-10-16 02:44:48,85
SFNC ,2019-10-16 03:44:54,85
SFNC ,2019-10-16 04:44:49,85
SFNC ,2019-10-16 05:44:48,85
SFNC ,2019-10-16 06:44:48,85
SFNC ,2019-10-16 07:44:55,85
SFNC ,2019-10-16 08:44:57,85
SFNC ,2019-10-16 09:44:48,85
SFNC ,2019-10-16 10:44:51,85
SFNC ,2019-10-16 11:44:46,85
SFNC ,2019-10-16 12:44:49,85
SFNC ,2019-10-16 13:44:54,85
SFNC ,2019-10-16 14:44:48,85
SFNC ,2019-10-16 15:44:56,85
SFNC ,2019-10-16 16:44:48,85
SFNC ,2019-10-16 17:44:47,85
SFNC ,2019-10-16 18:44:50,85
SFNC ,2019-10-16 19:44:46,86
SFNC ,2019-10-16 20:44:48,86
SFNC ,2019-10-16 21:44:50,86
SFNC ,2019-10-16 22:44:46,86
SFNC ,2019-10-16 23:44:48,86
SFNC ,2019-10-17 00:44:47,86
SFNC ,2019-10-17 01:44:49,86
SFNC ,2019-10-17 02:44:48,86
SFNC ,2019-10-17 04:44:51,86
SFNC ,2019-10-17 05:44:47,86
SFNC ,2019-10-17 06:44:47,86
SFNC ,2019-10-17 07:44:51,86
SFNC ,2019-10-17 08:44:48,86
SFNC ,2019-10-17 09:44:46,86
SFNC ,2019-10-17 10:44:45,86
SFNC ,2019-10-17 11:44:51,86
SFNC ,2019-10-17 12:44:49,86
SFNC ,2019-10-17 13:44:51,86
SFNC ,2019-10-17 14:44:52,86
SFNC ,2019-10-17 15:44:46,86
SFNC ,2019-10-17 16:44:46,86
SFNC ,2019-10-17 17:44:49,87
SFNC ,2019-10-17 18:44:48,87
SFNC ,2019-10-17 19:44:51,87
SFNC ,2019-10-17 20:44:48,87
SFNC ,2019-10-17 21:44:47,87
SFNC ,2019-10-17 22:44:47,87
SFNC ,2019-10-17 23:44:48,87
SFNC ,2019-10-18 00:44:47,87
SFNC ,2019-10-18 01:44:48,87
SFNC ,2019-10-18 02:44:47,87
SFNC ,2019-10-18 03:44:52,87
SFNC ,2019-10-18 04:44:47,87
SFNC ,2019-10-18 05:44:48,87
SFNC ,2019-10-18 06:44:53,87
SFNC ,2019-10-18 07:44:48,87
SFNC ,2019-10-18 08:44:49,87
SFNC ,2019-10-18 09:44:49,87
SFNC ,2019-10-18 10:44:52,87
SFNC ,2019-10-18 11:44:48,87
SFNC ,2019-10-18 13:07:23,87
SFNC ,2019-10-18 13:44:46,87
SFNC ,2019-10-18 14:44:47,87
SFNC ,2019-10-18 15:44:52,87
SFNC ,2019-10-18 16:44:46,87
SFNC ,2019-10-18 17:44:49,87
SFNC ,2019-10-18 18:44:46,88
SFNC ,2019-10-18 19:44:48,88
SFNC ,2019-10-18 20:44:51,88
SFNC ,2019-10-18 21:44:47,88
SFNC ,2019-10-18 22:44:47,88
SFNC ,2019-10-18 23:44:48,88
SFNC ,2019-10-19 00:44:46,88
SFNC ,2019-10-19 01:44:51,88
SFNC ,2019-10-19 02:44:47,88
SFNC ,2019-10-19 03:44:47,88
SFNC ,2019-10-19 04:44:50,88
SFNC ,2019-10-19 05:44:46,88
SFNC ,2019-10-19 06:44:50,88
SFNC ,2019-10-19 07:44:48,88
SFNC ,2019-10-19 08:44:48,88
SFNC ,2019-10-19 09:44:48,88
SFNC ,2019-10-19 10:44:50,88
SFNC ,2019-10-19 11:44:46,88
SFNC ,2019-10-19 12:44:52,88
SFNC ,2019-10-19 13:44:46,88
SFNC ,2019-10-19 14:44:48,88
SFNC ,2019-10-19 15:44:48,88
SFNC ,2019-10-19 16:44:52,88
SFNC ,2019-10-19 17:44:47,88
SFNC ,2019-10-19 18:44:46,88
SFNC ,2019-10-19 19:44:51,88
SFNC ,2019-10-19 20:44:48,88
SFNC ,2019-10-19 21:44:46,88
SFNC ,2019-10-19 22:44:47,88
SFNC ,2019-10-19 23:44:46,88
SFNC ,2019-10-20 00:44:47,88
SFNC ,2019-10-20 01:44:46,88
SFNC ,2019-10-20 02:44:50,88
SFNC ,2019-10-20 03:44:47,88
SFNC ,2019-10-20 04:44:48,88
SFNC ,2019-10-20 05:44:51,88
SFNC ,2019-10-20 06:44:49,88
SFNC ,2019-10-20 07:44:51,88
SFNC ,2019-10-20 08:44:48,88
SFNC ,2019-10-20 09:44:47,88
SFNC ,2019-10-20 10:44:50,88
SFNC ,2019-10-20 11:44:47,88
SFNC ,2019-10-20 12:44:51,88
SFNC ,2019-10-20 13:44:47,88
SFNC ,2019-10-20 14:44:46,88
SFNC ,2019-10-20 16:44:51,88
SFNC ,2019-10-20 17:44:46,88
SFNC ,2019-10-20 18:44:48,88
SFNC ,2019-10-20 19:44:45,88
SFNC ,2019-10-20 20:44:45,88
SFNC ,2019-10-20 21:44:45,88
SFNC ,2019-10-20 22:44:47,88
SFNC ,2019-10-20 23:44:47,88
SFNC ,2019-10-21 00:44:48,88
SFNC ,2019-10-21 01:44:50,88
SFNC ,2019-10-21 02:44:47,88
SFNC ,2019-10-21 03:44:47,88
SFNC ,2019-10-21 04:44:46,88
SFNC ,2019-10-21 05:44:52,88
SFNC ,2019-10-21 06:44:47,88
SFNC ,2019-10-21 07:44:49,88
SFNC ,2019-10-21 08:44:50,88
SFNC ,2019-10-21 09:44:48,88
SFNC ,2019-10-21 10:44:48,88
SFNC ,2019-10-21 11:44:51,88
SFNC ,2019-10-21 13:08:19,88
SFNC ,2019-10-21 13:44:54,88
SFNC ,2019-10-21 14:44:48,90
SFNC ,2019-10-21 15:44:50,90
SFNC ,2019-10-21 16:44:50,90
SFNC ,2019-10-21 17:44:46,90
SFNC ,2019-10-21 18:44:48,90
SFNC ,2019-10-21 19:44:48,90
SFNC ,2019-10-21 20:44:47,91
SFNC ,2019-10-21 22:44:53,91
SFNC ,2019-10-21 23:44:47,91
SFNC ,2019-10-22 00:44:47,91
SFNC ,2019-10-22 01:44:48,91
SFNC ,2019-10-22 02:44:51,91
SFNC ,2019-10-22 03:44:53,91
SFNC ,2019-10-22 04:44:51,91
SFNC ,2019-10-22 05:44:48,91
SFNC ,2019-10-22 06:44:47,91
SFNC ,2019-10-22 07:44:53,91
SFNC ,2019-10-22 08:44:48,91
SFNC ,2019-10-22 09:44:51,91
SFNC ,2019-10-22 10:44:47,91
SFNC ,2019-10-22 11:44:46,91
SFNC ,2019-10-22 12:44:57,91
SFNC ,2019-10-22 13:44:48,91
SFNC ,2019-10-22 14:44:47,91
SFNC ,2019-10-22 15:44:53,91
SFNC ,2019-10-22 16:44:50,90
SFNC ,2019-10-22 17:44:52,90
SFNC ,2019-10-22 18:44:50,90
SFNC ,2019-10-22 19:44:47,89
SFNC ,2019-10-22 20:44:49,87
SFNC ,2019-10-22 21:44:48,87
SFNC ,2019-10-22 22:44:50,87
SFNC ,2019-10-22 23:44:49,87
SFNC ,2019-10-23 00:44:57,87
SFNC ,2019-10-23 01:44:51,87
SFNC ,2019-10-23 02:44:48,87
SFNC ,2019-10-23 03:44:47,87
SFNC ,2019-10-23 04:44:54,87
SFNC ,2019-10-23 05:44:50,87
SFNC ,2019-10-23 06:44:58,87
SFNC ,2019-10-23 07:44:51,87
SFNC ,2019-10-23 08:44:49,87
SFNC ,2019-10-23 09:44:53,87
SFNC ,2019-10-23 10:44:50,87
SFNC ,2019-10-23 11:44:47,87
SFNC ,2019-10-23 12:44:54,87
SFNC ,2019-10-23 13:44:54,87
SFNC ,2019-10-23 14:44:48,89
SFNC ,2019-10-23 15:44:47,89
SFNC ,2019-10-23 16:44:51,89
SFNC ,2019-10-23 17:44:48,89
SFNC ,2019-10-23 18:44:46,89
SFNC ,2019-10-23 19:44:47,89
SFNC ,2019-10-23 20:44:51,88
SFNC ,2019-10-23 21:44:47,88
SFNC ,2019-10-23 22:44:48,88
SFNC ,2019-10-23 23:44:48,88
SFNC ,2019-10-24 00:56:44,88
SFNC ,2019-10-24 01:44:50,88
SFNC ,2019-10-24 02:44:50,88
SFNC ,2019-10-24 03:44:53,88
SFNC ,2019-10-24 04:44:48,88
SFNC ,2019-10-24 05:44:52,88
SFNC ,2019-10-24 06:44:56,88
SFNC ,2019-10-24 07:44:48,88
SFNC ,2019-10-24 08:44:48,88
SFNC ,2019-10-24 09:44:53,88
SFNC ,2019-10-24 10:44:47,88
SFNC ,2019-10-24 11:44:47,88
SFNC ,2019-10-24 13:08:24,88
SFNC ,2019-10-24 13:44:49,88
SFNC ,2019-10-24 14:44:48,87
SFNC ,2019-10-24 15:44:52,87
SFNC ,2019-10-24 16:44:48,87
SFNC ,2019-10-24 17:44:49,87
SFNC ,2019-10-24 18:44:48,87
SFNC ,2019-10-24 19:44:53,87
SFNC ,2019-10-24 20:44:47,87
SFNC ,2019-10-24 21:44:48,87
SFNC ,2019-10-24 22:44:48,87
SFNC ,2019-10-24 23:44:50,87
SFNC ,2019-10-25 00:44:48,87
SFNC ,2019-10-25 01:44:49,87
SFNC ,2019-10-25 02:44:53,87
SFNC ,2019-10-25 03:44:49,87
SFNC ,2019-10-25 04:44:46,87
SFNC ,2019-10-25 05:44:51,87
SFNC ,2019-10-25 06:44:49,87
SFNC ,2019-10-25 07:44:51,87
SFNC ,2019-10-25 08:44:51,87
SFNC ,2019-10-25 09:44:48,87
SFNC ,2019-10-25 10:44:47,87
SFNC ,2019-10-25 11:44:56,87
SFNC ,2019-10-25 13:08:20,87
SFNC ,2019-10-25 13:44:52,87
SFNC ,2019-10-25 14:44:55,87
SFNC ,2019-10-25 15:44:48,87
SFNC ,2019-10-25 16:44:54,87
SFNC ,2019-10-25 17:44:48,86
SFNC ,2019-10-25 18:44:48,85
SFNC ,2019-10-25 19:44:47,85
SFNC ,2019-10-25 20:44:48,85
SFNC ,2019-10-25 21:44:47,85
SFNC ,2019-10-25 22:44:48,85
SFNC ,2019-10-25 23:44:48,85
SFNC ,2019-10-26 00:44:51,85
SFNC ,2019-10-26 01:44:53,85
SFNC ,2019-10-26 02:44:49,85
SFNC ,2019-10-26 03:44:49,85
SFNC ,2019-10-26 04:44:53,85
SFNC ,2019-10-26 05:44:48,85
SFNC ,2019-10-26 06:44:46,85
SFNC ,2019-10-26 07:44:53,85
SFNC ,2019-10-26 08:44:47,85
SFNC ,2019-10-26 09:44:47,85
SFNC ,2019-10-26 10:44:46,85
SFNC ,2019-10-26 11:44:51,85
SFNC ,2019-10-26 12:44:47,85
SFNC ,2019-10-26 13:44:50,85
SFNC ,2019-10-26 14:44:51,85
SFNC ,2019-10-26 15:44:52,85
SFNC ,2019-10-26 16:44:50,85
SFNC ,2019-10-26 17:44:50,85
SFNC ,2019-10-26 18:44:52,85
SFNC ,2019-10-26 19:44:50,85
SFNC ,2019-10-26 20:44:50,85
SFNC ,2019-10-26 21:44:51,85
SFNC ,2019-10-26 22:44:49,85
SFNC ,2019-10-26 23:44:50,85
SFNC ,2019-10-27 00:44:51,85
SFNC ,2019-10-27 01:44:48,85
SFNC ,2019-10-27 02:44:51,85
SFNC ,2019-10-27 03:44:51,85
SFNC ,2019-10-27 04:44:47,85
SFNC ,2019-10-27 05:44:53,85
SFNC ,2019-10-27 06:44:50,85
SFNC ,2019-10-27 07:44:47,85
SFNC ,2019-10-27 08:44:49,85
SFNC ,2019-10-27 09:44:47,85
SFNC ,2019-10-27 10:44:46,85
SFNC ,2019-10-27 11:44:46,85
SFNC ,2019-10-27 12:44:50,85
SFNC ,2019-10-27 13:44:48,85
SFNC ,2019-10-27 14:44:47,85
SFNC ,2019-10-27 15:44:55,85
SFNC ,2019-10-27 16:44:47,85
SFNC ,2019-10-27 17:44:48,85
SFNC ,2019-10-27 18:44:51,85
SFNC ,2019-10-27 19:44:50,85
SFNC ,2019-10-27 20:44:52,85
SFNC ,2019-10-27 21:44:48,85
SFNC ,2019-10-27 22:44:47,85
SFNC ,2019-10-27 23:44:47,85
SFNC ,2019-10-28 00:44:47,85
SFNC ,2019-10-28 01:44:48,85
SFNC ,2019-10-28 02:44:49,85
SFNC ,2019-10-28 03:44:51,85
SFNC ,2019-10-28 04:44:47,85
SFNC ,2019-10-28 05:44:47,85
SFNC ,2019-10-28 06:44:50,85
SFNC ,2019-10-28 07:44:50,85
SFNC ,2019-10-28 08:44:48,85
SFNC ,2019-10-28 09:44:47,85
SFNC ,2019-10-28 10:44:53,85
SFNC ,2019-10-28 11:44:45,85
SFNC ,2019-10-28 12:44:53,85
SFNC ,2019-10-28 14:44:52,85
SFNC ,2019-10-28 15:44:59,85
SFNC ,2019-10-28 16:44:57,85
SFNC ,2019-10-28 17:44:52,85
SFNC ,2019-10-28 18:44:52,85
SFNC ,2019-10-28 19:44:52,85
SFNC ,2019-10-28 23:44:50,85
SFNC ,2019-10-29 00:44:49,85
SFNC ,2019-10-29 01:44:54,85
SFNC ,2019-10-29 02:44:51,85
SFNC ,2019-10-29 03:44:54,85
SFNC ,2019-10-29 04:44:49,85
SFNC ,2019-10-29 05:44:52,85
SFNC ,2019-10-29 06:44:53,85
SFNC ,2019-10-29 07:44:51,85
SFNC ,2019-10-29 08:44:51,85
SFNC ,2019-10-29 09:44:48,85
SFNC ,2019-10-29 10:44:53,85
SFNC ,2019-10-29 11:44:49,85
SFNC ,2019-10-29 12:44:49,85
SFNC ,2019-10-29 13:44:57,85
SFNC ,2019-10-29 14:44:49,84
SFNC ,2019-10-29 15:44:51,84
SFNC ,2019-10-29 16:44:53,84
SFNC ,2019-10-29 17:44:48,84
SFNC ,2019-10-29 18:44:52,84
SFNC ,2019-10-29 19:44:52,84
SFNC ,2019-10-29 20:44:49,84
SFNC ,2019-10-29 21:44:52,84
SFNC ,2019-10-29 22:44:50,84
SFNC ,2019-10-29 23:44:50,84
SFNC ,2019-10-30 00:44:56,84
SFNC ,2019-10-30 01:44:50,84
SFNC ,2019-10-30 02:44:49,84
SFNC ,2019-10-30 03:44:50,84
SFNC ,2019-10-30 04:44:54,84
SFNC ,2019-10-30 05:44:55,84
SFNC ,2019-10-30 06:44:50,84
SFNC ,2019-10-30 07:45:00,84
SFNC ,2019-10-30 08:44:50,84
SFNC ,2019-10-30 09:44:52,84
SFNC ,2019-10-30 10:44:53,84
SFNC ,2019-10-30 11:44:47,84
SFNC ,2019-10-30 13:45:26,84
SFNC ,2019-10-30 14:44:48,84
SFNC ,2019-10-30 15:44:47,84
SFNC ,2019-10-30 16:44:50,84
SFNC ,2019-10-30 17:44:50,84
SFNC ,2019-10-30 18:44:48,82
SFNC ,2019-10-30 19:44:48,82
SFNC ,2019-10-30 20:44:51,82
SFNC ,2019-10-30 21:44:49,82
SFNC ,2019-10-30 22:44:48,82
SFNC ,2019-10-30 23:44:48,82
SFNC ,2019-10-31 00:44:48,82
SFNC ,2019-10-31 01:44:50,82
SFNC ,2019-10-31 02:44:48,82
SFNC ,2019-10-31 03:44:51,82
SFNC ,2019-10-31 04:44:48,82
SFNC ,2019-10-31 05:44:49,82
SFNC ,2019-10-31 06:44:52,82
SFNC ,2019-10-31 07:44:50,82
SFNC ,2019-10-31 08:44:50,82
SFNC ,2019-10-31 09:44:53,82
SFNC ,2019-10-31 10:44:49,82
SFNC ,2019-10-31 11:44:50,82
SFNC ,2019-10-31 13:09:55,82
SFNC ,2019-10-31 13:44:51,82
SFNC ,2019-10-31 14:44:49,82
SFNC ,2019-10-31 15:44:52,82
SFNC ,2019-10-31 16:44:51,82
SFNC ,2019-10-31 17:44:50,83
SFNC ,2019-10-31 18:44:49,83
SFNC ,2019-10-31 19:44:48,83
SFNC ,2019-10-31 20:44:51,83
SFNC ,2019-10-31 22:07:53,83
SFNC ,2019-10-31 22:44:55,83
SFNC ,2019-10-31 23:44:49,83
SFNC ,2019-11-01 00:44:49,83
SFNC ,2019-11-01 01:44:49,83
SFNC ,2019-11-01 02:44:49,83
SFNC ,2019-11-01 03:44:53,83
SFNC ,2019-11-01 04:44:50,83
SFNC ,2019-11-01 05:44:53,83
SFNC ,2019-11-01 06:44:48,83
SFNC ,2019-11-01 07:44:55,83
SFNC ,2019-11-01 08:44:50,83
SFNC ,2019-11-01 09:44:52,83
SFNC ,2019-11-01 10:44:52,83
SFNC ,2019-11-01 11:44:55,83
SFNC ,2019-11-01 13:41:01,83
SFNC ,2019-11-01 13:50:17,83
SFNC ,2019-11-01 14:44:49,83
SFNC ,2019-11-01 15:44:48,83
SFNC ,2019-11-01 16:44:54,83
SFNC ,2019-11-01 17:44:51,83
SFNC ,2019-11-01 18:44:55,83
SFNC ,2019-11-01 19:44:48,83
SFNC ,2019-11-01 20:44:49,83
SFNC ,2019-11-01 21:44:48,83
SFNC ,2019-11-01 22:44:48,83
SFNC ,2019-11-01 23:44:48,83
SFNC ,2019-11-02 00:44:52,83
SFNC ,2019-11-02 01:44:49,83
SFNC ,2019-11-02 02:44:49,83
SFNC ,2019-11-02 03:44:54,83
SFNC ,2019-11-02 04:44:48,83
SFNC ,2019-11-02 05:44:49,83
SFNC ,2019-11-02 06:44:51,83
SFNC ,2019-11-02 07:44:48,83
SFNC ,2019-11-02 08:44:49,83
SFNC ,2019-11-02 09:44:47,83
SFNC ,2019-11-02 10:44:52,83
SFNC ,2019-11-02 11:44:48,83
SFNC ,2019-11-02 12:44:54,83
SFNC ,2019-11-02 13:44:49,83
SFNC ,2019-11-02 14:44:50,83
SFNC ,2019-11-02 15:44:53,83
SFNC ,2019-11-02 16:44:48,83
SFNC ,2019-11-02 17:44:49,83
SFNC ,2019-11-02 18:44:50,83
SFNC ,2019-11-02 19:44:48,83
SFNC ,2019-11-02 20:44:48,83
SFNC ,2019-11-02 23:44:50,83
SFNC ,2019-11-03 00:44:48,83
SFNC ,2019-11-03 01:44:49,83
SFNC ,2019-11-03 03:44:50,83
SFNC ,2019-11-03 05:44:51,83
SFNC ,2019-11-03 06:44:48,83
SFNC ,2019-11-03 07:44:49,83
SFNC ,2019-11-03 21:44:52,83
SFNC ,2019-11-03 22:44:48,83
SFNC ,2019-11-03 23:44:53,83
SFNC ,2019-11-04 00:44:48,83
SFNC ,2019-11-04 01:44:49,83
SFNC ,2019-11-04 02:44:48,83
SFNC ,2019-11-04 03:44:48,83
SFNC ,2019-11-04 04:44:48,83
SFNC ,2019-11-04 05:44:52,83
SFNC ,2019-11-04 06:44:49,83
SFNC ,2019-11-04 07:44:47,83
SFNC ,2019-11-04 08:44:48,83
SFNC ,2019-11-04 09:44:50,83
SFNC ,2019-11-04 10:44:47,83
SFNC ,2019-11-04 11:44:47,83
SFNC ,2019-11-04 12:44:47,83
SFNC ,2019-11-04 14:10:22,83
SFNC ,2019-11-04 15:44:48,81
SFNC ,2019-11-04 16:44:49,82
SFNC ,2019-11-04 17:44:49,82
SFNC ,2019-11-04 18:44:49,82
SFNC ,2019-11-04 19:44:51,82
SFNC ,2019-11-04 20:44:48,82
SFNC ,2019-11-04 21:44:49,82
SFNC ,2019-11-04 22:44:49,82
SFNC ,2019-11-04 23:44:49,82
SFNC ,2019-11-05 00:44:50,82
SFNC ,2019-11-05 01:44:50,82
SFNC ,2019-11-05 02:44:53,82
SFNC ,2019-11-05 03:44:50,82
SFNC ,2019-11-05 04:44:48,82
SFNC ,2019-11-05 05:44:52,82
SFNC ,2019-11-05 06:44:50,82
SFNC ,2019-11-05 07:44:48,82
SFNC ,2019-11-05 08:44:50,82
SFNC ,2019-11-05 09:44:51,82
SFNC ,2019-11-05 10:44:49,82
SFNC ,2019-11-05 11:44:49,82
SFNC ,2019-11-05 12:44:49,82
SFNC ,2019-11-05 14:10:22,82
SFNC ,2019-11-05 14:44:54,82
SFNC ,2019-11-05 15:44:49,80
SFNC ,2019-11-05 16:44:49,80
SFNC ,2019-11-05 17:44:49,80
SFNC ,2019-11-05 18:44:48,80
SFNC ,2019-11-05 19:44:52,80
SFNC ,2019-11-05 20:44:53,80
SFNC ,2019-11-05 21:44:50,80
SFNC ,2019-11-05 22:44:51,80
SFNC ,2019-11-05 23:44:49,80
SFNC ,2019-11-06 00:44:50,80
SFNC ,2019-11-06 01:44:51,80
SFNC ,2019-11-06 02:44:51,80
SFNC ,2019-11-06 03:44:51,80
SFNC ,2019-11-06 04:44:54,80
SFNC ,2019-11-06 05:44:50,80
SFNC ,2019-11-06 06:44:55,80
SFNC ,2019-11-06 07:44:49,80
SFNC ,2019-11-06 08:44:50,80
SFNC ,2019-11-06 09:44:52,80
SFNC ,2019-11-06 10:44:52,80
SFNC ,2019-11-06 11:44:49,80
SFNC ,2019-11-06 12:44:49,80
SFNC ,2019-11-06 13:44:50,80
SFNC ,2019-11-06 14:44:55,80
SFNC ,2019-11-06 15:44:51,79
SFNC ,2019-11-06 16:44:52,79
SFNC ,2019-11-06 17:44:52,79
SFNC ,2019-11-06 18:44:52,79
SFNC ,2019-11-06 19:44:52,79
SFNC ,2019-11-06 20:44:55,79
SFNC ,2019-11-06 21:44:52,79
SFNC ,2019-11-06 22:44:51,79
SFNC ,2019-11-06 23:44:51,79
SFNC ,2019-11-07 00:44:51,79
SFNC ,2019-11-07 01:44:50,79
SFNC ,2019-11-07 02:44:52,79
SFNC ,2019-11-07 03:44:51,79
SFNC ,2019-11-07 04:44:54,79
SFNC ,2019-11-07 05:44:52,79
SFNC ,2019-11-07 06:44:50,79
SFNC ,2019-11-07 07:44:52,79
SFNC ,2019-11-07 08:44:51,79
SFNC ,2019-11-07 09:44:52,79
SFNC ,2019-11-07 10:44:49,79
SFNC ,2019-11-07 11:44:49,79
SFNC ,2019-11-07 12:44:50,79
SFNC ,2019-11-07 14:08:52,79
SFNC ,2019-11-07 14:45:24,79
SFNC ,2019-11-07 15:44:54,79
SFNC ,2019-11-07 16:44:53,79
SFNC ,2019-11-07 17:44:54,79
SFNC ,2019-11-07 18:44:53,79
SFNC ,2019-11-07 19:44:53,79
SFNC ,2019-11-07 21:09:27,79
SFNC ,2019-11-07 21:44:55,79
SFNC ,2019-11-07 22:44:57,79
SFNC ,2019-11-07 23:44:58,79
SFNC ,2019-11-08 00:45:00,79
SFNC ,2019-11-08 01:44:56,79
SFNC ,2019-11-08 02:45:01,79
SFNC ,2019-11-08 03:44:58,79
SFNC ,2019-11-08 04:44:57,79
SFNC ,2019-11-08 05:45:00,79
SFNC ,2019-11-08 06:44:55,79
SFNC ,2019-11-08 07:44:55,79
SFNC ,2019-11-08 08:45:01,79
SFNC ,2019-11-08 09:44:57,79
SFNC ,2019-11-08 10:44:56,79
SFNC ,2019-11-08 11:44:54,79
SFNC ,2019-11-08 12:44:55,79
SFNC ,2019-11-08 14:10:31,79
SFNC ,2019-11-08 14:45:31,79
SFNC ,2019-11-08 15:44:56,79
SFNC ,2019-11-08 16:44:56,79
SFNC ,2019-11-08 17:44:57,79
SFNC ,2019-11-08 18:44:57,79
SFNC ,2019-11-08 19:45:00,79
SFNC ,2019-11-08 20:44:56,79
SFNC ,2019-11-08 21:44:57,79
SFNC ,2019-11-08 22:44:57,79
SFNC ,2019-11-08 23:44:58,79
SFNC ,2019-11-09 00:44:58,79
SFNC ,2019-11-09 01:44:58,79
SFNC ,2019-11-09 02:44:57,79
SFNC ,2019-11-09 03:44:57,79
SFNC ,2019-11-09 04:44:59,79
SFNC ,2019-11-09 05:44:55,79
SFNC ,2019-11-09 06:44:56,79
SFNC ,2019-11-09 07:44:58,79
SFNC ,2019-11-09 08:44:59,79
SFNC ,2019-11-09 09:44:56,79
SFNC ,2019-11-09 10:44:55,79
SFNC ,2019-11-09 11:44:59,79
SFNC ,2019-11-09 12:44:56,79
SFNC ,2019-11-09 13:44:55,79
SFNC ,2019-11-09 14:44:58,79
SFNC ,2019-11-09 15:45:00,79
SFNC ,2019-11-09 16:44:56,79
SFNC ,2019-11-09 17:44:58,79
SFNC ,2019-11-09 18:44:55,79
SFNC ,2019-11-09 19:44:57,79
SFNC ,2019-11-09 20:45:00,79
SFNC ,2019-11-09 21:44:56,79
SFNC ,2019-11-09 22:45:00,79
SFNC ,2019-11-09 23:44:56,79
SFNC ,2019-11-10 00:44:55,79
SFNC ,2019-11-10 01:44:57,79
SFNC ,2019-11-10 02:44:59,79
SFNC ,2019-11-10 03:44:55,79
SFNC ,2019-11-10 04:44:56,79
SFNC ,2019-11-10 05:44:56,79
SFNC ,2019-11-10 06:44:55,79
SFNC ,2019-11-10 07:44:54,79
SFNC ,2019-11-10 08:44:59,79
SFNC ,2019-11-10 09:44:58,79
SFNC ,2019-11-10 10:44:55,79
SFNC ,2019-11-10 11:44:55,79
SFNC ,2019-11-10 12:44:57,79
SFNC ,2019-11-10 13:44:55,79
SFNC ,2019-11-10 14:44:54,79
SFNC ,2019-11-10 15:44:59,79
SFNC ,2019-11-10 16:44:55,79
SFNC ,2019-11-10 17:44:56,79
SFNC ,2019-11-10 18:44:58,79
SFNC ,2019-11-10 19:44:55,79
SFNC ,2019-11-10 20:44:55,79
SFNC ,2019-11-10 21:44:54,79
SFNC ,2019-11-10 22:44:58,79
SFNC ,2019-11-10 23:44:58,79
SFNC ,2019-11-11 00:44:56,79
SFNC ,2019-11-11 01:44:59,79
SFNC ,2019-11-11 02:44:57,79
SFNC ,2019-11-11 03:44:57,79
SFNC ,2019-11-11 04:44:57,79
SFNC ,2019-11-11 05:45:00,79
SFNC ,2019-11-11 06:44:56,79
SFNC ,2019-11-11 07:44:57,79
SFNC ,2019-11-11 08:45:01,79
SFNC ,2019-11-11 09:44:59,79
SFNC ,2019-11-11 10:44:59,79
SFNC ,2019-11-11 11:44:56,79
SFNC ,2019-11-11 12:44:59,79
SFNC ,2019-11-11 13:44:58,79
SFNC ,2019-11-11 14:45:02,79
SFNC ,2019-11-11 15:45:03,80
SFNC ,2019-11-11 16:44:59,80
SFNC ,2019-11-11 17:45:00,80
SFNC ,2019-11-11 18:45:03,80
SFNC ,2019-11-11 19:44:58,80
SFNC ,2019-11-11 21:44:58,80
SFNC ,2019-11-11 22:44:56,80
SFNC ,2019-11-11 23:44:57,80
SFNC ,2019-11-12 00:44:54,80
SFNC ,2019-11-12 01:44:55,80
SFNC ,2019-11-12 02:45:01,80
SFNC ,2019-11-12 03:44:57,80
SFNC ,2019-11-12 04:44:55,80
SFNC ,2019-11-12 05:44:58,80
SFNC ,2019-11-12 06:44:56,80
SFNC ,2019-11-12 07:44:59,80
SFNC ,2019-11-12 08:44:55,80
SFNC ,2019-11-12 09:44:55,80
SFNC ,2019-11-12 10:44:54,80
SFNC ,2019-11-12 11:44:59,80
SFNC ,2019-11-12 12:45:00,80
SFNC ,2019-11-12 14:08:59,80
SFNC ,2019-11-12 14:45:01,80
SFNC ,2019-11-12 15:44:55,80
SFNC ,2019-11-12 16:44:57,79
SFNC ,2019-11-12 17:44:57,78
SFNC ,2019-11-12 18:45:01,78
SFNC ,2019-11-12 19:44:55,78
SFNC ,2019-11-12 20:44:54,78
SFNC ,2019-11-12 21:44:56,78
SFNC ,2019-11-12 22:45:00,78
SFNC ,2019-11-12 23:44:56,78
SFNC ,2019-11-13 00:45:02,78
SFNC ,2019-11-13 01:44:56,78
SFNC ,2019-11-13 02:44:57,78
SFNC ,2019-11-13 03:45:00,78
SFNC ,2019-11-13 04:44:57,78
SFNC ,2019-11-13 05:45:05,78
SFNC ,2019-11-13 06:44:56,78
SFNC ,2019-11-13 07:45:03,78
SFNC ,2019-11-13 08:44:59,78
SFNC ,2019-11-13 09:44:57,78
SFNC ,2019-11-13 10:44:56,78
SFNC ,2019-11-13 11:45:02,78
SFNC ,2019-11-13 12:44:55,78
SFNC ,2019-11-13 13:44:56,78
SFNC ,2019-11-13 15:45:02,78
SFNC ,2019-11-13 16:44:57,78
SFNC ,2019-11-13 17:44:58,78
SFNC ,2019-11-13 18:45:01,78
SFNC ,2019-11-13 19:44:56,78
SFNC ,2019-11-13 20:44:56,78
SFNC ,2019-11-13 21:44:55,78
SFNC ,2019-11-13 22:44:57,78
SFNC ,2019-11-13 23:44:58,78
SFNC ,2019-11-14 00:44:57,78
SFNC ,2019-11-14 01:44:55,78
SFNC ,2019-11-14 02:45:03,78
SFNC ,2019-11-14 03:44:55,78
SFNC ,2019-11-14 04:44:56,78
SFNC ,2019-11-14 05:45:01,78
SFNC ,2019-11-14 06:44:55,78
SFNC ,2019-11-14 07:45:02,78
SFNC ,2019-11-14 08:44:59,78
SFNC ,2019-11-14 09:45:00,78
SFNC ,2019-11-14 10:44:58,78
SFNC ,2019-11-14 11:45:02,78
SFNC ,2019-11-14 12:44:55,78
SFNC ,2019-11-14 14:08:35,78
SFNC ,2019-11-14 14:44:59,78
SFNC ,2019-11-14 15:44:57,78
SFNC ,2019-11-14 17:44:58,78
SFNC ,2019-11-14 18:44:56,78
SFNC ,2019-11-14 19:44:56,78
SFNC ,2019-11-14 20:44:57,78
SFNC ,2019-11-14 21:45:02,78
SFNC ,2019-11-14 22:44:55,78
SFNC ,2019-11-14 23:44:58,78
SFNC ,2019-11-15 00:44:57,78
SFNC ,2019-11-15 01:44:57,78
SFNC ,2019-11-15 02:44:56,78
SFNC ,2019-11-15 03:44:57,78
SFNC ,2019-11-15 04:44:58,78
SFNC ,2019-11-15 05:44:58,78
SFNC ,2019-11-15 06:44:59,78
SFNC ,2019-11-15 07:44:55,78
SFNC ,2019-11-15 08:45:05,78
SFNC ,2019-11-15 09:44:56,78
SFNC ,2019-11-15 10:44:56,78
SFNC ,2019-11-15 11:44:55,78
SFNC ,2019-11-15 12:45:00,78
SFNC ,2019-11-15 14:11:29,78
SFNC ,2019-11-15 15:45:04,77
SFNC ,2019-11-15 16:44:55,77
SFNC ,2019-11-15 17:44:57,77
SFNC ,2019-11-15 18:45:04,77
SFNC ,2019-11-15 19:44:59,77
SFNC ,2019-11-15 20:45:00,77
SFNC ,2019-11-15 21:44:54,77
SFNC ,2019-11-15 22:44:58,77
SFNC ,2019-11-15 23:44:57,77
SFNC ,2019-11-16 00:44:59,77
SFNC ,2019-11-16 01:44:55,77
SFNC ,2019-11-16 02:44:57,77
SFNC ,2019-11-16 03:44:55,77
SFNC ,2019-11-16 04:44:58,77
SFNC ,2019-11-16 05:44:56,77
SFNC ,2019-11-16 06:44:58,77
SFNC ,2019-11-16 07:44:56,77
SFNC ,2019-11-16 08:44:57,77
SFNC ,2019-11-16 09:45:01,77
SFNC ,2019-11-16 10:44:54,77
SFNC ,2019-11-16 11:44:55,77
SFNC ,2019-11-16 12:45:00,77
SFNC ,2019-11-16 13:44:59,77
SFNC ,2019-11-16 14:44:58,77
SFNC ,2019-11-16 15:44:56,77
SFNC ,2019-11-16 16:44:56,77
SFNC ,2019-11-16 17:44:58,77
SFNC ,2019-11-16 18:44:55,77
SFNC ,2019-11-16 19:44:55,77
SFNC ,2019-11-16 20:44:54,77
SFNC ,2019-11-16 21:44:54,77
SFNC ,2019-11-16 22:44:55,77
SFNC ,2019-11-16 23:44:54,77
SFNC ,2019-11-17 00:44:54,77
SFNC ,2019-11-17 01:44:53,77
SFNC ,2019-11-17 02:44:58,77
SFNC ,2019-11-17 03:44:54,77
SFNC ,2019-11-17 04:44:56,77
SFNC ,2019-11-17 05:44:56,77
SFNC ,2019-11-17 06:44:57,77
SFNC ,2019-11-17 07:44:58,77
SFNC ,2019-11-17 08:44:55,77
SFNC ,2019-11-17 10:45:01,77
SFNC ,2019-11-17 11:44:59,77
SFNC ,2019-11-17 12:44:56,77
SFNC ,2019-11-17 13:44:56,77
SFNC ,2019-11-17 14:44:54,77
SFNC ,2019-11-17 15:44:54,77
SFNC ,2019-11-17 16:44:56,77
SFNC ,2019-11-17 17:44:53,77
SFNC ,2019-11-17 18:44:53,77
SFNC ,2019-11-17 19:44:54,77
SFNC ,2019-11-17 20:44:57,77
SFNC ,2019-11-17 21:44:59,77
SFNC ,2019-11-17 22:44:56,77
SFNC ,2019-11-17 23:44:58,77
SFNC ,2019-11-18 00:44:54,77
SFNC ,2019-11-18 01:44:53,77
SFNC ,2019-11-18 02:44:56,77
SFNC ,2019-11-18 03:44:54,77
SFNC ,2019-11-18 04:44:53,77
SFNC ,2019-11-18 05:44:57,77
SFNC ,2019-11-18 06:44:52,77
SFNC ,2019-11-18 07:44:55,77
SFNC ,2019-11-18 08:45:00,77
SFNC ,2019-11-18 09:45:00,77
SFNC ,2019-11-18 10:44:57,77
SFNC ,2019-11-18 11:44:54,77
SFNC ,2019-11-18 12:44:57,77
SFNC ,2019-11-18 14:10:01,77
SFNC ,2019-11-18 14:44:55,77
SFNC ,2019-11-18 15:45:00,77
SFNC ,2019-11-18 16:44:58,78
SFNC ,2019-11-18 17:45:00,78
SFNC ,2019-11-18 18:45:00,78
SFNC ,2019-11-18 19:44:56,78
SFNC ,2019-11-18 20:44:59,78
SFNC ,2019-11-18 21:44:57,78
SFNC ,2019-11-18 22:44:54,78
SFNC ,2019-11-18 23:44:57,78
SFNC ,2019-11-19 00:44:56,78
SFNC ,2019-11-19 01:44:56,78
SFNC ,2019-11-19 02:44:56,78
SFNC ,2019-11-19 03:44:56,78
SFNC ,2019-11-19 04:44:58,78
SFNC ,2019-11-19 05:44:54,78
SFNC ,2019-11-19 06:44:57,78
SFNC ,2019-11-19 07:44:55,78
SFNC ,2019-11-19 08:44:56,78
SFNC ,2019-11-19 09:45:01,78
SFNC ,2019-11-19 10:44:55,78
SFNC ,2019-11-19 11:44:54,78
SFNC ,2019-11-19 12:44:56,78
SFNC ,2019-11-19 14:10:01,78
SFNC ,2019-11-19 14:44:57,78
SFNC ,2019-11-19 15:44:58,78
SFNC ,2019-11-19 16:44:56,78
SFNC ,2019-11-19 17:45:03,78
SFNC ,2019-11-19 18:44:54,78
SFNC ,2019-11-19 19:44:58,78
SFNC ,2019-11-19 20:44:57,78
SFNC ,2019-11-19 21:45:00,78
SFNC ,2019-11-19 22:44:57,78
SFNC ,2019-11-19 23:44:57,78
SFNC ,2019-11-20 00:44:58,78
SFNC ,2019-11-20 01:44:57,78
SFNC ,2019-11-20 02:44:58,78
SFNC ,2019-11-20 03:44:58,78
SFNC ,2019-11-20 04:44:56,78
SFNC ,2019-11-20 05:44:57,78
SFNC ,2019-11-20 06:44:57,78
SFNC ,2019-11-20 07:44:58,78
SFNC ,2019-11-20 08:45:02,78
SFNC ,2019-11-20 09:45:05,78
SFNC ,2019-11-20 10:45:05,78
SFNC ,2019-11-20 11:45:04,78
SFNC ,2019-11-20 12:45:03,78
SFNC ,2019-11-20 14:09:35,78
SFNC ,2019-11-20 14:45:05,78
SFNC ,2019-11-20 15:45:01,78
SFNC ,2019-11-20 16:45:02,78
SFNC ,2019-11-20 22:45:00,78
SFNC ,2019-11-20 23:44:55,78
SFNC ,2019-11-21 00:44:54,78
SFNC ,2019-11-21 01:44:55,78
SFNC ,2019-11-21 02:45:00,78
SFNC ,2019-11-21 03:44:57,78
SFNC ,2019-11-21 04:44:55,78
SFNC ,2019-11-21 05:44:58,78
SFNC ,2019-11-21 06:45:00,78
SFNC ,2019-11-21 07:44:55,78
SFNC ,2019-11-21 08:44:55,78
SFNC ,2019-11-21 09:44:57,78
SFNC ,2019-11-21 10:44:57,78
SFNC ,2019-11-21 11:44:56,78
SFNC ,2019-11-21 12:44:56,78
SFNC ,2019-11-21 14:08:59,78
SFNC ,2019-11-21 14:45:02,78
SFNC ,2019-11-21 15:44:56,79
SFNC ,2019-11-21 16:44:57,78
SFNC ,2019-11-21 17:44:59,78
SFNC ,2019-11-21 18:44:55,79
SFNC ,2019-11-21 19:44:55,79
SFNC ,2019-11-21 20:44:55,79
SFNC ,2019-11-21 21:44:56,79
SFNC ,2019-11-21 22:44:56,79
SFNC ,2019-11-21 23:44:56,79
SFNC ,2019-11-22 00:44:56,79
SFNC ,2019-11-22 01:44:59,79
SFNC ,2019-11-22 02:44:55,79
SFNC ,2019-11-22 03:44:55,79
SFNC ,2019-11-22 04:44:54,79
SFNC ,2019-11-22 05:45:00,79
SFNC ,2019-11-22 06:44:57,79
SFNC ,2019-11-22 07:45:00,79
SFNC ,2019-11-22 08:45:02,79
SFNC ,2019-11-22 09:45:01,79
SFNC ,2019-11-22 10:45:01,79
SFNC ,2019-11-22 11:44:57,79
SFNC ,2019-11-22 12:45:56,79
SFNC ,2019-11-22 13:44:55,79
SFNC ,2019-11-22 14:44:58,79
SFNC ,2019-11-22 15:44:53,79
SFNC ,2019-11-22 16:44:55,78
SFNC ,2019-11-22 17:45:00,78
SFNC ,2019-11-22 18:44:59,78
SFNC ,2019-11-22 19:44:55,78
SFNC ,2019-11-22 20:44:56,76
SFNC ,2019-11-22 21:44:55,76
SFNC ,2019-11-22 22:44:54,76
SFNC ,2019-11-22 23:44:57,76
SFNC ,2019-11-23 00:45:03,76
SFNC ,2019-11-23 01:44:55,76
SFNC ,2019-11-23 02:44:55,76
SFNC ,2019-11-23 03:44:54,76
SFNC ,2019-11-23 04:44:59,76
SFNC ,2019-11-23 05:44:55,76
SFNC ,2019-11-23 06:44:57,76
SFNC ,2019-11-23 07:44:57,76
SFNC ,2019-11-23 08:44:57,76
SFNC ,2019-11-23 09:44:58,76
SFNC ,2019-11-23 10:44:58,76
SFNC ,2019-11-23 11:44:54,76
SFNC ,2019-11-23 12:44:54,76
SFNC ,2019-11-23 13:44:54,76
SFNC ,2019-11-23 14:44:55,76
SFNC ,2019-11-23 15:44:55,76
SFNC ,2019-11-23 16:44:55,76
SFNC ,2019-11-23 17:44:56,76
SFNC ,2019-11-23 18:44:55,76
SFNC ,2019-11-23 19:44:57,76
SFNC ,2019-11-23 20:44:53,76
SFNC ,2019-11-23 21:44:56,76
SFNC ,2019-11-23 22:44:53,76
SFNC ,2019-11-23 23:44:53,76
SFNC ,2019-11-24 00:44:57,76
SFNC ,2019-11-24 01:44:53,76
SFNC ,2019-11-24 02:44:54,76
SFNC ,2019-11-24 03:44:54,76
SFNC ,2019-11-24 04:44:52,76
SFNC ,2019-11-24 05:44:53,76
SFNC ,2019-11-24 06:44:54,76
SFNC ,2019-11-24 07:44:52,76
SFNC ,2019-11-24 08:44:56,76
SFNC ,2019-11-24 09:44:58,76
SFNC ,2019-11-24 10:44:57,76
SFNC ,2019-11-24 11:44:55,76
SFNC ,2019-11-24 12:44:53,76
SFNC ,2019-11-24 13:44:52,76
SFNC ,2019-11-24 14:44:54,76
SFNC ,2019-11-24 15:44:55,76
SFNC ,2019-11-24 16:44:54,76
SFNC ,2019-11-24 17:44:54,76
SFNC ,2019-11-24 18:44:56,76
SFNC ,2019-11-24 19:44:54,76
SFNC ,2019-11-24 20:44:56,76
SFNC ,2019-11-24 21:44:54,76
SFNC ,2019-11-24 22:44:58,76
SFNC ,2019-11-24 23:44:54,76
SFNC ,2019-11-25 00:44:55,76
SFNC ,2019-11-25 01:44:58,76
SFNC ,2019-11-25 02:44:56,76
SFNC ,2019-11-25 04:44:53,76
SFNC ,2019-11-25 05:44:55,76
SFNC ,2019-11-25 06:44:54,76
SFNC ,2019-11-25 07:44:55,76
SFNC ,2019-11-25 08:45:01,76
SFNC ,2019-11-25 09:45:01,76
SFNC ,2019-11-25 10:45:00,76
SFNC ,2019-11-25 11:44:58,76
SFNC ,2019-11-25 12:44:59,76
SFNC ,2019-11-25 13:44:53,76
SFNC ,2019-11-25 14:44:55,76
SFNC ,2019-11-25 15:44:58,77
SFNC ,2019-11-25 16:44:54,77
SFNC ,2019-11-25 17:44:55,78
SFNC ,2019-11-25 18:44:53,78
SFNC ,2019-11-25 19:44:56,80
SFNC ,2019-11-25 20:44:55,80
SFNC ,2019-11-25 21:44:53,80
SFNC ,2019-11-25 22:45:00,80
SFNC ,2019-11-25 23:44:55,80
SFNC ,2019-11-26 00:44:56,80
SFNC ,2019-11-26 01:44:55,80
SFNC ,2019-11-26 02:44:57,80
SFNC ,2019-11-26 03:44:56,80
SFNC ,2019-11-26 04:44:54,80
SFNC ,2019-11-26 05:44:59,80
SFNC ,2019-11-26 06:45:04,80
SFNC ,2019-11-26 07:44:56,80
SFNC ,2019-11-26 08:44:58,80
SFNC ,2019-11-26 09:45:03,80
SFNC ,2019-11-26 20:44:59,80
SFNC ,2019-11-26 21:44:56,79
SFNC ,2019-11-26 22:45:00,79
SFNC ,2019-11-26 23:44:56,79
SFNC ,2019-11-27 00:44:59,79
SFNC ,2019-11-27 01:44:56,79
SFNC ,2019-11-27 02:44:55,79
SFNC ,2019-11-27 03:44:58,79
SFNC ,2019-11-27 04:44:56,79
SFNC ,2019-11-27 05:44:58,79
SFNC ,2019-11-27 06:44:57,79
SFNC ,2019-11-27 07:44:57,79
SFNC ,2019-11-27 08:45:04,79
SFNC ,2019-11-27 09:45:04,79
SFNC ,2019-11-27 10:44:55,79
SFNC ,2019-11-27 11:44:53,79
SFNC ,2019-11-27 12:45:03,79
SFNC ,2019-11-27 13:44:56,79
SFNC ,2019-11-27 14:44:58,79
SFNC ,2019-11-27 15:45:03,79
SFNC ,2019-11-27 16:44:58,79
SFNC ,2019-11-27 17:44:57,79
SFNC ,2019-11-27 18:44:59,79
SFNC ,2019-11-27 19:44:59,79
SFNC ,2019-11-27 20:44:56,79
SFNC ,2019-11-27 21:44:56,79
SFNC ,2019-11-27 22:44:58,79
SFNC ,2019-11-27 23:44:57,79
SFNC ,2019-11-28 00:44:57,79
SFNC ,2019-11-28 01:44:58,79
SFNC ,2019-11-28 02:45:02,79
SFNC ,2019-11-28 03:45:00,79
SFNC ,2019-11-28 04:44:58,79
SFNC ,2019-11-28 05:44:56,79
SFNC ,2019-11-28 06:44:57,79
SFNC ,2019-11-28 07:45:00,79
SFNC ,2019-11-28 08:44:58,79
SFNC ,2019-11-28 09:45:04,79
SFNC ,2019-11-28 10:45:00,79
SFNC ,2019-11-28 11:44:57,79
SFNC ,2019-11-28 12:44:56,79
SFNC ,2019-11-28 13:44:55,79
SFNC ,2019-11-28 14:44:56,79
SFNC ,2019-11-28 15:44:57,79
SFNC ,2019-11-28 16:44:56,79
SFNC ,2019-11-28 17:44:58,79
SFNC ,2019-11-28 18:44:57,79
SFNC ,2019-11-28 19:44:56,79
SFNC ,2019-11-28 20:44:55,79
SFNC ,2019-11-28 21:44:56,79
SFNC ,2019-11-28 22:44:55,79
SFNC ,2019-11-28 23:44:57,79
SFNC ,2019-11-29 00:44:56,79
SFNC ,2019-11-29 01:44:56,79
SFNC ,2019-11-29 02:44:56,79
SFNC ,2019-11-29 04:44:59,79
SFNC ,2019-11-29 05:44:58,79
SFNC ,2019-11-29 06:44:55,79
SFNC ,2019-11-29 07:44:58,79
SFNC ,2019-11-29 08:45:06,79
SFNC ,2019-11-29 09:45:08,79
SFNC ,2019-11-29 10:45:17,79
SFNC ,2019-11-29 11:45:01,79
SFNC ,2019-11-29 12:45:01,79
SFNC ,2019-11-29 13:45:06,79
SFNC ,2019-11-29 14:45:05,79
SFNC ,2019-11-29 15:45:03,79
SFNC ,2019-11-29 16:45:06,79
SFNC ,2019-11-29 17:45:07,79
SFNC ,2019-11-29 18:45:03,79
SFNC ,2019-11-29 20:45:02,79
SFNC ,2019-11-29 21:44:55,79
SFNC ,2019-11-29 22:45:04,79
SFNC ,2019-11-29 23:45:01,79
SFNC ,2019-11-30 00:44:57,79
SFNC ,2019-11-30 01:44:55,79
SFNC ,2019-11-30 02:44:59,79
SFNC ,2019-11-30 03:45:00,79
SFNC ,2019-11-30 04:45:00,79
SFNC ,2019-11-30 05:45:04,79
SFNC ,2019-11-30 06:45:01,79
SFNC ,2019-11-30 07:45:01,79
SFNC ,2019-11-30 08:44:59,79
SFNC ,2019-11-30 21:45:23,79
SFNC ,2019-11-30 22:45:06,79
SFNC ,2019-11-30 23:45:00,79
SFNC ,2019-12-01 00:45:02,79
SFNC ,2019-12-01 01:44:57,79
SFNC ,2019-12-01 02:45:05,79
SFNC ,2019-12-01 22:45:09,79
SFNC ,2019-12-01 23:44:57,79
SFNC ,2019-12-02 00:44:55,79
SFNC ,2019-12-02 01:45:01,79
SFNC ,2019-12-02 02:45:00,79
SFNC ,2019-12-02 06:18:32,79
SFNC ,2019-12-02 06:47:09,79
SFNC ,2019-12-02 07:47:15,79
SFNC ,2019-12-02 08:47:06,79
SFNC ,2019-12-02 09:47:05,79
SFNC ,2019-12-02 10:47:07,79
SFNC ,2019-12-02 11:47:08,79
SFNC ,2019-12-02 12:47:03,79
SFNC ,2019-12-02 14:09:41,79
SFNC ,2019-12-02 14:47:11,79
SFNC ,2019-12-02 15:47:14,79
SFNC ,2019-12-02 16:47:08,81
SFNC ,2019-12-02 17:47:29,81
SFNC ,2019-12-02 18:47:28,81
SFNC ,2019-12-02 19:47:30,81
SFNC ,2019-12-02 20:47:23,81
SFNC ,2019-12-02 21:47:27,81
SFNC ,2019-12-02 22:47:45,81
SFNC ,2019-12-02 23:47:29,81
SFNC ,2019-12-03 00:47:15,81
SFNC ,2019-12-03 01:47:28,81
SFNC ,2019-12-03 02:47:28,81
SFNC ,2019-12-03 03:47:27,81
SFNC ,2019-12-03 04:47:27,81
SFNC ,2019-12-03 05:47:30,81
SFNC ,2019-12-03 06:47:08,81
SFNC ,2019-12-03 07:47:06,81
SFNC ,2019-12-03 08:47:07,81
SFNC ,2019-12-03 09:47:23,81
SFNC ,2019-12-03 10:47:27,81
SFNC ,2019-12-03 11:47:16,81
SFNC ,2019-12-03 12:47:04,81
SFNC ,2019-12-03 13:47:01,81
SFNC ,2019-12-03 14:47:27,81
SFNC ,2019-12-03 15:47:06,81
SFNC ,2019-12-03 16:47:27,80
SFNC ,2019-12-03 17:47:24,81
SFNC ,2019-12-03 18:47:24,81
SFNC ,2019-12-03 19:47:23,81
SFNC ,2019-12-03 20:47:24,81
SFNC ,2019-12-03 21:47:51,81
SFNC ,2019-12-03 22:47:27,81
SFNC ,2019-12-03 23:47:41,81
SFNC ,2019-12-04 00:47:58,81
SFNC ,2019-12-04 01:48:05,81
SFNC ,2019-12-04 02:47:48,81
SFNC ,2019-12-04 03:47:34,81
SFNC ,2019-12-04 04:47:32,81
SFNC ,2019-12-04 06:47:34,81
SFNC ,2019-12-04 07:47:32,81
SFNC ,2019-12-04 08:47:15,81
SFNC ,2019-12-04 09:47:15,81
SFNC ,2019-12-04 10:47:12,81
SFNC ,2019-12-04 11:47:15,81
SFNC ,2019-12-04 12:47:13,81
SFNC ,2019-12-04 14:09:12,81
SFNC ,2019-12-04 14:47:41,81
SFNC ,2019-12-04 15:47:38,83
SFNC ,2019-12-04 16:47:31,83
SFNC ,2019-12-04 17:47:32,83
SFNC ,2019-12-04 18:47:32,83
SFNC ,2019-12-04 19:47:34,83
SFNC ,2019-12-04 20:47:29,83
SFNC ,2019-12-04 21:47:26,83
SFNC ,2019-12-04 22:47:26,83
SFNC ,2019-12-04 23:47:27,83
SFNC ,2019-12-05 00:47:30,83
SFNC ,2019-12-05 01:47:31,83
SFNC ,2019-12-05 02:47:30,83
SFNC ,2019-12-05 03:47:30,83
SFNC ,2019-12-05 04:47:29,83
SFNC ,2019-12-05 06:47:30,83
SFNC ,2019-12-05 07:47:09,83
SFNC ,2019-12-05 08:47:28,83
SFNC ,2019-12-05 09:47:05,83
SFNC ,2019-12-05 10:47:05,83
SFNC ,2019-12-05 11:47:06,83
SFNC ,2019-12-05 12:47:04,83
SFNC ,2019-12-05 13:47:26,83
SFNC ,2019-12-05 14:47:32,83
SFNC ,2019-12-05 15:47:27,83
SFNC ,2019-12-05 16:47:27,83
SFNC ,2019-12-05 17:47:27,84
SFNC ,2019-12-05 18:47:28,84
SFNC ,2019-12-05 20:09:42,84
SFNC ,2019-12-05 20:47:39,84
SFNC ,2019-12-05 21:47:26,84
SFNC ,2019-12-05 22:47:27,84
SFNC ,2019-12-05 23:47:11,84
SFNC ,2019-12-06 00:47:27,84
SFNC ,2019-12-06 01:47:25,84
SFNC ,2019-12-06 02:47:32,84
SFNC ,2019-12-06 03:47:28,84
SFNC ,2019-12-06 04:47:25,84
SFNC ,2019-12-06 05:47:39,83
SFNC ,2019-12-06 06:47:34,83
SFNC ,2019-12-06 07:47:32,83
SFNC ,2019-12-06 08:47:29,83
SFNC ,2019-12-06 09:47:26,83
SFNC ,2019-12-06 10:47:28,83
SFNC ,2019-12-06 11:47:25,83
SFNC ,2019-12-06 12:47:10,83
SFNC ,2019-12-06 13:48:11,83
SFNC ,2019-12-06 14:47:35,83
SFNC ,2019-12-06 15:47:56,83
SFNC ,2019-12-06 16:47:30,83
SFNC ,2019-12-06 17:47:26,83
SFNC ,2019-12-06 18:47:28,83
SFNC ,2019-12-06 19:47:29,83
SFNC ,2019-12-06 20:47:27,83
SFNC ,2019-12-06 21:47:04,83
SFNC ,2019-12-06 22:47:06,83
SFNC ,2019-12-06 23:47:10,83
SFNC ,2019-12-07 00:47:15,83
SFNC ,2019-12-07 01:47:54,83
SFNC ,2019-12-07 02:47:30,83
SFNC ,2019-12-07 03:47:28,83
SFNC ,2019-12-07 04:47:15,83
SFNC ,2019-12-07 05:47:57,83
SFNC ,2019-12-07 06:47:09,83
SFNC ,2019-12-07 07:47:11,83
SFNC ,2019-12-07 08:47:08,83
SFNC ,2019-12-07 09:47:06,83
SFNC ,2019-12-07 10:47:07,83
SFNC ,2019-12-07 11:47:06,83
SFNC ,2019-12-07 12:47:23,83
SFNC ,2019-12-07 13:47:36,83
SFNC ,2019-12-07 14:47:31,83
SFNC ,2019-12-07 15:47:32,83
SFNC ,2019-12-07 16:47:28,83
SFNC ,2019-12-07 17:47:32,83
SFNC ,2019-12-07 18:47:29,83
SFNC ,2019-12-07 19:47:08,83
SFNC ,2019-12-07 20:47:29,83
SFNC ,2019-12-07 21:47:34,83
SFNC ,2019-12-07 22:47:11,83
SFNC ,2019-12-07 23:47:08,83
SFNC ,2019-12-08 00:47:23,83
SFNC ,2019-12-08 01:47:07,83
SFNC ,2019-12-08 02:47:31,83
SFNC ,2019-12-08 03:47:29,83
SFNC ,2019-12-08 04:47:25,83
SFNC ,2019-12-08 05:47:33,83
SFNC ,2019-12-08 06:47:30,83
SFNC ,2019-12-08 07:47:28,83
SFNC ,2019-12-08 08:47:28,83
SFNC ,2019-12-08 09:47:26,83
SFNC ,2019-12-08 10:47:28,83
SFNC ,2019-12-08 11:47:06,83
SFNC ,2019-12-08 12:47:09,83
SFNC ,2019-12-08 13:47:24,83
SFNC ,2019-12-08 14:47:23,83
SFNC ,2019-12-08 15:47:10,83
SFNC ,2019-12-08 16:47:28,83
SFNC ,2019-12-08 17:47:31,83
SFNC ,2019-12-08 18:47:06,83
SFNC ,2019-12-08 19:47:23,83
SFNC ,2019-12-08 20:47:24,83
SFNC ,2019-12-08 21:47:31,83
SFNC ,2019-12-08 22:47:30,83
SFNC ,2019-12-08 23:47:28,83
SFNC ,2019-12-09 00:47:27,83
SFNC ,2019-12-09 01:47:06,83
SFNC ,2019-12-09 02:47:18,83
SFNC ,2019-12-09 03:47:32,83
SFNC ,2019-12-09 04:47:10,83
SFNC ,2019-12-09 05:47:15,83
SFNC ,2019-12-09 06:47:33,83
SFNC ,2019-12-09 07:47:11,83
SFNC ,2019-12-09 08:47:10,83
SFNC ,2019-12-09 09:47:06,83
SFNC ,2019-12-09 10:47:08,83
SFNC ,2019-12-09 11:47:03,83
SFNC ,2019-12-09 12:47:05,83
SFNC ,2019-12-09 14:10:12,83
SFNC ,2019-12-09 14:47:17,83
SFNC ,2019-12-09 15:47:20,83
SFNC ,2019-12-09 16:47:39,83
SFNC ,2019-12-09 17:47:49,83
SFNC ,2019-12-09 18:47:19,83
SFNC ,2019-12-09 19:47:07,83
SFNC ,2019-12-09 20:47:36,83
SFNC ,2019-12-09 21:47:32,83
SFNC ,2019-12-09 22:47:08,83
SFNC ,2019-12-09 23:47:25,83
SFNC ,2019-12-10 00:47:33,83
SFNC ,2019-12-10 01:47:27,83
SFNC ,2019-12-10 02:47:31,83
SFNC ,2019-12-10 03:47:37,83
SFNC ,2019-12-10 04:47:28,83
SFNC ,2019-12-10 05:47:38,83
SFNC ,2019-12-10 06:47:33,83
SFNC ,2019-12-10 07:47:29,83
SFNC ,2019-12-10 08:47:33,83
SFNC ,2019-12-10 09:47:09,83
SFNC ,2019-12-10 10:47:09,83
SFNC ,2019-12-10 11:47:07,83
SFNC ,2019-12-10 12:47:34,83
SFNC ,2019-12-10 13:47:06,83
SFNC ,2019-12-10 14:47:13,83
SFNC ,2019-12-10 15:47:11,84
SFNC ,2019-12-10 16:47:38,84
SFNC ,2019-12-10 17:47:28,84
SFNC ,2019-12-10 18:47:25,84
SFNC ,2019-12-10 19:47:11,84
SFNC ,2019-12-10 20:47:28,84
SFNC ,2019-12-10 21:47:27,84
SFNC ,2019-12-10 22:47:34,84
SFNC ,2019-12-10 23:47:39,84
SFNC ,2019-12-11 00:47:36,84
SFNC ,2019-12-11 01:47:41,84
SFNC ,2019-12-11 02:47:49,84
SFNC ,2019-12-11 03:47:31,84
SFNC ,2019-12-11 04:47:38,84
SFNC ,2019-12-11 05:47:39,84
SFNC ,2019-12-11 06:47:19,84
SFNC ,2019-12-11 07:47:16,84
SFNC ,2019-12-11 08:47:29,84
SFNC ,2019-12-11 09:47:17,84
SFNC ,2019-12-11 10:47:19,84
SFNC ,2019-12-11 11:47:21,84
SFNC ,2019-12-11 12:47:36,84
SFNC ,2019-12-11 13:47:25,84
SFNC ,2019-12-11 14:47:58,84
SFNC ,2019-12-11 15:47:24,84
SFNC ,2019-12-11 16:47:42,84
SFNC ,2019-12-11 17:47:45,84
SFNC ,2019-12-11 18:47:34,84
SFNC ,2019-12-11 19:47:43,84
SFNC ,2019-12-11 20:47:35,84
SFNC ,2019-12-11 21:47:31,84
SFNC ,2019-12-11 22:47:35,84
SFNC ,2019-12-11 23:47:35,84
SFNC ,2019-12-12 00:47:20,84
SFNC ,2019-12-12 01:47:51,84
SFNC ,2019-12-12 02:47:38,84
SFNC ,2019-12-12 03:47:23,84
SFNC ,2019-12-12 04:47:36,84
SFNC ,2019-12-12 05:47:36,84
SFNC ,2019-12-12 06:47:39,84
SFNC ,2019-12-12 07:47:36,84
SFNC ,2019-12-12 08:47:19,84
SFNC ,2019-12-12 09:47:31,84
SFNC ,2019-12-12 10:47:33,84
SFNC ,2019-12-12 11:47:19,84
SFNC ,2019-12-12 12:47:13,84
SFNC ,2019-12-12 14:08:42,84
SFNC ,2019-12-12 15:47:24,85
SFNC ,2019-12-12 16:47:42,85
SFNC ,2019-12-12 17:47:21,85
SFNC ,2019-12-12 18:47:21,85
SFNC ,2019-12-12 19:47:25,85
SFNC ,2019-12-12 20:47:31,85
SFNC ,2019-12-12 21:47:21,85
SFNC ,2019-12-12 22:47:17,85
SFNC ,2019-12-12 23:47:23,85
SFNC ,2019-12-13 00:48:19,85
SFNC ,2019-12-13 01:48:30,85
SFNC ,2019-12-13 02:48:27,85
SFNC ,2019-12-13 03:48:36,85
SFNC ,2019-12-13 04:48:30,85
SFNC ,2019-12-13 05:48:45,85
SFNC ,2019-12-13 06:48:51,85
SFNC ,2019-12-13 07:48:23,85
SFNC ,2019-12-13 08:48:14,85
SFNC ,2019-12-13 09:48:24,85
SFNC ,2019-12-13 10:47:59,85
SFNC ,2019-12-13 11:48:08,85
SFNC ,2019-12-13 12:48:16,85
SFNC ,2019-12-13 14:40:51,85
SFNC ,2019-12-13 14:49:05,85
SFNC ,2019-12-13 15:48:37,85
SFNC ,2019-12-13 16:48:16,85
SFNC ,2019-12-13 17:48:31,85
SFNC ,2019-12-13 18:48:25,85
SFNC ,2019-12-13 19:48:23,85
SFNC ,2019-12-13 20:48:59,85
SFNC ,2019-12-13 21:48:20,85
SFNC ,2019-12-13 22:48:18,85
SFNC ,2019-12-13 23:48:01,85
SFNC ,2019-12-14 00:48:21,85
SFNC ,2019-12-14 01:48:04,85
SFNC ,2019-12-14 02:48:25,85
SFNC ,2019-12-14 03:48:12,85
SFNC ,2019-12-14 04:48:18,85
SFNC ,2019-12-14 05:48:21,85
SFNC ,2019-12-14 06:48:19,85
SFNC ,2019-12-14 07:47:54,85
SFNC ,2019-12-14 08:48:10,85
SFNC ,2019-12-14 09:48:07,85
SFNC ,2019-12-14 10:47:55,85
SFNC ,2019-12-14 11:47:57,85
SFNC ,2019-12-14 12:47:56,85
SFNC ,2019-12-14 13:48:30,85
SFNC ,2019-12-14 14:48:09,85
SFNC ,2019-12-14 15:48:28,85
SFNC ,2019-12-14 16:48:34,85
SFNC ,2019-12-14 17:48:08,85
SFNC ,2019-12-14 18:48:35,85
SFNC ,2019-12-14 19:48:05,85
SFNC ,2019-12-14 22:48:30,85
SFNC ,2019-12-14 23:48:13,85
SFNC ,2019-12-15 00:48:25,85
SFNC ,2019-12-15 01:48:38,85
SFNC ,2019-12-15 02:48:33,85
SFNC ,2019-12-15 03:48:15,85
SFNC ,2019-12-15 04:48:20,85
SFNC ,2019-12-15 05:48:00,85
SFNC ,2019-12-15 06:48:20,85
SFNC ,2019-12-15 07:48:00,85
SFNC ,2019-12-15 08:48:08,85
SFNC ,2019-12-15 09:47:48,85
SFNC ,2019-12-15 10:47:53,85
SFNC ,2019-12-15 11:48:09,85
SFNC ,2019-12-15 13:48:08,85
SFNC ,2019-12-15 14:47:52,85
SFNC ,2019-12-15 15:48:23,85
SFNC ,2019-12-15 16:48:25,85
SFNC ,2019-12-15 17:48:18,85
SFNC ,2019-12-15 19:48:12,85
SFNC ,2019-12-15 20:48:16,85
SFNC ,2019-12-15 21:48:12,85
SFNC ,2019-12-15 22:48:01,85
SFNC ,2019-12-15 23:48:24,85
SFNC ,2019-12-16 00:48:13,85
SFNC ,2019-12-16 01:48:38,85
SFNC ,2019-12-16 02:48:11,85
SFNC ,2019-12-16 04:49:05,85
SFNC ,2019-12-16 05:48:31,85
SFNC ,2019-12-16 06:48:26,85
SFNC ,2019-12-16 07:47:56,85
SFNC ,2019-12-16 08:48:03,85
SFNC ,2019-12-16 09:48:02,85
SFNC ,2019-12-16 10:47:53,85
SFNC ,2019-12-16 11:48:17,85
SFNC ,2019-12-16 12:48:15,85
SFNC ,2019-12-16 13:48:18,85
SFNC ,2019-12-16 14:50:11,85
SFNC ,2019-12-16 16:08:13,85
SFNC ,2019-12-16 16:48:53,85
SFNC ,2019-12-16 17:48:41,85
SFNC ,2019-12-16 18:48:34,85
SFNC ,2019-12-16 19:48:20,85
SFNC ,2019-12-16 20:48:28,85
SFNC ,2019-12-16 21:48:17,85
SFNC ,2019-12-16 22:48:17,85
SFNC ,2019-12-16 23:48:09,85
SFNC ,2019-12-17 00:47:58,85
SFNC ,2019-12-17 01:48:12,85
SFNC ,2019-12-17 02:48:36,85
SFNC ,2019-12-17 03:48:24,85
SFNC ,2019-12-17 04:48:37,85
SFNC ,2019-12-17 05:48:23,85
SFNC ,2019-12-17 06:48:35,85
SFNC ,2019-12-17 07:48:09,85
SFNC ,2019-12-17 08:48:30,85
SFNC ,2019-12-17 09:47:51,85
SFNC ,2019-12-17 10:48:02,85
SFNC ,2019-12-17 11:47:47,85
SFNC ,2019-12-17 12:47:52,85
SFNC ,2019-12-17 14:09:42,85
SFNC ,2019-12-17 14:49:06,85
SFNC ,2019-12-17 15:48:45,85
SFNC ,2019-12-17 16:48:29,86
SFNC ,2019-12-17 17:48:31,86
SFNC ,2019-12-17 18:48:16,86
SFNC ,2019-12-17 19:48:44,86
SFNC ,2019-12-17 20:48:32,86
SFNC ,2019-12-17 21:48:03,85
SFNC ,2019-12-17 22:48:18,85
SFNC ,2019-12-17 23:48:25,85
SFNC ,2019-12-18 01:48:49,85
SFNC ,2019-12-18 02:48:32,85
SFNC ,2019-12-18 03:48:17,85
SFNC ,2019-12-18 04:47:56,85
SFNC ,2019-12-18 05:48:20,85
SFNC ,2019-12-18 06:48:15,85
SFNC ,2019-12-18 07:47:59,85
SFNC ,2019-12-18 08:48:28,85
SFNC ,2019-12-18 09:48:07,85
SFNC ,2019-12-18 10:48:00,85
SFNC ,2019-12-18 11:48:05,85
SFNC ,2019-12-18 12:48:12,85
SFNC ,2019-12-18 14:08:43,85
SFNC ,2019-12-18 14:49:13,85
SFNC ,2019-12-18 15:48:28,85
SFNC ,2019-12-18 16:48:37,85
SFNC ,2019-12-18 17:48:36,85
SFNC ,2019-12-18 18:48:27,85
SFNC ,2019-12-18 19:48:22,85
SFNC ,2019-12-18 20:48:34,85
SFNC ,2019-12-18 21:48:13,85
SFNC ,2019-12-18 22:48:16,85
SFNC ,2019-12-18 23:48:20,85
SFNC ,2019-12-19 00:48:23,85
SFNC ,2019-12-19 01:48:16,85
SFNC ,2019-12-19 02:48:37,85
SFNC ,2019-12-19 03:48:17,85
SFNC ,2019-12-19 04:48:18,85
SFNC ,2019-12-19 05:48:01,85
SFNC ,2019-12-19 06:48:23,85
SFNC ,2019-12-19 07:48:11,85
SFNC ,2019-12-19 08:47:51,85
SFNC ,2019-12-19 09:47:55,85
SFNC ,2019-12-19 10:47:48,85
SFNC ,2019-12-19 11:47:40,85
SFNC ,2019-12-19 12:48:03,85
SFNC ,2019-12-19 14:10:15,85
SFNC ,2019-12-19 14:48:59,85
SFNC ,2019-12-19 15:49:19,83
SFNC ,2019-12-19 16:48:58,84
SFNC ,2019-12-19 17:48:40,84
SFNC ,2019-12-19 18:48:31,84
SFNC ,2019-12-19 19:48:41,84
SFNC ,2019-12-19 21:10:17,84
SFNC ,2019-12-19 21:48:36,84
SFNC ,2019-12-19 22:48:36,84
SFNC ,2019-12-19 23:48:39,84
SFNC ,2019-12-20 00:48:37,84
SFNC ,2019-12-20 01:48:27,84
SFNC ,2019-12-20 02:48:33,84
SFNC ,2019-12-20 03:48:28,84
SFNC ,2019-12-20 04:48:46,84
SFNC ,2019-12-20 05:48:35,84
SFNC ,2019-12-20 06:48:54,84
SFNC ,2019-12-20 07:48:37,84
SFNC ,2019-12-20 08:48:38,84
SFNC ,2019-12-20 09:48:24,84
SFNC ,2019-12-20 10:47:52,84
SFNC ,2019-12-20 11:48:18,84
SFNC ,2019-12-20 12:48:34,84
SFNC ,2019-12-20 14:09:14,84
SFNC ,2019-12-20 14:49:42,84
SFNC ,2019-12-20 15:49:24,85
SFNC ,2019-12-20 16:49:12,85
SFNC ,2019-12-20 17:49:09,85
SFNC ,2019-12-20 18:48:50,85
SFNC ,2019-12-20 19:49:09,85
SFNC ,2019-12-20 20:49:09,85
SFNC ,2019-12-20 21:48:41,85
SFNC ,2019-12-20 22:48:33,85
SFNC ,2019-12-20 23:48:50,85
SFNC ,2019-12-21 00:48:46,85
SFNC ,2019-12-21 01:48:36,85
SFNC ,2019-12-21 02:49:01,85
SFNC ,2019-12-21 03:48:24,85
SFNC ,2019-12-21 04:48:46,85
SFNC ,2019-12-21 05:48:18,85
SFNC ,2019-12-21 06:48:15,85
SFNC ,2019-12-21 07:48:28,85
SFNC ,2019-12-21 08:48:21,85
SFNC ,2019-12-21 09:47:58,85
SFNC ,2019-12-21 10:47:58,85
SFNC ,2019-12-21 11:47:48,85
SFNC ,2019-12-21 12:48:11,85
SFNC ,2019-12-21 13:48:07,85
SFNC ,2019-12-21 14:48:25,85
SFNC ,2019-12-21 15:48:16,85
SFNC ,2019-12-21 16:48:44,85
SFNC ,2019-12-21 17:48:13,85
SFNC ,2019-12-21 18:48:06,85
SFNC ,2019-12-21 19:48:11,85
SFNC ,2019-12-21 20:48:14,85
SFNC ,2019-12-21 22:48:46,85
SFNC ,2019-12-21 23:48:00,85
SFNC ,2019-12-22 00:48:07,85
SFNC ,2019-12-22 01:48:09,85
SFNC ,2019-12-22 02:48:06,85
SFNC ,2019-12-22 04:48:26,85
SFNC ,2019-12-22 05:47:54,85
SFNC ,2019-12-22 06:48:01,85
SFNC ,2019-12-22 07:48:05,85
SFNC ,2019-12-22 08:48:02,85
SFNC ,2019-12-22 09:48:00,85
SFNC ,2019-12-22 10:47:57,85
SFNC ,2019-12-22 11:47:50,85
SFNC ,2019-12-22 12:48:04,85
SFNC ,2019-12-22 13:48:04,85
SFNC ,2019-12-22 14:48:11,85
SFNC ,2019-12-22 15:48:35,85
SFNC ,2019-12-22 16:48:15,85
SFNC ,2019-12-22 17:48:17,85
SFNC ,2019-12-22 18:48:09,85
SFNC ,2019-12-22 19:48:35,85
SFNC ,2019-12-22 20:48:42,85
SFNC ,2019-12-22 22:48:13,85
SFNC ,2019-12-22 23:48:29,85
SFNC ,2019-12-23 00:48:37,85
SFNC ,2019-12-23 01:48:40,85
SFNC ,2019-12-23 02:48:22,85
SFNC ,2019-12-23 03:48:30,85
SFNC ,2019-12-23 04:48:41,85
SFNC ,2019-12-23 05:48:28,85
SFNC ,2019-12-23 06:48:31,85
SFNC ,2019-12-23 07:48:02,85
SFNC ,2019-12-23 08:48:06,85
SFNC ,2019-12-23 09:47:48,85
SFNC ,2019-12-23 10:47:55,85
SFNC ,2019-12-23 11:48:07,85
SFNC ,2019-12-23 12:48:07,85
SFNC ,2019-12-23 14:10:18,85
SFNC ,2019-12-23 14:49:41,85
SFNC ,2019-12-23 15:48:38,84
SFNC ,2019-12-23 16:48:25,84
SFNC ,2019-12-23 17:48:47,84
SFNC ,2019-12-23 18:48:47,84
SFNC ,2019-12-23 19:48:47,84
SFNC ,2019-12-23 20:48:52,84
SFNC ,2019-12-23 21:48:38,84
SFNC ,2019-12-23 22:48:19,84
SFNC ,2019-12-23 23:48:38,84
SFNC ,2019-12-24 00:48:12,84
SFNC ,2019-12-24 01:48:15,84
SFNC ,2019-12-24 02:48:40,84
SFNC ,2019-12-24 03:48:51,84
SFNC ,2019-12-24 04:48:49,84
SFNC ,2019-12-24 05:48:15,84
SFNC ,2019-12-24 06:48:45,84
SFNC ,2019-12-24 07:48:02,84
SFNC ,2019-12-24 08:48:08,84
SFNC ,2019-12-24 09:48:05,84
SFNC ,2019-12-24 10:47:47,84
SFNC ,2019-12-24 11:48:10,84
SFNC ,2019-12-24 12:47:53,84
SFNC ,2019-12-24 13:48:03,84
SFNC ,2019-12-24 14:49:20,84
SFNC ,2019-12-24 15:48:30,84
SFNC ,2019-12-24 16:48:15,84
SFNC ,2019-12-24 17:48:28,84
SFNC ,2019-12-24 18:48:09,84
SFNC ,2019-12-24 19:48:27,84
SFNC ,2019-12-24 20:48:00,84
SFNC ,2019-12-24 21:48:05,84
SFNC ,2019-12-24 22:48:40,84
SFNC ,2019-12-24 23:48:22,84
SFNC ,2019-12-25 00:48:31,84
SFNC ,2019-12-25 01:47:58,84
SFNC ,2019-12-25 02:48:00,84
SFNC ,2019-12-25 03:48:19,84
SFNC ,2019-12-25 04:48:24,84
SFNC ,2019-12-25 05:48:28,84
SFNC ,2019-12-25 06:48:13,84
SFNC ,2019-12-25 07:48:08,84
SFNC ,2019-12-25 08:48:39,84
SFNC ,2019-12-25 09:48:12,84
SFNC ,2019-12-25 10:48:01,84
SFNC ,2019-12-25 11:47:53,84
SFNC ,2019-12-25 12:47:59,84
SFNC ,2019-12-25 13:47:56,84
SFNC ,2019-12-25 14:48:17,84
SFNC ,2019-12-25 15:48:33,84
SFNC ,2019-12-25 16:48:13,84
SFNC ,2019-12-25 17:48:27,84
SFNC ,2019-12-25 18:47:59,84
SFNC ,2019-12-25 19:48:08,84
SFNC ,2019-12-25 20:48:07,84
SFNC ,2019-12-25 21:48:14,84
SFNC ,2019-12-25 22:48:10,84
SFNC ,2019-12-25 23:48:15,84
SFNC ,2019-12-26 00:48:26,84
SFNC ,2019-12-26 01:48:30,84
SFNC ,2019-12-26 02:48:33,84
SFNC ,2019-12-26 03:48:47,84
SFNC ,2019-12-26 04:48:42,84
SFNC ,2019-12-26 05:48:16,84
SFNC ,2019-12-26 06:48:29,84
SFNC ,2019-12-26 07:48:23,84
SFNC ,2019-12-26 08:47:57,84
SFNC ,2019-12-26 09:47:54,84
SFNC ,2019-12-26 10:47:59,84
SFNC ,2019-12-26 11:47:50,84
SFNC ,2019-12-26 12:47:49,84
SFNC ,2019-12-26 13:48:16,84
SFNC ,2019-12-26 14:48:57,84
SFNC ,2019-12-26 15:48:47,83
SFNC ,2019-12-26 16:48:32,83
SFNC ,2019-12-26 17:48:58,83
SFNC ,2019-12-26 18:48:21,83
SFNC ,2019-12-26 19:48:19,83
SFNC ,2019-12-26 20:49:07,83
SFNC ,2019-12-26 21:48:43,83
SFNC ,2019-12-26 22:49:08,83
SFNC ,2019-12-26 23:48:29,83
SFNC ,2019-12-27 00:48:10,83
SFNC ,2019-12-27 01:48:45,83
SFNC ,2019-12-27 02:48:51,83
SFNC ,2019-12-27 03:48:24,83
SFNC ,2019-12-27 04:48:49,83
SFNC ,2019-12-27 05:48:45,83
SFNC ,2019-12-27 06:48:53,83
SFNC ,2019-12-27 07:48:10,83
SFNC ,2019-12-27 08:48:28,83
SFNC ,2019-12-27 09:48:01,83
SFNC ,2019-12-27 10:47:44,83
SFNC ,2019-12-27 11:48:02,83
SFNC ,2019-12-27 12:48:14,83
SFNC ,2019-12-27 14:10:15,83
SFNC ,2019-12-27 14:48:54,83
SFNC ,2019-12-27 15:48:41,84
SFNC ,2019-12-27 16:48:30,84
SFNC ,2019-12-27 17:48:30,84
SFNC ,2019-12-27 18:48:38,84
SFNC ,2019-12-27 19:49:13,84
SFNC ,2019-12-27 20:48:36,84
SFNC ,2019-12-27 21:48:55,84
SFNC ,2019-12-27 22:48:39,84
SFNC ,2019-12-27 23:48:13,84
SFNC ,2019-12-28 00:48:40,84
SFNC ,2019-12-28 01:48:23,84
SFNC ,2019-12-28 02:48:23,84
SFNC ,2019-12-28 03:48:19,84
SFNC ,2019-12-28 04:48:40,84
SFNC ,2019-12-28 05:48:38,84
SFNC ,2019-12-28 06:48:34,84
SFNC ,2019-12-28 07:48:16,84
SFNC ,2019-12-28 08:48:33,84
SFNC ,2019-12-28 09:48:08,84
SFNC ,2019-12-28 10:48:16,84
SFNC ,2019-12-28 11:47:56,84
SFNC ,2019-12-28 12:47:49,84
SFNC ,2019-12-28 13:48:07,84
SFNC ,2019-12-28 14:48:28,84
SFNC ,2019-12-28 15:48:49,84
SFNC ,2019-12-28 16:48:18,84
SFNC ,2019-12-28 17:48:43,84
SFNC ,2019-12-28 18:48:22,84
SFNC ,2019-12-28 19:48:17,84
SFNC ,2019-12-28 20:48:42,84
SFNC ,2019-12-28 21:48:12,84
SFNC ,2019-12-28 22:48:22,84
SFNC ,2019-12-28 23:48:30,84
SFNC ,2019-12-29 00:48:22,84
SFNC ,2019-12-29 01:48:52,84
SFNC ,2019-12-29 02:48:28,84
SFNC ,2019-12-29 03:48:50,84
SFNC ,2019-12-29 05:48:47,84
SFNC ,2019-12-29 06:48:46,84
SFNC ,2019-12-29 07:48:16,84
SFNC ,2019-12-29 08:48:38,84
SFNC ,2019-12-29 09:48:12,84
SFNC ,2019-12-29 10:48:18,84
SFNC ,2019-12-29 11:48:03,84
SFNC ,2019-12-29 12:48:08,84
SFNC ,2019-12-29 13:48:08,84
SFNC ,2019-12-29 14:48:24,84
SFNC ,2019-12-29 15:48:24,84
SFNC ,2019-12-29 16:48:28,84
SFNC ,2019-12-29 17:48:12,84
SFNC ,2019-12-29 18:48:30,84
SFNC ,2019-12-29 19:48:37,84
SFNC ,2019-12-29 20:48:08,84
SFNC ,2019-12-29 21:49:06,84
SFNC ,2019-12-29 22:48:25,84
SFNC ,2019-12-29 23:48:05,84
SFNC ,2019-12-30 00:48:13,84
SFNC ,2019-12-30 01:48:38,84
SFNC ,2019-12-30 02:49:07,84
SFNC ,2019-12-30 03:48:08,84
SFNC ,2019-12-30 04:48:55,84
SFNC ,2019-12-30 05:48:28,84
SFNC ,2019-12-30 06:48:08,84
SFNC ,2019-12-30 07:47:55,84
SFNC ,2019-12-30 08:48:15,84
SFNC ,2019-12-30 09:48:24,84
SFNC ,2019-12-30 10:47:45,84
SFNC ,2019-12-30 11:48:20,84
SFNC ,2019-12-30 12:48:07,84
SFNC ,2019-12-30 14:10:12,84
SFNC ,2019-12-30 14:49:33,84
SFNC ,2019-12-30 15:48:40,84
SFNC ,2019-12-30 16:48:34,83
SFNC ,2019-12-30 17:48:34,83
SFNC ,2019-12-30 18:48:46,83
SFNC ,2019-12-30 19:48:42,83
SFNC ,2019-12-30 20:48:23,83
SFNC ,2019-12-30 21:48:18,83
SFNC ,2019-12-30 22:48:07,83
SFNC ,2019-12-30 23:48:25,83
SFNC ,2019-12-31 00:48:24,83
SFNC ,2019-12-31 01:48:10,83
SFNC ,2019-12-31 02:48:28,83
SFNC ,2019-12-31 03:48:36,83
SFNC ,2019-12-31 04:48:16,83
SFNC ,2019-12-31 05:48:06,83
SFNC ,2019-12-31 06:48:25,83
SFNC ,2019-12-31 07:48:09,83
SFNC ,2019-12-31 08:48:35,83
SFNC ,2019-12-31 09:48:23,83
SFNC ,2019-12-31 10:48:42,83
SFNC ,2019-12-31 11:48:28,83
SFNC ,2019-12-31 12:48:14,83
SFNC ,2019-12-31 14:11:15,83
SFNC ,2019-12-31 14:49:22,83
SFNC ,2019-12-31 15:48:53,83
SFNC ,2019-12-31 16:48:29,83
SFNC ,2019-12-31 17:48:21,82
SFNC ,2019-12-31 18:48:28,82
SFNC ,2019-12-31 19:48:35,82
SFNC ,2019-12-31 20:48:32,82
SFNC ,2019-12-31 21:48:17,82
SFNC ,2019-12-31 22:48:22,82
SFNC ,2019-12-31 23:48:18,82
SFNC ,2020-01-01 00:48:11,82
SFNC ,2020-01-01 01:48:12,82
SFNC ,2020-01-01 02:48:12,82
SFNC ,2020-01-01 03:48:20,82
SFNC ,2020-01-01 04:47:56,82
SFNC ,2020-01-01 05:48:46,82
SFNC ,2020-01-01 06:48:41,82
SFNC ,2020-01-01 07:48:17,82
SFNC ,2020-01-01 08:48:16,82
SFNC ,2020-01-01 09:48:01,82
SFNC ,2020-01-01 10:47:49,82
SFNC ,2020-01-01 11:47:58,82
SFNC ,2020-01-01 12:48:01,82
SFNC ,2020-01-01 13:48:03,82
SFNC ,2020-01-01 14:48:09,82
SFNC ,2020-01-01 15:48:15,82
SFNC ,2020-01-01 16:48:24,82
SFNC ,2020-01-01 17:48:15,82
SFNC ,2020-01-01 18:48:21,82
SFNC ,2020-01-01 19:48:08,82
SFNC ,2020-01-01 20:48:28,82
SFNC ,2020-01-01 21:48:17,82
SFNC ,2020-01-01 22:48:33,82
SFNC ,2020-01-01 23:49:02,82
SFNC ,2020-01-02 00:48:47,82
SFNC ,2020-01-02 01:48:39,82
SFNC ,2020-01-02 02:49:19,82
SFNC ,2020-01-02 03:48:26,82
SFNC ,2020-01-02 04:48:35,82
SFNC ,2020-01-02 05:48:27,82
SFNC ,2020-01-02 06:48:16,82
SFNC ,2020-01-02 07:48:11,82
SFNC ,2020-01-02 08:48:20,82
SFNC ,2020-01-02 09:48:08,82
SFNC ,2020-01-02 10:48:02,82
SFNC ,2020-01-02 11:48:13,82
SFNC ,2020-01-02 12:48:09,82
SFNC ,2020-01-02 14:11:44,82
SFNC ,2020-01-02 14:50:15,82
SFNC ,2020-01-02 15:48:54,83
SFNC ,2020-01-02 16:48:45,84
SFNC ,2020-01-02 17:48:52,84
SFNC ,2020-01-02 18:48:51,84
SFNC ,2020-01-02 19:48:40,84
SFNC ,2020-01-02 20:48:52,84
SFNC ,2020-01-02 21:48:19,84
SFNC ,2020-01-02 22:49:18,84
SFNC ,2020-01-02 23:48:19,84
SFNC ,2020-01-03 00:48:41,84
SFNC ,2020-01-03 01:48:34,84
SFNC ,2020-01-03 02:48:50,84
SFNC ,2020-01-03 03:48:26,84
SFNC ,2020-01-03 04:48:23,84
SFNC ,2020-01-03 05:48:30,84
SFNC ,2020-01-03 06:48:36,84
SFNC ,2020-01-03 07:48:20,84
SFNC ,2020-01-03 08:48:33,84
SFNC ,2020-01-03 09:48:10,84
SFNC ,2020-01-03 10:48:15,84
SFNC ,2020-01-03 11:48:10,84
SFNC ,2020-01-03 12:47:59,84
SFNC ,2020-01-03 14:11:44,84
SFNC ,2020-01-03 14:52:57,84
SFNC ,2020-01-03 15:48:35,85
SFNC ,2020-01-03 16:48:43,85
SFNC ,2020-01-03 17:49:28,85
SFNC ,2020-01-03 18:48:37,85
SFNC ,2020-01-03 19:48:25,85
SFNC ,2020-01-03 20:48:45,85
SFNC ,2020-01-03 21:48:15,86
SFNC ,2020-01-03 22:48:24,86
SFNC ,2020-01-03 23:48:16,86
SFNC ,2020-01-04 00:48:27,86
SFNC ,2020-01-04 01:48:22,86
SFNC ,2020-01-04 02:48:14,86
SFNC ,2020-01-04 03:48:44,86
SFNC ,2020-01-04 04:48:30,86
SFNC ,2020-01-04 05:48:24,86
SFNC ,2020-01-04 06:48:15,86
SFNC ,2020-01-04 07:48:00,86
SFNC ,2020-01-04 08:48:08,86
SFNC ,2020-01-04 09:47:59,86
SFNC ,2020-01-04 10:48:05,86
SFNC ,2020-01-04 11:47:53,86
SFNC ,2020-01-04 12:48:16,86
SFNC ,2020-01-04 13:48:13,86
SFNC ,2020-01-04 14:48:15,86
SFNC ,2020-01-04 15:48:26,86
SFNC ,2020-01-04 16:48:27,86
SFNC ,2020-01-04 17:48:39,86
SFNC ,2020-01-04 19:48:21,86
SFNC ,2020-01-04 20:48:35,86
SFNC ,2020-01-04 21:49:10,86
SFNC ,2020-01-04 22:48:37,86
SFNC ,2020-01-04 23:48:34,86
SFNC ,2020-01-05 00:48:14,86
SFNC ,2020-01-05 01:49:14,86
SFNC ,2020-01-05 02:48:51,86
SFNC ,2020-01-05 03:48:36,86
SFNC ,2020-01-05 04:48:15,86
SFNC ,2020-01-05 05:48:14,86
SFNC ,2020-01-05 06:48:16,86
SFNC ,2020-01-05 07:47:57,86
SFNC ,2020-01-05 08:47:51,86
SFNC ,2020-01-05 09:47:49,86
SFNC ,2020-01-05 10:47:48,86
SFNC ,2020-01-05 11:48:17,86
SFNC ,2020-01-05 12:47:55,86
SFNC ,2020-01-05 13:48:13,86
SFNC ,2020-01-05 14:48:01,86
SFNC ,2020-01-05 15:48:00,86
SFNC ,2020-01-05 16:48:23,86
SFNC ,2020-01-05 17:49:24,86
SFNC ,2020-01-05 18:48:31,86
SFNC ,2020-01-05 20:48:31,86
SFNC ,2020-01-05 21:48:33,86
SFNC ,2020-01-05 22:48:20,86
SFNC ,2020-01-05 23:48:23,86
SFNC ,2020-01-06 00:48:35,86
SFNC ,2020-01-06 01:48:31,86
SFNC ,2020-01-06 02:48:48,86
SFNC ,2020-01-06 03:49:00,86
SFNC ,2020-01-06 04:48:57,86
SFNC ,2020-01-06 05:48:49,86
SFNC ,2020-01-06 06:48:34,86
SFNC ,2020-01-06 07:48:13,86
SFNC ,2020-01-06 08:48:23,86
SFNC ,2020-01-16 06:48:02,90
SFNC ,2020-01-16 07:48:03,90
SFNC ,2020-01-16 08:48:02,90
SFNC ,2020-01-16 09:47:46,90
SFNC ,2020-01-16 10:47:52,90
SFNC ,2020-01-16 11:47:51,90
SFNC ,2020-01-16 12:47:57,90
SFNC ,2020-01-16 14:11:45,90
SFNC ,2020-01-16 15:48:08,91
SFNC ,2020-01-16 16:48:18,91
SFNC ,2020-01-16 17:48:14,91
SFNC ,2020-01-16 18:48:03,91
SFNC ,2020-01-16 19:48:09,91
SFNC ,2020-01-16 20:48:13,91
SFNC ,2020-01-16 21:47:57,91
SFNC ,2020-01-16 22:48:11,91
SFNC ,2020-01-16 23:48:03,91
SFNC ,2020-01-17 00:48:38,91
SFNC ,2020-01-17 01:48:45,91
SFNC ,2020-01-17 02:47:59,91
SFNC ,2020-01-17 03:47:49,91
SFNC ,2020-01-17 04:47:50,91
SFNC ,2020-01-17 05:47:56,91
SFNC ,2020-01-17 06:47:53,91
SFNC ,2020-01-17 07:47:34,91
SFNC ,2020-01-17 08:47:28,91
SFNC ,2020-01-17 09:48:38,91
SFNC ,2020-01-17 10:47:27,91
SFNC ,2020-01-17 11:47:25,91
SFNC ,2020-01-17 12:47:47,91
SFNC ,2020-01-17 14:09:47,91
SFNC ,2020-01-17 14:48:13,91
SFNC ,2020-01-17 15:47:59,91
SFNC ,2020-01-17 16:48:00,91
SFNC ,2020-01-17 17:47:53,91
SFNC ,2020-01-17 18:47:55,91
SFNC ,2020-01-17 19:47:56,91
SFNC ,2020-01-17 20:47:51,91
SFNC ,2020-01-17 21:47:41,91
SFNC ,2020-01-17 22:47:47,91
SFNC ,2020-01-17 23:47:44,91
SFNC ,2020-01-18 00:48:33,91
SFNC ,2020-01-18 01:47:47,91
SFNC ,2020-01-18 02:47:47,91
SFNC ,2020-01-18 03:47:54,91
SFNC ,2020-01-18 04:47:49,91
SFNC ,2020-01-18 05:47:54,91
SFNC ,2020-01-18 06:47:32,91
SFNC ,2020-01-18 07:47:44,91
SFNC ,2020-01-18 08:47:46,91
SFNC ,2020-01-18 09:47:37,91
SFNC ,2020-01-18 10:47:39,91
SFNC ,2020-01-18 11:47:26,91
SFNC ,2020-01-18 12:47:38,91
SFNC ,2020-01-18 13:47:43,91
SFNC ,2020-01-18 14:47:47,91
SFNC ,2020-01-18 15:47:48,91
SFNC ,2020-01-18 16:47:30,91
SFNC ,2020-01-18 17:48:00,91
SFNC ,2020-01-18 18:47:53,91
SFNC ,2020-01-18 19:48:23,91
SFNC ,2020-01-18 20:47:54,91
SFNC ,2020-01-18 21:48:00,91
SFNC ,2020-01-18 23:47:53,91
SFNC ,2020-01-19 00:47:30,91
SFNC ,2020-01-19 01:47:54,91
SFNC ,2020-01-19 02:47:59,91
SFNC ,2020-01-19 03:47:54,91
SFNC ,2020-01-19 04:47:52,91
SFNC ,2020-01-19 05:47:44,91
SFNC ,2020-01-19 06:47:46,91
SFNC ,2020-01-19 07:47:35,91
SFNC ,2020-01-19 08:48:10,91
SFNC ,2020-01-19 09:47:37,91
SFNC ,2020-01-19 10:47:27,91
SFNC ,2020-01-19 11:47:26,91
SFNC ,2020-01-19 12:47:43,91
SFNC ,2020-01-19 13:47:33,91
SFNC ,2020-01-19 14:48:15,91
SFNC ,2020-01-19 15:48:23,91
SFNC ,2020-01-19 16:47:34,91
SFNC ,2020-01-19 17:47:41,91
SFNC ,2020-01-19 18:47:34,91
SFNC ,2020-01-19 19:48:38,91
SFNC ,2020-01-19 20:47:49,91
SFNC ,2020-01-19 21:47:46,91
SFNC ,2020-01-19 22:47:42,91
SFNC ,2020-01-19 23:48:58,91
SFNC ,2020-01-20 00:48:37,91
SFNC ,2020-01-20 01:48:27,91
SFNC ,2020-01-20 02:48:03,91
SFNC ,2020-01-20 03:48:33,91
SFNC ,2020-01-20 04:48:30,91
SFNC ,2020-01-20 05:47:43,91
SFNC ,2020-01-20 06:48:34,91
SFNC ,2020-01-20 07:47:33,91
SFNC ,2020-01-20 08:48:32,91
SFNC ,2020-01-20 09:54:38,91
SFNC ,2020-01-20 10:48:07,91
SFNC ,2020-01-20 11:47:26,91
SFNC ,2020-01-20 12:47:38,91
SFNC ,2020-01-20 13:48:24,91
SFNC ,2020-01-20 14:48:05,91
SFNC ,2020-01-20 15:48:29,91
SFNC ,2020-01-20 16:47:40,91
SFNC ,2020-01-20 17:48:24,91
SFNC ,2020-01-20 18:47:43,91
SFNC ,2020-01-20 19:48:24,91
SFNC ,2020-01-20 21:48:51,91
SFNC ,2020-01-20 22:48:36,91
SFNC ,2020-01-20 23:48:33,91
SFNC ,2020-01-21 00:48:39,91
SFNC ,2020-01-21 01:48:16,91
SFNC ,2020-01-21 02:48:37,91
SFNC ,2020-01-21 03:47:42,91
SFNC ,2020-01-21 04:47:49,91
SFNC ,2020-01-21 05:47:42,91
SFNC ,2020-01-21 06:47:37,91
SFNC ,2020-01-21 07:47:30,91
SFNC ,2020-01-21 08:47:48,91
SFNC ,2020-01-21 10:03:10,91
SFNC ,2020-01-21 10:48:31,91
SFNC ,2020-01-21 11:47:39,91
SFNC ,2020-01-21 12:47:42,91
SFNC ,2020-01-21 13:47:44,91
SFNC ,2020-01-21 15:48:53,91
SFNC ,2020-01-21 16:48:11,91
SFNC ,2020-01-21 17:48:39,91
SFNC ,2020-01-21 18:48:08,90
SFNC ,2020-01-21 19:48:38,90
SFNC ,2020-01-21 20:47:58,90
SFNC ,2020-01-21 21:48:46,90
SFNC ,2020-01-21 22:48:28,90
SFNC ,2020-01-21 23:48:03,90
SFNC ,2020-01-22 00:47:54,90
SFNC ,2020-01-22 01:48:07,90
SFNC ,2020-01-22 02:48:30,90
SFNC ,2020-01-22 03:47:56,90
SFNC ,2020-01-22 04:48:04,90
SFNC ,2020-01-22 05:47:58,90
SFNC ,2020-01-22 06:47:43,90
SFNC ,2020-01-22 07:47:43,90
SFNC ,2020-01-22 08:47:55,90
SFNC ,2020-01-22 09:59:20,90
SFNC ,2020-01-22 10:47:29,90
SFNC ,2020-01-22 11:47:27,90
SFNC ,2020-01-22 12:48:10,90
SFNC ,2020-01-22 13:48:12,90
SFNC ,2020-01-22 14:48:42,90
SFNC ,2020-01-22 15:48:10,90
SFNC ,2020-01-22 16:48:43,90
SFNC ,2020-01-22 17:48:37,90
SFNC ,2020-01-22 18:48:14,90
SFNC ,2020-01-22 19:48:45,90
SFNC ,2020-01-22 20:48:41,90
SFNC ,2020-01-22 21:48:44,90
SFNC ,2020-01-22 22:48:21,90
SFNC ,2020-01-22 23:48:33,90
SFNC ,2020-01-23 00:48:32,90
SFNC ,2020-01-23 01:48:42,90
SFNC ,2020-01-23 02:48:05,90
SFNC ,2020-01-23 03:48:06,90
SFNC ,2020-01-23 04:47:56,90
SFNC ,2020-01-23 05:47:31,90
SFNC ,2020-01-23 06:47:50,90
SFNC ,2020-01-23 07:47:50,90
SFNC ,2020-01-23 08:47:47,90
SFNC ,2020-01-23 10:47:35,90
SFNC ,2020-01-23 11:47:43,90
SFNC ,2020-01-23 12:47:45,90
SFNC ,2020-01-23 14:11:17,90
SFNC ,2020-01-23 14:48:30,90
SFNC ,2020-01-23 15:48:09,89
SFNC ,2020-01-23 16:47:56,89
SFNC ,2020-01-23 17:47:45,89
SFNC ,2020-01-23 18:48:11,89
SFNC ,2020-01-23 19:47:53,89
SFNC ,2020-01-23 20:48:07,89
SFNC ,2020-01-23 21:48:07,89
SFNC ,2020-01-23 22:47:49,89
SFNC ,2020-01-23 23:47:48,89
SFNC ,2020-01-24 00:47:48,89
SFNC ,2020-01-24 01:48:01,89
SFNC ,2020-01-24 02:48:32,89
SFNC ,2020-01-24 03:47:40,89
SFNC ,2020-01-24 04:47:49,89
SFNC ,2020-01-24 05:48:04,89
SFNC ,2020-01-24 06:47:31,89
SFNC ,2020-01-24 07:48:03,89
SFNC ,2020-01-24 08:47:30,89
SFNC ,2020-01-24 09:57:25,89
SFNC ,2020-01-24 10:47:42,89
SFNC ,2020-01-24 11:47:35,89
SFNC ,2020-01-24 12:47:41,89
SFNC ,2020-01-24 14:10:17,90
SFNC ,2020-01-24 14:48:07,90
SFNC ,2020-01-24 15:48:09,92
SFNC ,2020-01-24 16:48:00,91
SFNC ,2020-01-24 17:47:49,91
SFNC ,2020-01-24 18:47:53,92
SFNC ,2020-01-24 19:48:06,92
SFNC ,2020-01-24 20:48:05,92
SFNC ,2020-01-24 21:47:46,91
SFNC ,2020-01-24 22:47:42,91
SFNC ,2020-01-24 23:47:49,91
SFNC ,2020-01-25 00:47:41,91
SFNC ,2020-01-25 01:47:55,91
SFNC ,2020-01-25 02:48:06,91
SFNC ,2020-01-25 03:48:02,91
SFNC ,2020-01-25 04:47:50,91
SFNC ,2020-01-25 05:47:55,91
SFNC ,2020-01-25 06:47:46,91
SFNC ,2020-01-25 07:47:50,91
SFNC ,2020-01-25 08:47:53,91
SFNC ,2020-01-25 09:57:50,91
SFNC ,2020-01-25 10:47:27,91
SFNC ,2020-01-25 11:47:38,91
SFNC ,2020-01-25 12:47:51,91
SFNC ,2020-01-25 14:47:44,91
SFNC ,2020-01-25 15:47:40,91
SFNC ,2020-01-25 16:47:52,91
SFNC ,2020-01-25 17:47:51,91
SFNC ,2020-01-25 18:47:49,91
SFNC ,2020-01-25 19:47:53,91
SFNC ,2020-01-25 20:47:46,91
SFNC ,2020-01-25 21:47:42,91
SFNC ,2020-01-25 22:47:48,91
SFNC ,2020-01-25 23:47:43,91
SFNC ,2020-01-26 00:47:57,91
SFNC ,2020-01-26 01:47:51,91
SFNC ,2020-01-26 02:47:56,91
SFNC ,2020-01-26 03:47:49,91
SFNC ,2020-01-26 04:47:38,91
SFNC ,2020-01-26 06:47:46,91
SFNC ,2020-01-26 07:47:34,91
SFNC ,2020-01-27 02:47:53,91
SFNC ,2020-01-27 03:47:51,91
SFNC ,2020-01-27 04:47:53,91
SFNC ,2020-01-27 05:47:50,91
SFNC ,2020-01-27 06:47:59,91
SFNC ,2020-01-27 07:47:37,91
SFNC ,2020-01-27 08:47:48,91
SFNC ,2020-01-27 09:48:02,91
SFNC ,2020-01-27 10:47:46,91
SFNC ,2020-01-27 11:47:47,91
SFNC ,2020-01-27 12:47:19,91
SFNC ,2020-01-27 13:47:57,91
SFNC ,2020-01-27 14:49:12,91
SFNC ,2020-01-27 15:48:30,92
SFNC ,2020-01-27 16:48:07,92
SFNC ,2020-01-27 17:48:13,92
SFNC ,2020-01-27 18:48:14,92
SFNC ,2020-01-27 19:48:24,92
SFNC ,2020-01-27 20:48:08,92
SFNC ,2020-01-27 21:48:13,92
SFNC ,2020-01-27 22:48:52,92
SFNC ,2020-01-27 23:48:21,92
SFNC ,2020-01-28 00:47:44,92
SFNC ,2020-01-28 01:48:22,92
SFNC ,2020-01-28 02:48:18,92
SFNC ,2020-01-28 03:48:04,92
SFNC ,2020-01-28 04:48:10,92
SFNC ,2020-01-28 05:47:55,92
SFNC ,2020-01-28 06:47:32,92
SFNC ,2020-01-28 07:47:41,92
SFNC ,2020-01-28 08:47:57,92
SFNC ,2020-01-28 09:48:24,92
SFNC ,2020-01-28 10:47:42,92
SFNC ,2020-01-28 11:47:39,92
SFNC ,2020-01-28 12:47:44,92
SFNC ,2020-01-28 14:10:50,92
SFNC ,2020-01-28 14:48:51,92
SFNC ,2020-01-28 15:48:11,93
SFNC ,2020-01-28 16:48:22,93
SFNC ,2020-01-28 17:48:00,93
SFNC ,2020-01-28 18:48:14,93
SFNC ,2020-01-28 19:48:09,93
SFNC ,2020-01-28 21:48:43,93
SFNC ,2020-01-28 22:48:16,93
SFNC ,2020-01-28 23:47:51,93
SFNC ,2020-01-29 00:47:57,93
SFNC ,2020-01-29 01:48:10,93
SFNC ,2020-01-29 02:48:29,93
SFNC ,2020-01-29 03:48:13,93
SFNC ,2020-01-29 04:48:08,93
SFNC ,2020-01-29 05:48:12,93
SFNC ,2020-01-29 06:47:57,93
SFNC ,2020-01-29 07:47:43,93
SFNC ,2020-01-29 08:47:47,93
SFNC ,2020-01-29 09:48:01,93
SFNC ,2020-01-29 10:47:35,93
SFNC ,2020-01-29 11:47:40,93
SFNC ,2020-01-29 12:47:51,93
SFNC ,2020-01-29 13:48:16,93
SFNC ,2020-01-29 14:48:46,93
SFNC ,2020-01-29 15:48:25,93
SFNC ,2020-01-29 16:48:11,93
SFNC ,2020-01-29 17:48:41,94
SFNC ,2020-01-29 18:48:22,94
SFNC ,2020-01-29 19:48:29,94
SFNC ,2020-01-29 20:48:29,94
SFNC ,2020-01-29 21:48:12,94
SFNC ,2020-01-29 22:48:00,94
SFNC ,2020-01-29 23:47:53,94
SFNC ,2020-01-30 00:48:09,94
SFNC ,2020-01-30 01:48:23,94
SFNC ,2020-01-30 02:48:17,94
SFNC ,2020-01-30 03:47:49,94
SFNC ,2020-01-30 04:48:35,94
SFNC ,2020-01-30 05:48:33,94
SFNC ,2020-01-30 06:48:02,94
SFNC ,2020-01-30 07:47:42,94
SFNC ,2020-01-30 08:47:54,94
SFNC ,2020-01-30 09:48:01,94
SFNC ,2020-01-30 10:47:29,94
SFNC ,2020-01-30 11:47:43,94
SFNC ,2020-01-30 12:47:55,94
SFNC ,2020-01-30 13:47:50,94
SFNC ,2020-01-30 14:48:41,94
SFNC ,2020-01-30 15:48:30,93
SFNC ,2020-01-30 16:48:31,93
SFNC ,2020-01-30 17:48:25,93
SFNC ,2020-01-30 18:48:18,93
SFNC ,2020-01-30 19:48:25,93
SFNC ,2020-01-30 20:47:58,93
SFNC ,2020-01-30 21:48:19,93
SFNC ,2020-01-30 22:47:39,93
SFNC ,2020-01-30 23:47:47,93
SFNC ,2020-01-31 00:47:49,93
SFNC ,2020-01-31 01:48:21,93
SFNC ,2020-01-31 02:47:58,93
SFNC ,2020-01-31 03:48:10,93
SFNC ,2020-01-31 04:48:00,93
SFNC ,2020-01-31 05:47:50,93
SFNC ,2020-01-31 06:47:39,93
SFNC ,2020-01-31 07:47:55,93
SFNC ,2020-01-31 08:48:10,93
SFNC ,2020-01-31 09:48:14,93
SFNC ,2020-01-31 10:47:45,93
SFNC ,2020-01-31 11:47:42,93
SFNC ,2020-01-31 12:47:43,93
SFNC ,2020-01-31 13:48:03,93
SFNC ,2020-01-31 14:48:14,93
SFNC ,2020-01-31 15:48:08,92
SFNC ,2020-01-31 16:48:07,92
SFNC ,2020-01-31 17:48:04,92
SFNC ,2020-01-31 18:48:02,92
SFNC ,2020-01-31 19:48:17,92
SFNC ,2020-01-31 20:48:08,93
SFNC ,2020-01-31 21:47:40,93
SFNC ,2020-01-31 22:47:45,93
SFNC ,2020-01-31 23:47:52,93
SFNC ,2020-02-01 00:47:39,93
SFNC ,2020-02-01 01:48:18,93
SFNC ,2020-02-01 02:47:51,93
SFNC ,2020-02-01 03:47:50,93
SFNC ,2020-02-01 04:47:57,93
SFNC ,2020-02-01 05:48:08,93
SFNC ,2020-02-01 06:48:13,93
SFNC ,2020-02-01 07:47:44,93
SFNC ,2020-02-01 08:47:50,93
SFNC ,2020-02-01 09:48:05,93
SFNC ,2020-02-01 10:47:36,93
SFNC ,2020-02-01 11:47:51,93
SFNC ,2020-02-01 12:47:37,93
SFNC ,2020-02-01 13:47:55,93
SFNC ,2020-02-01 14:48:04,93
SFNC ,2020-02-01 15:47:54,93
SFNC ,2020-02-01 16:47:51,93
SFNC ,2020-02-01 17:48:02,93
SFNC ,2020-02-01 18:47:48,93
SFNC ,2020-02-01 19:47:53,93
SFNC ,2020-02-01 20:48:03,93
SFNC ,2020-02-01 21:48:21,93
SFNC ,2020-02-01 22:48:05,93
SFNC ,2020-02-01 23:48:11,93
SFNC ,2020-02-02 00:48:13,93
SFNC ,2020-02-02 01:48:22,93
SFNC ,2020-02-02 02:48:06,93
SFNC ,2020-02-02 03:48:10,93
SFNC ,2020-02-02 04:47:59,93
SFNC ,2020-02-02 05:48:06,93
SFNC ,2020-02-02 06:48:04,93
SFNC ,2020-02-02 07:48:00,93
SFNC ,2020-02-02 08:48:06,93
SFNC ,2020-02-02 09:47:58,93
SFNC ,2020-02-02 10:47:52,93
SFNC ,2020-02-02 11:48:01,93
SFNC ,2020-02-02 12:48:03,93
SFNC ,2020-02-02 13:48:09,93
SFNC ,2020-02-02 14:48:03,93
SFNC ,2020-02-02 15:47:58,93
SFNC ,2020-02-02 16:48:09,93
SFNC ,2020-02-02 17:48:21,93
SFNC ,2020-02-02 18:48:01,93
SFNC ,2020-02-02 19:48:12,93
SFNC ,2020-02-02 20:48:14,93
SFNC ,2020-02-02 21:48:08,93
SFNC ,2020-02-02 22:48:09,93
SFNC ,2020-02-02 23:48:26,93
SFNC ,2020-02-03 00:48:44,93
SFNC ,2020-02-03 01:48:35,93
SFNC ,2020-02-03 02:48:04,93
SFNC ,2020-02-03 03:48:13,93
SFNC ,2020-02-03 04:48:22,93
SFNC ,2020-02-03 05:48:18,93
SFNC ,2020-02-03 06:47:59,93
SFNC ,2020-02-03 07:48:00,93
SFNC ,2020-02-03 08:48:07,93
SFNC ,2020-02-03 09:48:07,93
SFNC ,2020-02-03 10:47:58,93
SFNC ,2020-02-03 11:48:00,93
SFNC ,2020-02-03 12:47:49,93
SFNC ,2020-02-03 14:47:29,93
SFNC ,2020-02-03 14:55:14,93
SFNC ,2020-02-03 15:48:34,92
SFNC ,2020-02-03 16:48:19,92
SFNC ,2020-02-03 17:48:24,92
SFNC ,2020-02-03 18:48:30,92
SFNC ,2020-02-03 19:48:27,92
SFNC ,2020-02-03 20:48:20,92
SFNC ,2020-02-03 21:48:18,92
SFNC ,2020-02-03 22:48:12,92
SFNC ,2020-02-03 23:48:21,92
SFNC ,2020-02-04 00:48:17,92
SFNC ,2020-02-04 01:48:29,92
SFNC ,2020-02-04 02:48:29,92
SFNC ,2020-02-04 03:48:30,92
SFNC ,2020-02-04 04:48:29,92
SFNC ,2020-02-04 05:48:29,92
SFNC ,2020-02-04 06:48:08,92
SFNC ,2020-02-04 07:48:24,92
SFNC ,2020-02-04 08:47:48,92
SFNC ,2020-02-04 09:48:18,92
SFNC ,2020-02-04 10:47:53,92
SFNC ,2020-02-04 11:48:14,92
SFNC ,2020-02-04 12:48:13,92
SFNC ,2020-02-04 14:14:24,92
SFNC ,2020-02-04 15:48:36,92
SFNC ,2020-02-04 16:48:25,92
SFNC ,2020-02-04 17:48:32,92
SFNC ,2020-02-04 18:48:14,92
SFNC ,2020-02-04 19:48:20,92
SFNC ,2020-02-04 20:48:20,92
SFNC ,2020-02-04 21:48:23,92
SFNC ,2020-02-04 22:48:17,92
SFNC ,2020-02-04 23:48:20,92
SFNC ,2020-02-05 00:48:27,92
SFNC ,2020-02-05 01:48:21,92
SFNC ,2020-02-05 02:48:28,92
SFNC ,2020-02-05 03:48:29,92
SFNC ,2020-02-05 04:49:03,92
SFNC ,2020-02-05 05:48:19,92
SFNC ,2020-02-05 06:48:27,92
SFNC ,2020-02-05 07:48:20,92
SFNC ,2020-02-05 08:48:12,92
SFNC ,2020-02-05 09:48:10,92
SFNC ,2020-02-05 10:48:15,92
SFNC ,2020-02-05 11:48:13,92
SFNC ,2020-02-05 12:48:24,92
SFNC ,2020-02-05 14:08:24,92
SFNC ,2020-02-05 14:48:55,92
SFNC ,2020-02-05 15:48:40,92
SFNC ,2020-02-05 16:48:34,92
SFNC ,2020-02-05 17:48:20,92
SFNC ,2020-02-05 18:48:32,92
SFNC ,2020-02-05 19:48:30,92
SFNC ,2020-02-05 20:48:35,92
SFNC ,2020-02-05 21:48:12,92
SFNC ,2020-02-05 22:48:18,92
SFNC ,2020-02-05 23:48:15,92
SFNC ,2020-02-06 00:48:31,92
SFNC ,2020-02-06 01:48:32,92
SFNC ,2020-02-06 02:48:33,92
SFNC ,2020-02-06 03:48:49,92
SFNC ,2020-02-06 04:48:36,92
SFNC ,2020-02-06 05:48:29,92
SFNC ,2020-02-06 06:48:15,92
SFNC ,2020-02-06 07:48:24,92
SFNC ,2020-02-06 08:48:19,92
SFNC ,2020-02-06 09:48:19,92
SFNC ,2020-02-06 10:48:04,92
SFNC ,2020-02-06 11:48:11,92
SFNC ,2020-02-06 12:48:07,92
SFNC ,2020-02-06 13:48:04,92
SFNC ,2020-02-06 14:48:45,92
SFNC ,2020-02-06 15:48:40,94
SFNC ,2020-02-06 16:48:29,94
SFNC ,2020-02-06 17:48:31,94
SFNC ,2020-02-06 18:48:25,93
SFNC ,2020-02-06 19:48:30,93
SFNC ,2020-02-06 20:48:31,93
SFNC ,2020-02-06 21:48:20,93
SFNC ,2020-02-06 22:48:28,93
SFNC ,2020-02-06 23:48:13,93
SFNC ,2020-02-07 00:48:25,93
SFNC ,2020-02-07 01:48:34,93
SFNC ,2020-02-07 02:48:17,93
SFNC ,2020-02-07 03:48:24,93
SFNC ,2020-02-07 04:48:24,93
SFNC ,2020-02-07 05:48:34,93
SFNC ,2020-02-07 06:48:41,93
SFNC ,2020-02-07 07:48:30,93
SFNC ,2020-02-07 08:48:18,93
SFNC ,2020-02-07 09:48:28,93
SFNC ,2020-02-07 10:48:07,93
SFNC ,2020-02-07 11:48:11,93
SFNC ,2020-02-07 12:48:10,93
SFNC ,2020-02-07 14:09:54,93
SFNC ,2020-02-07 14:48:48,93
SFNC ,2020-02-07 15:48:36,92
SFNC ,2020-02-07 16:48:35,92
SFNC ,2020-02-07 17:48:44,92
SFNC ,2020-02-07 18:48:24,92
SFNC ,2020-02-07 19:48:31,92
SFNC ,2020-02-07 20:48:35,92
SFNC ,2020-02-07 21:48:19,92
SFNC ,2020-02-07 22:48:32,92
SFNC ,2020-02-07 23:48:04,92
SFNC ,2020-02-08 00:48:17,92
SFNC ,2020-02-08 01:48:14,92
SFNC ,2020-02-08 02:48:22,92
SFNC ,2020-02-08 03:48:21,92
SFNC ,2020-02-08 04:48:29,92
SFNC ,2020-02-08 05:48:18,92
SFNC ,2020-02-08 06:48:12,92
SFNC ,2020-02-08 07:48:16,92
SFNC ,2020-02-08 08:48:06,92
SFNC ,2020-02-08 09:48:07,92
SFNC ,2020-02-08 10:47:55,92
SFNC ,2020-02-08 11:48:00,92
SFNC ,2020-02-08 12:48:02,92
SFNC ,2020-02-08 13:48:01,92
SFNC ,2020-02-08 14:48:30,92
SFNC ,2020-02-08 15:48:18,92
SFNC ,2020-02-08 16:48:20,92
SFNC ,2020-02-08 17:48:20,92
SFNC ,2020-02-08 18:51:06,92
SFNC ,2020-02-08 19:48:12,92
SFNC ,2020-02-08 20:48:22,92
SFNC ,2020-02-08 21:48:20,92
SFNC ,2020-02-08 22:48:23,92
SFNC ,2020-02-08 23:48:15,92
SFNC ,2020-02-09 00:48:12,92
SFNC ,2020-02-09 01:48:20,92
SFNC ,2020-02-09 02:48:18,92
SFNC ,2020-02-09 03:48:19,92
SFNC ,2020-02-09 04:48:06,92
SFNC ,2020-02-09 05:48:16,92
SFNC ,2020-02-09 06:48:10,92
SFNC ,2020-02-09 07:48:10,92
SFNC ,2020-02-09 08:48:06,92
SFNC ,2020-02-09 09:48:12,92
SFNC ,2020-02-09 10:48:16,92
SFNC ,2020-02-09 11:48:20,92
SFNC ,2020-02-09 12:48:06,92
SFNC ,2020-02-09 13:48:08,92
SFNC ,2020-02-09 14:48:15,92
SFNC ,2020-02-09 15:48:24,92
SFNC ,2020-02-09 16:48:10,92
SFNC ,2020-02-09 17:48:22,92
SFNC ,2020-02-09 18:48:23,92
SFNC ,2020-02-09 19:48:21,92
SFNC ,2020-02-09 20:48:17,92
SFNC ,2020-02-09 21:48:35,92
SFNC ,2020-02-09 22:48:16,92
SFNC ,2020-02-09 23:49:00,92
SFNC ,2020-02-10 00:48:28,92
SFNC ,2020-02-10 01:48:22,92
SFNC ,2020-02-10 02:48:17,92
SFNC ,2020-02-10 03:48:16,92
SFNC ,2020-02-10 04:48:22,92
SFNC ,2020-02-10 05:48:29,92
SFNC ,2020-02-10 06:48:19,92
SFNC ,2020-02-10 07:48:18,92
SFNC ,2020-02-10 08:48:13,92
SFNC ,2020-02-10 09:48:24,92
SFNC ,2020-02-10 10:48:10,92
SFNC ,2020-02-10 11:48:11,92
SFNC ,2020-02-10 12:48:02,92
SFNC ,2020-02-10 13:48:14,92
SFNC ,2020-02-10 14:48:40,92
SFNC ,2020-02-10 15:48:43,91
SFNC ,2020-02-10 16:48:31,91
SFNC ,2020-02-10 17:48:20,91
SFNC ,2020-02-10 18:48:29,91
SFNC ,2020-02-10 19:48:31,91
SFNC ,2020-02-10 20:48:39,91
SFNC ,2020-02-10 21:48:26,91
SFNC ,2020-02-10 22:48:24,91
SFNC ,2020-02-10 23:48:17,91
SFNC ,2020-02-11 00:48:24,91
SFNC ,2020-02-11 01:48:51,91
SFNC ,2020-02-11 02:48:25,91
SFNC ,2020-02-11 03:48:22,91
SFNC ,2020-02-11 04:48:23,91
SFNC ,2020-02-11 05:48:24,91
SFNC ,2020-02-11 06:48:14,91
SFNC ,2020-02-11 07:48:18,91
SFNC ,2020-02-11 08:48:21,91
SFNC ,2020-02-11 09:48:19,91
SFNC ,2020-02-11 10:48:02,91
SFNC ,2020-02-11 11:48:07,91
SFNC ,2020-02-11 12:47:55,91
SFNC ,2020-02-11 14:10:22,91
SFNC ,2020-02-11 14:48:52,91
SFNC ,2020-02-11 15:48:39,91
SFNC ,2020-02-11 16:48:36,91
SFNC ,2020-02-11 17:48:24,91
SFNC ,2020-02-11 18:48:34,91
SFNC ,2020-02-11 19:48:23,92
SFNC ,2020-02-11 20:48:33,93
SFNC ,2020-02-11 21:52:01,93
SFNC ,2020-02-11 22:48:45,93
SFNC ,2020-02-11 23:48:16,93
SFNC ,2020-02-12 00:48:51,93
SFNC ,2020-02-12 01:48:28,93
SFNC ,2020-02-12 02:49:00,93
SFNC ,2020-02-12 03:48:22,93
SFNC ,2020-02-12 04:48:32,93
SFNC ,2020-02-12 05:48:14,93
SFNC ,2020-02-12 06:48:18,93
SFNC ,2020-02-12 07:48:06,93
SFNC ,2020-02-12 08:48:13,93
SFNC ,2020-02-12 09:48:28,93
SFNC ,2020-02-12 10:48:09,93
SFNC ,2020-02-12 11:48:08,93
SFNC ,2020-02-12 12:48:10,93
SFNC ,2020-02-12 14:10:23,93
SFNC ,2020-02-12 14:48:50,93
SFNC ,2020-02-12 15:48:34,94
SFNC ,2020-02-12 16:48:30,94
SFNC ,2020-02-12 17:48:32,94
SFNC ,2020-02-12 18:48:31,94
SFNC ,2020-02-12 19:48:24,94
SFNC ,2020-02-12 20:48:40,94
SFNC ,2020-02-12 21:48:25,94
SFNC ,2020-02-12 22:47:56,94
SFNC ,2020-02-12 23:47:41,94
SFNC ,2020-02-13 00:48:15,94
SFNC ,2020-02-13 01:48:06,94
SFNC ,2020-02-13 02:48:42,94
SFNC ,2020-02-13 03:48:33,94
SFNC ,2020-02-13 04:48:22,94
SFNC ,2020-02-13 05:48:17,94
SFNC ,2020-02-13 06:48:19,94
SFNC ,2020-02-13 07:47:59,94
SFNC ,2020-02-13 08:48:12,94
SFNC ,2020-02-13 09:47:58,94
SFNC ,2020-02-13 10:47:46,94
SFNC ,2020-02-13 11:48:17,94
SFNC ,2020-02-13 12:47:57,94
SFNC ,2020-02-13 14:10:19,94
SFNC ,2020-02-13 14:48:14,94
SFNC ,2020-02-13 15:48:26,94
SFNC ,2020-02-13 16:48:24,94
SFNC ,2020-02-13 17:48:43,94
SFNC ,2020-02-13 18:48:41,94
SFNC ,2020-02-13 19:48:25,94
SFNC ,2020-02-13 20:48:15,94
SFNC ,2020-02-13 21:48:22,94
SFNC ,2020-02-13 22:47:58,94
SFNC ,2020-02-13 23:47:55,94
SFNC ,2020-02-14 00:47:54,94
SFNC ,2020-02-14 01:48:23,94
SFNC ,2020-02-14 02:48:20,94
SFNC ,2020-02-14 03:48:01,94
SFNC ,2020-02-14 04:48:14,94
SFNC ,2020-02-14 05:48:14,94
SFNC ,2020-02-14 06:47:44,94
SFNC ,2020-02-14 07:47:39,94
SFNC ,2020-02-14 08:48:03,94
SFNC ,2020-02-14 09:47:53,94
SFNC ,2020-02-14 10:47:56,94
SFNC ,2020-02-14 11:47:47,94
SFNC ,2020-02-14 12:47:59,94
SFNC ,2020-02-14 13:48:06,94
SFNC ,2020-02-14 14:48:28,94
SFNC ,2020-02-14 15:48:45,94
SFNC ,2020-02-14 16:48:10,94
SFNC ,2020-02-14 17:48:11,94
SFNC ,2020-02-14 18:48:05,94
SFNC ,2020-02-14 19:48:11,94
SFNC ,2020-02-14 20:48:30,94
SFNC ,2020-02-14 21:48:02,94
SFNC ,2020-02-14 22:47:54,94
SFNC ,2020-02-14 23:48:24,94
SFNC ,2020-02-15 00:47:58,94
SFNC ,2020-02-15 01:48:07,94
SFNC ,2020-02-15 02:48:15,94
SFNC ,2020-02-15 03:48:10,94
SFNC ,2020-02-15 04:48:06,94
SFNC ,2020-02-15 05:47:15,94
SFNC ,2020-02-15 06:47:28,94
SFNC ,2020-02-15 07:47:16,94
SFNC ,2020-02-15 08:47:16,94
SFNC ,2020-02-15 09:47:20,94
SFNC ,2020-02-15 10:47:10,94
SFNC ,2020-02-15 11:47:14,94
SFNC ,2020-02-15 12:47:25,94
SFNC ,2020-02-15 13:47:14,94
SFNC ,2020-02-15 14:47:21,94
SFNC ,2020-02-15 15:47:18,94
SFNC ,2020-02-15 16:47:13,94
SFNC ,2020-02-15 17:47:13,94
SFNC ,2020-02-15 18:47:37,94
SFNC ,2020-02-15 19:47:13,94
SFNC ,2020-02-15 20:47:17,94
SFNC ,2020-02-15 21:47:14,94
SFNC ,2020-02-15 22:47:15,94
SFNC ,2020-02-15 23:47:14,94
SFNC ,2020-02-16 00:47:15,94
SFNC ,2020-02-16 01:47:15,94
SFNC ,2020-02-16 02:47:13,94
SFNC ,2020-02-16 03:47:15,94
SFNC ,2020-02-16 04:47:18,94
SFNC ,2020-02-16 05:47:17,94
SFNC ,2020-02-16 06:47:13,94
SFNC ,2020-02-16 07:47:12,94
SFNC ,2020-02-16 08:47:13,94
SFNC ,2020-02-16 09:47:19,94
SFNC ,2020-02-16 10:47:11,94
SFNC ,2020-02-16 11:47:13,94
SFNC ,2020-02-16 12:47:17,94
SFNC ,2020-02-16 13:47:12,94
SFNC ,2020-02-16 14:47:17,94
SFNC ,2020-02-16 15:47:37,94
SFNC ,2020-02-16 16:47:28,94
SFNC ,2020-02-16 17:47:15,94
SFNC ,2020-02-16 18:47:18,94
SFNC ,2020-02-16 19:47:14,94
SFNC ,2020-02-16 20:47:15,94
SFNC ,2020-02-16 21:47:15,94
SFNC ,2020-02-16 22:47:16,94
SFNC ,2020-02-16 23:47:18,94
SFNC ,2020-02-17 00:47:14,94
SFNC ,2020-02-17 01:47:12,94
SFNC ,2020-02-17 02:47:19,94
SFNC ,2020-02-17 03:47:16,94
SFNC ,2020-02-17 04:47:15,94
SFNC ,2020-02-17 05:47:15,94
SFNC ,2020-02-17 06:47:18,94
SFNC ,2020-02-17 07:47:12,94
SFNC ,2020-02-17 08:47:17,94
SFNC ,2020-02-17 09:47:18,94
SFNC ,2020-02-17 10:47:14,94
SFNC ,2020-02-17 11:47:10,94
SFNC ,2020-02-17 12:47:29,94
SFNC ,2020-02-17 13:47:11,94
SFNC ,2020-02-17 14:47:08,94
SFNC ,2020-02-17 15:47:14,94
SFNC ,2020-02-17 16:47:30,94
SFNC ,2020-02-17 17:47:12,94
SFNC ,2020-02-17 18:47:15,94
SFNC ,2020-02-17 19:47:11,94
SFNC ,2020-02-17 20:47:11,94
SFNC ,2020-02-17 22:47:29,94
SFNC ,2020-02-17 23:47:36,94
SFNC ,2020-02-18 00:47:10,94
SFNC ,2020-02-18 01:47:14,94
SFNC ,2020-02-18 02:47:20,94
SFNC ,2020-02-18 03:47:18,94
SFNC ,2020-02-18 04:47:16,94
SFNC ,2020-02-18 05:48:00,94
SFNC ,2020-02-18 06:47:38,94
SFNC ,2020-02-18 07:47:52,94
SFNC ,2020-02-18 08:47:59,94
SFNC ,2020-02-18 09:48:01,94
SFNC ,2020-02-18 10:47:48,94
SFNC ,2020-02-18 11:47:45,94
SFNC ,2020-02-18 12:48:18,94
SFNC ,2020-02-18 14:10:48,94
SFNC ,2020-02-18 14:48:31,94
SFNC ,2020-02-18 15:48:25,93
SFNC ,2020-02-18 16:48:16,93
SFNC ,2020-02-18 18:48:17,93
SFNC ,2020-02-18 19:48:13,93
SFNC ,2020-02-18 20:48:07,93
SFNC ,2020-02-18 21:47:58,93
SFNC ,2020-02-18 22:47:48,93
SFNC ,2020-02-18 23:48:04,93
SFNC ,2020-02-19 01:47:59,93
SFNC ,2020-02-19 02:48:07,93
SFNC ,2020-02-19 03:48:17,93
SFNC ,2020-02-19 04:48:10,93
SFNC ,2020-02-19 05:47:46,93
SFNC ,2020-02-19 06:48:17,93
SFNC ,2020-02-19 07:48:00,93
SFNC ,2020-02-19 08:47:52,93
SFNC ,2020-02-19 09:48:07,93
SFNC ,2020-02-19 10:47:36,93
SFNC ,2020-02-19 11:47:38,93
SFNC ,2020-02-19 12:47:54,93
SFNC ,2020-02-19 14:12:20,93
SFNC ,2020-02-19 14:48:31,93
SFNC ,2020-02-19 15:48:23,94
SFNC ,2020-02-19 16:48:03,94
SFNC ,2020-02-19 17:48:14,94
SFNC ,2020-02-19 18:48:07,94
SFNC ,2020-02-19 19:47:59,94
SFNC ,2020-02-19 20:48:02,94
SFNC ,2020-02-19 21:48:27,94
SFNC ,2020-02-19 22:48:09,94
SFNC ,2020-02-19 23:47:58,94
SFNC ,2020-02-20 00:48:12,94
SFNC ,2020-02-20 01:48:10,94
SFNC ,2020-02-20 02:48:19,94
SFNC ,2020-02-20 03:48:11,94
SFNC ,2020-02-20 04:48:15,94
SFNC ,2020-02-20 05:48:14,94
SFNC ,2020-02-20 06:48:32,94
SFNC ,2020-02-20 07:48:22,94
SFNC ,2020-02-20 08:48:24,94
SFNC ,2020-02-20 09:48:07,94
SFNC ,2020-02-20 10:48:03,94
SFNC ,2020-02-20 11:48:22,94
SFNC ,2020-02-20 12:48:14,94
SFNC ,2020-02-20 13:48:29,94
SFNC ,2020-02-20 14:47:39,94
SFNC ,2020-02-20 15:47:54,95
SFNC ,2020-02-20 16:47:40,96
SFNC ,2020-02-20 17:48:10,96
SFNC ,2020-02-20 18:48:31,97
SFNC ,2020-02-20 19:48:55,97
SFNC ,2020-02-20 20:48:44,97
SFNC ,2020-02-20 21:48:36,97
SFNC ,2020-02-20 22:48:46,97
SFNC ,2020-02-20 23:48:25,97
SFNC ,2020-02-21 01:48:36,97
SFNC ,2020-02-21 02:48:51,97
SFNC ,2020-02-21 03:49:21,97
SFNC ,2020-02-21 04:49:19,97
SFNC ,2020-02-21 05:48:45,97
SFNC ,2020-02-21 06:48:38,97
SFNC ,2020-02-21 07:49:00,97
SFNC ,2020-02-21 08:48:38,97
SFNC ,2020-02-21 09:49:18,97
SFNC ,2020-02-21 10:50:02,97
SFNC ,2020-02-21 11:49:16,97
SFNC ,2020-02-21 12:49:10,97
SFNC ,2020-02-21 13:49:21,97
SFNC ,2020-02-21 14:49:20,97
SFNC ,2020-02-21 15:49:43,97
SFNC ,2020-02-21 16:50:15,97
SFNC ,2020-02-21 17:50:05,97
SFNC ,2020-02-21 18:49:24,97
SFNC ,2020-02-21 19:48:47,97
SFNC ,2020-02-21 20:48:44,97
SFNC ,2020-02-21 21:49:24,97
SFNC ,2020-02-21 22:48:55,97
SFNC ,2020-02-21 23:51:22,97
SFNC ,2020-02-22 00:49:39,97
SFNC ,2020-02-22 01:49:02,97
SFNC ,2020-02-22 02:48:57,97
SFNC ,2020-02-22 03:49:45,97
SFNC ,2020-02-22 04:49:11,97
SFNC ,2020-02-22 05:48:25,97
SFNC ,2020-02-22 06:47:44,97
SFNC ,2020-02-22 07:48:18,97
SFNC ,2020-02-22 08:49:00,97
SFNC ,2020-02-22 09:47:44,97
SFNC ,2020-02-22 10:48:07,97
SFNC ,2020-02-22 11:47:44,97
SFNC ,2020-02-22 12:48:31,97
SFNC ,2020-02-22 13:50:32,97
SFNC ,2020-02-22 14:47:44,97
SFNC ,2020-02-22 15:48:00,97
SFNC ,2020-02-22 16:49:42,97
SFNC ,2020-02-22 17:48:43,97
SFNC ,2020-02-22 18:47:53,97
SFNC ,2020-02-22 19:47:50,97
SFNC ,2020-02-22 20:48:32,97
SFNC ,2020-02-22 21:49:56,97
SFNC ,2020-02-22 22:48:55,97
SFNC ,2020-02-22 23:47:47,97
SFNC ,2020-02-23 00:47:56,97
SFNC ,2020-02-23 01:48:06,97
SFNC ,2020-02-23 02:48:22,97
SFNC ,2020-02-23 03:47:56,97
SFNC ,2020-02-23 04:48:31,97
SFNC ,2020-02-23 05:48:32,97
SFNC ,2020-02-23 06:47:57,97
SFNC ,2020-02-23 07:48:05,97
SFNC ,2020-02-23 08:48:58,97
SFNC ,2020-02-23 09:47:54,97
SFNC ,2020-02-23 10:47:58,97
SFNC ,2020-02-23 11:48:02,97
SFNC ,2020-02-23 12:48:00,97
SFNC ,2020-02-23 13:47:58,97
SFNC ,2020-02-23 14:48:37,97
SFNC ,2020-02-23 15:47:57,97
SFNC ,2020-02-23 16:48:04,97
SFNC ,2020-02-23 17:47:46,97
SFNC ,2020-02-23 18:48:00,97
SFNC ,2020-02-23 19:48:00,97
SFNC ,2020-02-23 20:47:56,97
SFNC ,2020-02-23 21:48:35,97
SFNC ,2020-02-23 22:47:39,97
SFNC ,2020-02-23 23:48:04,97
SFNC ,2020-02-24 00:48:47,97
SFNC ,2020-02-24 01:47:51,97
SFNC ,2020-02-24 02:48:43,97
SFNC ,2020-02-24 03:47:57,97
SFNC ,2020-02-24 04:48:12,97
SFNC ,2020-02-24 05:49:33,97
SFNC ,2020-02-24 06:48:45,97
SFNC ,2020-02-24 07:48:37,97
SFNC ,2020-02-24 08:48:45,97
SFNC ,2020-02-24 09:58:43,97
SFNC ,2020-02-24 10:48:25,97
SFNC ,2020-02-24 11:49:20,97
SFNC ,2020-02-24 12:48:29,97
SFNC ,2020-02-24 13:49:11,97
SFNC ,2020-02-24 14:50:09,97
SFNC ,2020-02-24 15:48:45,95
SFNC ,2020-02-24 16:49:40,95
SFNC ,2020-02-24 17:48:55,95
SFNC ,2020-02-24 18:49:06,95
SFNC ,2020-02-24 19:49:40,95
SFNC ,2020-02-24 20:49:46,95
SFNC ,2020-02-24 21:49:32,95
SFNC ,2020-02-24 22:49:29,95
SFNC ,2020-02-24 23:48:34,95
SFNC ,2020-02-25 00:48:43,95
SFNC ,2020-02-25 01:48:37,95
SFNC ,2020-02-25 02:49:10,95
SFNC ,2020-02-25 03:49:00,95
SFNC ,2020-02-25 04:49:02,95
SFNC ,2020-02-25 05:50:00,95
SFNC ,2020-02-25 06:49:00,95
SFNC ,2020-02-25 07:49:02,95
SFNC ,2020-02-25 08:49:14,95
SFNC ,2020-02-25 09:59:27,95
SFNC ,2020-02-25 10:49:11,95
SFNC ,2020-02-25 11:48:41,95
SFNC ,2020-02-25 12:49:06,95
SFNC ,2020-02-25 14:11:45,95
SFNC ,2020-02-25 14:49:06,95
SFNC ,2020-02-25 15:49:05,95
SFNC ,2020-02-25 16:49:02,95
SFNC ,2020-02-25 17:48:52,95
SFNC ,2020-02-25 18:49:34,95
SFNC ,2020-02-25 19:48:54,95
SFNC ,2020-02-25 20:49:46,95
SFNC ,2020-02-25 21:49:36,95
SFNC ,2020-02-25 22:48:56,95
SFNC ,2020-02-25 23:48:52,95
SFNC ,2020-02-26 00:48:48,95
SFNC ,2020-02-26 01:48:58,95
SFNC ,2020-02-26 02:49:08,95
SFNC ,2020-02-26 03:48:48,95
SFNC ,2020-02-26 04:49:54,95
SFNC ,2020-02-26 05:49:35,95
SFNC ,2020-02-26 06:49:28,95
SFNC ,2020-02-26 07:50:10,95
SFNC ,2020-02-26 08:49:19,95
SFNC ,2020-02-26 09:49:03,95
SFNC ,2020-02-26 10:48:49,95
SFNC ,2020-02-26 11:49:15,95
SFNC ,2020-02-26 12:48:46,95
SFNC ,2020-02-26 13:49:32,95
SFNC ,2020-02-26 14:50:10,95
SFNC ,2020-02-26 15:49:43,93
SFNC ,2020-02-26 16:49:04,93
SFNC ,2020-02-26 17:48:59,93
SFNC ,2020-02-26 18:49:07,93
SFNC ,2020-02-26 19:49:34,93
SFNC ,2020-02-26 20:49:30,93
SFNC ,2020-02-26 21:49:30,93
SFNC ,2020-02-26 22:49:29,93
SFNC ,2020-02-26 23:49:30,93
SFNC ,2020-02-27 00:48:48,93
SFNC ,2020-02-27 01:49:07,93
SFNC ,2020-02-27 02:48:36,93
SFNC ,2020-02-27 03:49:54,93
SFNC ,2020-02-27 04:48:54,93
SFNC ,2020-02-27 05:48:51,93
SFNC ,2020-02-27 06:48:54,93
SFNC ,2020-02-27 07:48:36,93
SFNC ,2020-02-27 08:49:15,93
SFNC ,2020-02-27 09:48:51,93
SFNC ,2020-02-27 10:49:35,93
SFNC ,2020-02-27 11:49:06,93
SFNC ,2020-02-27 12:49:29,93
SFNC ,2020-02-27 14:10:17,93
SFNC ,2020-02-27 14:50:18,93
SFNC ,2020-02-27 15:49:33,93
SFNC ,2020-02-27 16:49:39,93
SFNC ,2020-02-27 17:49:14,93
SFNC ,2020-02-27 18:49:27,93
SFNC ,2020-02-27 19:48:41,93
SFNC ,2020-02-27 20:49:12,93
SFNC ,2020-02-27 21:48:58,93
SFNC ,2020-02-27 22:49:28,93
SFNC ,2020-02-27 23:48:54,93
SFNC ,2020-02-28 00:49:45,93
SFNC ,2020-02-28 01:48:44,93
SFNC ,2020-02-28 02:48:48,93
SFNC ,2020-02-28 03:49:37,93
SFNC ,2020-02-28 04:49:54,93
SFNC ,2020-02-28 05:49:42,93
SFNC ,2020-02-28 06:49:06,93
SFNC ,2020-02-28 07:49:32,93
SFNC ,2020-02-28 08:49:51,93
SFNC ,2020-02-28 09:49:39,93
SFNC ,2020-02-28 10:48:44,93
SFNC ,2020-02-28 11:49:03,93
SFNC ,2020-02-28 12:49:27,93
SFNC ,2020-02-28 14:10:52,93
SFNC ,2020-02-28 14:49:12,93
SFNC ,2020-02-28 15:49:05,93
SFNC ,2020-02-28 16:49:11,93
SFNC ,2020-02-28 17:49:07,93
SFNC ,2020-02-28 18:49:07,93
SFNC ,2020-02-28 19:49:52,93
SFNC ,2020-02-28 20:49:01,93
SFNC ,2020-02-28 21:48:52,94
SFNC ,2020-02-28 22:49:29,94
SFNC ,2020-02-28 23:48:55,94
SFNC ,2020-02-29 00:49:05,94
SFNC ,2020-02-29 01:48:56,94
SFNC ,2020-02-29 02:48:57,94
SFNC ,2020-02-29 03:48:48,94
SFNC ,2020-02-29 04:49:16,94
SFNC ,2020-02-29 05:48:54,94
SFNC ,2020-02-29 06:48:34,94
SFNC ,2020-02-29 07:50:00,94
SFNC ,2020-02-29 08:50:41,94
SFNC ,2020-02-29 09:49:58,94
SFNC ,2020-02-29 10:47:56,94
SFNC ,2020-02-29 11:47:50,94
SFNC ,2020-02-29 12:50:02,94
SFNC ,2020-02-29 13:50:00,94
SFNC ,2020-02-29 14:48:05,94
SFNC ,2020-02-29 15:48:07,94
SFNC ,2020-02-29 16:48:48,94
SFNC ,2020-02-29 17:48:36,94
SFNC ,2020-02-29 18:48:03,94
SFNC ,2020-02-29 19:48:00,94
SFNC ,2020-02-29 20:47:51,94
SFNC ,2020-02-29 21:48:23,94
SFNC ,2020-02-29 22:50:44,94
SFNC ,2020-02-29 23:49:52,94
SFNC ,2020-03-01 00:49:54,94
SFNC ,2020-03-01 01:49:58,94
SFNC ,2020-03-01 02:48:05,94
SFNC ,2020-03-01 03:49:56,94
SFNC ,2020-03-01 04:47:57,94
SFNC ,2020-03-01 05:48:39,94
SFNC ,2020-03-01 06:48:01,94
SFNC ,2020-03-01 07:48:29,94
SFNC ,2020-03-01 08:47:53,94
SFNC ,2020-03-01 09:49:58,94
SFNC ,2020-03-01 10:49:49,94
SFNC ,2020-03-01 11:48:28,94
SFNC ,2020-03-01 12:48:39,94
SFNC ,2020-03-01 13:47:53,94
SFNC ,2020-03-01 14:47:49,94
SFNC ,2020-03-01 15:50:02,94
SFNC ,2020-03-01 16:48:44,94
SFNC ,2020-03-01 17:49:51,94
SFNC ,2020-03-01 18:50:04,94
SFNC ,2020-03-01 19:50:08,94
SFNC ,2020-03-01 20:50:03,94
SFNC ,2020-03-01 21:47:58,94
SFNC ,2020-03-01 22:48:00,94
SFNC ,2020-03-01 23:50:00,94
SFNC ,2020-03-02 00:47:46,94
SFNC ,2020-03-02 01:48:44,94
SFNC ,2020-03-02 02:49:54,94
SFNC ,2020-03-02 03:50:43,94
SFNC ,2020-03-02 04:48:44,94
SFNC ,2020-03-02 05:51:05,94
SFNC ,2020-03-02 07:48:56,94
SFNC ,2020-03-02 08:50:59,94
SFNC ,2020-03-02 09:50:39,94
SFNC ,2020-03-02 10:49:17,94
SFNC ,2020-03-02 11:48:48,94
SFNC ,2020-03-02 12:49:36,94
SFNC ,2020-03-02 13:50:59,94
SFNC ,2020-03-02 18:49:18,94
SFNC ,2020-03-03 00:49:31,94
SFNC ,2020-03-03 01:49:53,94
SFNC ,2020-03-03 02:49:36,94
SFNC ,2020-03-03 03:50:20,94
SFNC ,2020-03-03 04:51:04,94
SFNC ,2020-03-03 06:51:41,94
SFNC ,2020-03-03 07:49:28,94
SFNC ,2020-03-03 08:51:39,94
SFNC ,2020-03-03 09:51:55,94
SFNC ,2020-03-03 10:49:28,94
SFNC ,2020-03-03 11:52:26,94
SFNC ,2020-03-03 12:49:30,94
SFNC ,2020-03-03 13:51:59,94
SFNC ,2020-03-03 14:51:14,94
SFNC ,2020-03-03 16:52:41,95
SFNC ,2020-03-03 17:52:01,96
SFNC ,2020-03-03 18:48:59,96
SFNC ,2020-03-03 19:48:56,96
SFNC ,2020-03-03 20:49:51,96
SFNC ,2020-03-03 21:49:36,96
SFNC ,2020-03-03 22:52:50,96
SFNC ,2020-03-03 23:50:54,96
SFNC ,2020-03-04 00:51:34,96
SFNC ,2020-03-04 01:51:03,96
SFNC ,2020-03-04 02:49:03,96
SFNC ,2020-03-04 03:49:30,96
SFNC ,2020-03-04 04:51:35,96
SFNC ,2020-03-04 05:49:07,96
SFNC ,2020-03-04 06:51:38,96
SFNC ,2020-03-04 07:49:25,96
SFNC ,2020-03-04 08:51:02,96
SFNC ,2020-03-04 09:49:24,96
SFNC ,2020-03-04 10:48:42,96
SFNC ,2020-03-04 11:51:37,96
SFNC ,2020-03-04 12:51:23,96
SFNC ,2020-03-04 13:50:54,96
SFNC ,2020-03-04 14:49:02,96
SFNC ,2020-03-04 15:51:50,96
SFNC ,2020-03-04 16:49:04,96
SFNC ,2020-03-04 17:49:33,96
SFNC ,2020-03-04 18:51:01,96
SFNC ,2020-03-04 19:56:24,96
SFNC ,2020-03-04 20:51:12,96
SFNC ,2020-03-04 21:48:46,96
SFNC ,2020-03-04 22:51:03,96
SFNC ,2020-03-04 23:49:04,96
SFNC ,2020-03-05 00:49:20,96
SFNC ,2020-03-05 01:49:38,96
SFNC ,2020-03-05 02:49:06,96
SFNC ,2020-03-05 03:49:08,96
SFNC ,2020-03-05 04:49:27,96
SFNC ,2020-03-05 05:49:37,96
SFNC ,2020-03-05 06:49:15,96
SFNC ,2020-03-05 07:48:57,96
SFNC ,2020-03-05 08:50:34,96
SFNC ,2020-03-05 09:49:38,96
SFNC ,2020-03-05 10:48:54,96
SFNC ,2020-03-05 11:51:19,96
SFNC ,2020-03-05 12:49:26,96
SFNC ,2020-03-05 13:49:27,96
SFNC ,2020-03-05 14:51:18,96
SFNC ,2020-03-05 15:49:39,95
SFNC ,2020-03-05 16:51:10,95
SFNC ,2020-03-05 17:49:03,95
SFNC ,2020-03-05 18:49:12,95
SFNC ,2020-03-05 19:49:04,95
SFNC ,2020-03-05 20:49:04,95
SFNC ,2020-03-05 21:48:53,95
SFNC ,2020-03-05 22:50:59,95
SFNC ,2020-03-05 23:51:00,95
SFNC ,2020-03-06 00:48:54,95
SFNC ,2020-03-06 01:48:58,95
SFNC ,2020-03-06 02:52:17,95
SFNC ,2020-03-06 03:51:05,95
SFNC ,2020-03-06 04:51:09,95
SFNC ,2020-03-06 05:51:11,95
SFNC ,2020-03-06 06:51:48,95
SFNC ,2020-03-06 07:50:50,95
SFNC ,2020-03-06 08:49:21,95
SFNC ,2020-03-06 09:51:13,95
SFNC ,2020-03-06 10:48:53,95
SFNC ,2020-03-06 11:51:36,95
SFNC ,2020-03-06 12:49:01,95
SFNC ,2020-03-06 13:48:38,95
SFNC ,2020-03-06 14:52:11,95
SFNC ,2020-03-06 15:49:49,96
SFNC ,2020-03-06 16:49:47,96
SFNC ,2020-03-06 17:49:16,96
SFNC ,2020-03-06 18:48:51,95
SFNC ,2020-03-06 19:49:29,95
SFNC ,2020-03-06 20:49:09,95
SFNC ,2020-03-06 21:48:51,95
SFNC ,2020-03-06 22:49:01,95
SFNC ,2020-03-06 23:49:40,95
SFNC ,2020-03-07 00:48:45,95
SFNC ,2020-03-07 01:49:32,95
SFNC ,2020-03-07 02:48:55,95
SFNC ,2020-03-07 03:51:32,95
SFNC ,2020-03-07 04:51:48,95
SFNC ,2020-03-07 05:51:13,95
SFNC ,2020-03-07 06:51:01,95
SFNC ,2020-03-07 07:49:39,95
SFNC ,2020-03-07 08:50:52,95
SFNC ,2020-03-07 09:49:13,95
SFNC ,2020-03-07 10:49:36,95
SFNC ,2020-03-07 11:50:57,95
SFNC ,2020-03-07 12:49:32,95
SFNC ,2020-03-07 13:48:43,95
SFNC ,2020-03-07 14:49:09,95
SFNC ,2020-03-07 15:48:48,95
SFNC ,2020-03-07 16:48:56,95
SFNC ,2020-03-07 17:49:33,95
SFNC ,2020-03-07 18:49:11,95
SFNC ,2020-03-07 19:49:09,95
SFNC ,2020-03-07 20:51:06,95
SFNC ,2020-03-07 21:51:49,95
SFNC ,2020-03-07 22:51:08,95
SFNC ,2020-03-07 23:51:05,95
SFNC ,2020-03-08 00:49:08,95
SFNC ,2020-03-08 01:49:38,95
SFNC ,2020-03-08 02:49:45,95
SFNC ,2020-03-08 03:51:13,95
SFNC ,2020-03-08 04:51:02,95
SFNC ,2020-03-08 05:51:05,95
SFNC ,2020-03-08 06:50:12,95
SFNC ,2020-03-08 07:50:58,95
SFNC ,2020-03-08 08:51:09,95
SFNC ,2020-03-08 09:49:36,95
SFNC ,2020-03-08 10:51:04,95
SFNC ,2020-03-08 11:49:30,95
SFNC ,2020-03-08 12:51:40,95
SFNC ,2020-03-08 13:51:48,95
SFNC ,2020-03-08 14:49:02,95
SFNC ,2020-03-08 15:51:10,95
SFNC ,2020-03-08 16:48:54,95
SFNC ,2020-03-08 17:49:05,95
SFNC ,2020-03-08 18:51:57,95
SFNC ,2020-03-08 19:50:06,95
SFNC ,2020-03-08 20:49:49,95
SFNC ,2020-03-08 21:48:54,95
SFNC ,2020-03-08 22:50:51,95
SFNC ,2020-03-08 23:49:02,95
SFNC ,2020-03-09 00:51:35,95
SFNC ,2020-03-09 01:49:01,95
SFNC ,2020-03-09 02:51:28,95
SFNC ,2020-03-09 03:51:20,95
SFNC ,2020-03-09 04:51:03,95
SFNC ,2020-03-09 05:48:57,95
SFNC ,2020-03-09 06:48:48,95
SFNC ,2020-03-09 07:49:07,95
SFNC ,2020-03-09 08:48:46,95
SFNC ,2020-03-09 09:49:25,95
SFNC ,2020-03-09 10:50:47,95
SFNC ,2020-03-09 11:50:59,95
SFNC ,2020-03-09 12:50:08,95
SFNC ,2020-03-09 13:48:26,96
SFNC ,2020-03-09 14:50:49,96
SFNC ,2020-03-09 15:49:26,97
SFNC ,2020-03-09 16:48:56,98
SFNC ,2020-03-09 17:48:10,98
SFNC ,2020-03-09 18:48:21,98
SFNC ,2020-03-09 19:48:57,98
SFNC ,2020-03-09 20:49:05,99
SFNC ,2020-03-09 21:50:59,99
SFNC ,2020-03-09 22:50:51,99
SFNC ,2020-03-09 23:51:47,99
SFNC ,2020-03-10 00:48:47,99
SFNC ,2020-03-10 01:50:57,99
SFNC ,2020-03-10 02:49:28,99
SFNC ,2020-03-10 03:51:35,99
SFNC ,2020-03-10 04:49:29,99
SFNC ,2020-03-10 06:51:41,99
SFNC ,2020-03-10 07:51:26,99
SFNC ,2020-03-10 08:49:10,99
SFNC ,2020-03-10 09:50:47,99
SFNC ,2020-03-10 10:50:31,99
SFNC ,2020-03-10 11:50:54,99
SFNC ,2020-03-10 12:49:27,99
SFNC ,2020-03-10 13:49:55,99
SFNC ,2020-03-10 14:51:46,100
SFNC ,2020-03-10 15:51:50,100
SFNC ,2020-03-10 16:48:50,100
SFNC ,2020-03-10 17:51:16,100
SFNC ,2020-03-10 18:51:06,100
SFNC ,2020-03-10 19:51:17,100
SFNC ,2020-03-10 20:53:20,100
SFNC ,2020-03-10 21:51:37,100
SFNC ,2020-03-10 22:51:00,100
SFNC ,2020-03-10 23:49:26,100
SFNC ,2020-03-11 00:51:20,100
SFNC ,2020-03-11 01:51:32,100
SFNC ,2020-03-11 02:51:45,100
SFNC ,2020-03-11 03:49:31,100
SFNC ,2020-03-11 04:49:43,100
SFNC ,2020-03-11 05:51:33,100
SFNC ,2020-03-11 06:50:58,100
SFNC ,2020-03-11 07:48:52,100
SFNC ,2020-03-11 08:49:36,100
SFNC ,2020-03-11 09:48:41,100
SFNC ,2020-03-11 10:48:53,100
SFNC ,2020-03-11 11:51:12,100
SFNC ,2020-03-11 12:51:30,100
SFNC ,2020-03-11 13:51:12,100
SFNC ,2020-03-11 14:49:41,102
SFNC ,2020-03-11 15:49:05,102
SFNC ,2020-03-11 16:51:33,101
SFNC ,2020-03-11 17:49:36,102
SFNC ,2020-03-11 18:49:01,102
SFNC ,2020-03-11 19:51:45,102
SFNC ,2020-03-11 20:51:45,102
SFNC ,2020-03-11 21:49:37,102
SFNC ,2020-03-11 22:49:43,102
SFNC ,2020-03-11 23:50:02,102
SFNC ,2020-03-12 00:48:50,102
SFNC ,2020-03-12 01:51:09,102
SFNC ,2020-03-12 02:49:33,102
SFNC ,2020-03-12 03:51:14,102
SFNC ,2020-03-12 04:51:39,102
SFNC ,2020-03-12 05:49:45,102
SFNC ,2020-03-12 06:49:19,102
SFNC ,2020-03-12 07:49:32,102
SFNC ,2020-03-12 08:51:12,102
SFNC ,2020-03-12 09:50:11,102
SFNC ,2020-03-12 10:51:02,102
SFNC ,2020-03-12 11:51:08,102
SFNC ,2020-03-12 12:51:01,102
SFNC ,2020-03-12 13:51:58,102
SFNC ,2020-03-12 14:48:48,101
SFNC ,2020-03-12 15:48:54,102
SFNC ,2020-03-12 16:49:08,103
SFNC ,2020-03-12 17:49:01,102
SFNC ,2020-03-12 18:51:47,102
SFNC ,2020-03-12 19:49:48,102
SFNC ,2020-03-12 20:49:05,104
SFNC ,2020-03-12 21:51:56,104
SFNC ,2020-03-12 22:48:58,104
SFNC ,2020-03-12 23:51:38,104
SFNC ,2020-03-13 00:51:54,104
SFNC ,2020-03-13 01:48:49,104
SFNC ,2020-03-13 02:51:09,104
SFNC ,2020-03-13 03:51:11,104
SFNC ,2020-03-13 04:49:33,104
SFNC ,2020-03-13 05:50:07,104
SFNC ,2020-03-13 06:52:29,104
SFNC ,2020-03-13 07:52:11,104
SFNC ,2020-03-13 08:52:20,104
SFNC ,2020-03-13 09:52:27,104
SFNC ,2020-03-13 10:49:37,104
SFNC ,2020-03-13 11:50:57,104
SFNC ,2020-03-13 13:10:24,104
SFNC ,2020-03-13 13:50:09,104
SFNC ,2020-03-13 14:49:58,104
SFNC ,2020-03-13 15:49:51,104
SFNC ,2020-03-13 16:51:19,104
SFNC ,2020-03-13 17:51:12,104
SFNC ,2020-03-13 18:51:51,104
SFNC ,2020-03-13 19:51:13,104
SFNC ,2020-03-13 20:49:12,104
SFNC ,2020-03-13 21:49:36,104
SFNC ,2020-03-13 22:49:04,104
SFNC ,2020-03-13 23:50:58,104
SFNC ,2020-03-14 00:49:40,104
SFNC ,2020-03-14 01:51:39,104
SFNC ,2020-03-14 02:51:12,104
SFNC ,2020-03-14 03:49:27,104
SFNC ,2020-03-14 04:51:50,104
SFNC ,2020-03-14 05:51:20,104
SFNC ,2020-03-14 06:49:45,104
SFNC ,2020-03-14 07:51:41,104
SFNC ,2020-03-14 08:51:07,104
SFNC ,2020-03-14 09:51:09,104
SFNC ,2020-03-14 10:49:16,104
SFNC ,2020-03-14 11:49:13,104
SFNC ,2020-03-14 12:49:26,104
SFNC ,2020-03-14 13:49:00,104
SFNC ,2020-03-14 14:51:11,104
SFNC ,2020-03-14 15:49:00,104
SFNC ,2020-03-14 16:51:01,104
SFNC ,2020-03-14 17:49:31,104
SFNC ,2020-03-14 18:51:14,104
SFNC ,2020-03-14 19:49:41,104
SFNC ,2020-03-14 20:51:33,104
SFNC ,2020-03-14 21:51:05,104
SFNC ,2020-03-14 22:51:50,104
SFNC ,2020-03-14 23:50:58,104
SFNC ,2020-03-15 00:49:23,104
SFNC ,2020-03-15 01:49:32,104
SFNC ,2020-03-15 02:51:40,104
SFNC ,2020-03-15 03:51:46,104
SFNC ,2020-03-15 04:49:07,104
SFNC ,2020-03-15 05:51:44,104
SFNC ,2020-03-15 06:49:42,104
SFNC ,2020-03-15 07:51:52,104
SFNC ,2020-03-15 09:03:16,104
SFNC ,2020-03-15 09:50:14,104
SFNC ,2020-03-15 10:50:48,104
SFNC ,2020-03-15 11:51:45,104
SFNC ,2020-03-15 12:51:05,104
SFNC ,2020-03-15 13:49:07,104
SFNC ,2020-03-15 14:50:12,104
SFNC ,2020-03-15 15:49:29,104
SFNC ,2020-03-15 16:51:01,104
SFNC ,2020-03-15 17:49:46,104
SFNC ,2020-03-15 18:51:37,104
SFNC ,2020-03-15 19:51:11,104
SFNC ,2020-03-15 20:49:40,104
SFNC ,2020-03-15 21:49:41,104
SFNC ,2020-03-15 22:51:11,104
SFNC ,2020-03-15 23:51:00,104
SFNC ,2020-03-16 00:49:07,104
SFNC ,2020-03-16 01:49:05,104
SFNC ,2020-03-16 02:48:56,104
SFNC ,2020-03-16 03:50:32,104
SFNC ,2020-03-16 04:51:12,104
SFNC ,2020-03-16 05:51:50,104
SFNC ,2020-03-16 06:49:38,104
SFNC ,2020-03-16 07:51:40,104
SFNC ,2020-03-16 09:01:50,104
SFNC ,2020-03-16 09:51:00,104
SFNC ,2020-03-16 10:49:38,104
SFNC ,2020-03-16 11:50:51,104
SFNC ,2020-03-16 13:12:01,104
SFNC ,2020-03-16 14:49:30,104
SFNC ,2020-03-16 15:50:58,106
SFNC ,2020-03-16 16:49:09,106
SFNC ,2020-03-16 17:49:47,106
SFNC ,2020-03-16 18:49:07,106
SFNC ,2020-03-16 19:51:45,107
SFNC ,2020-03-16 20:48:56,107
SFNC ,2020-03-16 21:49:52,107
SFNC ,2020-03-16 22:49:16,107
SFNC ,2020-03-16 23:51:19,107
SFNC ,2020-03-17 00:51:16,107
SFNC ,2020-03-17 01:49:11,107
SFNC ,2020-03-17 02:51:10,107
SFNC ,2020-03-17 20:13:48,108
SFNC ,2020-03-17 20:21:40,108
SFNC ,2020-03-17 20:49:43,108
SFNC ,2020-03-17 21:49:17,108
SFNC ,2020-03-17 22:49:04,108
SFNC ,2020-03-17 23:49:24,108
SFNC ,2020-03-18 00:49:41,108
SFNC ,2020-03-18 01:49:53,108
SFNC ,2020-03-18 02:49:46,108
SFNC ,2020-03-18 03:50:00,108
SFNC ,2020-03-18 04:49:48,108
SFNC ,2020-03-18 05:50:06,108
SFNC ,2020-03-18 06:49:22,108
SFNC ,2020-03-18 07:50:00,108
SFNC ,2020-03-18 08:48:45,108
SFNC ,2020-03-18 09:49:31,108
SFNC ,2020-03-18 10:49:03,108
SFNC ,2020-03-18 11:49:05,108
SFNC ,2020-03-18 13:11:55,108
SFNC ,2020-03-18 13:50:10,108
SFNC ,2020-03-18 14:49:27,110
SFNC ,2020-03-18 15:49:31,109
SFNC ,2020-03-18 16:49:20,109
SFNC ,2020-03-18 17:50:02,110
SFNC ,2020-03-18 18:49:19,111
SFNC ,2020-03-18 19:49:46,110
SFNC ,2020-03-18 20:49:15,111
SFNC ,2020-03-18 21:49:14,111
SFNC ,2020-03-18 22:49:05,111
SFNC ,2020-03-18 23:49:34,111
SFNC ,2020-03-19 00:49:24,111
SFNC ,2020-03-19 01:49:41,111
SFNC ,2020-03-19 02:49:07,111
SFNC ,2020-03-19 03:49:03,111
SFNC ,2020-03-19 04:49:15,111
SFNC ,2020-03-19 05:51:50,111
SFNC ,2020-03-19 06:49:26,111
SFNC ,2020-03-19 07:49:29,111
SFNC ,2020-03-19 08:49:09,111
SFNC ,2020-03-19 09:49:38,111
SFNC ,2020-03-19 10:48:47,111
SFNC ,2020-03-19 11:49:02,111
SFNC ,2020-03-19 12:48:57,111
SFNC ,2020-03-19 13:49:23,111
SFNC ,2020-03-19 14:49:21,110
SFNC ,2020-03-19 15:49:26,110
SFNC ,2020-03-19 16:49:28,110
SFNC ,2020-03-19 17:49:21,109
SFNC ,2020-03-19 18:49:02,109
SFNC ,2020-03-19 19:49:34,109
SFNC ,2020-03-19 20:50:01,109
SFNC ,2020-03-19 21:49:46,109
SFNC ,2020-03-19 22:49:09,109
SFNC ,2020-03-19 23:50:20,109
SFNC ,2020-03-20 00:49:07,109
SFNC ,2020-03-20 01:49:02,109
SFNC ,2020-03-20 02:50:32,109
SFNC ,2020-03-20 03:49:25,109
SFNC ,2020-03-20 04:49:22,109
SFNC ,2020-03-20 06:49:47,109
SFNC ,2020-03-20 07:49:24,109
SFNC ,2020-03-20 08:50:25,109
SFNC ,2020-03-20 09:49:43,109
SFNC ,2020-03-20 10:49:21,109
SFNC ,2020-03-20 11:49:09,109
SFNC ,2020-03-20 13:10:49,109
SFNC ,2020-03-20 13:50:07,109
SFNC ,2020-03-20 14:49:20,109
SFNC ,2020-03-20 15:49:11,109
SFNC ,2020-03-20 16:49:16,109
SFNC ,2020-03-20 17:49:16,109
SFNC ,2020-03-20 18:49:06,108
SFNC ,2020-03-20 19:49:21,109
SFNC ,2020-03-20 20:49:18,109
SFNC ,2020-03-20 21:49:00,109
SFNC ,2020-03-20 22:49:53,109
SFNC ,2020-03-20 23:49:58,109
SFNC ,2020-03-21 00:49:20,109
SFNC ,2020-03-21 01:49:16,109
SFNC ,2020-03-21 02:49:46,109
SFNC ,2020-03-21 03:49:54,109
SFNC ,2020-03-21 04:49:04,109
SFNC ,2020-03-21 05:49:01,109
SFNC ,2020-03-21 06:49:12,109
SFNC ,2020-03-21 07:49:38,109
SFNC ,2020-03-21 09:13:16,109
SFNC ,2020-03-21 09:49:11,109
SFNC ,2020-03-21 10:49:18,109
SFNC ,2020-03-21 11:49:28,109
SFNC ,2020-03-21 12:49:00,109
SFNC ,2020-03-21 13:49:07,109
SFNC ,2020-03-21 14:50:17,109
SFNC ,2020-03-21 15:49:46,109
SFNC ,2020-03-21 16:49:36,109
SFNC ,2020-03-21 17:50:04,109
SFNC ,2020-03-21 18:49:21,109
SFNC ,2020-03-21 19:49:22,109
SFNC ,2020-03-21 20:48:54,109
SFNC ,2020-03-21 21:49:25,109
SFNC ,2020-03-21 22:49:03,109
SFNC ,2020-03-21 23:49:10,109
SFNC ,2020-03-22 00:49:02,109
SFNC ,2020-03-22 01:49:40,109
SFNC ,2020-03-22 02:49:04,109
SFNC ,2020-03-22 03:50:10,109
SFNC ,2020-03-22 04:49:25,109
SFNC ,2020-03-22 05:49:25,109
SFNC ,2020-03-22 06:49:50,109
SFNC ,2020-03-22 07:49:41,109
SFNC ,2020-03-22 09:17:31,109
SFNC ,2020-03-22 09:49:15,109
SFNC ,2020-03-22 10:49:37,109
SFNC ,2020-03-22 11:48:59,109
SFNC ,2020-03-22 12:49:38,109
SFNC ,2020-03-22 21:59:06,109
SFNC ,2020-03-22 22:49:45,109
SFNC ,2020-03-22 23:49:14,109
SFNC ,2020-03-23 00:50:17,109
SFNC ,2020-03-23 01:49:32,109
SFNC ,2020-03-23 02:49:05,109
SFNC ,2020-03-23 03:49:14,109
SFNC ,2020-03-23 04:49:56,109
SFNC ,2020-03-23 05:49:40,109
SFNC ,2020-03-23 06:49:37,109
SFNC ,2020-03-23 07:49:12,109
SFNC ,2020-03-23 08:49:16,109
SFNC ,2020-03-23 09:49:53,109
SFNC ,2020-03-23 10:49:17,109
SFNC ,2020-03-23 11:49:48,109
SFNC ,2020-03-23 13:10:18,109
SFNC ,2020-03-23 13:49:24,109
SFNC ,2020-03-23 14:49:53,108
SFNC ,2020-03-23 15:49:27,108
SFNC ,2020-03-23 16:50:00,109
SFNC ,2020-03-23 17:49:20,109
SFNC ,2020-03-23 18:49:11,110
SFNC ,2020-03-23 19:49:45,111
SFNC ,2020-03-23 20:49:50,111
SFNC ,2020-03-23 21:49:23,111
SFNC ,2020-03-23 22:49:14,111
SFNC ,2020-03-23 23:49:10,111
SFNC ,2020-03-24 00:49:12,111
SFNC ,2020-03-24 01:49:11,111
SFNC ,2020-03-24 02:49:02,111
SFNC ,2020-03-24 03:49:22,111
SFNC ,2020-03-24 04:49:46,111
SFNC ,2020-03-24 05:51:50,111
SFNC ,2020-03-24 06:50:03,111
SFNC ,2020-03-24 07:50:12,111
SFNC ,2020-03-24 09:11:48,111
SFNC ,2020-03-24 09:48:49,111
SFNC ,2020-03-24 10:48:53,111
SFNC ,2020-03-24 11:49:02,111
SFNC ,2020-03-24 12:48:38,111
SFNC ,2020-03-24 13:50:43,111
SFNC ,2020-03-24 14:51:01,112
SFNC ,2020-03-24 15:50:22,112
SFNC ,2020-03-24 16:50:32,111
SFNC ,2020-03-24 17:49:55,111
SFNC ,2020-03-24 18:49:48,111
SFNC ,2020-03-24 19:49:29,111
SFNC ,2020-03-24 20:49:06,112
SFNC ,2020-03-24 21:48:56,112
SFNC ,2020-03-24 22:49:42,112
SFNC ,2020-03-24 23:49:39,112
SFNC ,2020-03-25 00:49:12,112
SFNC ,2020-03-25 01:49:21,112
SFNC ,2020-03-25 02:49:07,112
SFNC ,2020-03-25 03:49:04,112
SFNC ,2020-03-25 04:48:46,112
SFNC ,2020-03-25 06:50:04,112
SFNC ,2020-03-25 07:49:05,112
SFNC ,2020-03-25 09:50:37,112
SFNC ,2020-03-25 10:49:13,112
SFNC ,2020-03-25 11:49:38,112
SFNC ,2020-03-25 12:49:41,112
SFNC ,2020-03-25 13:50:07,112
SFNC ,2020-03-25 14:50:08,112
SFNC ,2020-03-25 15:50:30,112
SFNC ,2020-03-25 16:50:04,112
SFNC ,2020-03-25 17:50:54,112
SFNC ,2020-03-25 18:49:14,112
SFNC ,2020-03-25 19:49:17,111
SFNC ,2020-03-25 20:49:28,112
SFNC ,2020-03-25 21:49:03,112
SFNC ,2020-03-25 22:49:05,112
SFNC ,2020-03-25 23:49:16,112
SFNC ,2020-03-26 02:08:41,112
SFNC ,2020-03-26 02:49:18,112
SFNC ,2020-03-26 03:49:43,112
SFNC ,2020-03-26 04:50:32,112
SFNC ,2020-03-26 05:49:25,112
SFNC ,2020-03-26 06:49:31,112
SFNC ,2020-03-26 07:49:31,112
SFNC ,2020-03-26 08:49:04,112
SFNC ,2020-03-26 09:49:45,112
SFNC ,2020-03-26 10:48:58,112
SFNC ,2020-03-26 11:49:19,112
SFNC ,2020-03-26 12:49:19,112
SFNC ,2020-03-26 13:49:27,112
SFNC ,2020-03-26 14:49:41,112
SFNC ,2020-03-26 15:49:34,111
SFNC ,2020-03-26 16:49:22,112
SFNC ,2020-03-26 17:49:47,113
SFNC ,2020-03-26 18:49:13,114
SFNC ,2020-03-26 19:49:15,114
SFNC ,2020-03-26 20:49:19,113
SFNC ,2020-03-26 21:49:35,113
SFNC ,2020-03-26 22:49:06,113
SFNC ,2020-03-26 23:49:52,113
SFNC ,2020-03-27 00:49:22,113
SFNC ,2020-03-27 01:49:32,113
SFNC ,2020-03-27 02:49:46,113
SFNC ,2020-03-27 03:49:22,113
SFNC ,2020-03-27 04:49:35,113
SFNC ,2020-03-27 05:49:14,113
SFNC ,2020-03-27 06:49:46,113
SFNC ,2020-03-27 07:49:56,113
SFNC ,2020-03-27 08:52:07,113
SFNC ,2020-03-27 09:50:14,113
SFNC ,2020-03-27 10:49:27,113
SFNC ,2020-03-27 11:49:05,113
SFNC ,2020-03-27 12:49:00,113
SFNC ,2020-03-27 13:49:46,113
SFNC ,2020-03-27 14:49:19,113
SFNC ,2020-03-27 15:49:21,113
SFNC ,2020-03-27 16:49:36,113
SFNC ,2020-03-27 17:49:18,113
SFNC ,2020-03-27 18:49:58,113
SFNC ,2020-03-27 19:49:17,113
SFNC ,2020-03-27 20:49:14,113
SFNC ,2020-03-27 21:49:57,113
SFNC ,2020-03-27 22:49:18,113
SFNC ,2020-03-27 23:49:35,113
SFNC ,2020-03-28 00:49:43,113
SFNC ,2020-03-28 01:48:56,113
SFNC ,2020-03-28 02:49:00,113
SFNC ,2020-03-28 03:49:21,113
SFNC ,2020-03-28 04:49:09,113
SFNC ,2020-03-28 05:50:23,113
SFNC ,2020-03-28 06:49:24,113
SFNC ,2020-03-28 07:48:53,113
SFNC ,2020-03-28 08:49:09,113
SFNC ,2020-03-28 09:49:33,113
SFNC ,2020-03-28 10:49:56,113
SFNC ,2020-03-28 11:49:11,113
SFNC ,2020-03-28 12:49:43,113
SFNC ,2020-03-28 13:49:40,113
SFNC ,2020-03-28 14:49:14,113
SFNC ,2020-03-28 15:49:12,113
SFNC ,2020-03-28 16:49:05,113
SFNC ,2020-03-28 17:49:19,113
SFNC ,2020-03-28 18:49:27,113
SFNC ,2020-03-28 19:49:01,113
SFNC ,2020-03-28 20:49:18,113
SFNC ,2020-03-28 21:49:00,113
SFNC ,2020-03-28 22:50:19,113
SFNC ,2020-03-28 23:49:19,113
SFNC ,2020-03-29 00:49:28,113
SFNC ,2020-03-29 01:49:43,113
SFNC ,2020-03-29 02:50:23,113
SFNC ,2020-03-29 03:50:31,113
SFNC ,2020-03-29 04:49:40,113
SFNC ,2020-03-29 05:49:29,113
SFNC ,2020-03-29 06:50:33,113
SFNC ,2020-03-29 07:49:42,113
SFNC ,2020-03-29 08:49:18,113
SFNC ,2020-03-29 09:49:12,113
SFNC ,2020-03-29 10:50:00,113
SFNC ,2020-03-29 11:49:14,113
SFNC ,2020-03-29 12:49:02,113
SFNC ,2020-03-29 13:49:06,113
SFNC ,2020-03-29 14:49:06,113
SFNC ,2020-03-29 15:49:10,113
SFNC ,2020-03-29 16:49:17,113
SFNC ,2020-03-29 17:49:44,113
SFNC ,2020-03-29 18:49:09,113
SFNC ,2020-03-29 19:49:09,113
SFNC ,2020-03-29 20:49:05,113
SFNC ,2020-03-29 21:50:14,113
SFNC ,2020-03-29 22:49:20,113
SFNC ,2020-03-29 23:49:23,113
SFNC ,2020-03-30 00:49:17,113
SFNC ,2020-03-30 01:49:13,113
SFNC ,2020-03-30 02:49:59,113
SFNC ,2020-03-30 03:49:16,113
SFNC ,2020-03-30 04:49:56,113
SFNC ,2020-03-30 05:49:05,113
SFNC ,2020-03-30 06:49:29,113
SFNC ,2020-03-30 07:49:50,113
SFNC ,2020-03-30 08:49:09,113
SFNC ,2020-03-30 09:48:55,113
SFNC ,2020-03-30 10:49:02,113
SFNC ,2020-03-30 11:48:40,113
SFNC ,2020-03-30 12:48:59,113
SFNC ,2020-03-30 13:50:06,113
SFNC ,2020-03-30 14:49:11,112
SFNC ,2020-03-30 15:49:54,114
SFNC ,2020-03-30 16:49:20,114
SFNC ,2020-03-30 17:49:43,114
SFNC ,2020-03-30 18:49:24,116
SFNC ,2020-03-30 19:49:50,115
SFNC ,2020-03-30 20:49:14,115
SFNC ,2020-03-30 21:49:44,115
SFNC ,2020-03-30 22:49:07,115
SFNC ,2020-03-30 23:49:02,115
SFNC ,2020-03-31 00:48:54,115
SFNC ,2020-03-31 01:49:13,115
SFNC ,2020-03-31 02:49:11,115
SFNC ,2020-03-31 03:49:38,115
SFNC ,2020-03-31 04:49:08,115
SFNC ,2020-03-31 05:49:14,115
SFNC ,2020-03-31 06:49:05,115
SFNC ,2020-03-31 07:49:19,115
SFNC ,2020-03-31 08:49:14,115
SFNC ,2020-03-31 09:49:07,115
SFNC ,2020-03-31 10:49:05,115
SFNC ,2020-03-31 11:49:41,115
SFNC ,2020-03-31 13:09:22,115
SFNC ,2020-03-31 13:49:27,115
SFNC ,2020-03-31 14:50:14,115
SFNC ,2020-03-31 15:49:16,115
SFNC ,2020-03-31 16:50:12,116
SFNC ,2020-03-31 17:49:17,116
SFNC ,2020-03-31 18:49:43,116
SFNC ,2020-03-31 19:49:11,116
SFNC ,2020-03-31 20:49:47,116
SFNC ,2020-03-31 21:49:08,116
SFNC ,2020-03-31 22:49:22,116
SFNC ,2020-03-31 23:48:38,116
SFNC ,2020-04-01 00:48:09,116
SFNC ,2020-04-01 01:48:11,116
SFNC ,2020-04-01 02:48:07,116
SFNC ,2020-04-01 03:48:16,116
SFNC ,2020-04-01 04:48:35,116
SFNC ,2020-04-01 05:48:54,116
SFNC ,2020-04-01 06:48:21,116
SFNC ,2020-04-01 07:48:49,116
SFNC ,2020-04-01 08:48:07,116
SFNC ,2020-04-01 09:48:25,116
SFNC ,2020-04-01 10:47:50,116
SFNC ,2020-04-01 11:49:09,116
SFNC ,2020-04-01 13:12:22,116
SFNC ,2020-04-01 13:48:13,116
SFNC ,2020-04-01 14:49:14,116
SFNC ,2020-04-01 15:48:43,116
SFNC ,2020-04-01 16:47:59,116
SFNC ,2020-04-01 17:47:56,116
SFNC ,2020-04-01 18:48:00,115
SFNC ,2020-04-01 19:48:10,115
SFNC ,2020-04-01 20:48:15,115
SFNC ,2020-04-01 21:47:59,115
SFNC ,2020-04-01 22:48:00,115
SFNC ,2020-04-01 23:48:51,115
SFNC ,2020-04-02 00:48:08,115
SFNC ,2020-04-02 01:48:47,115
SFNC ,2020-04-02 02:48:06,115
SFNC ,2020-04-02 03:48:44,115
SFNC ,2020-04-02 04:48:11,115
SFNC ,2020-04-02 05:48:20,115
SFNC ,2020-04-02 06:47:49,115
SFNC ,2020-04-02 07:48:45,115
SFNC ,2020-04-02 08:49:31,115
SFNC ,2020-04-02 09:48:43,115
SFNC ,2020-04-02 10:48:14,115
SFNC ,2020-04-02 11:48:04,115
SFNC ,2020-04-02 13:13:24,115
SFNC ,2020-04-02 13:48:55,115
SFNC ,2020-04-02 14:47:56,114
SFNC ,2020-04-02 15:48:19,114
SFNC ,2020-04-02 16:47:50,114
SFNC ,2020-04-02 17:48:00,114
SFNC ,2020-04-02 19:48:01,114
SFNC ,2020-04-02 20:48:34,114
SFNC ,2020-04-02 21:49:20,114
SFNC ,2020-04-02 22:48:55,114
SFNC ,2020-04-02 23:48:01,114
SFNC ,2020-04-03 00:48:19,114
SFNC ,2020-04-03 01:48:43,114
SFNC ,2020-04-03 02:48:12,114
SFNC ,2020-04-03 03:48:00,114
SFNC ,2020-04-03 04:48:34,114
SFNC ,2020-04-03 05:48:46,114
SFNC ,2020-04-03 06:48:08,114
SFNC ,2020-04-03 08:48:10,114
SFNC ,2020-04-03 09:48:09,114
SFNC ,2020-04-03 10:48:41,114
SFNC ,2020-04-03 11:48:02,114
SFNC ,2020-04-03 13:14:24,114
SFNC ,2020-04-03 13:48:20,114
SFNC ,2020-04-03 14:48:24,114
SFNC ,2020-04-03 15:48:48,114
SFNC ,2020-04-03 16:48:45,114
SFNC ,2020-04-03 17:48:48,115
SFNC ,2020-04-03 18:48:49,115
SFNC ,2020-04-03 19:48:04,115
SFNC ,2020-04-03 20:48:02,115
SFNC ,2020-04-03 21:48:17,115
SFNC ,2020-04-03 22:49:13,115
SFNC ,2020-04-03 23:48:11,115
SFNC ,2020-04-04 00:47:56,115
SFNC ,2020-04-04 01:48:39,115
SFNC ,2020-04-04 02:48:14,115
SFNC ,2020-04-04 03:48:18,115
SFNC ,2020-04-04 04:48:29,115
SFNC ,2020-04-04 05:48:39,115
SFNC ,2020-04-04 06:47:58,115
SFNC ,2020-04-04 07:48:50,115
SFNC ,2020-04-04 08:48:33,115
SFNC ,2020-04-04 09:48:30,115
SFNC ,2020-04-04 10:48:07,115
SFNC ,2020-04-04 11:48:06,115
SFNC ,2020-04-04 12:48:05,115
SFNC ,2020-04-04 13:48:02,115
SFNC ,2020-04-04 14:48:27,115
SFNC ,2020-04-04 15:47:53,115
SFNC ,2020-04-04 16:48:07,115
SFNC ,2020-04-04 17:48:08,115
SFNC ,2020-04-04 18:48:02,115
SFNC ,2020-04-04 19:48:06,115
SFNC ,2020-04-04 20:47:57,115
SFNC ,2020-04-04 21:48:01,115
SFNC ,2020-04-04 22:48:50,115
SFNC ,2020-04-04 23:47:59,115
SFNC ,2020-04-05 00:49:06,115
SFNC ,2020-04-05 01:48:39,115
SFNC ,2020-04-05 02:47:57,115
SFNC ,2020-04-05 03:48:08,115
SFNC ,2020-04-05 04:48:40,115
SFNC ,2020-04-05 05:48:28,115
SFNC ,2020-04-05 06:48:36,115
SFNC ,2020-04-05 07:48:09,115
SFNC ,2020-04-05 08:48:16,115
SFNC ,2020-04-05 09:48:02,115
SFNC ,2020-04-05 10:48:49,115
SFNC ,2020-04-05 11:48:39,115
SFNC ,2020-04-05 12:47:58,115
SFNC ,2020-04-05 13:48:45,115
SFNC ,2020-04-05 14:48:06,115
SFNC ,2020-04-05 15:47:55,115
SFNC ,2020-04-05 16:48:42,115
SFNC ,2020-04-05 17:47:51,115
SFNC ,2020-04-05 18:48:10,115
SFNC ,2020-04-05 19:47:58,115
SFNC ,2020-04-05 20:48:08,115
SFNC ,2020-04-05 21:48:13,115
SFNC ,2020-04-05 22:48:34,115
SFNC ,2020-04-05 23:47:59,115
SFNC ,2020-04-06 00:47:56,115
SFNC ,2020-04-06 01:48:11,115
SFNC ,2020-04-06 02:48:33,115
SFNC ,2020-04-06 03:49:19,115
SFNC ,2020-04-06 04:47:47,115
SFNC ,2020-04-06 05:48:24,115
SFNC ,2020-04-06 06:48:26,115
SFNC ,2020-04-06 07:48:07,115
SFNC ,2020-04-06 08:48:41,115
SFNC ,2020-04-06 09:48:02,115
SFNC ,2020-04-06 10:48:23,115
SFNC ,2020-04-06 11:47:51,115
SFNC ,2020-04-06 12:48:21,115
SFNC ,2020-04-06 13:48:12,115
SFNC ,2020-04-06 14:48:08,117
SFNC ,2020-04-06 15:48:09,117
SFNC ,2020-04-06 16:47:58,118
SFNC ,2020-04-06 17:47:58,118
SFNC ,2020-04-06 18:51:11,118
SFNC ,2020-04-06 19:48:39,119
SFNC ,2020-04-06 20:48:02,118
SFNC ,2020-04-06 21:47:53,118
SFNC ,2020-04-06 22:48:09,118
SFNC ,2020-04-06 23:48:27,118
SFNC ,2020-04-07 00:48:09,118
SFNC ,2020-04-07 01:48:23,118
SFNC ,2020-04-07 02:48:11,118
SFNC ,2020-04-07 03:48:00,118
SFNC ,2020-04-07 04:48:00,118
SFNC ,2020-04-07 05:47:52,118
SFNC ,2020-04-07 06:48:20,118
SFNC ,2020-04-07 07:48:10,118
SFNC ,2020-04-07 08:48:35,118
SFNC ,2020-04-07 09:48:00,118
SFNC ,2020-04-07 10:47:46,118
SFNC ,2020-04-07 11:47:58,118
SFNC ,2020-04-07 12:47:59,118
SFNC ,2020-04-07 13:48:07,118
SFNC ,2020-04-07 14:47:42,118
SFNC ,2020-04-07 15:47:54,118
SFNC ,2020-04-07 16:48:14,118
SFNC ,2020-04-07 17:47:49,119
SFNC ,2020-04-07 18:47:52,119
SFNC ,2020-04-07 19:47:52,119
SFNC ,2020-04-07 20:48:05,118
SFNC ,2020-04-07 21:48:13,118
SFNC ,2020-04-07 22:47:56,118
SFNC ,2020-04-07 23:48:01,118
SFNC ,2020-04-08 00:48:11,118
SFNC ,2020-04-08 01:47:53,118
SFNC ,2020-04-08 02:47:39,118
SFNC ,2020-04-08 03:48:13,118
SFNC ,2020-04-08 04:47:46,118
SFNC ,2020-04-08 06:48:06,118
SFNC ,2020-04-08 07:48:18,118
SFNC ,2020-04-08 08:48:26,118
SFNC ,2020-04-08 09:48:02,118
SFNC ,2020-04-08 10:47:54,118
SFNC ,2020-04-08 11:47:51,118
SFNC ,2020-04-08 12:47:51,118
SFNC ,2020-04-08 13:47:59,119
SFNC ,2020-04-08 14:47:45,118
SFNC ,2020-04-08 15:48:04,119
SFNC ,2020-04-08 16:47:51,117
SFNC ,2020-04-08 17:48:20,117
SFNC ,2020-04-08 18:47:50,116
SFNC ,2020-04-08 19:48:17,116
SFNC ,2020-04-08 20:48:01,115
SFNC ,2020-04-08 21:47:53,115
SFNC ,2020-04-08 22:47:45,115
SFNC ,2020-04-08 23:47:57,115
SFNC ,2020-04-09 00:47:50,115
SFNC ,2020-04-09 02:47:56,115
SFNC ,2020-04-09 03:47:51,115
SFNC ,2020-04-09 04:48:23,115
SFNC ,2020-04-09 05:48:05,115
SFNC ,2020-04-09 06:48:27,115
SFNC ,2020-04-09 07:47:42,115
SFNC ,2020-04-09 08:47:46,115
SFNC ,2020-04-09 09:47:44,115
SFNC ,2020-04-09 10:47:53,115
SFNC ,2020-04-09 11:47:51,115
SFNC ,2020-04-09 12:47:48,115
SFNC ,2020-04-09 13:48:07,115
SFNC ,2020-04-09 14:48:06,115
SFNC ,2020-04-09 15:47:35,115
SFNC ,2020-04-09 16:47:52,114
SFNC ,2020-04-09 17:47:51,114
SFNC ,2020-04-09 18:47:33,114
SFNC ,2020-04-09 19:48:17,113
SFNC ,2020-04-09 20:47:51,113
SFNC ,2020-04-09 21:47:48,113
SFNC ,2020-04-09 22:47:46,113
SFNC ,2020-04-09 23:47:44,113
SFNC ,2020-04-10 00:47:52,113
SFNC ,2020-04-10 01:47:42,113
SFNC ,2020-04-10 02:47:59,113
SFNC ,2020-04-10 03:47:54,113
SFNC ,2020-04-10 04:47:46,113
SFNC ,2020-04-10 05:48:02,113
SFNC ,2020-04-10 06:47:46,113
SFNC ,2020-04-10 07:47:48,113
SFNC ,2020-04-10 08:48:01,113
SFNC ,2020-04-10 09:47:49,113
SFNC ,2020-04-10 10:47:55,113
SFNC ,2020-04-10 11:47:53,113
SFNC ,2020-04-10 12:47:51,113
SFNC ,2020-04-10 13:47:57,113
SFNC ,2020-04-10 14:48:09,113
SFNC ,2020-04-10 15:47:52,113
SFNC ,2020-04-10 16:47:41,113
SFNC ,2020-04-10 17:47:50,113
SFNC ,2020-04-10 18:47:51,113
SFNC ,2020-04-10 19:47:50,113
SFNC ,2020-04-10 20:48:20,113
SFNC ,2020-04-10 21:47:27,113
SFNC ,2020-04-10 22:47:24,113
SFNC ,2020-04-10 23:47:25,113
SFNC ,2020-04-11 00:47:34,113
SFNC ,2020-04-11 01:47:19,113
SFNC ,2020-04-11 02:47:26,113
SFNC ,2020-04-11 03:47:25,113
SFNC ,2020-04-11 04:47:33,113
SFNC ,2020-04-11 05:47:21,113
SFNC ,2020-04-11 06:47:26,113
SFNC ,2020-04-11 07:47:23,113
SFNC ,2020-04-11 08:47:16,113
SFNC ,2020-04-11 09:47:17,113
SFNC ,2020-04-11 10:47:34,113
SFNC ,2020-04-11 11:47:16,113
SFNC ,2020-04-11 12:47:24,113
SFNC ,2020-04-11 13:47:33,113
SFNC ,2020-04-11 14:47:16,113
SFNC ,2020-04-11 15:47:35,113
SFNC ,2020-04-11 16:47:30,113
SFNC ,2020-04-11 17:47:29,113
SFNC ,2020-04-11 18:47:29,113
SFNC ,2020-04-11 19:47:23,113
SFNC ,2020-04-11 20:47:15,113
SFNC ,2020-04-11 21:47:24,113
SFNC ,2020-04-11 22:47:23,113
SFNC ,2020-04-11 23:47:24,113
SFNC ,2020-04-12 00:47:33,113
SFNC ,2020-04-12 01:47:22,113
SFNC ,2020-04-12 02:47:23,113
SFNC ,2020-04-12 03:47:19,113
SFNC ,2020-04-12 04:47:40,113
SFNC ,2020-04-12 05:47:29,113
SFNC ,2020-04-12 06:47:28,113
SFNC ,2020-04-12 07:47:20,113
SFNC ,2020-04-12 08:47:22,113
SFNC ,2020-04-12 09:47:27,113
SFNC ,2020-04-12 10:47:27,113
SFNC ,2020-04-12 11:47:19,113
SFNC ,2020-04-12 12:47:25,113
SFNC ,2020-04-12 13:47:33,113
SFNC ,2020-04-12 14:47:27,113
SFNC ,2020-04-12 15:47:25,113
SFNC ,2020-04-12 16:47:23,113
SFNC ,2020-04-12 17:47:17,113
SFNC ,2020-04-12 18:47:29,113
SFNC ,2020-04-12 19:47:25,113
SFNC ,2020-04-12 20:47:44,113
SFNC ,2020-04-12 21:47:31,113
SFNC ,2020-04-12 22:47:37,113
SFNC ,2020-04-12 23:47:44,113
SFNC ,2020-04-13 00:47:56,113
SFNC ,2020-04-13 01:47:38,113
SFNC ,2020-04-13 02:47:42,113
SFNC ,2020-04-13 03:48:02,113
SFNC ,2020-04-13 04:47:47,113
SFNC ,2020-04-13 05:47:47,113
SFNC ,2020-04-13 06:47:26,113
SFNC ,2020-04-13 07:47:16,113
SFNC ,2020-04-13 08:47:28,113
SFNC ,2020-04-13 09:47:22,113
SFNC ,2020-04-13 10:47:22,113
SFNC ,2020-04-13 11:47:32,113
SFNC ,2020-04-13 13:11:16,113
SFNC ,2020-04-13 13:47:21,113
SFNC ,2020-04-13 14:47:19,114
SFNC ,2020-04-13 15:47:24,115
SFNC ,2020-04-13 16:47:29,116
SFNC ,2020-04-13 17:47:40,116
SFNC ,2020-04-13 18:47:17,116
SFNC ,2020-04-13 19:47:20,117
SFNC ,2020-04-13 20:47:26,118
SFNC ,2020-04-13 21:47:32,118
SFNC ,2020-04-13 22:47:19,118
SFNC ,2020-04-13 23:47:28,118
SFNC ,2020-04-14 00:48:00,118
SFNC ,2020-04-14 01:47:54,118
SFNC ,2020-04-14 02:47:47,118
SFNC ,2020-04-14 03:47:47,118
SFNC ,2020-04-14 04:47:48,118
SFNC ,2020-04-14 05:47:54,118
SFNC ,2020-04-14 06:47:35,118
SFNC ,2020-04-14 07:47:27,118
SFNC ,2020-04-14 08:47:30,118
SFNC ,2020-04-14 09:47:29,118
SFNC ,2020-04-14 10:47:28,118
SFNC ,2020-04-14 11:47:29,118
SFNC ,2020-04-14 12:47:24,118
SFNC ,2020-04-14 13:47:31,118
SFNC ,2020-04-14 14:47:42,119
SFNC ,2020-04-14 15:47:43,122
SFNC ,2020-04-14 16:47:49,122
SFNC ,2020-04-14 17:47:17,123
SFNC ,2020-04-14 18:47:50,123
SFNC ,2020-04-14 19:47:25,123
SFNC ,2020-04-14 20:47:23,123
SFNC ,2020-04-14 21:47:27,123
SFNC ,2020-04-14 22:47:24,123
SFNC ,2020-04-14 23:47:42,123
SFNC ,2020-04-15 00:47:41,123
SFNC ,2020-04-15 01:47:43,123
SFNC ,2020-04-15 02:47:36,123
SFNC ,2020-04-15 03:47:39,123
SFNC ,2020-04-15 04:47:42,123
SFNC ,2020-04-15 05:47:22,123
SFNC ,2020-04-15 06:47:19,123
SFNC ,2020-04-15 07:47:28,123
SFNC ,2020-04-15 08:47:31,123
SFNC ,2020-04-15 09:47:26,123
SFNC ,2020-04-15 10:47:19,123
SFNC ,2020-04-15 11:47:18,123
SFNC ,2020-04-15 13:14:20,123
SFNC ,2020-04-15 14:47:27,122
SFNC ,2020-04-15 15:47:19,121
SFNC ,2020-04-15 16:47:39,122
SFNC ,2020-04-15 17:47:21,122
SFNC ,2020-04-15 18:47:24,122
SFNC ,2020-04-15 19:47:35,122
SFNC ,2020-04-15 20:47:22,122
SFNC ,2020-04-15 21:47:32,122
SFNC ,2020-04-15 22:47:33,122
SFNC ,2020-04-15 23:47:35,122
SFNC ,2020-04-16 00:47:42,122
SFNC ,2020-04-16 01:47:48,122
SFNC ,2020-04-16 02:47:51,122
SFNC ,2020-04-16 03:47:51,122
SFNC ,2020-04-16 04:47:53,122
SFNC ,2020-04-16 05:47:31,122
SFNC ,2020-04-16 06:47:47,122
SFNC ,2020-04-16 07:47:29,122
SFNC ,2020-04-16 08:47:28,122
SFNC ,2020-04-16 09:47:21,122
SFNC ,2020-04-16 10:47:28,122
SFNC ,2020-04-16 11:47:28,122
SFNC ,2020-04-16 12:47:28,122
SFNC ,2020-04-16 13:47:29,122
SFNC ,2020-04-16 14:47:24,127
SFNC ,2020-04-16 15:47:50,128
SFNC ,2020-04-16 16:47:51,129
SFNC ,2020-04-16 17:47:30,129
SFNC ,2020-04-16 18:47:46,129
SFNC ,2020-04-16 19:47:23,129
SFNC ,2020-04-16 20:47:30,130
SFNC ,2020-04-16 21:47:55,130
SFNC ,2020-04-16 22:47:29,130
SFNC ,2020-04-16 23:47:53,130
SFNC ,2020-04-17 00:47:44,130
SFNC ,2020-04-17 01:47:42,130
SFNC ,2020-04-17 02:47:51,130
SFNC ,2020-04-17 03:47:34,130
SFNC ,2020-04-17 04:47:30,130
SFNC ,2020-04-17 05:47:34,130
SFNC ,2020-04-17 06:47:35,130
SFNC ,2020-04-17 07:47:49,130
SFNC ,2020-04-17 08:47:33,130
SFNC ,2020-04-17 09:47:28,130
SFNC ,2020-04-17 10:47:31,130
SFNC ,2020-04-17 11:47:20,130
SFNC ,2020-04-17 13:11:19,129
SFNC ,2020-04-17 13:47:45,129
SFNC ,2020-04-17 14:47:31,128
SFNC ,2020-04-17 15:47:36,129
SFNC ,2020-04-17 16:47:20,129
SFNC ,2020-04-17 17:47:26,129
SFNC ,2020-04-17 18:47:50,129
SFNC ,2020-04-17 19:47:43,129
SFNC ,2020-04-17 20:47:50,128
SFNC ,2020-04-17 21:47:45,128
SFNC ,2020-04-17 22:47:36,128
SFNC ,2020-04-17 23:47:46,128
SFNC ,2020-04-18 00:47:45,128
SFNC ,2020-04-18 01:47:40,128
SFNC ,2020-04-18 02:47:36,128
SFNC ,2020-04-18 03:47:37,128
SFNC ,2020-04-18 04:47:49,128
SFNC ,2020-04-18 05:47:48,128
SFNC ,2020-04-18 06:47:29,128
SFNC ,2020-04-18 07:47:22,128
SFNC ,2020-04-18 08:47:46,128
SFNC ,2020-04-18 09:47:16,128
SFNC ,2020-04-18 10:47:27,128
SFNC ,2020-04-18 11:47:31,128
SFNC ,2020-04-18 12:47:16,128
SFNC ,2020-04-18 13:47:40,128
SFNC ,2020-04-18 14:47:25,128
SFNC ,2020-04-18 15:47:31,128
SFNC ,2020-04-18 16:47:17,128
SFNC ,2020-04-18 17:47:33,128
SFNC ,2020-04-18 18:47:31,128
SFNC ,2020-04-18 19:47:23,128
SFNC ,2020-04-18 20:47:34,128
SFNC ,2020-04-18 21:47:24,128
SFNC ,2020-04-18 22:47:40,128
SFNC ,2020-04-18 23:47:56,128
SFNC ,2020-04-19 00:47:56,128
SFNC ,2020-04-19 01:48:11,128
SFNC ,2020-04-19 02:47:47,128
SFNC ,2020-04-19 03:47:49,128
SFNC ,2020-04-19 04:48:11,128
SFNC ,2020-04-19 05:47:42,128
SFNC ,2020-04-19 06:47:48,128
SFNC ,2020-04-19 07:47:40,128
SFNC ,2020-04-19 08:47:29,128
SFNC ,2020-04-19 09:47:27,128
SFNC ,2020-04-19 10:47:27,128
SFNC ,2020-04-19 11:47:18,128
SFNC ,2020-04-19 12:47:21,128
SFNC ,2020-04-19 13:47:44,128
SFNC ,2020-04-19 14:47:18,128
SFNC ,2020-04-19 15:47:28,128
SFNC ,2020-04-19 16:47:34,128
SFNC ,2020-04-19 17:47:57,128
SFNC ,2020-04-19 18:47:30,128
SFNC ,2020-04-19 19:47:26,128
SFNC ,2020-04-19 20:47:19,128
SFNC ,2020-04-19 21:48:03,128
SFNC ,2020-04-19 22:47:53,128
SFNC ,2020-04-19 23:47:43,128
SFNC ,2020-04-20 00:48:03,128
SFNC ,2020-04-20 01:47:53,128
SFNC ,2020-04-20 02:48:07,128
SFNC ,2020-04-20 03:48:07,128
SFNC ,2020-04-20 04:47:49,128
SFNC ,2020-04-20 05:48:05,128
SFNC ,2020-04-20 06:47:50,128
SFNC ,2020-04-20 07:47:27,128
SFNC ,2020-04-20 08:47:24,128
SFNC ,2020-04-20 09:47:26,128
SFNC ,2020-04-20 10:47:25,128
SFNC ,2020-04-20 11:47:24,128
SFNC ,2020-04-20 12:47:26,128
SFNC ,2020-04-20 13:47:24,128
SFNC ,2020-04-20 14:47:57,130
SFNC ,2020-04-20 15:47:32,130
SFNC ,2020-04-20 16:47:39,130
SFNC ,2020-04-20 17:47:37,130
SFNC ,2020-04-20 18:47:47,132
SFNC ,2020-04-20 20:48:34,133
SFNC ,2020-04-20 21:48:17,133
SFNC ,2020-04-20 22:48:44,133
SFNC ,2020-04-20 23:47:49,133
SFNC ,2020-04-21 00:48:02,133
SFNC ,2020-04-21 01:47:52,133
SFNC ,2020-04-21 02:47:49,133
SFNC ,2020-04-21 03:49:42,133
SFNC ,2020-04-21 04:50:10,133
SFNC ,2020-04-21 05:50:12,133
SFNC ,2020-04-21 06:47:51,133
SFNC ,2020-04-21 07:47:39,133
SFNC ,2020-04-21 08:47:35,133
SFNC ,2020-04-21 09:47:31,133
SFNC ,2020-04-21 10:47:30,133
SFNC ,2020-04-21 11:47:28,133
SFNC ,2020-04-21 12:47:30,133
SFNC ,2020-04-21 13:48:01,133
SFNC ,2020-04-21 14:47:50,134
SFNC ,2020-04-21 15:47:18,134
SFNC ,2020-04-21 16:47:18,136
SFNC ,2020-04-21 17:47:49,134
SFNC ,2020-04-21 18:47:18,134
SFNC ,2020-04-21 19:47:26,134
SFNC ,2020-04-21 20:47:56,134
SFNC ,2020-04-21 21:48:02,134
SFNC ,2020-04-21 22:47:55,134
SFNC ,2020-04-21 23:47:25,134
SFNC ,2020-04-22 00:47:44,134
SFNC ,2020-04-22 01:47:55,134
SFNC ,2020-04-22 02:47:58,134
SFNC ,2020-04-22 03:47:43,134
SFNC ,2020-04-22 04:47:23,134
SFNC ,2020-04-22 05:47:27,134
SFNC ,2020-04-22 06:47:47,134
SFNC ,2020-04-22 07:47:38,134
SFNC ,2020-04-22 08:47:21,134
SFNC ,2020-04-22 09:47:34,134
SFNC ,2020-04-22 10:48:02,134
SFNC ,2020-04-22 11:47:20,134
SFNC ,2020-04-22 12:47:28,134
SFNC ,2020-04-22 13:47:18,134
SFNC ,2020-04-22 14:47:42,134
SFNC ,2020-04-22 15:47:23,134
SFNC ,2020-04-22 16:47:53,134
SFNC ,2020-04-22 17:48:04,135
SFNC ,2020-04-22 18:47:45,137
SFNC ,2020-04-22 19:47:26,137
SFNC ,2020-04-22 20:47:30,137
SFNC ,2020-04-22 21:47:48,137
SFNC ,2020-04-22 22:47:40,137
SFNC ,2020-04-22 23:47:48,137
SFNC ,2020-04-23 00:47:25,137
SFNC ,2020-04-23 01:47:44,137
SFNC ,2020-04-23 02:47:53,137
SFNC ,2020-04-23 03:47:52,137
SFNC ,2020-04-23 04:47:41,137
SFNC ,2020-04-23 05:47:18,137
SFNC ,2020-04-23 06:47:27,137
SFNC ,2020-04-23 07:47:32,137
SFNC ,2020-04-23 08:47:26,137
SFNC ,2020-04-23 09:47:16,137
SFNC ,2020-04-23 10:47:25,137
SFNC ,2020-04-23 11:47:42,137
SFNC ,2020-04-23 12:47:18,137
SFNC ,2020-04-23 13:47:18,137
SFNC ,2020-04-23 14:47:20,139
SFNC ,2020-04-23 15:47:25,139
SFNC ,2020-04-23 16:47:46,139
SFNC ,2020-04-23 17:47:19,139
SFNC ,2020-04-23 18:47:31,140
SFNC ,2020-04-23 19:47:17,140
SFNC ,2020-04-23 20:47:54,140
SFNC ,2020-04-23 21:47:29,140
SFNC ,2020-04-23 22:47:23,140
SFNC ,2020-04-23 23:47:32,140
SFNC ,2020-04-24 00:47:43,140
SFNC ,2020-04-24 01:48:14,140
SFNC ,2020-04-24 02:47:16,140
SFNC ,2020-04-24 03:47:53,140
SFNC ,2020-04-24 04:47:37,140
SFNC ,2020-04-24 05:47:20,140
SFNC ,2020-04-24 06:47:22,140
SFNC ,2020-04-24 07:47:15,140
SFNC ,2020-04-24 08:47:35,140
SFNC ,2020-04-24 09:47:24,140
SFNC ,2020-04-24 10:47:22,140
SFNC ,2020-04-24 11:47:16,140
SFNC ,2020-04-24 13:12:22,140
SFNC ,2020-04-24 13:47:54,140
SFNC ,2020-04-24 14:47:35,140
SFNC ,2020-04-24 15:47:25,140
SFNC ,2020-04-24 16:47:27,140
SFNC ,2020-04-24 17:47:32,140
SFNC ,2020-04-24 18:48:14,140
SFNC ,2020-04-24 19:47:27,140
SFNC ,2020-04-24 20:47:35,140
SFNC ,2020-04-24 21:48:03,140
SFNC ,2020-04-24 22:48:04,140
SFNC ,2020-04-24 23:47:36,140
SFNC ,2020-04-25 00:47:58,140
SFNC ,2020-04-25 01:47:59,140
SFNC ,2020-04-25 02:47:53,140
SFNC ,2020-04-25 03:47:54,140
SFNC ,2020-04-25 04:47:55,140
SFNC ,2020-04-25 05:48:05,140
SFNC ,2020-04-25 06:47:38,140
SFNC ,2020-04-25 07:47:28,140
SFNC ,2020-04-25 08:47:37,140
SFNC ,2020-04-25 09:47:32,140
SFNC ,2020-04-25 10:47:23,140
SFNC ,2020-04-25 11:47:31,140
SFNC ,2020-04-25 12:47:28,140
SFNC ,2020-04-25 13:47:45,140
SFNC ,2020-04-25 14:47:32,140
SFNC ,2020-04-25 15:47:38,140
SFNC ,2020-04-25 16:47:43,140
SFNC ,2020-04-25 17:47:39,140
SFNC ,2020-04-25 18:47:27,140
SFNC ,2020-04-25 19:47:38,140
SFNC ,2020-04-25 20:47:30,140
SFNC ,2020-04-25 21:47:28,140
SFNC ,2020-04-25 22:47:34,140
SFNC ,2020-04-25 23:47:38,140
SFNC ,2020-04-26 00:47:32,140
SFNC ,2020-04-26 01:47:51,140
SFNC ,2020-04-26 02:47:49,140
SFNC ,2020-04-26 03:47:58,140
SFNC ,2020-04-26 04:47:25,140
SFNC ,2020-04-26 05:48:08,140
SFNC ,2020-04-26 06:47:40,140
SFNC ,2020-04-26 07:47:33,140
SFNC ,2020-04-26 08:47:30,140
SFNC ,2020-04-26 09:47:31,140
SFNC ,2020-04-26 10:47:24,140
SFNC ,2020-04-26 11:47:36,140
SFNC ,2020-04-26 12:47:31,140
SFNC ,2020-04-26 13:47:21,140
SFNC ,2020-04-26 14:47:26,140
SFNC ,2020-04-26 15:47:35,140
SFNC ,2020-04-26 16:47:33,140
SFNC ,2020-04-26 17:47:30,140
SFNC ,2020-04-26 18:47:29,140
SFNC ,2020-04-26 19:47:22,140
SFNC ,2020-04-26 20:47:27,140
SFNC ,2020-04-26 21:47:35,140
SFNC ,2020-04-26 22:47:48,140
SFNC ,2020-04-26 23:48:08,140
SFNC ,2020-04-27 00:48:05,140
SFNC ,2020-04-27 01:48:05,140
SFNC ,2020-04-27 02:47:55,140
SFNC ,2020-04-27 03:47:58,140
SFNC ,2020-04-27 04:48:01,140
SFNC ,2020-04-27 05:47:38,140
SFNC ,2020-04-27 06:47:35,140
SFNC ,2020-04-27 07:47:25,140
SFNC ,2020-04-27 08:47:35,140
SFNC ,2020-04-27 09:47:36,140
SFNC ,2020-04-27 10:47:37,140
SFNC ,2020-04-27 11:47:18,140
SFNC ,2020-04-27 12:47:29,140
SFNC ,2020-04-27 13:48:08,140
SFNC ,2020-04-27 14:47:40,141
SFNC ,2020-04-27 15:47:33,141
SFNC ,2020-04-27 16:47:19,141
SFNC ,2020-04-27 17:47:33,142
SFNC ,2020-04-27 18:47:28,142
SFNC ,2020-04-27 19:47:27,141
SFNC ,2020-04-27 20:47:28,141
SFNC ,2020-04-27 21:47:42,141
SFNC ,2020-04-27 22:47:27,141
SFNC ,2020-04-27 23:47:52,141
SFNC ,2020-04-28 00:48:31,141
SFNC ,2020-04-28 01:47:36,141
SFNC ,2020-04-28 02:48:07,141
SFNC ,2020-04-28 03:48:02,141
SFNC ,2020-04-28 04:47:56,141
SFNC ,2020-04-28 05:47:30,141
SFNC ,2020-04-28 06:47:28,141
SFNC ,2020-04-28 07:48:06,141
SFNC ,2020-04-28 08:47:55,141
SFNC ,2020-04-28 09:47:34,141
SFNC ,2020-04-28 10:47:20,141
SFNC ,2020-04-28 11:47:34,141
SFNC ,2020-04-28 12:47:36,141
SFNC ,2020-04-28 13:47:31,141
SFNC ,2020-04-28 14:48:07,139
SFNC ,2020-04-28 15:47:57,139
SFNC ,2020-04-28 16:47:24,139
SFNC ,2020-04-28 17:47:31,139
SFNC ,2020-04-28 18:47:30,139
SFNC ,2020-04-28 19:47:27,139
SFNC ,2020-04-28 20:47:31,139
SFNC ,2020-04-28 21:47:36,139
SFNC ,2020-04-28 22:47:21,139
SFNC ,2020-04-28 23:47:35,139
SFNC ,2020-04-29 00:48:09,139
SFNC ,2020-04-29 01:48:11,139
SFNC ,2020-04-29 02:48:01,139
SFNC ,2020-04-29 03:47:27,139
SFNC ,2020-04-29 04:47:34,139
SFNC ,2020-04-29 05:47:23,139
SFNC ,2020-04-29 06:47:37,139
SFNC ,2020-04-29 07:47:35,139
SFNC ,2020-04-29 08:47:32,139
SFNC ,2020-04-29 09:47:52,139
SFNC ,2020-04-29 10:47:34,139
SFNC ,2020-04-29 11:47:18,139
SFNC ,2020-04-29 13:10:15,139
SFNC ,2020-04-29 13:47:35,139
SFNC ,2020-04-29 14:47:23,141
SFNC ,2020-04-29 15:47:21,139
SFNC ,2020-04-29 16:47:37,137
SFNC ,2020-04-29 17:47:41,137
SFNC ,2020-04-29 18:48:04,137
SFNC ,2020-04-29 19:48:06,136
SFNC ,2020-04-29 20:47:30,136
SFNC ,2020-04-29 21:48:03,136
SFNC ,2020-04-29 22:48:05,136
SFNC ,2020-04-29 23:47:44,136
SFNC ,2020-04-30 00:48:03,136
SFNC ,2020-04-30 01:48:07,136
SFNC ,2020-04-30 02:48:40,136
SFNC ,2020-04-30 03:48:31,136
SFNC ,2020-04-30 04:47:51,136
SFNC ,2020-04-30 05:47:45,136
SFNC ,2020-04-30 06:47:34,136
SFNC ,2020-04-30 07:47:32,136
SFNC ,2020-04-30 08:47:36,136
SFNC ,2020-04-30 09:47:29,136
SFNC ,2020-04-30 10:47:20,136
SFNC ,2020-04-30 11:47:50,136
SFNC ,2020-04-30 12:47:26,136
SFNC ,2020-04-30 13:47:28,136
SFNC ,2020-04-30 14:47:52,134
SFNC ,2020-04-30 15:47:31,134
SFNC ,2020-04-30 16:47:26,134
SFNC ,2020-04-30 17:51:17,134
SFNC ,2020-04-30 18:47:43,134
SFNC ,2020-04-30 20:47:31,134
SFNC ,2020-04-30 21:47:35,134
SFNC ,2020-04-30 22:47:40,134
SFNC ,2020-04-30 23:47:33,134
SFNC ,2020-05-01 00:48:07,134
SFNC ,2020-05-01 01:48:02,134
SFNC ,2020-05-01 02:47:33,134
SFNC ,2020-05-01 03:47:24,134
SFNC ,2020-05-01 04:47:37,134
SFNC ,2020-05-01 05:47:43,134
SFNC ,2020-05-01 06:47:37,134
SFNC ,2020-05-01 07:47:38,134
SFNC ,2020-05-01 08:47:31,134
SFNC ,2020-05-01 09:47:34,134
SFNC ,2020-05-01 10:47:27,134
SFNC ,2020-05-01 11:47:28,134
SFNC ,2020-05-01 13:11:19,134
SFNC ,2020-05-01 13:48:12,134
SFNC ,2020-05-01 14:47:25,134
SFNC ,2020-05-01 15:47:25,135
SFNC ,2020-05-01 16:47:26,136
SFNC ,2020-05-01 17:47:26,136
SFNC ,2020-05-01 18:47:25,136
SFNC ,2020-05-01 19:47:38,137
SFNC ,2020-05-01 20:47:29,137
SFNC ,2020-05-01 21:47:58,137
SFNC ,2020-05-01 22:47:27,137
SFNC ,2020-05-01 23:47:26,137
SFNC ,2020-05-02 00:47:28,137
SFNC ,2020-05-02 01:47:50,137
SFNC ,2020-05-02 02:47:41,137
SFNC ,2020-05-02 03:47:50,137
SFNC ,2020-05-02 04:47:32,137
SFNC ,2020-05-02 05:47:48,137
SFNC ,2020-05-02 06:47:33,137
SFNC ,2020-05-02 07:47:41,137
SFNC ,2020-05-02 08:47:37,137
SFNC ,2020-05-02 09:47:32,137
SFNC ,2020-05-02 10:47:23,137
SFNC ,2020-05-02 11:47:33,137
SFNC ,2020-05-02 12:47:23,137
SFNC ,2020-05-02 13:47:35,137
SFNC ,2020-05-02 14:47:34,137
SFNC ,2020-05-02 15:47:41,137
SFNC ,2020-05-02 16:47:34,137
SFNC ,2020-05-02 17:47:31,137
SFNC ,2020-05-02 18:47:45,137
SFNC ,2020-05-02 19:47:35,137
SFNC ,2020-05-02 20:47:45,137
SFNC ,2020-05-02 21:47:34,137
SFNC ,2020-05-02 22:47:21,137
SFNC ,2020-05-02 23:47:56,137
SFNC ,2020-05-03 00:47:33,137
SFNC ,2020-05-03 01:47:59,137
SFNC ,2020-05-03 02:47:55,137
SFNC ,2020-05-03 03:47:55,137
SFNC ,2020-05-03 04:47:43,137
SFNC ,2020-05-03 05:47:29,137
SFNC ,2020-05-03 06:47:30,137
SFNC ,2020-05-03 07:47:37,137
SFNC ,2020-05-03 08:47:33,137
SFNC ,2020-05-03 09:48:10,137
SFNC ,2020-05-03 10:47:35,137
SFNC ,2020-05-03 11:47:33,137
SFNC ,2020-05-03 12:47:31,137
SFNC ,2020-05-03 13:47:34,137
SFNC ,2020-05-03 14:47:40,137
SFNC ,2020-05-03 15:47:35,137
SFNC ,2020-05-03 16:47:59,137
SFNC ,2020-05-03 17:48:07,137
SFNC ,2020-05-03 18:47:25,137
SFNC ,2020-05-03 19:48:29,137
SFNC ,2020-05-03 20:48:02,137
SFNC ,2020-05-03 21:47:53,137
SFNC ,2020-05-03 22:48:01,137
SFNC ,2020-05-03 23:48:03,137
SFNC ,2020-05-04 00:47:58,137
SFNC ,2020-05-04 01:48:00,137
SFNC ,2020-05-04 02:48:00,137
SFNC ,2020-05-04 03:48:02,137
SFNC ,2020-05-04 04:47:31,137
SFNC ,2020-05-04 05:47:33,137
SFNC ,2020-05-04 06:47:41,137
SFNC ,2020-05-04 09:33:36,137
SFNC ,2020-05-04 10:51:23,137
SFNC ,2020-05-04 10:59:08,137
SFNC ,2020-05-04 11:06:43,137
SFNC ,2020-05-04 11:47:44,137
SFNC ,2020-05-04 13:10:24,137
SFNC ,2020-05-04 13:47:31,137
SFNC ,2020-05-04 14:47:40,137
SFNC ,2020-05-04 15:47:32,139
SFNC ,2020-05-04 16:47:33,139
SFNC ,2020-05-04 17:47:31,139
SFNC ,2020-05-04 18:48:10,139
SFNC ,2020-05-04 19:48:01,139
SFNC ,2020-05-04 20:47:56,140
SFNC ,2020-05-04 21:47:58,140
SFNC ,2020-05-04 22:47:25,140
SFNC ,2020-05-04 23:47:29,140
SFNC ,2020-05-05 00:47:25,140
SFNC ,2020-05-05 01:47:52,140
SFNC ,2020-05-05 02:47:23,140
SFNC ,2020-05-05 03:48:06,140
SFNC ,2020-05-05 04:47:33,140
SFNC ,2020-05-05 05:47:32,140
SFNC ,2020-05-05 06:47:35,140
SFNC ,2020-05-05 07:47:43,140
SFNC ,2020-05-05 08:47:57,140
SFNC ,2020-05-05 09:47:22,140
SFNC ,2020-05-05 10:47:23,140
SFNC ,2020-05-05 11:47:54,140
SFNC ,2020-05-05 12:47:40,140
SFNC ,2020-05-05 13:47:35,140
SFNC ,2020-05-05 14:47:34,139
SFNC ,2020-05-05 15:47:31,140
SFNC ,2020-05-05 16:47:40,140
SFNC ,2020-05-05 17:47:29,141
SFNC ,2020-05-05 18:47:24,142
SFNC ,2020-05-05 19:48:05,143
SFNC ,2020-05-05 20:47:39,144
SFNC ,2020-05-05 21:47:19,144
SFNC ,2020-05-05 22:47:22,144
SFNC ,2020-05-05 23:48:01,144
SFNC ,2020-05-06 00:47:36,144
SFNC ,2020-05-06 01:47:38,144
SFNC ,2020-05-06 02:47:29,144
SFNC ,2020-05-06 03:47:21,144
SFNC ,2020-05-06 04:47:37,144
SFNC ,2020-05-06 05:47:33,144
SFNC ,2020-05-06 06:47:23,144
SFNC ,2020-05-06 17:47:59,147
SFNC ,2020-05-06 18:48:08,147
SFNC ,2020-05-06 19:47:26,148
SFNC ,2020-05-06 20:47:55,148
SFNC ,2020-05-06 21:47:59,148
SFNC ,2020-05-06 22:48:04,148
SFNC ,2020-05-06 23:48:08,148
SFNC ,2020-05-07 00:47:37,148
SFNC ,2020-05-07 01:47:41,148
SFNC ,2020-05-07 02:47:19,148
SFNC ,2020-05-07 03:47:35,148
SFNC ,2020-05-07 04:47:40,148
SFNC ,2020-05-07 05:47:26,148
SFNC ,2020-05-07 06:47:35,148
SFNC ,2020-05-07 08:47:38,148
SFNC ,2020-05-07 09:47:31,148
SFNC ,2020-05-07 10:47:54,148
SFNC ,2020-05-07 11:47:39,148
SFNC ,2020-05-07 12:47:36,148
SFNC ,2020-05-07 13:47:46,148
SFNC ,2020-05-07 14:47:54,147
SFNC ,2020-05-07 15:47:30,147
SFNC ,2020-05-07 16:47:39,148
SFNC ,2020-05-07 17:47:29,149
SFNC ,2020-05-07 18:47:23,151
SFNC ,2020-05-07 19:48:16,151
SFNC ,2020-05-07 20:47:22,151
SFNC ,2020-05-07 21:47:20,151
SFNC ,2020-05-07 22:47:20,151
SFNC ,2020-05-07 23:47:37,151
SFNC ,2020-05-08 00:47:30,151
SFNC ,2020-05-08 01:47:21,151
SFNC ,2020-05-08 02:47:28,151
SFNC ,2020-05-08 03:47:36,151
SFNC ,2020-05-08 04:47:23,151
SFNC ,2020-05-08 05:47:24,151
SFNC ,2020-05-08 06:47:25,151
SFNC ,2020-05-08 07:47:33,151
SFNC ,2020-05-08 08:47:43,151
SFNC ,2020-05-08 09:47:33,151
SFNC ,2020-05-08 10:47:30,151
SFNC ,2020-05-08 11:47:36,151
SFNC ,2020-05-08 13:10:19,151
SFNC ,2020-05-08 13:47:42,151
SFNC ,2020-05-08 14:47:32,151
SFNC ,2020-05-08 15:47:34,151
SFNC ,2020-05-08 16:47:59,152
SFNC ,2020-05-08 17:48:00,154
SFNC ,2020-05-08 18:47:37,153
SFNC ,2020-05-08 19:47:25,153
SFNC ,2020-05-08 20:47:36,152
SFNC ,2020-05-08 21:47:30,152
SFNC ,2020-05-08 22:47:39,152
SFNC ,2020-05-08 23:47:32,152
SFNC ,2020-05-09 00:47:27,152
SFNC ,2020-05-09 01:47:45,152
SFNC ,2020-05-09 02:47:33,152
SFNC ,2020-05-09 03:48:11,152
SFNC ,2020-05-09 04:47:28,152
SFNC ,2020-05-09 05:47:35,152
SFNC ,2020-05-09 06:47:43,152
SFNC ,2020-05-09 07:47:26,152
SFNC ,2020-05-09 08:47:45,152
SFNC ,2020-05-09 09:47:33,152
SFNC ,2020-05-09 10:47:33,152
SFNC ,2020-05-09 11:47:22,152
SFNC ,2020-05-09 12:47:26,152
SFNC ,2020-05-09 13:47:29,152
SFNC ,2020-05-09 14:47:24,152
SFNC ,2020-05-09 15:47:32,152
SFNC ,2020-05-09 16:47:22,152
SFNC ,2020-05-09 17:47:32,152
SFNC ,2020-05-09 18:47:34,152
SFNC ,2020-05-09 19:47:30,152
SFNC ,2020-05-09 20:47:25,152
SFNC ,2020-05-09 21:47:40,152
SFNC ,2020-05-09 22:47:35,152
SFNC ,2020-05-09 23:47:27,152
SFNC ,2020-05-10 00:47:56,152
SFNC ,2020-05-10 01:47:29,152
SFNC ,2020-05-10 02:48:05,152
SFNC ,2020-05-10 03:47:39,152
SFNC ,2020-05-10 04:47:40,152
SFNC ,2020-05-10 05:47:47,152
SFNC ,2020-05-10 06:47:32,152
SFNC ,2020-05-10 07:47:42,152
SFNC ,2020-05-10 08:47:33,152
SFNC ,2020-05-10 09:47:38,152
SFNC ,2020-05-10 10:47:37,152
SFNC ,2020-05-10 11:47:42,152
SFNC ,2020-05-10 12:47:30,152
SFNC ,2020-05-10 13:47:39,152
SFNC ,2020-05-10 14:47:24,152
SFNC ,2020-05-10 15:47:33,152
SFNC ,2020-05-10 16:47:30,152
SFNC ,2020-05-10 17:47:28,152
SFNC ,2020-05-10 18:47:36,152
SFNC ,2020-05-10 19:47:30,152
SFNC ,2020-05-10 20:47:44,152
SFNC ,2020-05-10 21:47:31,152
SFNC ,2020-05-10 22:47:33,152
SFNC ,2020-05-10 23:47:35,152
SFNC ,2020-05-11 00:47:36,152
SFNC ,2020-05-11 01:47:24,152
SFNC ,2020-05-11 02:47:34,152
SFNC ,2020-05-11 03:48:08,152
SFNC ,2020-05-11 04:47:33,152
SFNC ,2020-05-11 05:47:31,152
SFNC ,2020-05-11 06:47:34,152
SFNC ,2020-05-11 07:47:42,152
SFNC ,2020-05-11 08:47:48,152
SFNC ,2020-05-11 09:47:49,152
SFNC ,2020-05-11 10:47:32,152
SFNC ,2020-05-11 11:47:23,152
SFNC ,2020-05-11 13:09:19,152
SFNC ,2020-05-11 13:47:45,152
SFNC ,2020-05-11 14:47:38,151
SFNC ,2020-05-11 15:48:05,150
SFNC ,2020-05-11 16:47:38,151
SFNC ,2020-05-11 17:47:40,153
SFNC ,2020-05-11 18:47:36,153
SFNC ,2020-05-11 19:47:27,153
SFNC ,2020-05-11 20:47:29,153
SFNC ,2020-05-11 21:47:31,153
SFNC ,2020-05-11 22:47:19,153
SFNC ,2020-05-11 23:47:43,153
SFNC ,2020-05-12 00:47:34,153
SFNC ,2020-05-12 01:47:35,153
SFNC ,2020-05-12 02:47:28,153
SFNC ,2020-05-12 03:47:22,153
SFNC ,2020-05-12 04:47:29,153
SFNC ,2020-05-12 05:47:25,153
SFNC ,2020-05-12 06:47:40,153
SFNC ,2020-05-12 07:47:28,153
SFNC ,2020-05-12 08:47:29,153
SFNC ,2020-05-12 09:48:49,153
SFNC ,2020-05-12 10:47:37,153
SFNC ,2020-05-12 11:47:22,153
SFNC ,2020-05-12 13:15:19,153
SFNC ,2020-05-12 17:47:24,155
SFNC ,2020-05-12 18:47:25,156
SFNC ,2020-05-12 19:47:52,156
SFNC ,2020-05-12 20:47:59,155
SFNC ,2020-05-12 21:47:44,155
SFNC ,2020-05-12 22:47:23,155
SFNC ,2020-05-12 23:47:24,155
SFNC ,2020-05-13 00:47:53,155
SFNC ,2020-05-13 01:47:35,155
SFNC ,2020-05-13 02:48:00,155
SFNC ,2020-05-13 03:48:00,155
SFNC ,2020-05-13 06:47:29,155
SFNC ,2020-05-13 07:47:55,155
SFNC ,2020-05-13 08:47:48,155
SFNC ,2020-05-13 09:47:22,155
SFNC ,2020-05-13 10:47:27,155
SFNC ,2020-05-13 11:47:23,155
SFNC ,2020-05-13 12:47:24,155
SFNC ,2020-05-13 13:47:24,156
SFNC ,2020-05-13 14:47:24,155
SFNC ,2020-05-13 15:47:32,153
SFNC ,2020-05-13 16:47:53,152
SFNC ,2020-05-13 17:47:27,153
SFNC ,2020-05-13 18:47:46,155
SFNC ,2020-05-13 19:47:28,157
SFNC ,2020-05-13 20:47:26,157
SFNC ,2020-05-13 21:47:25,157
SFNC ,2020-05-13 22:47:30,157
SFNC ,2020-05-13 23:47:35,157
SFNC ,2020-05-14 00:47:45,157
SFNC ,2020-05-14 01:47:32,157
SFNC ,2020-05-14 02:47:26,157
SFNC ,2020-05-14 03:47:33,157
SFNC ,2020-05-14 04:47:27,157
SFNC ,2020-05-14 05:47:33,157
SFNC ,2020-05-14 06:47:41,157
SFNC ,2020-05-14 07:47:29,157
SFNC ,2020-05-14 08:47:41,157
SFNC ,2020-05-14 09:47:24,157
SFNC ,2020-05-14 10:47:34,157
SFNC ,2020-05-14 11:47:38,157
SFNC ,2020-05-14 12:47:32,157
SFNC ,2020-05-14 13:47:37,157
SFNC ,2020-05-14 14:47:33,159
SFNC ,2020-05-14 15:47:29,160
SFNC ,2020-05-14 16:47:20,160
SFNC ,2020-05-14 17:47:24,160
SFNC ,2020-05-14 18:47:44,160
SFNC ,2020-05-14 19:47:41,161
SFNC ,2020-05-14 20:47:24,161
SFNC ,2020-05-14 21:47:29,161
SFNC ,2020-05-14 22:47:49,161
SFNC ,2020-05-14 23:47:36,161
SFNC ,2020-05-15 00:47:53,161
SFNC ,2020-05-15 01:47:53,161
SFNC ,2020-05-15 02:47:58,161
SFNC ,2020-05-15 03:47:58,161
SFNC ,2020-05-15 04:47:59,161
SFNC ,2020-05-15 05:47:32,161
SFNC ,2020-05-15 06:47:53,161
SFNC ,2020-05-15 07:47:24,161
SFNC ,2020-05-15 08:47:36,161
SFNC ,2020-05-15 09:47:42,161
SFNC ,2020-05-15 10:47:25,161
SFNC ,2020-05-15 11:47:30,161
SFNC ,2020-05-15 12:47:27,161
SFNC ,2020-05-15 13:47:33,161
SFNC ,2020-05-15 14:47:23,162
SFNC ,2020-05-15 15:47:30,162
SFNC ,2020-05-15 16:47:22,163
SFNC ,2020-05-15 17:47:44,165
SFNC ,2020-05-15 18:47:24,165
SFNC ,2020-05-15 19:47:37,165
SFNC ,2020-05-15 20:47:31,166
SFNC ,2020-05-15 21:47:33,166
SFNC ,2020-05-15 22:47:23,166
SFNC ,2020-05-15 23:47:20,166
SFNC ,2020-05-16 00:47:50,166
SFNC ,2020-05-16 01:47:46,166
SFNC ,2020-05-16 02:48:06,166
SFNC ,2020-05-16 03:47:42,166
SFNC ,2020-05-16 04:47:29,166
SFNC ,2020-05-16 05:47:28,166
SFNC ,2020-05-16 06:48:01,166
SFNC ,2020-05-16 07:47:57,166
SFNC ,2020-05-16 08:47:29,166
SFNC ,2020-05-16 09:47:40,166
SFNC ,2020-05-16 10:47:25,166
SFNC ,2020-05-16 11:47:21,166
SFNC ,2020-05-16 12:47:35,166
SFNC ,2020-05-16 13:47:29,166
SFNC ,2020-05-16 14:47:23,166
SFNC ,2020-05-16 15:47:34,166
SFNC ,2020-05-16 16:47:29,166
SFNC ,2020-05-16 17:47:25,166
SFNC ,2020-05-16 18:47:30,166
SFNC ,2020-05-16 19:47:25,166
SFNC ,2020-05-16 20:47:33,166
SFNC ,2020-05-16 21:47:31,166
SFNC ,2020-05-16 22:47:34,166
SFNC ,2020-05-16 23:47:33,166
SFNC ,2020-05-17 00:47:43,166
SFNC ,2020-05-17 01:47:38,166
SFNC ,2020-05-18 09:32:52,166
SFNC ,2020-05-18 09:38:11,166
SFNC ,2020-05-18 09:38:21,166
SFNC ,2020-05-18 09:38:24,166
SFNC ,2020-05-18 09:38:34,166
SFNC ,2020-05-18 09:48:33,166
SFNC ,2020-05-18 09:48:53,166
SFNC ,2020-05-18 09:49:50,166
SFNC ,2020-05-18 09:50:05,166
SFNC ,2020-05-18 09:50:54,166
SFNC ,2020-05-18 09:51:24,166
SFNC ,2020-05-18 09:53:42,166
SFNC ,2020-05-18 09:53:51,166
SFNC ,2020-05-18 09:53:57,166
SFNC ,2020-05-18 09:54:11,166
SFNC ,2020-05-18 09:54:20,166
SFNC ,2020-05-18 09:55:06,166
SFNC ,2020-05-18 10:30:27,166
SFNC ,2020-05-18 10:34:28,166
SFNC ,2020-05-18 10:36:11,166
SFNC ,2020-05-18 10:59:46,166
SFNC ,2020-05-18 11:04:19,166
SFNC ,2020-05-18 11:09:08,166
SFNC ,2020-05-18 11:10:08,166
SFNC ,2020-05-18 11:12:09,166
SFNC ,2020-05-18 11:19:30,166
SFNC ,2020-05-18 11:26:10,166
SFNC ,2020-05-18 11:30:39,166
SFNC ,2020-05-18 11:36:30,166
SFNC ,2020-05-18 11:37:38,166
SFNC ,2020-05-18 11:46:58,166
SFNC ,2020-05-18 11:54:34,166
SFNC ,2020-05-18 12:02:11,166
SFNC ,2020-05-18 12:09:49,166
SFNC ,2020-05-18 13:09:48,166
SFNC ,2020-05-18 13:47:40,166
SFNC ,2020-05-18 14:47:30,166
SFNC ,2020-05-18 15:48:07,167
SFNC ,2020-05-18 16:48:18,167
SFNC ,2020-05-18 17:47:30,167
SFNC ,2020-05-18 18:47:59,166
SFNC ,2020-05-18 19:47:57,165
SFNC ,2020-05-18 20:47:35,166
SFNC ,2020-05-18 21:48:00,166
SFNC ,2020-05-18 22:48:05,166
SFNC ,2020-05-18 23:48:08,166
SFNC ,2020-05-19 01:47:25,166
SFNC ,2020-05-19 02:47:42,166
SFNC ,2020-05-19 03:47:38,166
SFNC ,2020-05-19 04:47:33,166
SFNC ,2020-05-19 05:47:36,166
SFNC ,2020-05-19 06:47:35,166
SFNC ,2020-05-19 07:47:37,166
SFNC ,2020-05-19 08:47:49,166
SFNC ,2020-05-19 09:48:14,166
SFNC ,2020-05-19 10:47:34,166
SFNC ,2020-05-19 11:47:54,166
SFNC ,2020-05-19 13:10:22,166
SFNC ,2020-05-19 13:47:40,166
SFNC ,2020-05-19 14:47:32,169
SFNC ,2020-05-19 15:47:29,166
SFNC ,2020-05-19 16:47:40,166
SFNC ,2020-05-19 17:47:29,165
SFNC ,2020-05-19 18:47:38,166
SFNC ,2020-05-19 19:47:36,167
SFNC ,2020-05-19 20:47:43,168
SFNC ,2020-05-19 21:47:42,168
SFNC ,2020-05-19 22:48:01,168
SFNC ,2020-05-19 23:47:35,168
SFNC ,2020-05-20 00:48:04,168
SFNC ,2020-05-20 01:48:13,168
SFNC ,2020-05-20 02:48:04,168
SFNC ,2020-05-20 03:48:05,168
SFNC ,2020-05-20 04:47:44,168
SFNC ,2020-05-20 05:47:36,168
SFNC ,2020-05-20 06:47:32,168
SFNC ,2020-05-20 07:47:49,168
SFNC ,2020-05-20 08:47:30,168
SFNC ,2020-05-20 09:47:40,168
SFNC ,2020-05-20 10:47:29,168
SFNC ,2020-05-20 11:47:31,168
SFNC ,2020-05-20 12:47:27,168
SFNC ,2020-05-20 13:47:40,168
SFNC ,2020-05-20 14:47:32,168
SFNC ,2020-05-20 15:48:09,167
SFNC ,2020-05-20 16:47:31,167
SFNC ,2020-05-20 17:48:04,167
SFNC ,2020-05-20 18:47:37,164
SFNC ,2020-05-20 19:47:37,164
SFNC ,2020-05-20 20:47:27,165
SFNC ,2020-05-20 21:47:40,165
SFNC ,2020-05-20 22:47:23,165
SFNC ,2020-05-20 23:47:32,165
SFNC ,2020-05-21 00:48:00,165
SFNC ,2020-05-21 01:47:27,165
SFNC ,2020-05-21 02:47:37,165
SFNC ,2020-05-21 03:47:37,165
SFNC ,2020-05-21 04:47:30,165
SFNC ,2020-05-21 05:47:33,165
SFNC ,2020-05-21 06:47:38,165
SFNC ,2020-05-21 07:47:35,165
SFNC ,2020-05-21 08:47:40,165
SFNC ,2020-05-21 09:47:28,165
SFNC ,2020-05-21 10:47:35,165
SFNC ,2020-05-21 11:47:38,165
SFNC ,2020-05-21 12:47:33,165
SFNC ,2020-05-21 13:47:39,165
SFNC ,2020-05-21 14:47:34,167
SFNC ,2020-05-21 15:47:29,165
SFNC ,2020-05-21 16:47:50,166
SFNC ,2020-05-21 17:47:41,167
SFNC ,2020-05-21 18:47:37,167
SFNC ,2020-05-21 19:47:29,167
SFNC ,2020-05-21 20:47:38,168
SFNC ,2020-05-21 21:47:39,168
SFNC ,2020-05-21 22:47:42,168
SFNC ,2020-05-21 23:48:06,168
SFNC ,2020-05-22 00:49:04,168
SFNC ,2020-05-22 01:47:37,168
SFNC ,2020-05-22 02:47:38,168
SFNC ,2020-05-22 03:48:08,168
SFNC ,2020-05-22 04:47:40,168
SFNC ,2020-05-22 05:47:45,168
SFNC ,2020-05-22 06:47:33,168
SFNC ,2020-05-22 07:47:38,168
SFNC ,2020-05-22 08:47:52,168
SFNC ,2020-05-22 09:47:41,168
SFNC ,2020-05-22 10:47:35,168
SFNC ,2020-05-22 11:47:32,168
SFNC ,2020-05-22 12:47:38,168
SFNC ,2020-05-22 13:47:45,169
SFNC ,2020-05-22 14:47:32,169
SFNC ,2020-05-22 15:47:32,169
SFNC ,2020-05-22 16:47:36,170
SFNC ,2020-05-22 17:47:35,170
SFNC ,2020-05-22 18:48:02,168
SFNC ,2020-05-22 19:47:36,168
SFNC ,2020-05-22 20:47:28,168
SFNC ,2020-05-22 21:47:29,168
SFNC ,2020-05-22 22:47:35,168
SFNC ,2020-05-22 23:47:29,168
SFNC ,2020-05-23 00:47:39,168
SFNC ,2020-05-23 01:47:31,168
SFNC ,2020-05-23 02:47:47,168
SFNC ,2020-05-23 03:47:40,168
SFNC ,2020-05-23 04:47:52,168
SFNC ,2020-05-23 05:47:37,168
SFNC ,2020-05-23 06:47:48,168
SFNC ,2020-05-23 07:47:47,168
SFNC ,2020-05-23 08:47:47,168
SFNC ,2020-05-23 09:47:40,168
SFNC ,2020-05-23 10:47:33,168
SFNC ,2020-05-23 11:47:49,168
SFNC ,2020-05-23 12:47:36,168
SFNC ,2020-05-23 13:47:42,168
SFNC ,2020-05-23 14:47:38,168
SFNC ,2020-05-23 15:47:31,168
SFNC ,2020-05-23 16:47:46,168
SFNC ,2020-05-23 17:47:40,168
SFNC ,2020-05-23 18:47:49,168
SFNC ,2020-05-23 19:47:35,168
SFNC ,2020-05-23 20:47:28,168
SFNC ,2020-05-23 21:47:29,168
SFNC ,2020-05-23 22:47:35,168
SFNC ,2020-05-23 23:47:35,168
SFNC ,2020-05-24 00:47:48,168
SFNC ,2020-05-24 01:47:51,168
SFNC ,2020-05-24 02:47:30,168
SFNC ,2020-05-24 03:47:37,168
SFNC ,2020-05-24 04:47:37,168
SFNC ,2020-05-24 05:47:31,168
SFNC ,2020-05-24 06:47:34,168
SFNC ,2020-05-24 07:47:32,168
SFNC ,2020-05-24 08:47:42,168
SFNC ,2020-05-24 09:47:29,168
SFNC ,2020-05-24 10:47:46,168
SFNC ,2020-05-24 11:47:40,168
SFNC ,2020-05-24 12:47:36,168
SFNC ,2020-05-24 13:47:44,168
SFNC ,2020-05-24 14:47:40,168
SFNC ,2020-05-24 15:47:27,168
SFNC ,2020-05-24 16:47:46,168
SFNC ,2020-05-24 17:47:42,168
SFNC ,2020-05-24 18:47:45,168
SFNC ,2020-05-24 19:47:40,168
SFNC ,2020-05-24 20:47:39,168
SFNC ,2020-05-24 21:47:49,168
SFNC ,2020-05-24 22:47:43,168
SFNC ,2020-05-24 23:47:29,168
SFNC ,2020-05-25 00:47:33,168
SFNC ,2020-05-25 01:47:52,168
SFNC ,2020-05-25 02:47:40,168
SFNC ,2020-05-25 03:47:59,168
SFNC ,2020-05-25 04:47:36,168
SFNC ,2020-05-25 06:48:42,168
SFNC ,2020-05-25 07:47:42,168
SFNC ,2020-05-25 08:47:49,168
SFNC ,2020-05-25 09:47:39,168
SFNC ,2020-05-25 10:47:35,168
SFNC ,2020-05-25 11:47:51,168
SFNC ,2020-05-25 12:47:36,168
SFNC ,2020-05-25 13:47:29,168
SFNC ,2020-05-25 14:47:46,168
SFNC ,2020-05-25 15:47:34,168
SFNC ,2020-05-25 16:47:25,168
SFNC ,2020-05-25 17:47:36,168
SFNC ,2020-05-25 18:47:37,168
SFNC ,2020-05-25 19:47:41,168
SFNC ,2020-05-25 20:47:41,168
SFNC ,2020-05-25 21:47:27,168
SFNC ,2020-05-25 22:47:26,168
SFNC ,2020-05-25 23:47:28,168
SFNC ,2020-05-26 00:47:40,168
SFNC ,2020-05-26 01:47:28,168
SFNC ,2020-05-26 02:47:26,168
SFNC ,2020-05-26 03:47:41,168
SFNC ,2020-05-26 04:47:46,168
SFNC ,2020-05-26 05:47:34,168
SFNC ,2020-05-26 06:47:39,168
SFNC ,2020-05-26 07:47:43,168
SFNC ,2020-05-26 08:47:46,168
SFNC ,2020-05-26 09:47:38,168
SFNC ,2020-05-26 10:47:36,168
SFNC ,2020-05-26 11:47:42,168
SFNC ,2020-05-26 12:47:34,168
SFNC ,2020-05-26 13:47:41,168
SFNC ,2020-05-26 14:47:37,168
SFNC ,2020-05-26 15:47:34,168
SFNC ,2020-05-26 16:47:32,171
SFNC ,2020-05-26 17:47:38,171
SFNC ,2020-05-26 18:47:29,171
SFNC ,2020-05-26 19:47:33,169
SFNC ,2020-05-26 20:47:37,170
SFNC ,2020-05-26 21:47:57,170
SFNC ,2020-05-26 22:47:30,170
SFNC ,2020-05-26 23:47:32,170
SFNC ,2020-05-27 00:48:16,170
SFNC ,2020-05-27 01:47:30,170
SFNC ,2020-05-27 02:47:32,170
SFNC ,2020-05-27 03:47:36,170
SFNC ,2020-05-27 04:47:36,170
SFNC ,2020-05-27 05:47:32,170
SFNC ,2020-05-27 06:47:41,170
SFNC ,2020-05-27 07:47:39,170
SFNC ,2020-05-27 08:47:32,170
SFNC ,2020-05-27 09:47:28,170
SFNC ,2020-05-27 10:47:31,170
SFNC ,2020-05-27 11:47:25,170
SFNC ,2020-05-27 13:10:50,170
SFNC ,2020-05-27 13:47:50,170
SFNC ,2020-05-27 14:47:38,171
SFNC ,2020-05-27 15:47:28,172
SFNC ,2020-05-27 16:47:30,176
SFNC ,2020-05-27 17:47:27,176
SFNC ,2020-05-27 18:47:27,175
SFNC ,2020-05-27 19:47:40,175
SFNC ,2020-05-27 20:47:35,174
SFNC ,2020-05-27 21:47:32,175
SFNC ,2020-05-27 22:47:33,175
SFNC ,2020-05-27 23:47:29,175
SFNC ,2020-05-28 00:47:39,175
SFNC ,2020-05-28 01:47:44,175
SFNC ,2020-05-28 02:47:32,175
SFNC ,2020-05-28 03:47:31,175
SFNC ,2020-05-28 04:47:33,175
SFNC ,2020-05-28 05:47:28,175
SFNC ,2020-05-28 06:47:33,175
SFNC ,2020-05-28 07:47:47,175
SFNC ,2020-05-28 08:47:40,175
SFNC ,2020-05-28 09:47:30,175
SFNC ,2020-05-28 10:47:44,175
SFNC ,2020-05-28 11:47:48,175
SFNC ,2020-05-28 13:11:24,175
SFNC ,2020-05-28 13:47:40,175
SFNC ,2020-05-28 14:47:44,176
SFNC ,2020-05-28 15:47:38,175
SFNC ,2020-05-28 16:47:49,175
SFNC ,2020-05-28 17:47:36,174
SFNC ,2020-05-28 18:47:34,172
SFNC ,2020-05-28 19:47:31,172
SFNC ,2020-05-28 20:47:49,173
SFNC ,2020-05-28 21:47:54,173
SFNC ,2020-05-28 22:47:33,173
SFNC ,2020-05-28 23:47:51,173
SFNC ,2020-05-29 00:47:40,173
SFNC ,2020-05-29 01:47:40,173
SFNC ,2020-05-29 02:48:10,173
SFNC ,2020-05-29 03:47:35,173
SFNC ,2020-05-29 04:47:41,173
SFNC ,2020-05-29 05:47:54,173
SFNC ,2020-05-29 06:47:50,173
SFNC ,2020-05-29 07:47:56,173
SFNC ,2020-05-29 08:47:48,173
SFNC ,2020-05-29 09:53:49,173
SFNC ,2020-05-29 10:47:42,173
SFNC ,2020-05-29 11:47:38,173
SFNC ,2020-05-29 12:48:06,173
SFNC ,2020-05-29 13:47:51,173
SFNC ,2020-05-29 14:47:42,174
SFNC ,2020-05-29 15:47:38,174
SFNC ,2020-05-29 16:47:29,174
SFNC ,2020-05-29 17:47:44,174
SFNC ,2020-05-29 18:47:44,174
SFNC ,2020-05-29 19:47:38,174
SFNC ,2020-05-29 20:47:53,174
SFNC ,2020-05-29 21:47:35,174
SFNC ,2020-05-29 22:47:38,174
SFNC ,2020-05-29 23:47:51,174
SFNC ,2020-05-30 00:47:32,174
SFNC ,2020-05-30 01:47:29,174
SFNC ,2020-05-30 02:47:37,174
SFNC ,2020-05-30 03:47:39,174
SFNC ,2020-05-30 04:47:35,174
SFNC ,2020-05-30 05:47:41,174
SFNC ,2020-05-30 06:47:42,174
SFNC ,2020-05-30 07:48:11,174
SFNC ,2020-05-30 08:47:42,174
SFNC ,2020-05-30 09:47:34,174
SFNC ,2020-05-30 10:47:43,174
SFNC ,2020-05-30 11:47:40,174
SFNC ,2020-05-30 12:47:37,174
SFNC ,2020-05-30 13:47:38,174
SFNC ,2020-05-30 14:47:31,174
SFNC ,2020-05-30 15:47:35,174
SFNC ,2020-05-30 16:47:54,174
SFNC ,2020-05-30 17:47:39,174
SFNC ,2020-05-30 18:47:38,174
SFNC ,2020-05-30 19:47:45,174
SFNC ,2020-05-30 20:47:35,174
SFNC ,2020-05-30 21:47:46,174
SFNC ,2020-05-30 22:47:37,174
SFNC ,2020-05-30 23:47:47,174
SFNC ,2020-05-31 00:47:44,174
SFNC ,2020-05-31 01:47:47,174
SFNC ,2020-05-31 02:47:42,174
SFNC ,2020-05-31 03:47:41,174
SFNC ,2020-05-31 04:47:35,174
SFNC ,2020-05-31 05:47:45,174
SFNC ,2020-05-31 06:47:44,174
SFNC ,2020-05-31 07:47:46,174
SFNC ,2020-05-31 09:31:53,174
SFNC ,2020-05-31 09:47:38,174
SFNC ,2020-05-31 13:13:35,174
SFNC ,2020-05-31 13:21:37,174
SFNC ,2020-05-31 13:23:05,174
SFNC ,2020-06-01 05:16:58,174
SFNC ,2020-06-01 05:35:34,174
SFNC ,2020-06-01 05:35:43,174
SFNC ,2020-06-01 05:36:34,174
SFNC ,2020-06-01 05:51:57,174
SFNC ,2020-06-01 05:53:56,174
SFNC ,2020-06-01 06:04:50,174
SFNC ,2020-06-01 06:05:16,174
SFNC ,2020-06-01 06:10:26,174
SFNC ,2020-06-01 06:14:06,174
SFNC ,2020-06-01 06:15:22,174
SFNC ,2020-06-01 06:19:11,174
SFNC ,2020-06-01 06:20:02,174
SFNC ,2020-06-01 06:27:06,174
SFNC ,2020-06-01 06:29:32,174
SFNC ,2020-06-01 06:40:26,174
SFNC ,2020-06-01 06:48:01,174
SFNC ,2020-06-01 06:55:37,174
SFNC ,2020-06-01 07:47:37,174
SFNC ,2020-06-01 08:47:52,174
SFNC ,2020-06-01 09:47:57,174
SFNC ,2020-06-01 10:47:33,174
SFNC ,2020-06-01 11:47:37,174
SFNC ,2020-06-01 13:09:24,174
SFNC ,2020-06-01 13:48:27,174
SFNC ,2020-06-01 14:47:44,173
SFNC ,2020-06-01 15:47:40,174
SFNC ,2020-06-01 16:48:13,174
SFNC ,2020-06-01 17:48:08,174
SFNC ,2020-06-01 18:48:07,174
SFNC ,2020-06-01 19:47:46,173
SFNC ,2020-06-01 20:47:42,174
SFNC ,2020-06-01 21:47:38,174
SFNC ,2020-06-01 22:47:32,174
SFNC ,2020-06-01 23:47:44,174
SFNC ,2020-06-02 00:47:44,174
SFNC ,2020-06-02 01:47:32,174
SFNC ,2020-06-02 02:47:32,174
SFNC ,2020-06-02 03:47:39,174
SFNC ,2020-06-02 04:47:36,174
SFNC ,2020-06-02 05:47:39,174
SFNC ,2020-06-02 06:47:52,174
SFNC ,2020-06-02 07:47:42,174
SFNC ,2020-06-02 08:47:49,174
SFNC ,2020-06-02 09:47:36,174
SFNC ,2020-06-02 10:47:48,174
SFNC ,2020-06-02 11:47:37,174
SFNC ,2020-06-02 12:47:48,174
SFNC ,2020-06-02 13:47:50,174
SFNC ,2020-06-02 14:48:17,174
SFNC ,2020-06-02 15:48:13,173
SFNC ,2020-06-02 16:47:38,174
SFNC ,2020-06-02 17:48:12,174
SFNC ,2020-06-02 18:47:34,175
SFNC ,2020-06-02 19:48:00,175
SFNC ,2020-06-02 20:48:14,175
SFNC ,2020-06-02 21:47:30,175
SFNC ,2020-06-02 22:47:42,175
SFNC ,2020-06-02 23:47:31,175
SFNC ,2020-06-03 00:47:48,175
SFNC ,2020-06-03 01:48:15,175
SFNC ,2020-06-03 02:47:29,175
SFNC ,2020-06-03 03:48:04,175
SFNC ,2020-06-03 04:47:59,175
SFNC ,2020-06-03 05:47:30,175
SFNC ,2020-06-03 06:47:38,175
SFNC ,2020-06-03 07:48:09,175
SFNC ,2020-06-03 08:47:42,175
SFNC ,2020-06-03 09:47:40,175
SFNC ,2020-06-03 10:47:39,175
SFNC ,2020-06-03 11:47:41,175
SFNC ,2020-06-03 13:12:57,175
SFNC ,2020-06-03 13:47:42,175
SFNC ,2020-06-03 14:47:33,174
SFNC ,2020-06-03 15:48:14,173
SFNC ,2020-06-03 16:48:07,174
SFNC ,2020-06-03 17:48:09,174
SFNC ,2020-06-03 18:48:22,173
SFNC ,2020-06-03 19:48:03,173
SFNC ,2020-06-03 20:47:39,173
SFNC ,2020-06-03 21:47:38,173
SFNC ,2020-06-03 22:47:38,173
SFNC ,2020-06-03 23:47:30,173
SFNC ,2020-06-04 00:48:08,173
SFNC ,2020-06-04 01:47:43,173
SFNC ,2020-06-04 02:47:38,173
SFNC ,2020-06-04 03:47:45,173
SFNC ,2020-06-04 04:47:45,173
SFNC ,2020-06-04 05:47:40,173
SFNC ,2020-06-04 06:47:39,173
SFNC ,2020-06-04 07:47:53,173
SFNC ,2020-06-04 08:47:59,173
SFNC ,2020-06-04 09:47:48,173
SFNC ,2020-06-04 10:47:38,173
SFNC ,2020-06-04 11:47:46,173
SFNC ,2020-06-04 12:47:37,173
SFNC ,2020-06-04 13:48:11,173
SFNC ,2020-06-04 14:48:33,171
SFNC ,2020-06-04 15:48:16,171
SFNC ,2020-06-04 17:11:30,171
SFNC ,2020-06-04 17:47:45,171
SFNC ,2020-06-04 18:48:06,171
SFNC ,2020-06-04 19:47:32,171
SFNC ,2020-06-04 20:48:13,169
SFNC ,2020-06-04 21:48:10,169
SFNC ,2020-06-04 22:47:38,169
SFNC ,2020-06-04 23:47:42,169
SFNC ,2020-06-05 00:47:48,169
SFNC ,2020-06-05 01:47:37,169
SFNC ,2020-06-05 02:47:33,169
SFNC ,2020-06-05 03:47:38,169
SFNC ,2020-06-05 04:47:45,169
SFNC ,2020-06-05 05:47:48,169
SFNC ,2020-06-05 06:47:43,169
SFNC ,2020-06-05 07:47:42,169
SFNC ,2020-06-05 09:27:59,169
SFNC ,2020-06-05 09:47:34,169
SFNC ,2020-06-05 10:47:35,169
SFNC ,2020-06-05 11:47:38,169
SFNC ,2020-06-05 13:13:56,169
SFNC ,2020-06-05 13:48:07,169
SFNC ,2020-06-05 14:47:42,169
SFNC ,2020-06-05 15:47:45,171
SFNC ,2020-06-05 16:48:19,170
SFNC ,2020-06-05 17:47:43,169
SFNC ,2020-06-05 18:47:45,170
SFNC ,2020-06-05 19:47:45,170
SFNC ,2020-06-05 20:48:17,171
SFNC ,2020-06-05 21:47:44,171
SFNC ,2020-06-05 22:47:43,171
SFNC ,2020-06-05 23:47:45,171
SFNC ,2020-06-06 00:47:50,171
SFNC ,2020-06-06 01:47:34,171
SFNC ,2020-06-06 02:47:39,171
SFNC ,2020-06-06 03:47:49,171
SFNC ,2020-06-06 04:47:49,171
SFNC ,2020-06-06 05:47:55,171
SFNC ,2020-06-06 06:47:44,171
SFNC ,2020-06-06 07:48:26,171
SFNC ,2020-06-06 08:47:50,171
SFNC ,2020-06-06 09:57:12,171
SFNC ,2020-06-06 10:47:36,171
SFNC ,2020-06-06 11:47:42,171
SFNC ,2020-06-06 12:47:45,171
SFNC ,2020-06-06 13:47:36,171
SFNC ,2020-06-06 14:48:16,171
SFNC ,2020-06-06 15:47:42,171
SFNC ,2020-06-06 16:48:09,171
SFNC ,2020-06-06 18:47:43,171
SFNC ,2020-06-06 19:47:32,171
SFNC ,2020-06-06 20:47:40,171
SFNC ,2020-06-06 21:47:39,171
SFNC ,2020-06-06 22:47:40,171
SFNC ,2020-06-06 23:47:50,171
SFNC ,2020-06-07 00:47:52,171
SFNC ,2020-06-07 01:47:39,171
SFNC ,2020-06-07 02:47:41,171
SFNC ,2020-06-07 03:47:42,171
SFNC ,2020-06-07 04:47:43,171
SFNC ,2020-06-07 05:47:42,171
SFNC ,2020-06-07 06:47:42,171
SFNC ,2020-06-07 07:47:48,171
SFNC ,2020-06-07 08:47:48,171
SFNC ,2020-06-08 04:47:34,171
SFNC ,2020-06-08 05:47:30,171
SFNC ,2020-06-08 06:47:59,171
SFNC ,2020-06-08 07:47:27,171
SFNC ,2020-06-08 08:47:44,171
SFNC ,2020-06-08 09:47:36,171
SFNC ,2020-06-08 10:47:34,171
SFNC ,2020-06-08 11:47:40,171
SFNC ,2020-06-08 12:48:18,171
SFNC ,2020-06-08 13:47:45,171
SFNC ,2020-06-08 14:48:31,169
SFNC ,2020-06-08 15:47:38,169
SFNC ,2020-06-08 16:47:58,172
SFNC ,2020-06-08 17:47:57,172
SFNC ,2020-06-08 18:48:26,172
SFNC ,2020-06-08 19:48:23,171
SFNC ,2020-06-08 20:48:05,170
SFNC ,2020-06-08 21:47:52,170
SFNC ,2020-06-08 22:47:51,170
SFNC ,2020-06-08 23:47:47,170
SFNC ,2020-06-09 00:47:51,170
SFNC ,2020-06-09 01:48:02,170
SFNC ,2020-06-09 02:48:00,170
SFNC ,2020-06-09 03:47:38,170
SFNC ,2020-06-09 04:48:15,170
SFNC ,2020-06-09 05:48:27,170
SFNC ,2020-06-09 06:48:28,170
SFNC ,2020-06-09 07:48:01,170
SFNC ,2020-06-09 08:48:39,170
SFNC ,2020-06-09 09:48:09,170
SFNC ,2020-06-09 10:47:55,170
SFNC ,2020-06-09 11:47:58,170
SFNC ,2020-06-09 12:48:32,170
SFNC ,2020-06-09 13:48:18,170
SFNC ,2020-06-09 14:48:07,171
SFNC ,2020-06-09 15:48:20,172
SFNC ,2020-06-09 16:48:24,173
SFNC ,2020-06-09 17:47:52,173
SFNC ,2020-06-09 18:48:33,173
SFNC ,2020-06-09 19:48:47,173
SFNC ,2020-06-09 20:48:46,173
SFNC ,2020-06-09 21:48:13,172
SFNC ,2020-06-09 22:48:20,172
SFNC ,2020-06-09 23:48:26,172
SFNC ,2020-06-10 00:48:29,172
SFNC ,2020-06-10 01:48:11,172
SFNC ,2020-06-10 02:48:19,172
SFNC ,2020-06-10 03:48:25,172
SFNC ,2020-06-10 04:48:08,172
SFNC ,2020-06-10 05:48:20,172
SFNC ,2020-06-10 06:47:57,172
SFNC ,2020-06-10 07:47:36,172
SFNC ,2020-06-10 08:47:52,172
SFNC ,2020-06-10 09:47:36,172
SFNC ,2020-06-10 10:47:38,172
SFNC ,2020-06-10 11:47:50,172
SFNC ,2020-06-10 12:48:02,172
SFNC ,2020-06-10 13:48:27,172
SFNC ,2020-06-10 15:47:49,174
SFNC ,2020-06-10 16:48:03,175
SFNC ,2020-06-10 17:47:58,175
SFNC ,2020-06-10 18:48:03,176
SFNC ,2020-06-10 19:47:57,176
SFNC ,2020-06-10 20:47:47,177
SFNC ,2020-06-10 21:48:09,177
SFNC ,2020-06-10 22:47:40,177
SFNC ,2020-06-10 23:48:14,177
SFNC ,2020-06-11 00:49:28,177
SFNC ,2020-06-11 01:47:43,177
SFNC ,2020-06-11 02:48:38,177
SFNC ,2020-06-11 03:48:38,177
SFNC ,2020-06-11 04:47:50,177
SFNC ,2020-06-11 05:48:37,177
SFNC ,2020-06-11 06:47:59,177
SFNC ,2020-06-11 07:48:25,177
SFNC ,2020-06-11 08:47:51,177
SFNC ,2020-06-11 09:47:59,177
SFNC ,2020-06-11 10:47:55,177
SFNC ,2020-06-11 11:47:40,177
SFNC ,2020-06-11 12:48:01,177
SFNC ,2020-06-11 13:48:31,177
SFNC ,2020-06-11 14:48:03,178
SFNC ,2020-06-11 15:48:22,178
SFNC ,2020-06-11 16:48:51,178
SFNC ,2020-06-11 17:48:14,177
SFNC ,2020-06-11 18:48:22,177
SFNC ,2020-06-11 19:48:15,177
SFNC ,2020-06-11 20:47:47,179
SFNC ,2020-06-11 21:47:39,179
SFNC ,2020-06-11 22:47:35,179
SFNC ,2020-06-11 23:47:32,179
SFNC ,2020-06-12 00:47:47,179
SFNC ,2020-06-12 01:47:48,179
SFNC ,2020-06-12 02:47:46,179
SFNC ,2020-06-12 03:47:47,179
SFNC ,2020-06-12 04:47:44,179
SFNC ,2020-06-12 05:47:40,179
SFNC ,2020-06-12 06:47:55,179
SFNC ,2020-06-12 07:47:52,179
SFNC ,2020-06-12 08:47:40,179
SFNC ,2020-06-12 09:47:55,179
SFNC ,2020-06-12 10:47:57,179
SFNC ,2020-06-12 11:47:47,179
SFNC ,2020-06-12 14:13:34,180
SFNC ,2020-06-12 14:21:32,180
SFNC ,2020-06-12 14:48:19,180
SFNC ,2020-06-12 15:47:48,181
SFNC ,2020-06-12 16:47:57,181
SFNC ,2020-06-12 17:47:56,182
SFNC ,2020-06-12 18:47:52,182
SFNC ,2020-06-12 19:48:11,183
SFNC ,2020-06-12 20:48:10,183
SFNC ,2020-06-12 21:48:00,183
SFNC ,2020-06-12 22:47:37,183
SFNC ,2020-06-12 23:47:40,183
SFNC ,2020-06-13 00:47:33,183
SFNC ,2020-06-13 01:47:38,183
SFNC ,2020-06-13 02:47:41,183
SFNC ,2020-06-13 03:47:40,183
SFNC ,2020-06-13 04:47:39,183
SFNC ,2020-06-13 05:47:35,183
SFNC ,2020-06-13 06:47:43,183
SFNC ,2020-06-13 07:47:44,183
SFNC ,2020-06-13 08:47:36,183
SFNC ,2020-06-13 09:47:38,183
SFNC ,2020-06-13 10:47:38,183
SFNC ,2020-06-13 11:47:34,183
SFNC ,2020-06-13 12:47:33,183
SFNC ,2020-06-13 13:47:32,183
SFNC ,2020-06-13 14:47:41,183
SFNC ,2020-06-13 15:47:37,183
SFNC ,2020-06-13 16:47:51,183
SFNC ,2020-06-13 17:47:39,183
SFNC ,2020-06-13 18:47:41,183
SFNC ,2020-06-13 19:47:34,183
SFNC ,2020-06-13 20:47:40,183
SFNC ,2020-06-13 21:47:48,183
SFNC ,2020-06-13 22:47:45,183
SFNC ,2020-06-13 23:47:46,183
SFNC ,2020-06-14 00:47:43,183
SFNC ,2020-06-14 01:47:34,183
SFNC ,2020-06-14 02:47:43,183
SFNC ,2020-06-14 03:47:45,183
SFNC ,2020-06-14 04:47:28,183
SFNC ,2020-06-14 05:48:04,183
SFNC ,2020-06-14 06:47:42,183
SFNC ,2020-06-14 07:47:42,183
SFNC ,2020-06-14 08:47:37,183
SFNC ,2020-06-14 09:47:39,183
SFNC ,2020-06-14 10:47:42,183
SFNC ,2020-06-14 11:47:33,183
SFNC ,2020-06-14 12:47:37,183
SFNC ,2020-06-14 13:47:39,183
SFNC ,2020-06-14 14:47:40,183
SFNC ,2020-06-14 15:47:51,183
SFNC ,2020-06-14 16:47:37,183
SFNC ,2020-06-14 17:47:42,183
SFNC ,2020-06-14 18:47:49,183
SFNC ,2020-06-14 19:47:41,183
SFNC ,2020-06-14 20:47:42,183
SFNC ,2020-06-14 21:47:54,183
SFNC ,2020-06-14 22:47:37,183
SFNC ,2020-06-14 23:47:42,183
SFNC ,2020-06-15 00:48:00,183
SFNC ,2020-06-15 01:47:50,183
SFNC ,2020-06-15 02:47:45,183
SFNC ,2020-06-15 03:47:43,183
SFNC ,2020-06-15 04:48:00,183
SFNC ,2020-06-15 05:48:14,183
SFNC ,2020-06-15 06:47:42,183
SFNC ,2020-06-15 07:47:41,183
SFNC ,2020-06-15 08:48:14,183
SFNC ,2020-06-15 09:47:47,183
SFNC ,2020-06-15 10:47:35,183
SFNC ,2020-06-15 11:47:38,183
SFNC ,2020-06-15 12:47:51,183
SFNC ,2020-06-15 13:48:35,183
SFNC ,2020-06-15 14:48:23,185
SFNC ,2020-06-15 15:47:55,185
SFNC ,2020-06-15 16:48:12,186
SFNC ,2020-06-15 17:47:58,188
SFNC ,2020-06-15 18:44:29,189
SFNC ,2020-06-15 18:52:08,189
SFNC ,2020-06-15 18:59:47,189
SFNC ,2020-06-15 19:07:29,189
SFNC ,2020-06-15 19:15:19,189
SFNC ,2020-06-15 19:23:04,189
SFNC ,2020-06-15 19:30:46,189
SFNC ,2020-06-15 19:38:25,189
SFNC ,2020-06-15 19:46:04,189
SFNC ,2020-06-15 19:53:44,189
SFNC ,2020-06-15 20:01:34,189
SFNC ,2020-06-15 20:14:16,189
SFNC ,2020-06-15 20:21:54,189
SFNC ,2020-06-15 20:29:33,189
SFNC ,2020-06-15 20:37:12,189
SFNC ,2020-06-15 20:44:49,189
SFNC ,2020-06-15 20:52:28,189
SFNC ,2020-06-15 21:00:10,189
SFNC ,2020-06-15 21:07:51,189
SFNC ,2020-06-15 21:15:31,189
SFNC ,2020-06-15 21:23:08,189
SFNC ,2020-06-15 21:30:45,189
SFNC ,2020-06-15 21:38:23,189
SFNC ,2020-06-15 21:46:01,189
SFNC ,2020-06-15 21:53:40,189
SFNC ,2020-06-15 22:47:44,189
SFNC ,2020-06-15 23:47:36,189
SFNC ,2020-06-16 00:47:42,189
SFNC ,2020-06-16 01:47:35,189
SFNC ,2020-06-16 02:48:33,189
SFNC ,2020-06-16 03:47:41,189
SFNC ,2020-06-16 04:47:35,189
SFNC ,2020-06-16 05:47:41,189
SFNC ,2020-06-16 06:48:19,189
SFNC ,2020-06-16 07:48:11,189
SFNC ,2020-06-16 08:47:38,189
SFNC ,2020-06-16 09:47:36,189
SFNC ,2020-06-16 10:47:42,189
SFNC ,2020-06-16 11:47:35,189
SFNC ,2020-06-16 12:47:47,189
SFNC ,2020-06-16 13:47:47,189
SFNC ,2020-06-16 14:48:11,191
SFNC ,2020-06-16 15:47:48,191
SFNC ,2020-06-16 16:47:47,190
SFNC ,2020-06-16 17:48:29,190
SFNC ,2020-06-16 18:47:45,190
SFNC ,2020-06-16 19:47:49,190
SFNC ,2020-06-16 20:47:51,190
SFNC ,2020-06-16 21:47:41,190
SFNC ,2020-06-16 22:47:31,190
SFNC ,2020-06-16 23:47:33,190
SFNC ,2020-06-17 00:47:41,190
SFNC ,2020-06-17 01:48:05,190
SFNC ,2020-06-17 02:47:47,190
SFNC ,2020-06-17 03:48:17,190
SFNC ,2020-06-17 04:47:47,190
SFNC ,2020-06-17 05:47:44,190
SFNC ,2020-06-17 06:48:06,190
SFNC ,2020-06-17 07:47:41,190
SFNC ,2020-06-17 08:47:39,190
SFNC ,2020-06-17 09:47:33,190
SFNC ,2020-06-17 10:47:31,190
SFNC ,2020-06-17 11:47:44,190
SFNC ,2020-06-17 12:47:46,190
SFNC ,2020-06-17 13:47:54,190
SFNC ,2020-06-17 14:47:44,191
SFNC ,2020-06-17 15:47:47,192
SFNC ,2020-06-17 16:47:53,192
SFNC ,2020-06-17 17:47:51,192
SFNC ,2020-06-17 18:48:06,192
SFNC ,2020-06-17 19:48:17,192
SFNC ,2020-06-17 20:48:18,192
SFNC ,2020-06-17 21:48:04,192
SFNC ,2020-06-17 22:47:43,192
SFNC ,2020-06-17 23:47:44,192
SFNC ,2020-06-18 00:47:36,192
SFNC ,2020-06-18 01:47:46,192
SFNC ,2020-06-18 02:47:32,192
SFNC ,2020-06-18 03:47:58,192
SFNC ,2020-06-18 04:47:44,192
SFNC ,2020-06-18 05:47:33,192
SFNC ,2020-06-18 06:47:45,192
SFNC ,2020-06-18 07:48:05,192
SFNC ,2020-06-18 08:47:40,192
SFNC ,2020-06-18 09:47:40,192
SFNC ,2020-06-18 10:47:32,192
SFNC ,2020-06-18 11:47:56,192
SFNC ,2020-06-18 12:47:45,192
SFNC ,2020-06-18 13:48:05,192
SFNC ,2020-06-18 14:48:03,192
SFNC ,2020-06-18 17:09:36,192
SFNC ,2020-06-18 17:47:42,192
SFNC ,2020-06-18 18:48:00,192
SFNC ,2020-06-18 19:47:57,192
SFNC ,2020-06-18 20:47:49,191
SFNC ,2020-06-18 21:48:06,191
SFNC ,2020-06-18 22:47:42,191
SFNC ,2020-06-18 23:47:49,191
SFNC ,2020-06-19 00:48:13,191
SFNC ,2020-06-19 01:47:44,191
SFNC ,2020-06-19 02:47:40,191
SFNC ,2020-06-19 03:48:14,191
SFNC ,2020-06-19 04:50:13,191
SFNC ,2020-06-19 05:47:41,191
SFNC ,2020-06-19 06:47:38,191
SFNC ,2020-06-19 07:48:06,191
SFNC ,2020-06-19 08:48:21,191
SFNC ,2020-06-19 09:48:07,191
SFNC ,2020-06-19 10:47:41,191
SFNC ,2020-06-19 11:47:37,191
SFNC ,2020-06-19 13:11:28,191
SFNC ,2020-06-19 13:48:15,191
SFNC ,2020-06-19 14:47:48,192
SFNC ,2020-06-19 15:47:53,192
SFNC ,2020-06-19 16:47:43,191
SFNC ,2020-06-19 17:48:07,191
SFNC ,2020-06-19 18:47:42,192
SFNC ,2020-06-19 19:47:47,191
SFNC ,2020-06-19 20:47:46,191
SFNC ,2020-06-19 21:47:39,191
SFNC ,2020-06-19 22:47:49,191
SFNC ,2020-06-19 23:48:05,191
SFNC ,2020-06-20 00:47:48,191
SFNC ,2020-06-20 01:48:00,191
SFNC ,2020-06-20 02:47:57,191
SFNC ,2020-06-20 03:47:39,191
SFNC ,2020-06-20 04:47:29,191
SFNC ,2020-06-20 05:47:42,191
SFNC ,2020-06-20 06:47:38,191
SFNC ,2020-06-20 07:47:42,191
SFNC ,2020-06-20 08:47:42,191
SFNC ,2020-06-20 09:47:41,191
SFNC ,2020-06-20 10:47:40,191
SFNC ,2020-06-20 11:47:45,191
SFNC ,2020-06-20 12:47:44,191
SFNC ,2020-06-20 13:47:47,191
SFNC ,2020-06-20 14:47:42,191
SFNC ,2020-06-20 15:47:33,191
SFNC ,2020-06-20 16:48:10,191
SFNC ,2020-06-20 17:47:37,191
SFNC ,2020-06-20 18:47:38,191
SFNC ,2020-06-20 19:47:59,191
SFNC ,2020-06-20 20:47:42,191
SFNC ,2020-06-20 21:47:44,191
SFNC ,2020-06-20 22:47:51,191
SFNC ,2020-06-20 23:47:51,191
SFNC ,2020-06-21 00:47:49,191
SFNC ,2020-06-21 01:47:42,191
SFNC ,2020-06-21 02:47:43,191
SFNC ,2020-06-21 03:48:15,191
SFNC ,2020-06-21 04:47:41,191
SFNC ,2020-06-21 05:48:15,191
SFNC ,2020-06-21 06:47:44,191
SFNC ,2020-06-21 07:47:43,191
SFNC ,2020-06-21 08:47:35,191
SFNC ,2020-06-21 09:47:34,191
SFNC ,2020-06-21 10:47:31,191
SFNC ,2020-06-21 11:47:43,191
SFNC ,2020-06-21 12:47:52,191
SFNC ,2020-06-21 13:47:49,191
SFNC ,2020-06-21 14:48:21,191
SFNC ,2020-06-21 15:47:43,191
SFNC ,2020-06-21 16:47:34,191
SFNC ,2020-06-21 17:47:37,191
SFNC ,2020-06-21 18:47:46,191
SFNC ,2020-06-21 19:47:46,191
SFNC ,2020-06-21 20:47:44,191
SFNC ,2020-06-21 21:47:47,191
SFNC ,2020-06-21 22:48:10,191
SFNC ,2020-06-21 23:47:53,191
SFNC ,2020-06-22 00:47:36,191
SFNC ,2020-06-22 01:48:07,191
SFNC ,2020-06-22 02:47:49,191
SFNC ,2020-06-22 03:47:40,191
SFNC ,2020-06-22 04:47:48,191
SFNC ,2020-06-22 05:48:13,191
SFNC ,2020-06-22 06:47:44,191
SFNC ,2020-06-22 07:47:33,191
SFNC ,2020-06-22 08:47:49,191
SFNC ,2020-06-22 09:47:47,191
SFNC ,2020-06-22 10:48:15,191
SFNC ,2020-06-22 11:47:39,191
SFNC ,2020-06-22 12:47:47,191
SFNC ,2020-06-22 13:47:48,191
SFNC ,2020-06-22 14:47:52,192
SFNC ,2020-06-22 15:48:12,191
SFNC ,2020-06-22 16:47:50,190
SFNC ,2020-06-22 17:49:24,190
SFNC ,2020-06-22 18:47:43,189
SFNC ,2020-06-22 20:47:39,191
SFNC ,2020-06-22 21:48:54,191
SFNC ,2020-06-22 22:47:34,191
SFNC ,2020-06-22 23:47:42,191
SFNC ,2020-06-23 00:47:37,191
SFNC ,2020-06-23 01:47:43,191
SFNC ,2020-06-23 02:47:54,191
SFNC ,2020-06-23 03:47:53,191
SFNC ,2020-06-23 04:48:05,191
SFNC ,2020-06-23 05:48:03,191
SFNC ,2020-06-23 06:47:38,191
SFNC ,2020-06-23 07:47:53,191
SFNC ,2020-06-23 08:48:37,191
SFNC ,2020-06-23 09:47:41,191
SFNC ,2020-06-23 10:47:53,191
SFNC ,2020-06-23 11:47:46,191
SFNC ,2020-06-23 12:47:51,191
SFNC ,2020-06-23 13:47:56,191
SFNC ,2020-06-23 14:47:51,193
SFNC ,2020-06-23 15:48:05,193
SFNC ,2020-06-23 16:47:48,193
SFNC ,2020-06-23 17:47:57,193
SFNC ,2020-06-23 18:48:12,193
SFNC ,2020-06-23 19:47:38,193
SFNC ,2020-06-23 20:47:50,193
SFNC ,2020-06-23 21:47:39,193
SFNC ,2020-06-23 22:48:09,193
SFNC ,2020-06-23 23:48:16,193
SFNC ,2020-06-24 00:48:14,193
SFNC ,2020-06-24 01:48:12,193
SFNC ,2020-06-24 02:48:19,193
SFNC ,2020-06-24 03:47:42,193
SFNC ,2020-06-24 04:48:08,193
SFNC ,2020-06-24 05:48:19,193
SFNC ,2020-06-24 06:47:51,193
SFNC ,2020-06-24 07:47:43,193
SFNC ,2020-06-24 08:48:10,193
SFNC ,2020-06-24 09:47:51,193
SFNC ,2020-06-24 10:47:56,193
SFNC ,2020-06-24 11:47:38,193
SFNC ,2020-06-24 12:47:46,193
SFNC ,2020-06-24 13:47:52,193
SFNC ,2020-06-24 14:47:47,191
SFNC ,2020-06-24 15:47:41,189
SFNC ,2020-06-24 16:47:53,189
SFNC ,2020-06-24 17:48:11,189
SFNC ,2020-06-24 18:48:08,189
SFNC ,2020-06-24 19:48:12,189
SFNC ,2020-06-24 20:47:46,189
SFNC ,2020-06-24 21:47:52,189
SFNC ,2020-06-24 22:47:53,189
SFNC ,2020-06-24 23:47:46,189
SFNC ,2020-06-25 00:48:01,189
SFNC ,2020-06-25 01:47:46,189
SFNC ,2020-06-25 02:47:35,189
SFNC ,2020-06-25 03:47:42,189
SFNC ,2020-06-25 04:47:46,189
SFNC ,2020-06-25 05:47:45,189
SFNC ,2020-06-25 06:47:53,189
SFNC ,2020-06-25 07:47:54,189
SFNC ,2020-06-25 08:47:54,189
SFNC ,2020-06-25 09:48:13,189
SFNC ,2020-06-25 10:47:39,189
SFNC ,2020-06-25 11:48:31,189
SFNC ,2020-06-25 13:10:31,189
SFNC ,2020-06-25 13:48:14,189
SFNC ,2020-06-25 14:48:44,190
SFNC ,2020-06-25 15:48:21,191
SFNC ,2020-06-25 16:48:16,191
SFNC ,2020-06-25 17:48:22,191
SFNC ,2020-06-25 18:47:55,191
SFNC ,2020-06-25 19:47:57,190
SFNC ,2020-06-25 20:47:47,190
SFNC ,2020-06-25 21:48:11,190
SFNC ,2020-06-25 22:48:20,190
SFNC ,2020-06-25 23:47:41,190
SFNC ,2020-06-26 00:48:25,190
SFNC ,2020-06-26 01:47:55,190
SFNC ,2020-06-26 02:47:56,190
SFNC ,2020-06-26 03:48:10,190
SFNC ,2020-06-26 04:47:39,190
SFNC ,2020-06-26 05:47:51,190
SFNC ,2020-06-26 06:47:53,190
SFNC ,2020-06-26 07:48:03,190
SFNC ,2020-06-26 08:48:03,190
SFNC ,2020-06-26 09:47:50,190
SFNC ,2020-06-26 10:47:42,190
SFNC ,2020-06-26 11:47:49,190
SFNC ,2020-06-26 12:47:54,190
SFNC ,2020-06-26 13:48:36,190
SFNC ,2020-06-26 14:47:54,192
SFNC ,2020-06-26 15:47:45,192
SFNC ,2020-06-26 16:47:56,191
SFNC ,2020-06-26 17:47:46,191
SFNC ,2020-06-26 18:47:55,191
SFNC ,2020-06-26 19:47:57,191
SFNC ,2020-06-26 20:47:44,191
SFNC ,2020-06-26 21:47:49,191
SFNC ,2020-06-26 22:48:16,191
SFNC ,2020-06-26 23:47:39,191
SFNC ,2020-06-27 00:48:36,191
SFNC ,2020-06-27 01:48:11,191
SFNC ,2020-06-27 02:48:09,191
SFNC ,2020-06-27 03:48:08,191
SFNC ,2020-06-27 04:48:18,190
SFNC ,2020-06-27 05:47:37,190
SFNC ,2020-06-27 06:47:47,190
SFNC ,2020-06-27 07:47:48,190
SFNC ,2020-06-27 08:47:43,190
SFNC ,2020-06-27 09:47:44,190
SFNC ,2020-06-27 10:47:46,190
SFNC ,2020-06-27 11:47:36,190
SFNC ,2020-06-27 12:47:58,190
SFNC ,2020-06-27 13:47:50,190
SFNC ,2020-06-27 14:47:34,190
SFNC ,2020-06-27 15:48:16,190
SFNC ,2020-06-27 16:47:47,190
SFNC ,2020-06-27 17:47:40,190
SFNC ,2020-06-27 18:47:43,190
SFNC ,2020-06-27 19:47:45,190
SFNC ,2020-06-27 20:47:38,190
SFNC ,2020-06-27 21:47:42,190
SFNC ,2020-06-27 22:47:46,190
SFNC ,2020-06-27 23:47:38,190
SFNC ,2020-06-28 00:47:56,190
SFNC ,2020-06-28 01:47:37,190
SFNC ,2020-06-28 02:47:49,190
SFNC ,2020-06-28 03:47:38,190
SFNC ,2020-06-28 04:47:37,190
SFNC ,2020-06-28 05:47:43,190
SFNC ,2020-06-28 06:47:46,190
SFNC ,2020-06-28 07:48:00,190
SFNC ,2020-06-28 08:47:54,190
SFNC ,2020-06-28 09:47:41,190
SFNC ,2020-06-28 10:47:44,190
SFNC ,2020-06-28 11:47:37,190
SFNC ,2020-06-28 12:47:46,190
SFNC ,2020-06-28 13:47:47,190
SFNC ,2020-06-28 14:47:38,190
SFNC ,2020-06-28 15:47:51,190
SFNC ,2020-06-28 16:47:45,190
SFNC ,2020-06-28 17:47:43,190
SFNC ,2020-06-28 18:47:52,190
SFNC ,2020-06-28 19:47:49,190
SFNC ,2020-06-28 20:47:36,190
SFNC ,2020-06-28 21:47:52,190
SFNC ,2020-06-28 22:48:04,190
SFNC ,2020-06-28 23:47:54,190
SFNC ,2020-06-29 00:48:01,190
SFNC ,2020-06-29 01:47:37,190
SFNC ,2020-06-29 02:47:50,190
SFNC ,2020-06-29 03:47:45,190
SFNC ,2020-06-29 04:47:50,190
SFNC ,2020-06-29 05:47:42,190
SFNC ,2020-06-29 06:47:56,190
SFNC ,2020-06-29 07:48:01,190
SFNC ,2020-06-29 08:47:49,190
SFNC ,2020-06-29 09:47:51,190
SFNC ,2020-06-29 10:47:45,190
SFNC ,2020-06-29 11:47:43,190
SFNC ,2020-06-29 12:47:55,190
SFNC ,2020-06-29 13:48:10,190
SFNC ,2020-06-29 14:48:22,189
SFNC ,2020-06-29 15:47:53,190
SFNC ,2020-06-29 16:47:50,190
SFNC ,2020-06-29 17:47:47,191
SFNC ,2020-06-29 18:47:46,191
SFNC ,2020-06-29 19:47:56,193
SFNC ,2020-06-29 20:47:54,193
SFNC ,2020-06-29 21:47:52,193
SFNC ,2020-06-29 22:47:45,193
SFNC ,2020-06-29 23:47:58,193
SFNC ,2020-06-30 00:48:17,193
SFNC ,2020-06-30 01:47:55,193
SFNC ,2020-06-30 02:48:29,193
SFNC ,2020-06-30 03:47:46,193
SFNC ,2020-06-30 04:48:17,193
SFNC ,2020-06-30 05:47:54,193
SFNC ,2020-06-30 06:48:08,193
SFNC ,2020-06-30 07:47:44,193
SFNC ,2020-06-30 08:47:45,193
SFNC ,2020-06-30 09:47:55,193
SFNC ,2020-06-30 10:49:48,193
SFNC ,2020-06-30 11:47:46,193
SFNC ,2020-06-30 12:47:47,193
SFNC ,2020-06-30 13:48:46,193
SFNC ,2020-06-30 14:48:02,192
SFNC ,2020-06-30 15:48:15,192
SFNC ,2020-06-30 16:48:38,193
SFNC ,2020-06-30 17:47:55,193
SFNC ,2020-06-30 18:48:11,193
SFNC ,2020-06-30 19:47:51,193
SFNC ,2020-06-30 20:48:04,193
SFNC ,2020-06-30 21:48:23,193
SFNC ,2020-06-30 22:47:37,193
SFNC ,2020-06-30 23:47:46,193
SFNC ,2020-07-01 00:49:03,193
SFNC ,2020-07-01 01:47:54,193
SFNC ,2020-07-01 02:48:21,193
SFNC ,2020-07-01 03:47:56,193
SFNC ,2020-07-01 04:47:55,193
SFNC ,2020-07-01 05:48:05,193
SFNC ,2020-07-01 06:47:52,193
SFNC ,2020-07-01 07:47:55,193
SFNC ,2020-07-01 08:48:23,193
SFNC ,2020-07-01 09:48:44,193
SFNC ,2020-07-01 10:48:30,193
SFNC ,2020-07-01 11:47:56,193
SFNC ,2020-07-01 13:10:06,193
SFNC ,2020-07-01 13:48:38,193
SFNC ,2020-07-01 14:48:42,194
SFNC ,2020-07-01 15:48:40,195
SFNC ,2020-07-01 16:48:32,194
SFNC ,2020-07-01 17:48:21,194
SFNC ,2020-07-01 18:48:24,195
SFNC ,2020-07-01 19:48:40,196
SFNC ,2020-07-01 20:48:26,196
SFNC ,2020-07-01 21:47:52,196
SFNC ,2020-07-01 22:48:24,196
SFNC ,2020-07-01 23:47:55,196
SFNC ,2020-07-02 00:49:28,196
SFNC ,2020-07-02 01:47:57,196
SFNC ,2020-07-02 02:48:03,196
SFNC ,2020-07-02 03:48:07,196
SFNC ,2020-07-02 04:47:58,196
SFNC ,2020-07-02 05:48:06,196
SFNC ,2020-07-02 06:47:55,196
SFNC ,2020-07-02 07:47:47,196
SFNC ,2020-07-02 08:47:55,196
SFNC ,2020-07-02 09:48:26,196
SFNC ,2020-07-02 10:47:59,196
SFNC ,2020-07-02 11:48:00,196
SFNC ,2020-07-02 13:13:05,196
SFNC ,2020-07-02 13:48:28,196
SFNC ,2020-07-02 14:48:01,197
SFNC ,2020-07-02 15:48:05,197
SFNC ,2020-07-02 16:48:18,197
SFNC ,2020-07-02 17:48:11,198
SFNC ,2020-07-02 18:48:14,199
SFNC ,2020-07-02 19:48:16,199
SFNC ,2020-07-02 20:47:44,199
SFNC ,2020-07-02 21:48:02,198
SFNC ,2020-07-02 22:47:46,198
SFNC ,2020-07-02 23:47:45,198
SFNC ,2020-07-03 00:48:26,198
SFNC ,2020-07-03 01:48:05,198
SFNC ,2020-07-03 02:48:16,198
SFNC ,2020-07-03 03:47:50,198
SFNC ,2020-07-03 04:48:21,198
SFNC ,2020-07-03 05:47:54,198
SFNC ,2020-07-03 06:47:53,198
SFNC ,2020-07-03 07:47:54,198
SFNC ,2020-07-03 08:47:53,198
SFNC ,2020-07-03 09:48:19,198
SFNC ,2020-07-03 10:47:58,198
SFNC ,2020-07-03 11:47:48,198
SFNC ,2020-07-03 12:47:49,198
SFNC ,2020-07-03 13:47:54,198
SFNC ,2020-07-03 14:48:00,198
SFNC ,2020-07-03 15:47:52,198
SFNC ,2020-07-03 16:47:53,198
SFNC ,2020-07-03 17:47:52,198
SFNC ,2020-07-03 18:48:04,198
SFNC ,2020-07-03 19:47:56,198
SFNC ,2020-07-03 20:47:59,198
SFNC ,2020-07-03 21:47:53,198
SFNC ,2020-07-03 22:47:50,198
SFNC ,2020-07-03 23:47:58,198
SFNC ,2020-07-04 00:47:49,198
SFNC ,2020-07-04 01:48:09,198
SFNC ,2020-07-04 02:48:16,198
SFNC ,2020-07-04 03:47:47,198
SFNC ,2020-07-04 04:47:42,198
SFNC ,2020-07-04 05:47:55,198
SFNC ,2020-07-04 06:48:01,198
SFNC ,2020-07-04 07:47:52,198
SFNC ,2020-07-04 08:47:57,198
SFNC ,2020-07-04 09:47:57,198
SFNC ,2020-07-04 11:40:05,198
SFNC ,2020-07-04 11:47:53,198
SFNC ,2020-07-04 12:47:59,198
SFNC ,2020-07-04 13:47:53,198
SFNC ,2020-07-04 14:48:00,198
SFNC ,2020-07-04 15:47:40,198
SFNC ,2020-07-04 16:48:20,198
SFNC ,2020-07-04 17:47:49,198
SFNC ,2020-07-04 18:47:56,198
SFNC ,2020-07-04 19:47:45,198
SFNC ,2020-07-04 20:47:54,198
SFNC ,2020-07-04 21:47:56,198
SFNC ,2020-07-04 22:47:45,198
SFNC ,2020-07-04 23:48:04,198
SFNC ,2020-07-05 00:48:00,198
SFNC ,2020-07-05 01:47:58,198
SFNC ,2020-07-05 02:47:42,198
SFNC ,2020-07-05 03:47:50,198
SFNC ,2020-07-05 04:47:46,198
SFNC ,2020-07-05 05:47:58,198
SFNC ,2020-07-05 06:48:01,198
SFNC ,2020-07-05 07:48:01,198
SFNC ,2020-07-05 08:47:55,198
SFNC ,2020-07-05 11:36:28,198
SFNC ,2020-07-05 11:39:47,198
SFNC ,2020-07-05 11:49:18,198
SFNC ,2020-07-05 12:47:48,198
SFNC ,2020-07-05 13:47:57,198
SFNC ,2020-07-05 14:47:46,198
SFNC ,2020-07-05 15:48:09,198
SFNC ,2020-07-05 16:47:56,198
SFNC ,2020-07-05 17:47:48,198
SFNC ,2020-07-05 18:47:45,198
SFNC ,2020-07-05 19:48:01,198
SFNC ,2020-07-05 20:47:50,198
SFNC ,2020-07-05 21:47:56,198
SFNC ,2020-07-05 22:47:44,198
SFNC ,2020-07-05 23:47:47,198
SFNC ,2020-07-06 00:47:55,198
SFNC ,2020-07-06 01:48:02,198
SFNC ,2020-07-06 02:47:52,198
SFNC ,2020-07-06 03:47:51,198
SFNC ,2020-07-06 04:47:48,198
SFNC ,2020-07-06 05:47:37,198
SFNC ,2020-07-06 06:48:02,198
SFNC ,2020-07-06 07:48:17,198
SFNC ,2020-07-06 08:48:01,198
SFNC ,2020-07-06 11:41:56,198
SFNC ,2020-07-06 11:46:07,198
SFNC ,2020-07-06 11:53:47,198
SFNC ,2020-07-06 14:11:42,200
SFNC ,2020-07-06 14:19:40,200
SFNC ,2020-07-06 14:48:23,200
SFNC ,2020-07-06 15:48:02,200
SFNC ,2020-07-06 16:48:34,200
SFNC ,2020-07-06 17:48:00,200
SFNC ,2020-07-06 18:47:49,200
SFNC ,2020-07-06 19:47:46,200
SFNC ,2020-07-06 20:48:04,200
SFNC ,2020-07-06 21:47:47,200
SFNC ,2020-07-06 22:48:19,200
SFNC ,2020-07-06 23:47:47,200
SFNC ,2020-07-07 00:47:58,200
SFNC ,2020-07-07 01:47:42,200
SFNC ,2020-07-07 02:47:53,200
SFNC ,2020-07-07 03:48:26,200
SFNC ,2020-07-07 04:47:49,200
SFNC ,2020-07-07 05:47:42,200
SFNC ,2020-07-07 06:47:42,200
SFNC ,2020-07-07 07:47:38,200
SFNC ,2020-07-07 08:47:47,200
SFNC ,2020-07-07 11:26:49,200
SFNC ,2020-07-07 11:33:41,200
SFNC ,2020-07-07 11:47:52,200
SFNC ,2020-07-07 12:47:59,200
SFNC ,2020-07-07 13:48:02,200
SFNC ,2020-07-07 14:47:51,200
SFNC ,2020-07-07 15:48:35,200
SFNC ,2020-07-07 16:49:17,201
SFNC ,2020-07-07 17:48:11,200
SFNC ,2020-07-07 18:47:46,200
SFNC ,2020-07-07 19:48:34,200
SFNC ,2020-07-07 20:48:00,201
SFNC ,2020-07-07 21:48:37,201
SFNC ,2020-07-07 22:47:59,201
SFNC ,2020-07-07 23:47:58,201
SFNC ,2020-07-08 00:49:35,201
SFNC ,2020-07-08 01:48:18,201
SFNC ,2020-07-08 02:47:57,201
SFNC ,2020-07-08 03:48:04,200
SFNC ,2020-07-08 04:47:54,200
SFNC ,2020-07-08 05:48:20,200
SFNC ,2020-07-08 06:48:01,200
SFNC ,2020-07-08 07:47:55,200
SFNC ,2020-07-08 08:48:02,200
SFNC ,2020-07-08 12:00:29,200
SFNC ,2020-07-08 12:01:19,200
SFNC ,2020-07-08 12:07:23,200
SFNC ,2020-07-08 13:14:10,200
SFNC ,2020-07-08 13:48:19,200
SFNC ,2020-07-08 14:47:57,202
SFNC ,2020-07-08 15:47:59,202
SFNC ,2020-07-08 16:47:54,204
SFNC ,2020-07-08 17:48:01,204
SFNC ,2020-07-08 18:48:19,204
SFNC ,2020-07-08 19:48:26,205
SFNC ,2020-07-08 20:47:56,205
SFNC ,2020-07-08 21:47:58,205
SFNC ,2020-07-08 22:47:58,205
SFNC ,2020-07-08 23:48:04,205
SFNC ,2020-07-09 00:49:27,205
SFNC ,2020-07-09 01:47:57,205
SFNC ,2020-07-09 18:48:25,204
SFNC ,2020-07-09 18:52:26,204
SFNC ,2020-07-09 19:01:25,204
SFNC ,2020-07-09 19:49:56,204
SFNC ,2020-07-09 20:48:04,204
SFNC ,2020-07-09 21:48:12,204
SFNC ,2020-07-09 22:48:16,204
SFNC ,2020-07-09 23:47:59,204
SFNC ,2020-07-10 00:49:20,204
SFNC ,2020-07-10 01:48:04,204
SFNC ,2020-07-10 02:48:19,204
SFNC ,2020-07-10 03:47:56,204
SFNC ,2020-07-10 04:47:41,204
SFNC ,2020-07-10 05:47:47,204
SFNC ,2020-07-10 06:47:59,204
SFNC ,2020-07-10 07:47:54,204
SFNC ,2020-07-10 08:47:52,204
SFNC ,2020-07-10 11:45:45,204
SFNC ,2020-07-10 11:53:27,204
SFNC ,2020-07-10 12:01:03,204
SFNC ,2020-07-10 13:14:03,204
SFNC ,2020-07-10 13:47:59,204
SFNC ,2020-07-10 14:47:45,204
SFNC ,2020-07-10 15:48:03,203
SFNC ,2020-07-10 16:48:04,203
SFNC ,2020-07-10 17:47:49,204
SFNC ,2020-07-10 18:48:01,205
SFNC ,2020-07-10 19:48:01,205
SFNC ,2020-07-10 20:47:50,205
SFNC ,2020-07-10 21:48:19,205
SFNC ,2020-07-10 22:47:45,205
SFNC ,2020-07-10 23:48:02,205
SFNC ,2020-07-11 00:47:50,205
SFNC ,2020-07-11 01:47:56,205
SFNC ,2020-07-11 02:47:40,205
SFNC ,2020-07-11 03:48:01,205
SFNC ,2020-07-11 04:47:58,204
SFNC ,2020-07-11 05:47:49,204
SFNC ,2020-07-11 06:47:51,204
SFNC ,2020-07-11 07:48:06,204
SFNC ,2020-07-11 08:48:01,204
SFNC ,2020-07-11 11:52:04,204
SFNC ,2020-07-11 12:03:28,204
SFNC ,2020-07-11 12:09:45,204
SFNC ,2020-07-11 12:47:56,204
SFNC ,2020-07-11 13:47:55,204
SFNC ,2020-07-11 14:47:58,204
SFNC ,2020-07-11 15:47:58,204
SFNC ,2020-07-11 16:47:41,204
SFNC ,2020-07-11 17:47:52,204
SFNC ,2020-07-11 18:47:54,204
SFNC ,2020-07-11 19:47:51,204
SFNC ,2020-07-11 20:47:38,204
SFNC ,2020-07-11 21:48:15,204
SFNC ,2020-07-11 22:48:04,204
SFNC ,2020-07-11 23:47:49,204
SFNC ,2020-07-12 00:47:49,204
SFNC ,2020-07-12 01:48:26,204
SFNC ,2020-07-12 02:47:52,204
SFNC ,2020-07-12 03:48:00,204
SFNC ,2020-07-12 04:47:44,204
SFNC ,2020-07-12 05:47:53,204
SFNC ,2020-07-12 06:48:14,204
SFNC ,2020-07-12 07:47:50,204
SFNC ,2020-07-12 08:47:43,204
SFNC ,2020-07-12 11:39:46,204
SFNC ,2020-07-12 11:43:27,204
SFNC ,2020-07-12 11:55:18,204
SFNC ,2020-07-12 12:47:46,204
SFNC ,2020-07-12 13:47:54,204
SFNC ,2020-07-12 14:47:41,204
SFNC ,2020-07-12 15:47:53,204
SFNC ,2020-07-12 16:47:59,204
SFNC ,2020-07-12 17:47:41,204
SFNC ,2020-07-12 18:47:47,204
SFNC ,2020-07-12 19:47:54,204
SFNC ,2020-07-12 20:47:51,204
SFNC ,2020-07-12 21:47:42,204
SFNC ,2020-07-12 22:48:07,204
SFNC ,2020-07-12 23:47:50,204
SFNC ,2020-07-13 00:48:12,204
SFNC ,2020-07-13 01:48:10,204
SFNC ,2020-07-13 02:48:33,204
SFNC ,2020-07-13 03:48:02,204
SFNC ,2020-07-13 04:48:01,204
SFNC ,2020-07-13 05:47:48,204
SFNC ,2020-07-13 06:48:12,204
SFNC ,2020-07-13 07:47:49,204
SFNC ,2020-07-13 08:47:59,204
SFNC ,2020-07-13 12:06:53,204
SFNC ,2020-07-13 12:11:16,204
SFNC ,2020-07-13 12:14:35,204
SFNC ,2020-07-13 12:48:37,204
SFNC ,2020-07-13 13:48:00,204
SFNC ,2020-07-13 14:47:55,206
SFNC ,2020-07-13 15:48:11,206
SFNC ,2020-07-13 16:48:39,206
SFNC ,2020-07-13 17:47:59,207
SFNC ,2020-07-13 18:48:03,207
SFNC ,2020-07-13 19:48:21,207
SFNC ,2020-07-13 20:48:11,207
SFNC ,2020-07-13 21:48:12,207
SFNC ,2020-07-13 22:48:16,207
SFNC ,2020-07-13 23:48:14,207
SFNC ,2020-07-14 00:48:56,207
SFNC ,2020-07-14 01:48:24,207
SFNC ,2020-07-14 02:48:24,207
SFNC ,2020-07-14 03:47:58,207
SFNC ,2020-07-14 04:47:53,207
SFNC ,2020-07-14 05:47:59,207
SFNC ,2020-07-14 06:47:58,207
SFNC ,2020-07-14 07:48:11,206
SFNC ,2020-07-14 08:48:08,206
SFNC ,2020-07-14 12:10:47,206
SFNC ,2020-07-14 12:20:22,206
SFNC ,2020-07-14 12:24:14,206
SFNC ,2020-07-14 12:48:10,206
SFNC ,2020-07-14 13:48:38,206
SFNC ,2020-07-14 14:48:26,206
SFNC ,2020-07-14 15:48:41,207
SFNC ,2020-07-14 16:49:02,207
SFNC ,2020-07-14 17:48:58,205
SFNC ,2020-07-14 18:48:37,205
SFNC ,2020-07-14 19:48:15,206
SFNC ,2020-07-14 20:48:23,207
SFNC ,2020-07-14 21:48:15,207
SFNC ,2020-07-14 22:48:28,207
SFNC ,2020-07-14 23:48:29,207
SFNC ,2020-07-15 00:48:49,207
SFNC ,2020-07-15 01:48:33,207
SFNC ,2020-07-15 02:32:32,207
SFNC ,2020-07-15 02:40:12,207
SFNC ,2020-07-15 02:47:52,207
SFNC ,2020-07-15 02:55:44,207
SFNC ,2020-07-15 03:17:15,207
SFNC ,2020-07-15 03:25:06,207
SFNC ,2020-07-15 03:32:58,207
SFNC ,2020-07-15 03:40:41,207
SFNC ,2020-07-15 03:48:24,207
SFNC ,2020-07-15 03:56:09,207
SFNC ,2020-07-15 04:03:58,207
SFNC ,2020-07-15 04:11:45,207
SFNC ,2020-07-15 04:19:30,207
SFNC ,2020-07-15 04:27:14,207
SFNC ,2020-07-15 04:35:08,207
SFNC ,2020-07-15 04:42:51,207
SFNC ,2020-07-15 04:50:34,207
SFNC ,2020-07-15 04:58:26,207
SFNC ,2020-07-15 05:06:40,207
SFNC ,2020-07-15 05:14:22,207
SFNC ,2020-07-15 12:21:07,207
SFNC ,2020-07-15 12:29:10,207
SFNC ,2020-07-15 12:37:06,207
SFNC ,2020-07-15 12:44:58,207
SFNC ,2020-07-15 12:52:55,207
SFNC ,2020-07-15 13:00:48,207
SFNC ,2020-07-15 13:08:53,207
SFNC ,2020-07-15 13:17:06,207
SFNC ,2020-07-15 13:25:10,207
SFNC ,2020-07-15 13:33:20,207
SFNC ,2020-07-15 13:41:20,207
SFNC ,2020-07-15 13:49:20,207
SFNC ,2020-07-15 13:57:15,207
SFNC ,2020-07-15 14:05:18,207
SFNC ,2020-07-15 14:13:26,207
SFNC ,2020-07-15 14:21:28,207
SFNC ,2020-07-15 14:29:27,207
SFNC ,2020-07-15 14:37:26,207
SFNC ,2020-07-15 14:47:20,207
SFNC ,2020-07-15 14:57:15,207
SFNC ,2020-07-15 15:07:24,205
SFNC ,2020-07-15 15:17:23,205
SFNC ,2020-07-15 15:27:19,205
SFNC ,2020-07-15 15:37:14,205
SFNC ,2020-07-15 15:47:27,205
SFNC ,2020-07-15 15:57:32,205
SFNC ,2020-07-15 16:07:34,205
SFNC ,2020-07-15 16:17:37,205
SFNC ,2020-07-15 16:27:41,205
SFNC ,2020-07-15 16:37:55,205
SFNC ,2020-07-15 16:48:08,205
SFNC ,2020-07-15 16:58:10,205
SFNC ,2020-07-15 17:08:27,205
SFNC ,2020-07-15 17:15:31,205
SFNC ,2020-07-15 17:23:23,205
SFNC ,2020-07-15 17:31:08,205
SFNC ,2020-07-15 17:38:55,205
SFNC ,2020-07-15 17:46:43,205
SFNC ,2020-07-15 17:54:30,205
SFNC ,2020-07-15 18:02:33,204
SFNC ,2020-07-15 18:10:28,204
SFNC ,2020-07-15 18:18:23,204
SFNC ,2020-07-15 18:26:15,204
SFNC ,2020-07-15 18:34:09,204
SFNC ,2020-07-15 18:42:15,204
SFNC ,2020-07-15 18:50:21,204
SFNC ,2020-07-15 18:58:17,204
SFNC ,2020-07-15 19:06:36,204
SFNC ,2020-07-15 19:14:32,204
SFNC ,2020-07-15 19:22:21,204
SFNC ,2020-07-15 19:30:16,204
SFNC ,2020-07-15 19:40:20,204
SFNC ,2020-07-15 19:50:10,204
SFNC ,2020-07-15 20:00:00,204
SFNC ,2020-07-15 20:09:59,204
SFNC ,2020-07-15 20:20:06,204
SFNC ,2020-07-15 20:29:57,204
SFNC ,2020-07-15 20:39:45,204
SFNC ,2020-07-15 20:49:32,204
SFNC ,2020-07-15 20:59:16,204
SFNC ,2020-07-15 21:09:08,204
SFNC ,2020-07-15 21:18:56,204
SFNC ,2020-07-15 21:28:40,204
SFNC ,2020-07-15 21:39:14,204
SFNC ,2020-07-15 21:49:10,204
SFNC ,2020-07-15 21:59:23,204
SFNC ,2020-07-15 22:09:20,204
SFNC ,2020-07-15 22:19:15,204
SFNC ,2020-07-15 22:29:03,204
SFNC ,2020-07-15 22:38:48,204
SFNC ,2020-07-15 22:48:31,204
SFNC ,2020-07-15 23:00:01,204
SFNC ,2020-07-15 23:11:49,204
SFNC ,2020-07-15 23:18:11,204
SFNC ,2020-07-15 23:27:58,204
SFNC ,2020-07-15 23:37:48,204
SFNC ,2020-07-15 23:47:33,204
SFNC ,2020-07-15 23:57:28,204
SFNC ,2020-07-16 00:08:04,204
SFNC ,2020-07-16 00:18:31,204
SFNC ,2020-07-16 00:28:51,204
SFNC ,2020-07-16 00:39:06,204
SFNC ,2020-07-16 00:49:00,204
SFNC ,2020-07-16 00:58:47,204
SFNC ,2020-07-16 01:08:40,204
SFNC ,2020-07-16 01:18:37,204
SFNC ,2020-07-16 01:28:28,204
SFNC ,2020-07-16 01:38:13,204
SFNC ,2020-07-16 01:47:59,204
SFNC ,2020-07-16 01:57:51,204
SFNC ,2020-07-16 02:07:47,204
SFNC ,2020-07-16 02:17:55,204
SFNC ,2020-07-16 02:28:15,204
SFNC ,2020-07-16 02:38:16,204
SFNC ,2020-07-16 02:48:30,204
SFNC ,2020-07-16 03:02:38,204
SFNC ,2020-07-16 03:06:27,204
SFNC ,2020-07-16 03:19:09,204
SFNC ,2020-07-16 03:29:12,204
SFNC ,2020-07-16 03:39:17,204
SFNC ,2020-07-16 03:49:17,204
SFNC ,2020-07-16 03:59:32,204
SFNC ,2020-07-16 04:09:53,204
SFNC ,2020-07-16 04:19:49,204
SFNC ,2020-07-16 04:29:45,204
SFNC ,2020-07-16 04:39:41,204
SFNC ,2020-07-16 04:49:35,204
SFNC ,2020-07-16 04:59:29,204
SFNC ,2020-07-16 05:09:26,204
SFNC ,2020-07-16 05:19:20,204
SFNC ,2020-07-16 05:29:10,204
SFNC ,2020-07-16 05:41:41,204
SFNC ,2020-07-16 05:53:04,204
SFNC ,2020-07-16 06:03:02,204
SFNC ,2020-07-16 06:12:52,204
SFNC ,2020-07-16 06:21:01,204
SFNC ,2020-07-16 06:30:03,204
SFNC ,2020-07-16 06:39:18,204
SFNC ,2020-07-16 06:48:42,204
SFNC ,2020-07-16 07:09:15,204
SFNC ,2020-07-16 07:15:29,204
SFNC ,2020-07-16 07:20:15,204
SFNC ,2020-07-16 07:31:28,204
SFNC ,2020-07-16 07:45:51,204
SFNC ,2020-07-16 08:02:26,204
SFNC ,2020-07-16 08:13:16,204
SFNC ,2020-07-16 08:22:53,204
SFNC ,2020-07-16 08:32:06,204
SFNC ,2020-07-16 08:41:53,204
SFNC ,2020-07-16 08:50:49,204
SFNC ,2020-07-16 08:59:56,204
SFNC ,2020-07-16 09:09:49,204
SFNC ,2020-07-16 09:19:51,204
SFNC ,2020-07-16 09:29:46,204
SFNC ,2020-07-16 09:39:19,204
SFNC ,2020-07-16 09:48:11,204
SFNC ,2020-07-16 09:56:52,204
SFNC ,2020-07-16 10:06:00,204
SFNC ,2020-07-16 10:14:50,204
SFNC ,2020-07-16 10:23:22,204
SFNC ,2020-07-16 10:31:43,204
SFNC ,2020-07-16 10:40:07,204
SFNC ,2020-07-16 10:50:38,204
SFNC ,2020-07-16 11:01:22,204
SFNC ,2020-07-16 11:12:28,204
SFNC ,2020-07-16 11:23:06,204
SFNC ,2020-07-16 11:33:35,204
SFNC ,2020-07-16 11:44:05,204
SFNC ,2020-07-16 11:54:59,204
SFNC ,2020-07-16 12:06:49,204
SFNC ,2020-07-16 12:18:14,204
SFNC ,2020-07-16 12:29:15,204
SFNC ,2020-07-16 12:40:30,204
SFNC ,2020-07-16 12:51:39,204
SFNC ,2020-07-16 13:02:49,204
SFNC ,2020-07-16 13:14:35,204
SFNC ,2020-07-16 13:26:16,204
SFNC ,2020-07-16 13:38:10,204
SFNC ,2020-07-16 13:49:26,204
SFNC ,2020-07-16 13:59:58,204
SFNC ,2020-07-16 14:11:28,204
SFNC ,2020-07-16 14:22:37,204
SFNC ,2020-07-16 14:35:35,204
SFNC ,2020-07-16 14:48:04,204
SFNC ,2020-07-16 14:54:56,204
SFNC ,2020-07-16 15:06:06,204
SFNC ,2020-07-16 15:17:14,204
SFNC ,2020-07-16 17:00:31,205
SFNC ,2020-07-16 17:08:43,205
SFNC ,2020-07-16 17:17:01,205
SFNC ,2020-07-16 17:25:07,205
SFNC ,2020-07-16 17:33:20,205
SFNC ,2020-07-16 17:41:30,205
SFNC ,2020-07-16 17:49:36,205
SFNC ,2020-07-16 17:57:40,205
SFNC ,2020-07-16 18:05:59,205
SFNC ,2020-07-16 18:14:10,205
SFNC ,2020-07-16 18:22:26,205
SFNC ,2020-07-16 18:30:32,204
SFNC ,2020-07-16 18:38:39,204
SFNC ,2020-07-16 18:46:49,204
SFNC ,2020-07-16 18:55:08,204
SFNC ,2020-07-16 19:03:19,204
SFNC ,2020-07-16 19:11:24,204
SFNC ,2020-07-16 19:19:31,204
SFNC ,2020-07-16 19:29:35,204
SFNC ,2020-07-16 19:39:43,204
SFNC ,2020-07-16 19:49:49,204
SFNC ,2020-07-16 19:59:50,204
SFNC ,2020-07-16 20:09:58,204
SFNC ,2020-07-16 20:19:59,204
SFNC ,2020-07-16 20:29:57,204
SFNC ,2020-07-16 20:40:02,204
SFNC ,2020-07-16 20:50:05,204
SFNC ,2020-07-16 21:00:08,204
SFNC ,2020-07-16 21:10:17,204
SFNC ,2020-07-16 21:20:21,204
SFNC ,2020-07-16 21:30:45,204
SFNC ,2020-07-16 21:40:53,204
SFNC ,2020-07-16 21:50:55,204
SFNC ,2020-07-16 22:01:01,204
SFNC ,2020-07-16 22:11:07,204
SFNC ,2020-07-16 22:21:08,204
SFNC ,2020-07-16 22:31:10,204
SFNC ,2020-07-16 22:41:11,204
SFNC ,2020-07-16 22:52:57,204
SFNC ,2020-07-16 23:04:47,204
SFNC ,2020-07-16 23:11:17,204
SFNC ,2020-07-16 23:21:17,204
SFNC ,2020-07-16 23:31:18,204
SFNC ,2020-07-16 23:41:16,204
SFNC ,2020-07-16 23:51:12,204
SFNC ,2020-07-17 00:01:40,204
SFNC ,2020-07-17 00:12:26,204
SFNC ,2020-07-17 00:22:57,204
SFNC ,2020-07-17 00:33:32,204
SFNC ,2020-07-17 00:43:56,204
SFNC ,2020-07-17 00:54:04,204
SFNC ,2020-07-17 01:04:24,204
SFNC ,2020-07-17 01:14:30,204
SFNC ,2020-07-17 01:24:33,204
SFNC ,2020-07-17 01:34:33,204
SFNC ,2020-07-17 01:44:36,204
SFNC ,2020-07-17 01:54:38,204
SFNC ,2020-07-17 02:04:44,204
SFNC ,2020-07-17 02:14:49,204
SFNC ,2020-07-17 02:24:53,204
SFNC ,2020-07-17 02:34:51,204
SFNC ,2020-07-17 02:44:47,204
SFNC ,2020-07-17 02:58:50,204
SFNC ,2020-07-17 03:02:41,204
SFNC ,2020-07-17 03:14:55,204
SFNC ,2020-07-17 03:24:59,204
SFNC ,2020-07-17 03:35:06,204
SFNC ,2020-07-17 03:45:10,204
SFNC ,2020-07-17 03:55:18,204
SFNC ,2020-07-17 04:05:33,204
SFNC ,2020-07-17 04:15:39,204
SFNC ,2020-07-17 04:25:44,204
SFNC ,2020-07-17 04:35:50,204
SFNC ,2020-07-17 04:45:52,204
SFNC ,2020-07-17 04:55:55,204
SFNC ,2020-07-17 05:06:04,204
SFNC ,2020-07-17 05:16:10,204
SFNC ,2020-07-17 05:26:12,204
SFNC ,2020-07-17 05:36:12,204
SFNC ,2020-07-17 05:46:13,204
SFNC ,2020-07-17 05:56:12,204
SFNC ,2020-07-17 06:06:27,204
SFNC ,2020-07-17 06:14:34,204
SFNC ,2020-07-17 06:22:39,204
SFNC ,2020-07-17 06:31:00,204
SFNC ,2020-07-17 06:39:09,204
SFNC ,2020-07-17 06:55:48,204
SFNC ,2020-07-17 07:00:26,204
SFNC ,2020-07-17 07:04:10,204
SFNC ,2020-07-17 07:12:26,204
SFNC ,2020-07-17 07:20:35,204
SFNC ,2020-07-17 07:28:42,204
SFNC ,2020-07-17 07:36:51,204
SFNC ,2020-07-17 07:44:54,204
SFNC ,2020-07-17 07:53:01,204
SFNC ,2020-07-17 08:01:09,204
SFNC ,2020-07-17 08:09:34,204
SFNC ,2020-07-17 08:18:08,204
SFNC ,2020-07-17 08:26:39,204
SFNC ,2020-07-17 08:35:13,204
SFNC ,2020-07-17 08:43:39,204
SFNC ,2020-07-17 08:51:49,204
SFNC ,2020-07-17 08:59:57,204
SFNC ,2020-07-17 09:08:16,204
SFNC ,2020-07-17 09:16:26,204
SFNC ,2020-07-17 09:24:30,204
SFNC ,2020-07-17 09:32:38,204
SFNC ,2020-07-17 09:40:39,204
SFNC ,2020-07-17 09:48:41,204
SFNC ,2020-07-17 09:56:57,204
SFNC ,2020-07-17 10:07:17,204
SFNC ,2020-07-17 10:17:11,204
SFNC ,2020-07-17 10:21:15,204
SFNC ,2020-07-17 10:29:15,204
SFNC ,2020-07-17 10:39:18,204
SFNC ,2020-07-17 10:49:22,204
SFNC ,2020-07-17 10:59:41,204
SFNC ,2020-07-17 11:09:59,204
SFNC ,2020-07-17 11:20:05,204
SFNC ,2020-07-17 11:30:12,204
SFNC ,2020-07-17 11:40:18,204
SFNC ,2020-07-17 11:50:21,204
SFNC ,2020-07-17 12:00:35,204
SFNC ,2020-07-17 12:11:00,204
SFNC ,2020-07-17 12:21:18,204
SFNC ,2020-07-17 12:31:26,204
SFNC ,2020-07-17 12:41:31,204
SFNC ,2020-07-17 12:51:33,204
SFNC ,2020-07-17 13:02:05,204
SFNC ,2020-07-17 13:12:43,204
SFNC ,2020-07-17 13:23:06,204
SFNC ,2020-07-17 13:31:38,204
SFNC ,2020-07-17 13:40:08,204
SFNC ,2020-07-17 13:48:16,204
SFNC ,2020-07-17 13:56:36,204
SFNC ,2020-07-17 14:05:32,204
SFNC ,2020-07-17 14:13:55,204
SFNC ,2020-07-17 14:22:19,204
SFNC ,2020-07-17 14:30:38,204
SFNC ,2020-07-17 14:38:49,204
SFNC ,2020-07-17 14:46:52,204
SFNC ,2020-07-17 14:55:06,204
SFNC ,2020-07-17 15:03:59,204
SFNC ,2020-07-17 15:12:50,204
SFNC ,2020-07-17 15:21:35,204
SFNC ,2020-07-17 15:30:05,204
SFNC ,2020-07-17 15:38:33,204
SFNC ,2020-07-17 15:47:01,204
SFNC ,2020-07-17 15:55:22,204
SFNC ,2020-07-17 16:01:58,204
SFNC ,2020-07-17 16:10:49,204
SFNC ,2020-07-17 16:18:15,204
SFNC ,2020-07-17 16:27:01,204
SFNC ,2020-07-17 16:35:46,204
SFNC ,2020-07-17 16:44:14,204
SFNC ,2020-07-17 16:52:42,204
SFNC ,2020-07-17 17:05:45,204
SFNC ,2020-07-17 17:13:52,204
SFNC ,2020-07-17 17:22:27,204
SFNC ,2020-07-17 17:30:51,204
SFNC ,2020-07-17 17:39:18,204
SFNC ,2020-07-17 17:47:45,204
SFNC ,2020-07-17 17:56:15,204
SFNC ,2020-07-17 18:04:59,203
SFNC ,2020-07-17 18:13:36,203
SFNC ,2020-07-17 18:22:11,203
SFNC ,2020-07-17 18:30:40,203
SFNC ,2020-07-17 18:39:09,203
SFNC ,2020-07-17 18:47:38,203
SFNC ,2020-07-17 18:55:57,203
SFNC ,2020-07-17 19:08:33,203
SFNC ,2020-07-17 19:17:15,203
SFNC ,2020-07-17 19:25:35,203
SFNC ,2020-07-17 19:33:45,203
SFNC ,2020-07-17 19:45:27,203
SFNC ,2020-07-17 19:53:30,203
SFNC ,2020-07-17 20:01:41,203
SFNC ,2020-07-17 20:09:49,203
SFNC ,2020-07-17 20:17:51,203
SFNC ,2020-07-17 20:25:50,203
SFNC ,2020-07-17 20:33:53,203
SFNC ,2020-07-17 20:41:55,203
SFNC ,2020-07-17 20:49:53,203
SFNC ,2020-07-17 20:57:58,203
SFNC ,2020-07-17 21:06:16,203
SFNC ,2020-07-17 21:14:20,203
SFNC ,2020-07-17 21:22:17,203
SFNC ,2020-07-17 21:30:14,203
SFNC ,2020-07-17 21:38:21,203
SFNC ,2020-07-17 21:46:27,203
SFNC ,2020-07-17 21:54:30,203
SFNC ,2020-07-17 22:02:43,203
SFNC ,2020-07-17 22:13:03,203
SFNC ,2020-07-17 22:23:10,203
SFNC ,2020-07-17 22:33:16,203
SFNC ,2020-07-17 22:43:43,203
SFNC ,2020-07-17 22:54:12,203
SFNC ,2020-07-17 23:05:00,203
SFNC ,2020-07-17 23:15:22,203
SFNC ,2020-07-17 23:25:27,203
SFNC ,2020-07-17 23:35:31,203
SFNC ,2020-07-17 23:45:34,203
SFNC ,2020-07-17 23:55:50,203
SFNC ,2020-07-18 00:07:54,203
SFNC ,2020-07-18 00:19:00,203
SFNC ,2020-07-18 00:29:30,203
SFNC ,2020-07-18 00:40:08,203
SFNC ,2020-07-18 00:50:39,203
SFNC ,2020-07-18 01:00:51,203
SFNC ,2020-07-18 01:11:02,203
SFNC ,2020-07-18 01:21:12,203
SFNC ,2020-07-18 01:31:17,203
SFNC ,2020-07-18 01:43:08,203
SFNC ,2020-07-18 01:54:56,203
SFNC ,2020-07-18 02:01:28,203
SFNC ,2020-07-18 02:11:34,203
SFNC ,2020-07-18 02:21:36,203
SFNC ,2020-07-18 02:31:35,203
SFNC ,2020-07-18 02:41:33,203
SFNC ,2020-07-18 02:51:32,203
SFNC ,2020-07-18 03:01:41,203
SFNC ,2020-07-18 03:11:54,203
SFNC ,2020-07-18 03:22:03,203
SFNC ,2020-07-18 03:32:09,203
SFNC ,2020-07-18 03:42:17,203
SFNC ,2020-07-18 03:52:29,203
SFNC ,2020-07-18 04:02:53,203
SFNC ,2020-07-18 04:13:28,203
SFNC ,2020-07-18 04:23:56,203
SFNC ,2020-07-18 04:34:06,203
SFNC ,2020-07-18 04:44:09,203
SFNC ,2020-07-18 04:54:13,203
SFNC ,2020-07-18 05:04:47,203
SFNC ,2020-07-18 05:15:18,203
SFNC ,2020-07-18 05:25:34,203
SFNC ,2020-07-18 05:35:37,203
SFNC ,2020-07-18 05:49:39,203
SFNC ,2020-07-18 05:53:29,203
SFNC ,2020-07-18 06:05:59,203
SFNC ,2020-07-18 06:16:44,203
SFNC ,2020-07-18 08:40:12,203
SFNC ,2020-07-18 08:48:21,203
SFNC ,2020-07-18 08:56:24,203
SFNC ,2020-07-18 09:04:31,203
SFNC ,2020-07-18 09:12:30,203
SFNC ,2020-07-18 09:20:29,203
SFNC ,2020-07-18 09:28:30,203
SFNC ,2020-07-18 09:36:33,203
SFNC ,2020-07-18 09:44:32,203
SFNC ,2020-07-18 09:52:33,203
SFNC ,2020-07-18 10:00:37,203
SFNC ,2020-07-18 10:08:41,203
SFNC ,2020-07-18 10:16:43,203
SFNC ,2020-07-18 10:24:42,203
SFNC ,2020-07-18 10:32:52,203
SFNC ,2020-07-18 10:40:51,203
SFNC ,2020-07-18 10:48:42,203
SFNC ,2020-07-18 10:56:41,203
SFNC ,2020-07-18 11:06:43,203
SFNC ,2020-07-18 11:16:43,203
SFNC ,2020-07-18 11:26:40,203
SFNC ,2020-07-18 11:36:40,203
SFNC ,2020-07-18 11:46:38,203
SFNC ,2020-07-18 11:56:36,203
SFNC ,2020-07-18 12:06:48,203
SFNC ,2020-07-18 12:16:56,203
SFNC ,2020-07-18 12:26:57,203
SFNC ,2020-07-18 12:37:00,203
SFNC ,2020-07-18 12:47:00,203
SFNC ,2020-07-18 12:57:08,203
SFNC ,2020-07-18 13:07:24,203
SFNC ,2020-07-18 13:17:35,203
SFNC ,2020-07-18 13:27:38,203
SFNC ,2020-07-18 13:37:36,203
SFNC ,2020-07-18 13:47:32,203
SFNC ,2020-07-18 13:57:29,203
SFNC ,2020-07-18 14:07:26,203
SFNC ,2020-07-18 14:17:24,203
SFNC ,2020-07-18 14:29:07,203
SFNC ,2020-07-18 14:40:56,203
SFNC ,2020-07-18 14:47:23,203
SFNC ,2020-07-18 14:57:24,203
SFNC ,2020-07-18 15:07:31,203
SFNC ,2020-07-18 15:17:35,203
SFNC ,2020-07-18 15:27:34,203
SFNC ,2020-07-18 15:37:33,203
SFNC ,2020-07-18 15:47:32,203
SFNC ,2020-07-18 15:57:31,203
SFNC ,2020-07-18 16:07:33,203
SFNC ,2020-07-18 16:17:33,203
SFNC ,2020-07-18 16:27:34,203
SFNC ,2020-07-18 16:37:36,203
SFNC ,2020-07-18 16:47:33,203
SFNC ,2020-07-18 16:57:33,203
SFNC ,2020-07-18 17:07:39,203
SFNC ,2020-07-18 17:17:41,203
SFNC ,2020-07-18 17:27:39,203
SFNC ,2020-07-18 17:37:39,203
SFNC ,2020-07-18 17:47:36,203
SFNC ,2020-07-18 17:57:33,203
SFNC ,2020-07-18 18:07:36,203
SFNC ,2020-07-18 18:17:36,203
SFNC ,2020-07-18 18:31:32,203
SFNC ,2020-07-18 18:35:18,203
SFNC ,2020-07-18 18:47:27,203
SFNC ,2020-07-18 18:57:26,203
SFNC ,2020-07-18 19:07:48,203
SFNC ,2020-07-18 19:17:54,203
SFNC ,2020-07-18 19:27:51,203
SFNC ,2020-07-18 19:38:09,203
